-6.023799999999999599e+00
-4.073400000000000354e+00
2.450200000000000156e+00
6.291999999999999815e+00
1.695899999999999963e+00
-7.323199999999999932e+00
-7.559700000000000308e-01
4.847400000000000375e+00
-1.875499999999999945e+00
-7.500300000000000189e+00
-2.332500000000000018e+00
3.267700000000000049e+00
-6.683900000000000396e+00
-5.774099999999999788e+00
1.346300000000000052e+00
-3.904900000000000038e+00
-3.961199999999999832e+00
3.241400000000000059e+00
1.490399999999999947e+00
-1.174000000000000021e+01
-1.104299999999999926e+01
-4.488900000000000112e+00
-2.110799999999999788e+00
-9.734700000000000575e-01
9.525999999999999801e+00
-4.002600000000000158e+00
-1.327400000000000091e+01
4.725200000000000067e+00
9.724099999999999966e+00
6.951399999999999579e+00
-2.858800000000000008e+00
-4.390900000000000247e+00
3.427299999999999791e+00
7.948800000000000310e+00
-3.848399999999999821e+00
-2.984699999999999576e-01
3.138599999999999834e+00
1.271800000000000042e+00
-3.748299999999999965e+00
1.846300000000000052e+00
1.296900000000000119e+01
-1.629699999999999926e+00
-1.330400000000000027e+01
2.089799999999999880e+00
8.552099999999999369e+00
-1.924099999999999921e+00
-2.757400000000000073e+00
-1.720499999999999829e+01
-6.421700000000000408e+00
6.123699999999999699e-01
1.505400000000000027e+01
1.880800000000000027e+00
-1.223000000000000043e+01
7.068500000000000227e+00
-6.258600000000000385e+00
1.733099999999999952e+01
1.874200000000000088e+01
-1.058900000000000041e+01
3.497399999999999842e+00
2.489199999999999946e+01
1.127500000000000036e+01
-3.332300000000000040e+00
-7.047399999999999665e+00
-1.704799999999999827e+01
2.368399999999999839e+00
9.834699999999999775e+00
8.293699999999999406e+00
1.725499999999999901e+01
5.683399999999999785e+00
6.250899999999999679e+00
8.309900000000000730e+00
-3.021199999999999974e+01
-1.185299999999999976e+01
2.474699999999999989e+01
2.334300000000000352e+01
-2.713900000000000201e+00
1.203400000000000025e+00
1.669900000000000162e+01
-2.346300000000000097e+01
-5.924800000000000288e+00
1.097900000000000098e+01
1.873499999999999943e+01
2.603199999999999648e+01
1.930799999999999983e+01
2.671699999999999964e+00
-3.801599999999999824e+01
-1.229600000000000026e+00
3.038400000000000034e+01
6.392900000000000027e+00
1.306200000000000117e+01
2.213699999999999690e+01
-6.993999999999999773e+00
-3.457600000000000051e+01
3.194199999999999662e+01
1.715800000000000125e+01
-1.567900000000000027e+01
1.401200000000000045e+01
-2.406199999999999761e+01
-9.106799999999999784e+00
1.884799999999999898e+01
1.799399999999999977e+01
-1.753600000000000048e+00
1.339299999999999935e+00
-2.637900000000000134e+00
-1.867599999999999838e+01
-9.842700000000000893e-01
4.475300000000000011e+01
1.249699999999999989e+01
-3.473599999999999710e+01
2.855900000000000105e+01
2.801199999999999690e+01
-6.733900000000000219e+00
5.744600000000000151e+00
9.893900000000000361e+00
3.550000000000000000e+01
8.586399999999999366e+00
2.777499999999999858e+00
5.205100000000000193e+01
4.303199999999999648e+01
-2.418900000000000006e+01
1.232499999999999929e+00
-1.704400000000000048e+01
-3.493599999999999994e+01
-8.213699999999999335e+00
1.734099999999999753e+01
1.674500000000000099e+01
-3.054400000000000048e+01
-3.406000000000000227e+01
-4.506800000000000495e+01
-3.145899999999999963e+01
3.306400000000000006e+01
7.741199999999999193e+01
-6.447400000000000020e+00
-2.154100000000000037e+01
-2.112800000000000011e+01
-2.765300000000000225e+01
5.363800000000000523e+01
2.345599999999999952e+01
-1.344200000000000017e+01
-3.467000000000000082e+00
1.048700000000000010e+01
9.931100000000000705e+01
5.020899999999999608e+01
-3.333400000000000318e+01
8.581099999999999284e+00
-2.923699999999999832e+01
2.684499999999999886e+01
5.804699999999999704e+01
-2.771099999999999852e+01
-2.964800000000000324e+01
-3.597899999999999920e+01
-5.197500000000000142e+01
6.060800000000000409e+01
9.345000000000000284e+01
-5.676399999999999579e+01
-2.360300000000000153e+01
-2.990099999999999980e+01
7.041299999999999670e+00
3.459300000000000352e+01
-2.308300000000000196e+01
-9.432800000000000296e+00
-7.443500000000000227e+01
-8.345799999999999841e+01
-4.092699999999999783e+00
4.676899999999999835e+01
1.197999999999999972e+02
1.260499999999999972e+02
-5.253399999999999892e+01
-8.149299999999999500e+01
-5.412699999999999534e+01
2.181099999999999994e+01
1.157699999999999960e+02
1.101599999999999966e+02
3.294899999999999807e+01
-1.137399999999999949e+02
-1.418199999999999932e+02
-7.162600000000000477e+01
5.125199999999999534e+01
5.713399999999999324e+01
1.825199999999999889e+01
-2.841199999999999903e+01
-5.041300000000000381e+01
-2.596800000000000352e+01
1.874800000000000111e+01
6.008699999999999619e+01
1.820100000000000051e+01
7.723799999999999777e+00
-3.026300000000000168e+01
-8.024800000000000466e+01
-2.405199999999999960e+01
4.370899999999999608e+01
5.962500000000000000e+01
1.101700000000000124e+01
-1.255099999999999838e+01
-3.564500000000000313e+01
-3.041599999999999859e-01
1.352900000000000169e+01
8.870599999999999596e+00
-6.278799999999999937e-01
-2.356599999999999895e+01
-3.045699999999999719e+01
-1.065100000000000051e+02
-1.234599999999999937e+02
-1.145400000000000063e+02
-3.614000000000000057e+01
-4.978100000000000414e+00
-2.609300000000000175e+00
-1.956599999999999895e+01
-8.661399999999999011e+01
-1.444499999999999886e+02
-1.471899999999999977e+02
-3.971800000000000352e+01
9.361399999999999011e+01
1.735300000000000011e+02
1.961899999999999977e+02
1.620999999999999943e+02
1.235999999999999943e+02
8.363100000000000023e+01
2.962500000000000000e+01
-1.127199999999999989e+02
-2.749200000000000159e+02
-3.220000000000000000e+02
-3.201600000000000250e+02
-2.928600000000000136e+02
-2.638899999999999864e+02
-2.847099999999999795e+02
-3.257099999999999795e+02
-3.743100000000000023e+02
-3.814399999999999977e+02
-2.425500000000000114e+02
1.382299999999999898e+02
5.083700000000000045e+02
6.225599999999999454e+02
6.939800000000000182e+02
7.465599999999999454e+02
6.808600000000000136e+02
6.395599999999999454e+02
4.168600000000000136e+02
-1.725500000000000114e+02
-7.826599999999999682e+02
-8.561900000000000546e+02
-1.786800000000000068e+02
4.896200000000000045e+02
8.103899999999999864e+02
5.124199999999999591e+02
-6.472599999999999909e+01
-4.806000000000000227e+02
-7.505900000000000318e+02
-7.100299999999999727e+02
-6.523099999999999454e+02
-5.872799999999999727e+02
-5.024599999999999795e+02
-2.869100000000000250e+02
-8.262399999999999523e+01
4.194100000000000250e+02
9.509299999999999500e+02
7.402000000000000455e+02
3.671999999999999886e+02
1.879300000000000068e+02
2.308300000000000196e+01
-1.436299999999999955e+02
-3.264900000000000091e+02
-4.216800000000000068e+02
-2.921200000000000045e+02
-1.032500000000000000e+02
1.504000000000000057e+02
3.053100000000000023e+02
9.294200000000000728e+01
-2.256100000000000136e+02
-4.193500000000000227e+02
-3.792599999999999909e+02
-1.578799999999999955e+02
6.455599999999999561e+00
1.289799999999999898e+02
2.485300000000000011e+02
3.910099999999999909e+02
3.201499999999999773e+02
7.538500000000000512e+01
-1.465999999999999943e+02
-2.670299999999999727e+02
-1.981299999999999955e+02
1.766400000000000148e+01
2.796299999999999955e+02
5.036200000000000045e+02
6.044400000000000546e+02
4.833999999999999773e+02
3.403899999999999864e+02
1.696599999999999966e+02
8.162100000000000932e+01
1.903200000000000003e+01
-1.277399999999999949e+02
-3.351399999999999864e+02
-5.043199999999999932e+02
-5.355800000000000409e+02
-4.098000000000000114e+02
-2.426100000000000136e+02
-1.726200000000000045e+02
-2.017199999999999989e+02
-3.029100000000000250e+02
-1.299699999999999989e+02
1.973700000000000045e+02
3.750400000000000205e+02
3.711800000000000068e+02
2.625299999999999727e+02
1.192500000000000000e+02
-8.647599999999999909e+01
-2.498499999999999943e+02
-2.664399999999999977e+02
-1.798899999999999864e+02
-4.672999999999999687e+01
7.566100000000000136e+01
2.182899999999999920e+02
3.878199999999999932e+02
4.549599999999999795e+02
3.741200000000000045e+02
2.434499999999999886e+02
1.301599999999999966e+02
3.749800000000000466e+01
-2.743900000000000006e+00
9.570000000000000284e+01
2.720000000000000000e+02
2.725000000000000000e+02
2.810500000000000114e+02
2.398300000000000125e+02
1.744199999999999875e+02
-1.809499999999999886e+01
-1.517299999999999898e+02
-3.622500000000000000e+02
-1.849099999999999966e+02
1.704300000000000068e+02
6.414900000000000091e+01
-2.823000000000000043e+01
-1.760699999999999932e+02
-2.776800000000000068e+02
-2.974900000000000091e+02
-1.388100000000000023e+02
-3.370499999999999829e+01
4.935699999999999754e+00
-4.482899999999999885e+00
-8.973000000000000753e+00
6.696999999999999886e+01
1.715500000000000114e+02
2.451500000000000057e+02
2.653999999999999773e+02
1.948100000000000023e+02
8.109300000000000352e+01
6.979300000000000281e+00
4.715699999999999648e+01
9.518399999999999750e+01
3.048300000000000054e+01
-4.596199999999999619e+01
-6.677299999999999613e+01
-9.741200000000000614e+01
-1.333300000000000125e+02
-1.277999999999999972e+02
-1.707500000000000000e+02
-2.499099999999999966e+02
-3.404200000000000159e+02
-3.898100000000000023e+02
-3.416000000000000227e+02
-2.532700000000000102e+02
-1.454300000000000068e+02
-1.905000000000000027e+00
8.438899999999999579e+01
2.585300000000000153e+01
-1.194899999999999949e+02
-1.851200000000000045e+02
-7.199299999999999500e+01
3.949900000000000233e+01
8.880299999999999727e+01
1.385200000000000102e+02
1.428100000000000023e+02
1.237000000000000028e+02
7.834100000000000819e+01
6.093699999999999761e+01
9.117200000000001125e+01
1.296999999999999886e+02
1.675600000000000023e+02
1.754399999999999977e+02
1.976599999999999966e+02
2.347700000000000102e+02
2.086699999999999875e+02
6.401300000000000523e+01
-9.216100000000000136e+01
-1.663100000000000023e+02
-1.667599999999999909e+02
-1.219500000000000028e+02
-1.212300000000000040e+02
-1.489399999999999977e+02
-1.748499999999999943e+02
-1.805699999999999932e+02
-1.410099999999999909e+02
-1.067199999999999989e+02
-1.549099999999999966e+02
-1.678400000000000034e+02
-1.044099999999999966e+02
-5.789100000000000534e+01
-4.912300000000000111e+00
4.784899999999999665e+01
9.172100000000000364e+01
1.157399999999999949e+02
1.313300000000000125e+02
1.629099999999999966e+02
1.496599999999999966e+02
9.779099999999999682e+01
6.958400000000000318e+01
4.498199999999999932e+01
-3.519899999999999807e+00
-1.938400000000000034e+01
-2.204699999999999882e+00
4.243800000000000239e+01
6.904200000000000159e+01
4.948899999999999721e+01
2.662699999999999889e+01
2.571199999999999974e+01
7.050499999999999545e+01
5.878199999999999648e+01
7.389400000000000190e+00
-7.307500000000000284e+01
-1.357500000000000000e+02
-1.422199999999999989e+02
-1.266899999999999977e+02
-9.618000000000000682e+01
-6.141499999999999915e+01
-8.708700000000000330e+00
4.368399999999999750e+01
4.147500000000000142e+01
1.836499999999999844e+01
3.460099999999999909e+01
5.860000000000000142e+01
6.916800000000000637e+01
2.869999999999999929e+01
-1.052700000000000102e+01
-4.016499999999999737e+00
2.583800000000000097e+01
6.293199999999999505e+01
7.380100000000000193e+01
6.795100000000000762e+01
7.793899999999999295e+01
8.022399999999998954e+01
7.048799999999999955e+01
5.125399999999999778e+01
8.100799999999999557e+01
9.146299999999999386e+01
4.394100000000000250e+01
-4.429299999999999571e+00
-5.968800000000000239e+01
-1.173400000000000034e+02
-1.782800000000000011e+02
-2.246500000000000057e+02
-2.698700000000000045e+02
-2.952799999999999727e+02
-2.669499999999999886e+02
-1.160699999999999932e+02
1.289900000000000091e+02
2.685699999999999932e+02
2.063499999999999943e+02
1.110400000000000063e+02
3.695400000000000063e+01
-1.801000000000000156e+01
-5.366799999999999926e+01
-5.372399999999999665e+01
-2.850199999999999889e+01
-5.716199999999999726e+00
2.153599999999999781e+01
4.503399999999999892e+01
4.057699999999999818e+01
5.383200000000000429e+00
4.326899999999999835e+01
9.870399999999999352e+01
1.300800000000000125e+02
1.494600000000000080e+02
1.934099999999999966e+02
2.391800000000000068e+02
2.167700000000000102e+02
1.527500000000000000e+02
7.011399999999999011e+01
-1.314900000000000091e+01
-8.939000000000000057e+01
-1.264699999999999989e+02
-1.321299999999999955e+02
-1.350300000000000011e+02
-8.563100000000000023e+01
-1.906099999999999994e+01
2.292900000000000205e+01
2.835900000000000176e+01
9.790699999999999292e+00
1.901800000000000068e+01
4.459199999999999875e+01
6.829800000000000182e+01
7.047499999999999432e+01
5.765399999999999636e+01
2.323800000000000310e+01
-7.949300000000000033e+00
-5.882199999999999562e+01
-1.172699999999999960e+02
-1.069500000000000028e+02
-1.538299999999999912e+01
6.969100000000000250e+01
3.769100000000000250e+01
-4.789899999999999380e+01
-9.686899999999999977e+01
-9.704000000000000625e+01
-9.825200000000000955e+01
-1.182600000000000051e+02
-1.402800000000000011e+02
-1.743100000000000023e+02
-1.955200000000000102e+02
-1.973499999999999943e+02
-1.728499999999999943e+02
-1.160400000000000063e+02
-6.422800000000000864e+01
-3.385900000000000176e+01
-2.696800000000000086e+00
4.636899999999999977e+01
9.579399999999999693e+01
1.118499999999999943e+02
8.904999999999999716e+01
7.618800000000000239e+01
6.098499999999999943e+01
4.431199999999999761e+01
4.452799999999999869e+01
4.326800000000000068e+01
5.807999999999999829e+01
9.087399999999999523e+01
1.125499999999999972e+02
1.037099999999999937e+02
8.396799999999998931e+01
6.007199999999999562e+01
2.440199999999999747e+01
-2.945899999999999963e+01
-6.360000000000000142e+01
-6.533299999999999841e+01
-5.381700000000000017e+01
-5.434899999999999665e+01
-7.933800000000000807e+01
-1.122900000000000063e+02
-1.273400000000000034e+02
-9.425600000000000023e+01
-6.456499999999999773e+01
-2.432699999999999818e+01
3.534599999999999653e+01
6.876100000000000989e+01
8.939700000000000557e+01
1.129899999999999949e+02
1.280999999999999943e+02
1.068299999999999983e+02
6.150100000000000477e+01
1.769599999999999795e+01
-3.523300000000000409e+01
-5.559600000000000364e+01
-2.750699999999999790e+01
5.649099999999999788e+00
1.558799999999999919e+01
8.106999999999999318e+00
3.039000000000000057e+01
5.039699999999999847e+01
4.596699999999999875e+01
2.454599999999999937e+01
1.179499999999999993e+01
-8.005100000000000549e+00
-1.076700000000000124e+01
1.905599999999999739e+01
9.590500000000000469e+00
-2.023400000000000176e+01
-6.844700000000000273e+01
-9.762000000000000455e+01
-1.196800000000000068e+02
-1.055799999999999983e+02
-7.224899999999999523e+01
-5.010300000000000153e+01
-2.834300000000000352e+01
-3.455300000000000438e+01
-3.568299999999999983e+01
-3.561199999999999477e+01
-1.924599999999999866e+01
-3.078400000000000247e+01
-4.834700000000000131e+01
-4.388899999999999579e+01
-2.246599999999999753e+01
-1.985000000000000142e+01
-5.374100000000000676e+01
-7.107399999999999807e+01
-5.932399999999999807e+01
-2.363300000000000267e+01
2.913800000000000168e+01
6.554699999999999704e+01
6.709100000000000819e+01
5.599100000000000676e+01
3.568800000000000239e+01
2.041400000000000148e+01
6.736600000000000144e+00
4.200100000000000500e-01
3.677000000000000313e+01
7.128900000000000148e+01
4.921699999999999875e+01
1.869299999999999784e+01
-2.348199999999999932e+01
-6.511899999999999977e+01
-8.715899999999999181e+01
-9.165500000000000114e+01
-8.167900000000000205e+01
-5.485499999999999687e+01
-1.120599999999999952e+01
2.150900000000000034e+01
5.657999999999999829e+01
5.200100000000000477e+01
1.573499999999999943e+01
5.536900000000000155e-01
1.989999999999999858e+01
3.226800000000000068e+01
1.439200000000000124e+01
1.312400000000000055e+01
2.889099999999999824e+01
6.058200000000000074e+01
9.527100000000000080e+01
1.097900000000000063e+02
1.048199999999999932e+02
8.876000000000000512e+01
6.645399999999999352e+01
4.607699999999999818e+01
3.421000000000000085e+01
3.936500000000000199e+01
3.817999999999999972e+01
2.823999999999999844e+01
2.727800000000000225e+01
1.802899999999999991e+01
1.044399999999999995e+00
-1.036900000000000155e+01
-2.232600000000000140e+00
2.007400000000000162e+01
4.909700000000000131e+01
8.781600000000000250e+01
9.829500000000000171e+01
6.296199999999999619e+01
2.584499999999999886e+01
3.100900000000000034e+01
7.238700000000000045e+01
9.398000000000000398e+01
7.985099999999999909e+01
5.628100000000000591e+01
2.016499999999999915e+01
-1.786200000000000188e+01
-4.443699999999999761e+01
-4.884499999999999886e+01
-2.290900000000000247e+01
-2.032600000000000051e+01
-3.157699999999999818e+01
-4.925000000000000000e+01
-7.855199999999999250e+01
-9.687600000000000477e+01
-1.002900000000000063e+02
-8.417700000000000671e+01
-5.554200000000000159e+01
-2.678300000000000125e+01
-1.310200000000000031e+01
-1.791199999999999903e+01
-2.730900000000000105e+01
-4.649499999999999744e+01
-6.941199999999999193e+01
-5.858600000000000563e+01
-2.587199999999999989e+01
-1.985699999999999932e+01
-2.444699999999999918e+01
-4.953999999999999737e+00
4.080899999999999750e+01
7.667799999999999727e+01
7.721300000000000807e+01
7.830100000000000193e+01
5.523799999999999955e+01
3.680799999999999983e+01
3.526200000000000045e+01
4.867600000000000193e+01
5.305600000000000449e+01
5.799000000000000199e+01
5.878699999999999903e+01
2.279100000000000037e+01
1.470900000000000096e+00
2.005300000000000082e+01
3.065399999999999991e+01
1.075000000000000000e+01
8.773799999999999599e+00
6.002600000000000158e+00
3.536200000000000010e+00
1.416299999999999892e+00
-1.866300000000000026e+01
-5.351200000000000045e+01
-7.421200000000000330e+01
-6.191300000000000381e+01
-2.798099999999999810e+01
-2.705800000000000338e+01
-5.215800000000000125e+01
-5.951399999999999579e+01
-5.667499999999999716e+01
-5.333299999999999841e+01
-4.782399999999999807e+01
-5.025999999999999801e+01
-4.995199999999999818e+01
-3.847599999999999909e+01
-2.497199999999999775e+01
-3.368199999999999505e+01
-2.844699999999999918e+01
-9.099099999999999966e+00
-7.389300000000000423e+00
-9.474500000000000810e+00
-2.345199999999999818e+01
-1.180299999999999905e+01
1.195599999999999952e+01
3.027400000000000091e+01
4.259600000000000364e+01
6.189500000000000313e+01
6.781399999999999295e+01
4.258899999999999864e+01
1.259700000000000131e+01
-2.769599999999999795e+01
-6.947499999999999432e+01
-8.469700000000000273e+01
-5.632100000000000506e+01
-1.924299999999999855e+01
-1.223900000000000077e+01
-2.159800000000000253e+01
-3.329599999999999937e+01
-2.017999999999999972e+01
-3.211199999999999832e+00
-3.566600000000000215e+00
-7.020800000000000374e+00
-1.195599999999999952e+01
3.795100000000000140e+00
9.461200000000000720e-01
-1.844000000000000128e+01
-4.878999999999999559e+00
3.265400000000000347e+01
5.439199999999999591e+01
5.200199999999999534e+01
3.714199999999999591e+01
3.228900000000000148e+01
3.915699999999999648e+01
3.751099999999999568e+01
2.810999999999999943e+01
2.877199999999999847e+01
5.532699999999999818e+01
8.492499999999999716e+01
7.954500000000000171e+01
4.499499999999999744e+01
-7.452199999999999935e-01
-3.671999999999999886e+01
-5.079100000000000392e+01
-1.647299999999999898e+01
4.214399999999999835e+01
6.831199999999999761e+01
7.281600000000000250e+01
5.955300000000000438e+01
3.753499999999999659e+01
3.889800000000000146e+00
-3.058500000000000085e+01
-4.428300000000000125e+01
-4.102799999999999869e+01
-2.491900000000000048e+01
-1.239900000000000091e+01
-1.888700000000000045e+00
2.332900000000000063e+01
1.868200000000000216e+01
-1.397499999999999964e+01
-4.251399999999999579e+01
-5.404500000000000171e+01
-2.051300000000000168e+01
3.526500000000000057e+01
6.670699999999999363e+01
7.656100000000000705e+01
5.813899999999999579e+01
1.382000000000000028e+01
-3.173400000000000176e+01
-5.058699999999999619e+01
-2.550499999999999901e+01
2.279199999999999893e+00
2.075600000000000023e+01
4.482600000000000051e+01
7.026500000000000057e+01
6.984499999999999886e+01
3.571999999999999886e+01
-7.660099999999999909e+00
-4.592000000000000171e+01
-6.559999999999999432e+01
-5.781499999999999773e+01
-4.472500000000000142e+01
-5.138300000000000267e+01
-6.472499999999999432e+01
-6.440899999999999181e+01
-3.682600000000000051e+01
-1.483000000000000007e+01
-2.946199999999999974e+01
-5.007100000000000506e+01
-3.973199999999999932e+01
-1.933800000000000097e+01
-2.134900000000000020e+01
-2.463800000000000168e+01
-1.871699999999999875e+01
-2.110800000000000054e+01
-3.328600000000000136e+01
-3.615800000000000125e+01
-3.852400000000000091e+01
-2.653099999999999881e+01
-1.960900000000000176e+01
-1.632000000000000028e+01
1.875199999999999922e-01
2.802400000000000091e+01
5.178999999999999915e+01
5.635000000000000142e+01
5.198600000000000421e+01
2.056300000000000239e+01
3.548799999999999955e+00
-2.602799999999999780e+00
-1.020800000000000018e+01
-1.783299999999999841e+01
-1.939700000000000202e+01
-2.145499999999999829e+01
-3.322099999999999653e+01
-3.254500000000000171e+01
-2.684300000000000352e+01
-1.753900000000000148e+01
-1.010599999999999943e+00
9.508499999999999730e+00
-5.661100000000000243e+00
-2.278599999999999781e+01
-1.371700000000000053e+01
-5.898299999999999876e+00
-1.208999999999999986e+01
-1.431599999999999895e+01
6.932199999999999918e+00
2.364800000000000324e+01
9.883200000000000429e+00
-1.907099999999999795e+01
-5.200800000000000267e+01
-6.179800000000000182e+01
-3.963900000000000290e+01
-1.768399999999999972e+00
3.253699999999999903e+01
4.862399999999999523e+01
3.620100000000000051e+01
4.285800000000000165e-01
-1.738799999999999812e+01
-6.870899999999999785e+00
3.463900000000000201e+00
7.956299999999999706e+00
6.814400000000000013e+00
1.513299999999999912e+01
2.357600000000000051e+01
1.337400000000000055e+01
-3.224800000000000111e+00
-1.306900000000000084e+01
-6.747899999999999565e+00
1.467699999999999960e+01
2.425000000000000000e+01
1.023399999999999999e+01
-4.126000000000000334e+00
2.893499999999999961e+00
1.525300000000000011e+01
2.778900000000000148e+01
3.999099999999999966e+01
4.103899999999999437e+01
2.415500000000000114e+01
1.076099999999999923e+01
1.473099999999999987e+01
1.235700000000000109e+01
-6.993099999999999872e-01
-4.143399999999999861e-01
1.587199999999999989e+01
1.824500000000000011e+00
-1.078200000000000003e+01
-1.432699999999999996e+01
-1.193200000000000038e+01
1.097399999999999931e+00
2.450099999999999945e+00
-1.028500000000000014e+01
-2.466000000000000014e+01
-1.875400000000000134e+01
-1.048000000000000043e+01
7.208499999999999908e+00
1.737999999999999901e+01
3.566699999999999982e+00
-3.886400000000000432e+01
-6.799399999999999977e+01
-6.355399999999999494e+01
-4.741899999999999693e+01
-1.719800000000000040e+01
1.452700000000000102e+01
5.070100000000000051e+01
6.788400000000000034e+01
5.031499999999999773e+01
2.122100000000000009e+01
2.893699999999999939e+00
1.731900000000000261e+01
4.684000000000000341e+01
2.552699999999999747e+01
-5.361299999999999955e+00
-7.028400000000000425e+00
7.301700000000000301e+00
2.174699999999999989e+01
6.658800000000000274e+00
-3.410299999999999998e-01
1.550599999999999845e+01
4.104800000000000182e+01
4.526399999999999579e+01
1.515499999999999936e+01
-2.272100000000000009e+01
-2.096099999999999852e+01
1.078500000000000014e+01
2.481699999999999662e+01
2.575400000000000134e+01
2.825800000000000267e+01
4.514800000000000324e+01
6.186999999999999744e+01
6.326899999999999835e+01
5.689899999999999380e+01
5.767699999999999960e+01
6.381600000000000250e+01
6.709000000000000341e+01
5.787899999999999778e+01
3.305899999999999750e+01
1.068999999999999950e+01
8.782500000000000639e+00
1.353800000000000026e+01
-1.189999999999999947e+00
-2.011799999999999855e+01
-2.805599999999999739e+01
-2.294099999999999895e+01
-2.222599999999999909e+01
-2.771699999999999875e+01
-2.849300000000000210e+01
-2.226699999999999946e+01
-2.144099999999999895e+01
-3.907800000000000296e+01
-6.447700000000000387e+01
-7.836899999999999977e+01
-7.428399999999999181e+01
-6.567199999999999704e+01
-5.130799999999999983e+01
-3.422299999999999898e+01
-2.720800000000000196e+01
-1.968200000000000216e+01
-2.465899999999999981e+00
9.367499999999999716e+00
1.379199999999999982e+01
1.152400000000000091e+01
1.272099999999999831e+01
1.226700000000000124e+01
7.400599999999999845e+00
-8.153199999999999337e-01
-1.395900000000000141e+01
-2.827499999999999858e+01
-3.433899999999999864e+01
-3.193300000000000338e+01
-1.547199999999999909e+00
4.796300000000000097e+01
7.434100000000000819e+01
5.594800000000000040e+01
1.463199999999999967e+01
-3.802099999999999813e+00
-1.517599999999999838e+01
-3.043199999999999861e+01
-3.563000000000000256e+01
-2.383699999999999974e+01
-9.649200000000000443e+00
-4.717100000000000293e+00
-8.937200000000000699e+00
-1.750000000000000000e+01
-1.981599999999999895e+01
-1.184799999999999898e+01
-5.215600000000000236e+00
4.613900000000000112e+00
1.360299999999999976e+01
8.040800000000000836e+00
2.760800000000000143e+00
3.720800000000000107e+00
-4.642800000000000260e+00
-2.508100000000000218e+00
1.051500000000000057e+01
9.287599999999999412e+00
7.998300000000000409e+00
1.262700000000000067e+01
2.890600000000000058e+00
-2.001299999999999812e+01
-2.868800000000000239e+01
-1.709600000000000009e+01
-1.497400000000000020e+01
-2.790699999999999648e+01
-3.644200000000000017e+01
-3.779299999999999926e+01
-2.852899999999999991e+01
-7.397700000000000387e+00
1.354499999999999993e+01
1.998600000000000065e+01
1.304599999999999937e+01
3.799999999999999822e+00
-8.987100000000000088e-01
-3.060999999999999943e+00
-5.436899999999999622e+00
-6.841899999999999871e+00
-6.933200000000000252e+00
-1.180700000000000038e+01
-1.161200000000000010e+01
-1.081900000000000084e+01
-9.912900000000000489e+00
5.180200000000000138e+00
2.378099999999999881e+01
2.073600000000000065e+01
9.036899999999999933e-01
-1.346099999999999852e+01
-3.285099999999999909e+00
2.657199999999999918e+01
4.928999999999999915e+01
5.133100000000000307e+01
3.141000000000000014e+01
1.059799999999999898e+01
-1.932500000000000107e+00
-1.118599999999999994e+01
-2.670300000000000296e+01
-3.943099999999999739e+01
-3.260699999999999932e+01
-1.357099999999999973e+01
-2.835199999999999942e+00
-1.606799999999999784e+01
-4.031400000000000006e+01
-5.733600000000000563e+01
-5.491300000000000381e+01
-3.297800000000000153e+01
-5.653299999999999770e+00
1.095400000000000063e+01
5.324399999999999800e+00
-1.130900000000000105e+01
-1.197200000000000131e+01
1.193900000000000006e+01
3.228999999999999915e+01
4.907000000000000028e+01
5.116499999999999915e+01
3.750999999999999801e+01
3.054199999999999804e+01
2.463100000000000023e+01
2.128900000000000148e+01
1.176400000000000112e+01
7.092899999999999761e-01
-6.552800000000000402e+00
-1.287800000000000011e+01
-6.984099999999999753e+00
6.597500000000000142e+00
1.709600000000000009e+01
2.623699999999999832e+01
3.041000000000000014e+01
3.199800000000000111e+01
3.853800000000000381e+01
5.070100000000000051e+01
4.948899999999999721e+01
2.962199999999999989e+01
9.544999999999999929e+00
-1.624900000000000233e+01
-4.293600000000000705e+01
-5.655699999999999505e+01
-6.069600000000000506e+01
-5.227399999999999380e+01
-3.083500000000000085e+01
-9.307499999999999218e+00
1.866800000000000015e+00
-2.047699999999999854e+00
-5.788299999999999557e+00
6.523799999999999599e+00
2.019000000000000128e+01
2.707900000000000063e+01
3.015599999999999881e+01
2.712699999999999889e+01
2.397400000000000020e+01
1.459799999999999898e+01
3.020099999999999785e+00
-7.874100000000000321e+00
-2.675699999999999790e+01
-3.927900000000000347e+01
-4.627000000000000313e+01
-3.792900000000000205e+01
-2.780900000000000105e+01
-1.739000000000000057e+01
-2.097300000000000253e+01
-1.641300000000000026e+01
-6.917600000000000193e+00
-2.220899999999999963e+01
-2.814499999999999957e+01
-2.461499999999999844e+01
-8.778000000000000469e+00
1.169499999999999984e+00
6.483999999999999764e-01
-7.502600000000000380e-01
7.122700000000000031e+00
1.674800000000000111e+01
2.507699999999999818e+01
3.277199999999999847e+01
3.818699999999999761e+01
3.786299999999999955e+01
3.339099999999999824e+01
2.890199999999999747e+01
2.738300000000000267e+01
2.830199999999999960e+01
2.640800000000000125e+01
2.530000000000000071e+01
2.968300000000000338e+01
3.808800000000000097e+01
4.476100000000000279e+01
3.993399999999999750e+01
3.224800000000000466e+01
2.880599999999999739e+01
2.626199999999999690e+01
1.178599999999999959e+01
-8.785299999999999443e+00
-1.213199999999999967e+01
-1.815499999999999892e+00
6.350500000000000256e+00
9.688900000000000290e-02
-1.367400000000000126e+01
-2.319199999999999662e+01
-2.889400000000000190e+01
-2.534600000000000009e+01
-1.353500000000000014e+01
-3.497300000000000075e+00
-6.820700000000000429e+00
-1.767099999999999937e+01
-1.976000000000000156e+01
-2.158399999999999963e+01
-2.845599999999999952e+01
-3.287800000000000011e+01
-2.203800000000000026e+01
-2.876300000000000079e+00
8.329600000000000337e-01
-1.574699999999999989e+01
-2.701000000000000156e+01
-2.176599999999999824e+01
-3.895399999999999974e+00
7.487700000000000244e+00
5.325700000000000323e+00
8.663500000000000867e+00
1.712699999999999889e+01
2.170599999999999952e+01
1.555199999999999960e+01
1.301900000000000057e+00
-3.791900000000000048e+00
-7.834100000000000508e-01
-6.419900000000000162e+00
-1.370900000000000141e+01
-1.805099999999999838e+01
-1.751200000000000045e+01
-1.850300000000000011e+01
-2.655499999999999972e+01
-3.452700000000000102e+01
-3.322699999999999676e+01
-2.621999999999999886e+01
-2.374500000000000099e+01
-2.246099999999999852e+01
-1.454700000000000060e+01
-3.471699999999999786e+00
5.690100000000000158e+00
9.520400000000000418e+00
1.293900000000000006e+01
1.903200000000000003e+01
1.831799999999999784e+01
1.932600000000000051e+01
2.025300000000000011e+01
2.294099999999999895e+01
2.266600000000000037e+01
1.621999999999999886e+01
5.600799999999999557e+00
-5.262699999999999712e+00
3.044799999999999951e+00
1.936299999999999955e+01
2.247800000000000153e+01
1.641900000000000048e+01
1.685200000000000031e+01
2.451199999999999690e+01
3.467499999999999716e+01
3.689500000000000313e+01
2.657499999999999929e+01
1.151799999999999891e+01
-1.759300000000000086e+00
-7.030100000000000016e+00
-2.136200000000000099e+00
7.064000000000000057e+00
3.322000000000000064e+00
-7.530700000000000394e+00
-1.398200000000000109e+01
-1.860699999999999932e+01
-1.296299999999999919e+01
-4.328899999999999970e+00
4.066600000000000215e+00
9.429199999999999804e+00
1.206900000000000084e+01
8.643000000000000682e+00
6.928299999999999736e-02
-4.027300000000000324e+00
-3.330499999999999794e+00
3.876900000000000013e+00
4.863999999999999879e+00
-9.883999999999999453e-01
-4.512100000000000222e+00
-3.141199999999999992e+00
1.954900000000000082e+00
7.101200000000000401e+00
1.415400000000000169e+01
1.040400000000000169e+01
-4.323699999999999655e+00
-9.094799999999999329e+00
-7.915300000000000225e+00
-1.268500000000000050e+01
-1.912099999999999866e+01
-2.685800000000000054e+01
-2.464400000000000190e+01
-1.698499999999999943e+01
-1.309999999999999964e+01
-1.268700000000000117e+01
-1.609600000000000009e+01
-1.949200000000000088e+01
-2.099099999999999966e+01
-2.116499999999999915e+01
-2.091000000000000014e+01
-2.072599999999999909e+01
-1.745499999999999829e+01
-1.035299999999999976e+01
-5.749500000000000277e+00
-6.231700000000000017e+00
-6.501800000000000246e+00
-6.017500000000000071e+00
-1.116499999999999915e+01
-1.381200000000000117e+01
-6.031699999999999839e+00
8.305699999999999861e+00
1.401999999999999957e+01
6.336299999999999599e+00
-6.761499999999999844e+00
-1.444299999999999962e+01
-2.022599999999999909e+01
-2.118400000000000105e+01
-1.294299999999999962e+01
3.040299999999999780e+00
1.114299999999999891e+01
5.261999999999999567e+00
-1.297500000000000098e+00
-2.364100000000000090e+00
-2.457199999999999940e-01
-4.314199999999999591e+00
-9.964900000000000091e+00
-7.596899999999999764e+00
-2.892199999999999771e-01
1.922600000000000087e+00
-6.206999999999999851e+00
-2.107800000000000296e+01
-3.393800000000000239e+01
-2.972599999999999909e+01
-2.136899999999999977e+01
-2.001599999999999824e+01
-1.991300000000000026e+01
-1.899900000000000233e+01
-2.199199999999999733e+01
-2.824500000000000099e+01
-3.258299999999999841e+01
-3.483400000000000318e+01
-3.141000000000000014e+01
-2.386100000000000065e+01
-1.303599999999999959e+01
-1.368500000000000050e+01
-2.694300000000000139e+01
-4.644600000000000506e+01
-2.616600000000000037e+01
1.687400000000000011e+00
7.182900000000000063e+00
1.559500000000000064e+01
1.551799999999999891e+01
1.590499999999999936e+01
1.020199999999999996e+01
8.833000000000000185e+00
1.199699999999999989e+01
1.563000000000000078e+01
1.981299999999999883e+01
2.165800000000000125e+01
2.024500000000000099e+01
1.329599999999999937e+01
1.071599999999999930e+01
1.273200000000000109e+01
1.999399999999999977e+01
2.957800000000000296e+01
3.356000000000000227e+01
4.201899999999999835e+01
5.178399999999999892e+01
5.748199999999999932e+01
5.877399999999999380e+01
5.507899999999999352e+01
5.067800000000000438e+01
4.899499999999999744e+01
4.908600000000000563e+01
4.803800000000000381e+01
4.139999999999999858e+01
3.021699999999999875e+01
2.100900000000000034e+01
1.920899999999999963e+01
2.276800000000000068e+01
3.113899999999999935e+01
4.046000000000000085e+01
4.433699999999999619e+01
4.126200000000000045e+01
3.186300000000000310e+01
2.363300000000000267e+01
1.463299999999999912e+01
9.091900000000000759e+00
1.130400000000000027e+01
1.322200000000000131e+01
1.144299999999999962e+01
8.495900000000000674e+00
1.011599999999999966e+01
1.125999999999999979e+01
1.016399999999999970e+01
1.004499999999999993e+01
1.170199999999999996e+01
8.193500000000000227e+00
9.863400000000000389e+00
1.246700000000000053e+01
1.108500000000000085e+01
5.663499999999999979e+00
-8.526400000000000645e+00
-1.851200000000000045e+01
-2.809300000000000352e+01
-3.044400000000000261e+01
-3.027400000000000091e+01
-3.163899999999999935e+01
-3.075099999999999767e+01
-3.146300000000000097e+01
-2.779300000000000281e+01
-2.569999999999999929e+01
-2.842900000000000205e+01
-3.206000000000000227e+01
-3.582300000000000040e+01
-3.092000000000000171e+01
-2.574399999999999977e+01
-1.740399999999999991e+01
-1.682799999999999940e+01
-2.497400000000000020e+01
-3.439900000000000091e+01
-3.994899999999999807e+01
-3.361099999999999710e+01
-2.835300000000000153e+01
-2.449199999999999733e+01
-1.397700000000000031e+01
1.889399999999999968e-01
1.021499999999999986e+01
1.653599999999999781e+01
1.720499999999999829e+01
1.624099999999999966e+01
1.759400000000000119e+01
2.197300000000000253e+01
2.385500000000000043e+01
2.021300000000000097e+01
9.780400000000000205e+00
4.299300000000000344e-01
-3.325699999999999878e+00
-8.457100000000000506e+00
-1.263499999999999979e+01
-1.369400000000000084e+01
-9.338499999999999801e+00
-8.552099999999999369e+00
-1.550300000000000011e+01
-2.144800000000000040e+01
-2.621999999999999886e+01
-2.454699999999999704e+01
-2.076599999999999824e+01
-1.889000000000000057e+01
-1.302799999999999869e+01
-9.038100000000000023e+00
-5.106700000000000017e+00
-7.722299999999999720e+00
-1.278700000000000081e+01
-1.332200000000000095e+01
-4.495199999999999640e+00
6.472400000000000375e+00
1.126900000000000013e+01
1.414499999999999957e+01
1.770100000000000051e+01
2.076699999999999946e+01
1.522400000000000020e+01
7.951100000000000279e+00
4.904799999999999827e+00
5.770599999999999952e+00
4.018099999999999561e+00
-1.067099999999999937e+00
-4.611799999999999677e+00
2.196400000000000130e+00
4.623700000000000365e+00
-7.090100000000000291e-01
-1.766100000000000003e+00
-2.354699999999999793e+00
-1.184500000000000108e+00
-3.559099999999999930e+00
-9.398099999999999454e+00
-9.415300000000000225e+00
-7.977199999999999847e+00
-1.083799999999999919e+01
-1.488199999999999967e+01
-1.814000000000000057e+01
-1.857600000000000051e+01
-1.530700000000000038e+01
-1.280599999999999916e+01
-7.872399999999999842e+00
4.884100000000000108e+00
1.642000000000000171e+01
2.036499999999999844e+01
1.602299999999999969e+01
1.240099999999999980e+01
1.149000000000000021e+01
1.171999999999999931e+00
-6.881800000000000139e+00
-6.892900000000000027e+00
-3.258799999999999919e+00
2.641300000000000203e+00
-5.486599999999999810e-02
-1.613099999999999978e+00
-8.826799999999999091e-01
-1.196700000000000097e+00
-2.481199999999999850e+00
-1.094800000000000040e+01
-1.939600000000000080e+01
-2.235099999999999909e+01
-1.883200000000000074e+01
-1.403800000000000026e+01
-9.665900000000000603e+00
-5.809300000000000352e+00
-2.787700000000000067e+00
3.646599999999999842e+00
1.191200000000000081e+01
1.610999999999999943e+01
1.979700000000000060e+01
2.162999999999999901e+01
1.814700000000000202e+01
2.006599999999999895e+01
2.084800000000000253e+01
2.352400000000000091e+01
2.575900000000000034e+01
2.408500000000000085e+01
1.683299999999999841e+01
7.446500000000000341e+00
1.853299999999999947e+00
-2.009599999999999831e+00
-1.610800000000000010e+00
1.194199999999999928e+00
4.618000000000000327e+00
5.683200000000000252e+00
5.359700000000000131e+00
-1.620200000000000085e+00
-9.343700000000000117e+00
-1.699699999999999989e+01
-2.161800000000000210e+01
-2.791400000000000148e+01
-3.296800000000000352e+01
-3.217499999999999716e+01
-2.087099999999999866e+01
-1.609600000000000009e+01
-5.920300000000000118e+00
1.122700000000000031e+01
1.176799999999999891e+01
1.231900000000000084e+01
1.237299999999999933e+01
1.018200000000000038e+01
5.556099999999999817e+00
4.715700000000000003e+00
4.818399999999999572e+00
4.237700000000000244e+00
5.676199999999999690e+00
3.799799999999999844e+00
3.371100000000000207e+00
7.060699999999999754e+00
7.539100000000000357e+00
6.731300000000000061e+00
7.946399999999999686e+00
1.172400000000000020e+01
1.414700000000000024e+01
8.049699999999999633e+00
-3.210399999999999920e-01
-2.497500000000000053e+00
-1.570200000000000040e+00
6.423399999999999943e-02
-1.545199999999999907e+00
-6.212100000000000399e+00
-9.578400000000000247e+00
-6.317300000000000360e+00
-1.527400000000000091e+00
-1.298300000000000010e-01
2.785199999999999898e-01
-1.968599999999999794e-01
-3.658300000000000107e+00
-4.143200000000000216e+00
-7.934199999999999697e+00
-1.066300000000000026e+01
-1.486299999999999955e+01
-1.334200000000000053e+01
-5.844899999999999984e+00
-8.158600000000000296e-01
5.339299999999999713e+00
7.901200000000000223e+00
7.988900000000000112e+00
2.250700000000000145e+00
-6.702999999999999237e-02
-1.699900000000000022e-01
3.589999999999999858e+00
9.058199999999999363e+00
1.090700000000000003e+01
9.323299999999999699e+00
-3.590599999999999903e-01
-8.851699999999999235e+00
-1.534799999999999898e+01
-1.836200000000000188e+01
-9.655200000000000671e+00
2.264200000000000212e+00
5.504500000000000171e+00
9.441700000000000870e+00
1.095700000000000074e+01
7.783199999999999896e+00
1.012599999999999945e+00
-6.901399999999999757e+00
-4.570000000000000284e+00
-2.990999999999999770e-01
5.850600000000000023e+00
1.143700000000000117e+01
1.316099999999999959e+01
1.745100000000000051e+01
2.191800000000000281e+01
2.799900000000000233e+01
2.594300000000000139e+01
1.898400000000000176e+01
1.201200000000000045e+01
6.600600000000000023e+00
5.014800000000000146e+00
6.734600000000000364e+00
8.536300000000000665e+00
7.874900000000000233e+00
4.641399999999999970e+00
2.973399999999999821e+00
1.911999999999999922e+00
-5.784199999999999342e-01
1.283500000000000085e+00
4.556099999999999817e+00
1.127999999999999936e+01
1.307000000000000028e+01
1.339099999999999824e+01
1.043299999999999983e+01
5.815899999999999403e-01
-9.126400000000000290e+00
-1.659400000000000119e+01
-1.829799999999999827e+01
-1.554400000000000048e+01
-1.541000000000000014e+01
-1.490000000000000036e+01
-1.458300000000000018e+01
-1.406599999999999895e+01
-1.086999999999999922e+01
-1.386400000000000077e+01
-1.319400000000000084e+01
-1.054199999999999982e+01
-1.278200000000000003e+01
-1.719200000000000017e+01
-2.254300000000000281e+01
-2.158500000000000085e+01
-2.099699999999999989e+01
-2.260099999999999909e+01
-2.245100000000000051e+01
-2.226900000000000190e+01
-2.293300000000000338e+01
-2.284900000000000020e+01
-2.410000000000000142e+01
-2.010900000000000176e+01
-1.361200000000000010e+01
-1.270800000000000018e+01
-1.920100000000000051e+01
-2.258699999999999974e+01
-1.784099999999999753e+01
-1.011100000000000065e+01
-3.310999999999999943e+00
-1.537300000000000055e-01
5.177900000000000169e+00
7.196600000000000108e+00
1.185400000000000098e+01
1.547599999999999909e+01
1.649099999999999966e+01
2.086800000000000210e+01
1.807799999999999940e+01
1.554599999999999937e+01
1.629100000000000037e+01
1.323599999999999888e+01
1.116699999999999982e+01
1.359799999999999898e+01
1.819500000000000028e+01
2.181199999999999761e+01
2.658800000000000097e+01
2.729500000000000171e+01
2.753800000000000026e+01
2.441300000000000026e+01
2.074599999999999866e+01
2.018099999999999739e+01
2.212599999999999767e+01
2.571800000000000352e+01
2.500000000000000000e+01
2.285800000000000054e+01
2.173099999999999810e+01
1.821799999999999997e+01
1.573499999999999943e+01
1.625400000000000134e+01
1.526900000000000013e+01
1.649399999999999977e+01
1.317300000000000004e+01
6.947700000000000209e+00
1.151599999999999957e+00
-2.557700000000000085e+00
-1.403599999999999959e+00
-1.818000000000000060e+00
-1.347699999999999898e+00
-1.958800000000000097e+00
-5.238500000000000156e+00
-9.503700000000000259e+00
-1.623000000000000043e+01
-1.764400000000000190e+01
-1.585299999999999976e+01
-9.950699999999999434e+00
-7.014499999999999957e+00
-7.525000000000000355e+00
-7.068200000000000038e+00
-1.009500000000000064e+01
-9.436999999999999389e+00
-8.335399999999999920e+00
-8.008699999999999264e+00
-9.181800000000000850e+00
-1.598700000000000010e+01
-2.250699999999999790e+01
-2.554800000000000182e+01
-2.951699999999999946e+01
-3.149900000000000233e+01
-3.028500000000000014e+01
-2.493800000000000239e+01
-1.760200000000000031e+01
-1.166499999999999915e+01
-7.638099999999999667e+00
-8.031100000000000350e+00
-5.452300000000000146e+00
-1.501900000000000013e+00
2.308699999999999974e+00
5.016000000000000014e+00
5.940500000000000114e+00
2.001100000000000101e+00
-1.122200000000000086e+00
-2.052000000000000046e+00
-8.761100000000000554e-01
1.904199999999999893e+00
6.079200000000000159e+00
1.318900000000000006e+01
2.102899999999999991e+01
3.146699999999999875e+01
3.365999999999999659e+01
2.876000000000000156e+01
2.447100000000000009e+01
2.382699999999999818e+01
2.354199999999999804e+01
2.086599999999999966e+01
1.825900000000000034e+01
1.515200000000000102e+01
1.333799999999999919e+01
1.348499999999999943e+01
1.200300000000000011e+01
9.397800000000000153e+00
1.450999999999999979e+01
2.135900000000000176e+01
1.836799999999999855e+01
1.124000000000000021e+01
4.153900000000000148e+00
1.737900000000000000e+00
1.487500000000000044e+00
-2.396399999999999864e+00
-6.279499999999999638e+00
-6.205499999999999794e+00
-2.184699999999999864e+00
3.262300000000000200e+00
2.891900000000000137e+00
-2.521999999999999797e-01
-3.847900000000000098e+00
-9.948100000000000165e+00
-1.440799999999999947e+01
-1.694099999999999895e+01
-2.089600000000000080e+01
-2.111100000000000065e+01
-2.015299999999999869e+01
-2.082600000000000051e+01
-2.291600000000000037e+01
-2.564400000000000190e+01
-2.579800000000000182e+01
-2.675300000000000011e+01
-2.361599999999999966e+01
-2.011700000000000088e+01
-1.750700000000000145e+01
-1.595299999999999940e+01
-1.641700000000000159e+01
-1.713899999999999935e+01
-1.962400000000000233e+01
-2.059600000000000009e+01
-2.119400000000000261e+01
-1.682600000000000051e+01
-1.094900000000000162e+01
-4.295899999999999608e+00
4.377199999999999980e-01
4.354899999999999771e+00
5.902999999999999581e+00
4.730100000000000193e+00
5.736900000000000333e+00
2.633500000000000174e+00
1.158500000000000085e+00
2.309400000000000064e-01
-5.573100000000000165e+00
-1.156099999999999994e+01
-1.411999999999999922e+01
-1.397700000000000031e+01
-1.221900000000000119e+01
-5.481399999999999828e+00
1.610400000000000054e+00
3.992500000000000160e+00
6.216000000000000192e+00
8.387399999999999523e+00
1.010399999999999920e+01
7.805299999999999905e+00
4.258600000000000385e+00
2.803599999999999870e+00
1.610800000000000010e-01
3.584499999999999797e+00
4.008899999999999686e+00
3.008800000000000016e-02
5.123699999999999921e-01
-5.948200000000000154e-01
1.778299999999999992e+00
3.801899999999999835e+00
5.587600000000000122e+00
1.153800000000000026e+01
1.371599999999999930e+01
9.498200000000000642e+00
4.157099999999999795e+00
2.913300000000000001e+00
4.609600000000000364e+00
7.463799999999999990e+00
9.785399999999999210e+00
1.250900000000000034e+01
1.795400000000000063e+01
2.136199999999999832e+01
1.900099999999999767e+01
1.456900000000000084e+01
8.011400000000000077e+00
1.893599999999999950e+00
-1.298999999999999877e-01
8.784999999999999476e-01
2.278399999999999981e+00
4.063699999999999868e+00
2.183899999999999952e+00
1.025700000000000056e+00
1.224099999999999966e+00
9.928500000000000103e-01
2.846099999999999741e-01
-1.999700000000000033e+00
-1.329500000000000126e-01
6.630499999999999616e+00
8.680400000000000560e+00
7.668000000000000149e+00
4.116799999999999571e+00
-1.335399999999999920e+00
-3.592400000000000038e+00
-4.368800000000000239e+00
-2.961399999999999810e+00
1.693899999999999961e+00
5.663899999999999935e+00
9.799899999999999167e+00
1.021799999999999997e+01
5.353100000000000414e+00
2.158500000000000085e+00
5.410099999999999909e-01
5.313200000000000145e+00
5.041599999999999859e+00
4.037600000000000300e+00
2.316100000000000048e+00
-2.920800000000000063e-01
-1.420999999999999867e-02
-2.004599999999999993e-01
3.346799999999999997e+00
2.431400000000000006e+00
1.648600000000000065e+00
-1.177100000000000035e+00
-6.889800000000000146e+00
-1.357599999999999874e+01
-1.721799999999999997e+01
-1.664999999999999858e+01
-1.190700000000000003e+01
-7.330899999999999750e+00
-6.405300000000000438e+00
-1.014100000000000001e+01
-1.515299999999999869e+01
-1.689600000000000080e+01
-1.543799999999999883e+01
-1.085400000000000098e+01
-5.700099999999999945e+00
4.275199999999999556e-01
4.861100000000000421e+00
5.086599999999999788e+00
2.259699999999999903e-03
-4.955599999999999561e+00
-7.763300000000000090e+00
-8.005200000000000315e+00
-4.514899999999999913e+00
-1.613599999999999923e+00
-1.743000000000000105e+00
5.812300000000000244e-01
-1.748699999999999921e+00
-8.752599999999999270e+00
-1.254800000000000004e+01
-1.153599999999999959e+01
-5.276399999999999757e+00
6.604200000000000070e-01
5.478699999999999903e+00
6.633099999999999774e+00
4.154200000000000337e+00
7.620500000000000052e-01
2.481399999999999828e+00
5.881800000000000139e+00
1.102999999999999936e+01
1.336999999999999922e+01
1.065000000000000036e+01
9.194399999999999906e+00
6.619699999999999918e+00
6.754699999999999704e+00
-1.237400000000000028e-01
-5.354000000000000092e+00
-3.169900000000000162e+00
-7.824100000000000499e-01
-3.542400000000000410e-02
-1.711300000000000043e+00
1.092999999999999972e+00
6.012299999999999756e+00
1.312500000000000000e+01
1.911599999999999966e+01
1.982300000000000040e+01
2.032600000000000051e+01
1.782999999999999829e+01
1.161800000000000033e+01
9.064799999999999969e+00
7.356200000000000294e+00
6.829200000000000159e+00
7.824499999999999567e+00
9.117399999999999949e+00
1.204499999999999993e+01
1.176599999999999824e+01
1.140799999999999947e+01
7.556499999999999773e+00
5.790899999999999714e+00
1.147499999999999964e+01
1.136200000000000010e+01
8.237800000000000011e+00
3.103499999999999925e+00
-3.367900000000000116e+00
-4.177699999999999747e+00
-1.541299999999999892e+00
3.012300000000000200e+00
6.086199999999999832e+00
9.481099999999999639e+00
1.352900000000000169e+01
1.635999999999999943e+01
1.624500000000000099e+01
1.460500000000000043e+01
1.268999999999999950e+01
1.280199999999999960e+01
1.185200000000000031e+01
6.517500000000000071e+00
1.396700000000000053e+00
-1.699600000000000000e+00
-4.523900000000000254e+00
-9.340400000000000702e+00
-1.219400000000000084e+01
-1.342799999999999905e+01
-9.952400000000000801e+00
-7.520599999999999952e+00
-1.183799999999999919e+01
-1.778999999999999915e+01
-2.173999999999999844e+01
-2.180199999999999960e+01
-1.994400000000000261e+01
-2.015500000000000114e+01
-1.738500000000000156e+01
-1.364799999999999969e+01
-9.922599999999999199e+00
-6.809599999999999653e+00
-7.673799999999999955e+00
-6.745199999999999640e+00
-2.417800000000000171e+00
2.529900000000000038e+00
4.049500000000000099e+00
2.582899999999999974e+00
2.290500000000000203e+00
1.704499999999999904e+00
-9.009299999999998976e-01
-2.625900000000000123e+00
-3.413300000000000001e+00
-2.411700000000000177e+00
-5.506899999999999906e+00
-7.521099999999999675e+00
-6.185599999999999987e+00
-6.025500000000000078e+00
-6.646300000000000097e+00
-9.486499999999999488e+00
-1.098700000000000010e+01
-1.033999999999999986e+01
-1.218999999999999950e+01
-1.264700000000000024e+01
-1.324099999999999966e+01
-1.497900000000000098e+01
-1.471599999999999930e+01
-1.483999999999999986e+01
-1.487800000000000011e+01
-1.145400000000000063e+01
-5.080300000000000260e+00
-1.119400000000000117e-01
4.744299999999999962e+00
6.905999999999999694e+00
9.300900000000000389e+00
1.350400000000000134e+01
1.655199999999999960e+01
1.670200000000000173e+01
1.592999999999999972e+01
1.431599999999999895e+01
1.481900000000000084e+01
1.211999999999999922e+01
5.049500000000000099e+00
-2.838999999999999857e-01
-3.775100000000000122e+00
-5.597400000000000375e+00
-7.858999999999999986e+00
-1.202799999999999869e+01
-1.294599999999999973e+01
-1.252400000000000091e+01
-1.265299999999999869e+01
-1.357699999999999996e+01
-1.556499999999999950e+01
-1.381599999999999895e+01
-1.071799999999999997e+01
-5.251400000000000290e+00
-1.012000000000000011e+00
1.419399999999999995e+00
4.274300000000000210e+00
7.454500000000000348e+00
1.050699999999999967e+01
1.433500000000000085e+01
1.698799999999999955e+01
1.735399999999999920e+01
1.501700000000000124e+01
1.009799999999999898e+01
6.080599999999999561e+00
1.972099999999999964e+00
3.114799999999999791e+00
4.328199999999999825e+00
4.431400000000000006e+00
4.846899999999999764e+00
2.370899999999999785e+00
3.631600000000000161e+00
3.363599999999999923e+00
2.417899999999999938e+00
2.663400000000000212e+00
6.504600000000000659e-02
-7.905600000000000405e-01
-7.460100000000000620e-01
-3.492100000000000204e+00
-4.181600000000000428e+00
-2.418400000000000105e+00
-6.403600000000000403e-01
2.237400000000000055e+00
3.029199999999999893e+00
3.183699999999999974e+00
3.193099999999999827e+00
3.428799999999999848e+00
3.748600000000000154e+00
3.453399999999999803e+00
4.693100000000000271e+00
3.525599999999999845e-01
-2.657200000000000006e+00
-4.424100000000000144e+00
-7.980800000000000338e+00
-8.685499999999999332e+00
-8.652200000000000557e+00
-1.004199999999999982e+01
-6.644999999999999574e+00
-3.680800000000000072e+00
-6.559099999999999930e-01
2.582699999999999996e+00
3.652200000000000113e+00
5.899600000000000399e+00
5.727500000000000036e+00
3.794799999999999951e+00
1.002999999999999892e+00
-3.733699999999999797e+00
-4.670799999999999841e+00
-5.833800000000000097e-01
3.616499999999999826e+00
2.611099999999999977e+00
