2.438500000000000156e+01
-1.069299999999999917e+00
1.302699999999999969e+00
4.643699999999999939e+00
9.061199999999999477e+00
-5.604500000000000037e-01
-2.797200000000000131e+00
1.270199999999999996e+01
-5.776099999999999568e+00
4.086800000000000210e+00
1.151599999999999824e+01
-3.112800000000000011e+00
-7.160300000000000331e+00
6.054899999999999949e+00
1.596199999999999974e+01
-8.854499999999999815e+00
3.473100000000000076e+00
2.524399999999999977e+01
4.476799999999999891e+00
-1.348400000000000176e+01
7.086199999999999832e+00
1.641499999999999915e+01
-2.713499999999999801e+00
9.046900000000000830e+00
-5.512800000000000367e+00
8.367499999999999716e+00
1.249400000000000155e+01
6.334600000000000009e+00
-2.193999999999999950e+00
4.480999999999999872e+00
2.949400000000000355e-01
-1.727700000000000014e+00
5.330899999999999750e+00
1.149799999999999933e+01
1.719300000000000050e+00
3.717000000000000082e+00
4.772799999999999959e-02
-8.531800000000000495e+00
5.562000000000000277e+00
-3.841400000000000148e+00
-7.098200000000000287e+00
-8.491199999999999193e+00
1.046900000000000119e+01
7.210399999999999920e+00
1.009999999999999964e+01
-2.573699999999999832e+01
1.148799999999999955e+01
1.965800000000000125e+01
-5.004999999999999893e+00
2.871000000000000085e+01
-4.582999999999999829e+01
5.262500000000000178e+00
7.972100000000000186e+00
-2.090500000000000114e+01
-2.851500000000000057e+01
8.001899999999999125e+00
-5.084199999999999831e-01
-2.349399999999999977e+01
3.374300000000000210e+01
-6.552800000000000402e+00
-8.349399999999999877e-03
-1.318900000000000006e+01
-8.797499999999999432e+00
2.197199999999999775e+01
-1.096900000000000119e+01
-7.148600000000000065e+00
3.738700000000000045e+01
-1.356400000000000006e+01
-1.219900000000000162e+01
1.279700000000000060e+01
2.559400000000000119e+01
-2.976999999999999957e+01
1.209100000000000064e+00
4.074399999999999977e+01
-2.143900000000000006e+01
3.949300000000000210e+01
5.991799999999999571e+00
-2.986499999999999844e+01
-8.843799999999999883e+00
5.196199999999999619e+01
-3.092900000000000205e+00
-6.634799999999999898e+01
2.071800000000000352e+01
1.568500000000000050e+01
-6.537899999999999601e+00
-2.658099999999999952e+01
1.710399999999999920e+01
-1.243099999999999916e+01
-6.658800000000000807e+01
7.436799999999999855e+00
-3.406099999999999994e+01
-2.426999999999999957e+01
5.026300000000000523e+01
-2.636300000000000310e+01
7.885200000000000209e+00
3.095099999999999962e+00
-1.249799999999999933e+01
-3.314199999999999591e+01
-3.899800000000000466e+01
4.959899999999999665e+01
-3.943299999999999983e+01
-2.170100000000000051e+01
5.925300000000000011e+01
-4.850500000000000256e+00
-8.903700000000000614e+01
5.138700000000000045e+01
3.755199999999999960e+01
-4.082800000000000296e+01
3.490299999999999958e+00
2.169399999999999995e+00
-8.167799999999999727e+00
-1.064400000000000013e+01
6.057399999999999807e+01
5.356199999999999761e+01
-2.042599999999999838e+01
-6.620100000000000762e+01
4.290200000000000102e+01
-5.279999999999999716e+01
-5.166399999999999437e+01
5.696500000000000341e+01
3.065900000000000247e+01
1.004599999999999937e+01
-9.761599999999999611e+00
6.803799999999999670e+01
-4.287300000000000466e+01
-1.006500000000000057e+02
2.887000000000000099e+01
3.215099999999999625e+01
-1.065600000000000023e+02
9.655100000000000193e+01
7.154699999999999704e+01
-8.912600000000000477e+01
-2.910900000000000176e+01
-2.407400000000000162e+01
6.757500000000000284e+01
-6.021100000000000563e+01
-1.468700000000000045e+02
1.000999999999999943e+02
7.140500000000000114e+01
-8.090500000000000114e+01
-1.470900000000000141e+01
-1.332700000000000102e+02
-5.713400000000000034e+00
1.084699999999999989e+02
-7.514000000000000234e+00
-2.080099999999999838e+01
-4.958399999999999608e+01
-9.381100000000000705e+01
3.209600000000000009e+00
9.422799999999999443e+01
1.971400000000000219e+01
1.399099999999999966e+02
-7.728699999999999903e+00
-2.594099999999999895e+01
3.696999999999999886e+01
3.500000000000000000e+01
5.821199999999999619e+01
-8.442100000000000648e+01
9.957799999999998875e+01
4.016199999999999903e+01
-2.512300000000000111e+01
1.536500000000000057e+02
1.261800000000000068e+02
2.205000000000000071e+01
-5.154999999999999583e-01
4.292399999999999949e+01
-2.928500000000000014e+01
-1.672899999999999920e+01
9.221500000000000341e+01
-2.502400000000000180e+00
-9.140599999999999170e+00
1.143400000000000034e+02
9.546399999999999864e+01
1.031299999999999955e+02
-1.160799999999999983e+02
-1.185900000000000034e+02
5.131800000000000495e+01
3.629800000000000182e+01
-1.514099999999999824e+01
-1.108599999999999994e+02
-6.708999999999999631e+00
-1.042699999999999960e+02
7.412699999999999534e+01
6.070499999999999829e+01
9.322799999999999443e+01
1.854199999999999875e+02
4.954100000000000392e+01
5.157600000000000051e+01
-2.776900000000000190e+01
5.376300000000000523e+01
-9.784000000000000341e+01
-1.738199999999999932e+02
-1.596500000000000057e+02
-1.839499999999999886e+02
-2.078300000000000125e+02
-2.186699999999999875e+02
-1.120600000000000023e+02
-3.613199999999999790e+01
5.706600000000000250e+01
-7.851399999999999579e+01
-3.144599999999999795e+01
1.017300000000000004e+01
-3.849399999999999977e+01
-4.998499999999999943e+01
-2.492299999999999898e+02
-1.687700000000000102e+02
-1.524499999999999886e+02
-2.933899999999999864e+02
-3.309800000000000182e+02
-3.101499999999999773e+02
-2.199199999999999875e+02
-2.033300000000000125e+02
-2.874200000000000159e+02
-3.658199999999999932e+02
-3.998899999999999864e+02
-3.359700000000000273e+02
-1.872800000000000011e+02
-7.646700000000000053e+00
8.461399999999999011e+01
1.471299999999999955e+02
1.100999999999999943e+02
-2.340500000000000114e+01
-3.230799999999999983e+01
-1.337099999999999866e+01
-6.803799999999999670e+01
-5.778499999999999659e+01
2.153900000000000148e+01
6.337800000000000011e+01
9.490799999999998704e+01
1.745800000000000125e+02
3.415600000000000023e+02
3.808299999999999841e+02
3.747900000000000205e+02
5.476900000000000546e+02
5.841799999999999500e+02
5.295000000000000000e+02
4.474300000000000068e+02
2.863700000000000045e+02
1.282700000000000102e+02
7.743199999999999861e+00
-5.916300000000000381e+01
1.934499999999999886e+02
1.978400000000000034e+02
-1.141800000000000068e+02
-3.407600000000000051e+01
4.322800000000000153e+01
1.895000000000000000e+02
2.648999999999999773e+02
2.765500000000000114e+02
2.415999999999999943e+02
2.508799999999999955e+02
1.725600000000000023e+02
9.828100000000000591e+01
1.046700000000000017e+02
1.233499999999999943e+02
5.714800000000000324e+01
-3.022900000000000205e+02
-1.770599999999999952e+01
1.003900000000000006e+02
1.002399999999999949e+02
1.637700000000000102e+02
1.596100000000000136e+02
2.398000000000000114e+02
2.633600000000000136e+02
1.053199999999999932e+02
-7.339699999999999136e+01
-1.904699999999999989e+02
-3.847799999999999727e+02
-9.432700000000000529e+00
1.632899999999999920e+02
-5.013399999999999324e+01
-3.325099999999999909e+02
-5.319900000000000091e+02
-5.497799999999999727e+02
-5.182200000000000273e+02
-1.141200000000000045e+02
3.883000000000000114e+02
3.827099999999999795e+02
3.500500000000000114e+02
3.018999999999999773e+02
2.021200000000000045e+02
2.212100000000000080e+02
3.031700000000000159e+02
3.033600000000000136e+02
6.050699999999999790e+01
-2.303000000000000114e+02
-4.323700000000000045e+02
-5.079599999999999795e+02
-3.547799999999999727e+02
-9.287000000000000455e+01
5.750600000000000023e+01
1.623899999999999864e+02
7.963500000000000512e+01
-9.866899999999999693e+01
-3.175000000000000000e+02
-4.576800000000000068e+02
-4.384100000000000250e+02
-3.864499999999999886e+02
-3.487900000000000205e+02
-1.893000000000000114e+02
8.084399999999999409e+01
2.574800000000000182e+02
3.155899999999999750e+02
2.644700000000000273e+02
5.235300000000000153e+01
-1.351200000000000045e+02
-2.417299999999999898e+02
-2.080800000000000125e+02
-7.407099999999999795e+01
1.330000000000000000e+02
3.004599999999999795e+02
2.451500000000000057e+02
2.473000000000000114e+02
2.893000000000000114e+02
2.354699999999999989e+02
6.625499999999999723e+00
-3.069300000000000068e+02
-5.492699999999999818e+02
-6.524900000000000091e+02
-5.014100000000000250e+02
-9.492900000000000205e+01
6.059899999999999665e+01
-1.056800000000000068e+02
-2.169900000000000091e+02
-2.617699999999999818e+02
-2.499799999999999898e+02
-2.065600000000000023e+02
-8.247700000000000387e+01
8.183700000000000330e+01
1.723199999999999932e+01
-2.994999999999999929e+01
-2.300699999999999790e+01
-7.958199999999999363e+01
-6.075399999999999778e+01
2.098699999999999832e+01
6.080300000000000438e+01
1.069200000000000017e+02
2.004099999999999966e+02
2.669599999999999795e+02
3.088100000000000023e+02
2.827400000000000091e+02
1.537899999999999920e+02
1.289000000000000057e+01
-3.107699999999999818e+01
-2.067599999999999838e+01
7.841599999999999682e+01
2.316800000000000068e+02
3.277699999999999818e+02
2.655400000000000205e+02
1.795600000000000023e+02
2.048799999999999955e+02
1.329399999999999977e+02
3.171099999999999852e+01
9.520599999999999952e+00
5.900699999999999790e+01
1.331599999999999966e+02
7.156600000000000250e+01
-3.209499999999999886e+01
-1.342299999999999898e+02
-1.898000000000000114e+02
-1.780800000000000125e+02
-1.598600000000000136e+02
-1.265499999999999972e+02
-8.374700000000001410e+01
-5.504600000000000648e+01
5.351500000000000057e+01
1.042399999999999949e+02
1.988500000000000156e+01
-5.588399999999999324e+01
-1.500600000000000023e+02
-1.851699999999999875e+02
-1.436899999999999977e+02
-9.030899999999999750e+01
-2.893300000000000338e+01
3.241700000000000159e+01
1.063400000000000034e+02
1.503199999999999932e+02
1.202000000000000028e+02
5.807000000000000028e+01
-2.191300000000000026e+01
-9.648299999999998988e+01
-1.210000000000000000e+02
-3.268299999999999983e+01
3.310000000000000142e+01
8.136100000000000421e+01
1.577100000000000080e+02
1.254599999999999937e+02
1.795200000000000173e+01
-8.459200000000001296e+01
-1.879900000000000091e+02
-1.958799999999999955e+02
-9.741100000000000136e+01
-1.267199999999999989e+02
-1.644300000000000068e+02
-1.643899999999999864e+02
-1.728000000000000114e+02
-1.144200000000000017e+02
8.229400000000000048e+00
1.510300000000000011e+02
1.668300000000000125e+02
1.143700000000000045e+02
7.460899999999999466e+01
2.793800000000000239e+01
3.157400000000000162e+01
7.840600000000000591e+01
9.607700000000001239e+01
8.730500000000000682e+01
9.357099999999999795e+01
1.014899999999999949e+02
4.540999999999999659e+01
-3.060999999999999943e+01
-4.568199999999999505e+01
-5.305600000000000449e+01
-2.723300000000000054e+01
2.274199999999999733e+01
1.260000000000000000e+02
2.110800000000000125e+02
1.813799999999999955e+02
1.654000000000000057e+02
1.430200000000000102e+02
1.411599999999999966e+02
1.298199999999999932e+02
9.049700000000001410e+01
7.971899999999999409e+01
9.659499999999999886e+01
1.322199999999999989e+02
1.576200000000000045e+02
1.519600000000000080e+02
8.739600000000000080e+01
-1.253700000000000037e+00
-1.009000000000000057e+02
-1.273599999999999994e+02
-1.270799999999999983e+02
-1.874099999999999966e+02
-2.064499999999999886e+02
-2.115000000000000000e+02
-2.261800000000000068e+02
-2.016399999999999864e+02
-1.862800000000000011e+02
-1.907800000000000011e+02
-1.739199999999999875e+02
-1.322100000000000080e+02
-6.482600000000000762e+01
2.520099999999999785e+00
-2.296999999999999886e+01
-3.949000000000000199e+01
-2.700400000000000134e+01
-4.010600000000000165e+01
-5.761399999999999721e+01
-8.022100000000000364e+01
-4.714300000000000068e+01
-3.383500000000000085e+01
-1.541499999999999915e+01
-2.615800000000000125e+01
2.077300000000000324e+01
8.143699999999999761e+01
9.254000000000000625e+01
1.675300000000000011e+02
9.972700000000000387e+01
-2.170599999999999952e+01
-1.037800000000000011e+02
-1.138199999999999932e+02
-3.135900000000000176e+01
5.830199999999999960e+01
1.365999999999999943e+02
1.575399999999999920e+02
1.212699999999999960e+02
8.266599999999999682e+01
6.276899999999999835e+01
4.032099999999999795e+01
2.295400000000000063e+01
2.270199999999999818e+01
1.565499999999999936e+01
1.444599999999999973e+01
5.335800000000000409e+01
1.243400000000000034e+02
1.480099999999999909e+02
1.247500000000000000e+02
1.209000000000000057e+02
8.424600000000000932e+01
2.919199999999999662e+01
-1.671699999999999875e+01
-1.581799999999999962e+01
5.067600000000000193e+01
7.844700000000000273e+01
4.428300000000000125e+01
-8.492300000000000182e+00
-3.878099999999999881e+01
-6.693999999999999773e+01
-2.508399999999999963e+01
5.736500000000000199e+01
1.078499999999999943e+02
1.210400000000000063e+02
6.900100000000000477e+01
3.024800000000000111e+01
-1.838299999999999912e+01
-3.360699999999999932e+01
-3.872500000000000142e+01
-4.783600000000000563e+01
-4.938300000000000267e+01
-2.372500000000000142e+01
-2.103800000000000026e+01
-8.549299999999999500e+01
-1.278700000000000045e+02
-1.319699999999999989e+02
-1.356399999999999864e+02
-2.032299999999999898e+02
-2.450999999999999943e+02
-1.662299999999999898e+02
-5.520199999999999818e+01
4.456000000000000227e+01
9.277799999999999159e+01
5.198699999999999477e+01
8.418799999999999617e-01
-3.783599999999999852e+01
-7.080100000000000193e+01
-9.863799999999999102e+01
-7.891599999999999682e+01
-7.506300000000000239e+01
-8.917600000000000193e+01
-8.183299999999999841e+01
-1.118700000000000045e+02
-1.273100000000000023e+02
-1.081299999999999955e+02
-7.703499999999999659e+01
-1.714499999999999957e+01
4.828000000000000114e+01
8.918899999999999295e+01
1.202300000000000040e+02
9.524399999999999977e+01
3.411999999999999744e+01
-1.040200000000000102e+01
-3.337800000000000011e+01
-5.252899999999999636e+01
-7.225100000000000477e+01
-4.668800000000000239e+01
2.393800000000000239e+01
7.058400000000000318e+01
8.498200000000001353e+01
1.066400000000000006e+02
9.345200000000001239e+01
5.422600000000000620e+01
3.677700000000000102e+01
5.700199999999999534e+01
6.965500000000000114e+01
7.561299999999999955e+01
1.057699999999999960e+02
7.450100000000000477e+01
-1.821300000000000097e+01
-8.295799999999999841e+01
-8.289000000000000057e+01
-5.187999999999999723e+00
5.556399999999999295e+01
8.065999999999999659e+01
1.034200000000000017e+02
9.643799999999998818e+01
8.544499999999999318e+01
8.010999999999999943e+01
7.229999999999999716e+01
4.414399999999999835e+01
2.403000000000000114e+01
-8.024200000000000221e-01
2.794699999999999918e+01
5.501500000000000057e+01
2.978999999999999915e+01
-8.516400000000000858e+00
-6.074399999999999977e+01
-4.397200000000000131e+01
-2.042800000000000082e+01
2.669999999999999929e+01
6.483499999999999375e+01
9.460600000000000875e+01
1.013700000000000045e+02
6.057399999999999807e+01
2.363500000000000156e+01
-2.354699999999999704e+01
-4.394300000000000495e+01
-6.108200000000000074e+01
-7.261499999999999488e+01
-9.303799999999999670e+01
-1.122099999999999937e+02
-8.886799999999999500e+01
-5.471000000000000085e+01
-3.475199999999999534e+01
-3.822200000000000131e+01
-8.021399999999999864e+01
-9.766799999999999216e+01
-7.174800000000000466e+01
-4.263800000000000523e+01
-2.466000000000000014e+01
-3.131500000000000128e+01
-4.222800000000000153e+01
-2.512400000000000233e+01
-2.457699999999999818e+01
-2.939699999999999847e+01
-4.763800000000000523e+01
-8.820299999999998875e+01
-9.257700000000001239e+01
-7.839600000000000080e+01
-3.676200000000000045e+01
-1.552500000000000036e+01
-1.183999999999999986e+01
-1.482099999999999973e+01
-3.961300000000000043e+00
3.191300000000000026e+01
5.477700000000000102e+01
7.506499999999999773e+01
7.845699999999999363e+01
4.636299999999999955e+01
3.006500000000000128e+01
2.091099999999999781e+01
4.421000000000000263e+00
1.634400000000000119e+01
1.359099999999999930e+01
1.155400000000000027e+01
3.352199999999999847e+01
3.603099999999999881e+01
-2.472100000000000186e+00
-3.994899999999999807e+01
-7.033599999999999852e+01
-9.658899999999999864e+01
-7.249800000000000466e+01
-1.918200000000000216e+01
7.968899999999999872e-01
-3.967600000000000016e+00
-4.292300000000000004e-01
-4.960099999999999731e+00
-1.586500000000000021e+01
-1.855499999999999972e+01
-6.448000000000000398e+00
2.117399999999999949e+01
4.851500000000000057e+01
7.948499999999999943e+01
5.958800000000000097e+01
2.824199999999999733e+01
-3.531299999999999883e+00
-4.173499999999999943e+01
-3.460800000000000409e+01
-8.370799999999999130e+00
2.303500000000000014e+01
5.489300000000000068e+01
8.224700000000001410e+01
7.941700000000000159e+01
8.596500000000000341e+01
6.904500000000000171e+01
6.510899999999999466e+01
9.308599999999999852e+01
7.973899999999999011e+01
8.023300000000000409e+01
1.060900000000000034e+02
1.127699999999999960e+02
9.217299999999998761e+01
3.442499999999999716e+01
-4.584700000000000131e+01
-1.054399999999999977e+02
-1.252300000000000040e+02
-7.560500000000000398e+01
-2.210900000000000176e+01
1.672200000000000131e+01
5.194800000000000040e+01
5.350100000000000477e+01
2.508800000000000097e+01
-1.958800000000000097e+01
-5.522699999999999676e+01
-5.884499999999999886e+01
-3.239199999999999591e+01
-1.000599999999999934e+00
7.426000000000000156e+00
1.619400000000000261e+01
3.548400000000000176e+01
3.503199999999999648e+01
2.535800000000000054e+01
-5.105600000000000138e-01
-6.465799999999999770e+00
-1.099099999999999966e+01
-2.428800000000000026e+01
-2.599800000000000111e+01
-6.285599999999999632e+00
8.067999999999999616e-01
-1.349000000000000021e+01
-2.404699999999999704e+01
-4.036999999999999744e+01
-6.246800000000000352e+01
-7.904699999999999704e+01
-6.767399999999999238e+01
-4.721300000000000097e+01
-2.350600000000000023e+01
2.630800000000000360e-01
7.887100000000000222e+00
-3.957699999999999996e+00
-4.987899999999999778e+00
-1.309599999999999831e+01
-4.575500000000000256e+01
-8.226799999999998647e+01
-9.962799999999998590e+01
-4.686600000000000676e+01
2.038899999999999935e+01
2.805699999999999861e+01
-9.671099999999999142e+00
-3.722400000000000375e+01
-4.663199999999999790e+01
-3.357300000000000040e+01
-3.386999999999999744e+01
-6.794599999999999795e+01
-4.607300000000000040e+01
-5.593200000000000394e+00
9.479799999999999116e+00
9.356400000000000716e+00
2.407099999999999795e+01
5.276699999999999591e+01
4.990500000000000114e+01
4.868100000000000449e+01
5.589399999999999835e+01
2.921400000000000219e+01
-1.872500000000000142e+01
-3.373400000000000176e+01
-5.917699999999999960e+00
2.449599999999999866e+01
3.922899999999999920e+01
4.596100000000000563e+01
5.175699999999999790e+01
5.052100000000000080e+01
2.972500000000000142e+01
1.411700000000000088e+01
1.895200000000000173e+01
4.879699999999999704e+01
6.351899999999999835e+01
3.662300000000000466e+01
1.762999999999999901e+01
2.669599999999999795e+01
5.694200000000000017e+01
6.678600000000000136e+01
4.996100000000000563e+01
3.869400000000000261e+01
3.667999999999999972e+01
1.735900000000000176e+01
4.623000000000000220e+00
1.255199999999999960e+01
5.366900000000000226e+00
1.324400000000000155e+01
4.873400000000000176e+00
-1.430799999999999983e+01
-2.215199999999999747e+01
-1.335099999999999909e+01
5.408699999999999619e+00
-6.494100000000000428e+00
-7.365199999999999747e+00
-2.244900000000000162e+01
-3.366799999999999926e+01
-2.971300000000000097e+01
-1.621499999999999986e+01
2.951900000000000190e+01
4.671600000000000108e+01
5.071600000000000108e+01
6.208299999999999841e+01
7.015999999999999659e+01
5.647800000000000153e+01
1.486299999999999955e+01
-5.289900000000000269e+00
-4.681300000000000239e+01
-9.426899999999999125e+01
-9.985299999999999443e+01
-8.329999999999999716e+01
-5.602300000000000324e+01
-5.164699999999999847e+01
-5.943399999999999750e+01
-4.375000000000000000e+01
-1.660900000000000176e+01
-3.845299999999999940e+00
1.490200000000000102e+01
2.880499999999999972e+01
3.586500000000000199e+01
3.932099999999999795e+01
3.005300000000000082e+01
1.122700000000000031e+01
-1.369800000000000040e+01
-2.918199999999999861e+01
-2.041000000000000014e+01
1.370400000000000063e+01
4.664199999999999591e+01
6.744599999999999795e+01
7.840200000000000102e+01
6.834300000000000352e+01
5.036699999999999733e+01
3.991100000000000136e+01
1.370099999999999874e+01
-1.135700000000000109e+01
-2.859400000000000119e+01
-2.535900000000000176e+01
-1.014100000000000001e+01
-1.936299999999999955e+01
-1.396199999999999974e+01
2.334200000000000053e+00
1.073000000000000043e+01
2.920699999999999719e+01
2.759900000000000020e+01
-1.501999999999999957e+01
-5.185999999999999943e+01
-5.494699999999999562e+01
-3.658899999999999864e+01
-2.826900000000000190e+01
-5.100800000000000267e+01
-5.324399999999999977e+01
-2.575199999999999889e+01
-3.289000000000000146e+00
-1.542400000000000126e+01
-3.710099999999999909e+01
-4.750399999999999778e+01
-4.876899999999999835e+01
-2.096999999999999886e+01
1.469900000000000162e+01
2.720199999999999818e+01
1.383500000000000085e+01
9.752800000000000580e+00
-1.497000000000000064e+01
-5.561699999999999733e+01
-6.666199999999999193e+01
-8.029099999999999682e+01
-7.773600000000000421e+01
-4.290699999999999648e+01
5.107599999999999696e+00
3.764600000000000080e+01
6.289000000000000057e+01
7.592799999999999727e+01
4.262899999999999778e+01
2.733299999999999841e+00
-1.109400000000000119e+01
-3.160699999999999843e+00
-1.094200000000000017e+01
-1.803200000000000081e-01
6.935999999999999943e-01
-1.556999999999999940e+00
2.844000000000000128e+01
4.034400000000000119e+01
5.270100000000000051e+01
8.104600000000000648e+01
9.600200000000000955e+01
1.010699999999999932e+02
1.269300000000000068e+02
1.361899999999999977e+02
9.954700000000001125e+01
6.276100000000000279e+01
1.565200000000000102e+01
-4.097399999999999665e+01
-4.560899999999999466e+01
-1.118900000000000006e+01
-7.778300000000000214e-01
-4.738999999999999879e+00
-8.507400000000000517e+00
-3.345000000000000284e+01
-5.641799999999999926e+01
-6.574299999999999500e+01
-7.765500000000000114e+01
-7.261799999999999500e+01
-4.536600000000000676e+01
-3.397400000000000375e+01
-3.533899999999999864e+01
-4.130300000000000438e+01
-4.758500000000000085e+01
-6.226800000000000068e+01
-6.298600000000000421e+01
-4.634300000000000352e+01
-2.927599999999999980e+01
-3.588499999999999801e+00
3.485000000000000142e+01
5.842399999999999949e+01
3.585199999999999676e+01
4.171400000000000219e+00
-2.219900000000000162e+01
-4.524100000000000676e+01
-5.413800000000000523e+01
-3.731000000000000227e+01
-3.358800000000000097e+01
-1.671199999999999974e+01
-2.722300000000000164e+00
-1.064400000000000013e+01
-1.794200000000000017e+01
-1.051500000000000101e+00
3.001599999999999824e+01
3.952900000000000347e+01
4.742699999999999960e+01
1.614000000000000057e+01
-2.937199999999999989e+01
-7.682399999999999807e+01
-8.614399999999999125e+01
-4.561999999999999744e+01
-1.008799999999999919e+01
1.834900000000000020e+01
1.533099999999999952e+01
1.336599999999999966e+01
1.396400000000000041e+01
-1.178999999999999915e+01
-4.043300000000000338e+00
-5.708499999999999908e+00
-2.146199999999999974e+01
-9.438700000000000756e+00
4.905300000000000438e+00
2.498900000000000077e+01
3.500000000000000000e+01
1.134900000000000020e+01
-2.283099999999999952e+01
-2.242099999999999937e+01
9.675300000000000011e+00
3.730100000000000193e+01
4.140899999999999892e+01
2.019200000000000017e+01
-7.135399999999999743e+00
-3.724300000000000210e+01
-5.294399999999999551e+01
-3.557000000000000028e+01
-1.937099999999999866e+01
3.267500000000000071e+00
1.132499999999999929e+01
8.244600000000000817e-01
-1.596799999999999997e+01
-2.721499999999999986e+01
-2.025900000000000034e+01
-1.102200000000000024e+01
-1.473099999999999987e+01
-2.464600000000000080e+01
-1.395400000000000063e+01
1.563599999999999923e+01
5.242300000000000182e+01
7.059100000000000819e+01
5.582699999999999818e+01
3.717600000000000193e+01
4.011099999999999710e+01
4.964999999999999858e+01
5.627399999999999380e+01
6.133500000000000085e+01
7.743200000000000216e+01
9.250200000000000955e+01
9.353299999999998704e+01
8.162100000000000932e+01
5.725100000000000477e+01
1.994800000000000040e+01
-1.924800000000000111e+01
-4.052100000000000080e+01
-2.957600000000000051e+01
-8.498599999999999710e+00
6.163599999999999746e+00
1.861599999999999966e+01
2.070499999999999829e+01
3.954099999999999948e+00
-2.684699999999999775e+01
-4.535199999999999676e+01
-4.668999999999999773e+01
-4.025199999999999534e+01
-2.450699999999999790e+01
-1.150500000000000078e+01
-1.530900000000000105e+01
-2.862199999999999989e+01
-5.052000000000000313e+01
-6.008699999999999619e+01
-5.381700000000000017e+01
-3.599699999999999989e+01
-6.870099999999999874e+00
5.754900000000000126e+00
8.111700000000000799e+00
9.371299999999999741e+00
1.026400000000000112e+01
-7.725100000000000300e+00
-4.359000000000000341e+01
-6.632300000000000750e+01
-6.882999999999999829e+01
-3.407800000000000296e+01
-1.308100000000000041e+00
2.305099999999999838e+01
4.321699999999999875e+01
2.762999999999999901e+01
1.024499999999999922e+01
-2.481199999999999850e+00
3.047400000000000109e+00
2.255499999999999972e+01
3.876599999999999824e+01
3.935800000000000409e+01
2.641600000000000037e+01
2.111899999999999977e+01
-1.501900000000000013e+01
-3.910900000000000176e+01
-5.175600000000000023e+01
-6.916899999999999693e+01
-6.267399999999999949e+01
-6.114800000000000324e+01
-4.353999999999999915e+01
-1.221000000000000085e+01
1.721199999999999974e+01
1.921099999999999852e+01
8.250500000000000611e+00
3.094399999999999817e+00
1.444700000000000095e+01
4.982100000000000506e+01
6.464399999999999125e+01
5.521399999999999864e+01
4.645499999999999829e+01
4.254600000000000648e+01
4.322200000000000131e+01
4.326200000000000045e+01
4.033500000000000085e+01
2.695100000000000051e+01
5.046000000000000263e+00
-1.677400000000000091e+01
-3.716900000000000404e+01
-3.750800000000000267e+01
-2.337000000000000099e+01
-3.188400000000000123e+00
1.153500000000000014e+01
1.526099999999999923e+01
1.247099999999999831e+01
1.043500000000000050e+01
6.704100000000000392e+00
-1.223599999999999965e-01
-7.110000000000000320e+00
-1.365000000000000036e+01
-2.334400000000000119e+01
-3.838400000000000034e+01
-3.192500000000000071e+01
-2.478400000000000247e+01
-2.374199999999999733e+01
-1.012700000000000067e+01
7.535099999999999909e+00
1.173700000000000010e+01
-9.052400000000000446e+00
-1.879100000000000037e+01
-1.875099999999999767e+01
-2.381099999999999994e+01
-3.002899999999999991e+01
-2.212400000000000233e+01
-9.614000000000000767e+00
-3.264200000000000212e+00
9.989300000000000068e+00
1.749900000000000233e+01
2.297400000000000109e+00
-2.601500000000000146e+00
1.443900000000000006e+01
2.964699999999999847e+01
4.018199999999999505e+01
5.049600000000000222e+01
4.278300000000000125e+01
1.704899999999999949e+01
-8.767099999999999227e+00
-3.097300000000000253e+01
-3.615400000000000347e+01
-2.405900000000000105e+01
-1.864700000000000024e+00
1.568900000000000006e+01
3.011699999999999733e+01
2.903699999999999903e+01
2.675199999999999889e+01
3.014000000000000057e+01
1.757900000000000063e+01
8.505100000000000549e+00
7.209600000000000009e+00
1.335999999999999943e+01
2.473400000000000176e+01
2.040800000000000125e+01
2.161700000000000177e+00
-1.279400000000000048e+01
-1.309099999999999930e+01
-1.342799999999999994e+00
2.107499999999999929e+01
4.865299999999999869e+01
6.848499999999999943e+01
7.655400000000000205e+01
7.554300000000000637e+01
6.358399999999999608e+01
4.088400000000000034e+01
2.663800000000000168e+01
1.532900000000000063e+01
8.837599999999999623e-02
3.775900000000000367e-01
-2.532599999999999962e+00
-1.874099999999999966e+01
-2.917999999999999972e+01
-3.669400000000000261e+01
-3.169900000000000162e+01
-2.502199999999999847e+01
-9.995599999999999596e+00
4.909500000000000419e+00
4.992200000000000415e+00
-7.089800000000000324e+00
-1.488099999999999845e+01
-9.704100000000000392e+00
-2.322300000000000253e+01
-3.646900000000000119e+01
-4.725000000000000000e+01
-5.021699999999999875e+01
-3.858299999999999841e+01
-4.243800000000000239e+01
-5.640399999999999636e+01
-5.423600000000000421e+01
-3.401899999999999835e+01
-1.723600000000000065e+01
-5.953899999999999970e+00
-2.246500000000000163e+00
-7.342600000000000016e+00
-5.839999999999999858e+00
-9.545999999999999375e+00
-9.044600000000000861e+00
-5.052299999999999791e+00
-9.093499999999999917e-01
-4.463300000000000267e+00
-1.872799999999999798e+01
-3.035500000000000043e+01
-3.771900000000000119e+01
-2.764400000000000190e+01
-1.520700000000000074e+01
-5.760100000000000442e+00
3.738199999999999967e+00
7.374900000000000233e+00
6.172200000000000131e+00
5.658800000000000274e+00
1.472700000000000031e+01
2.979400000000000048e+01
3.403999999999999915e+01
2.385999999999999943e+01
1.512599999999999945e+01
1.378800000000000026e+01
2.410699999999999932e+01
3.030199999999999960e+01
2.972500000000000142e+01
2.400499999999999901e+01
2.880800000000000338e+01
3.312599999999999767e+01
3.607900000000000063e+01
3.883400000000000318e+01
1.819500000000000028e+01
-3.345299999999999940e+00
-1.541200000000000081e+01
-1.317099999999999937e+01
6.052800000000000402e+00
1.831299999999999883e+01
2.044699999999999918e+01
1.541499999999999915e+01
2.537599999999999856e+00
-2.958299999999999930e+00
-8.703699999999999548e+00
-1.398200000000000109e+01
-1.011700000000000088e+01
-6.651200000000000223e+00
-1.077500000000000036e+01
-8.100099999999999412e+00
3.434099999999999930e+00
1.399499999999999922e+01
1.508099999999999952e+01
1.002299999999999969e+01
7.910400000000000098e+00
1.229900000000000126e+01
1.806299999999999883e+01
8.595599999999999241e+00
-8.406100000000000350e+00
-2.425800000000000267e+01
-2.487000000000000099e+01
-1.219599999999999973e+01
1.645499999999999963e+00
8.047000000000000597e+00
1.252199999999999980e+00
-5.605599999999999916e+00
-8.497500000000000497e+00
-8.859299999999999287e+00
-8.794299999999999784e+00
-3.429499999999999993e+00
4.154200000000000337e+00
1.047099999999999831e+01
6.877299999999999969e+00
-7.187799999999999745e-01
-1.544999999999999929e+01
-2.240399999999999991e+01
-6.489099999999999646e+00
1.378599999999999959e+01
2.721300000000000097e+01
2.681699999999999662e+01
1.245599999999999952e+01
-2.884999999999999787e+00
-5.915000000000000036e+00
-1.111599999999999966e+01
-2.095599999999999952e+01
-3.074099999999999966e+01
-3.564099999999999824e+01
-3.795799999999999841e+01
-3.780300000000000438e+01
-4.015400000000000347e+01
-4.500199999999999534e+01
-4.895899999999999608e+01
-5.440999999999999659e+01
-5.208500000000000085e+01
-4.598300000000000409e+01
-3.853000000000000114e+01
-3.515899999999999892e+01
-2.959800000000000253e+01
-2.895800000000000196e+01
-2.573699999999999832e+01
-1.587800000000000011e+01
-1.158500000000000085e+01
-8.362199999999999633e+00
-9.073000000000000398e+00
-1.103599999999999959e+01
-1.056599999999999895e+01
-1.274599999999999866e+01
-8.168799999999999173e+00
-8.788000000000000256e-01
3.435799999999999965e-01
5.623400000000000176e+00
1.693499999999999872e+01
2.487699999999999889e+01
2.685000000000000142e+01
3.037400000000000233e+01
2.984400000000000119e+01
2.211899999999999977e+01
1.440499999999999936e+01
1.303800000000000026e+01
1.287900000000000134e+01
1.675400000000000134e+01
2.220499999999999829e+01
2.221900000000000119e+01
2.230900000000000105e+01
2.208800000000000097e+01
2.251300000000000168e+01
2.769400000000000261e+01
3.799199999999999733e+01
5.001500000000000057e+01
5.840800000000000125e+01
5.812800000000000011e+01
5.007899999999999352e+01
3.737199999999999989e+01
2.479699999999999704e+01
1.810599999999999810e+01
6.646499999999999631e+00
3.791399999999999881e+00
1.169800000000000040e+01
1.941799999999999926e+01
2.063599999999999923e+01
1.447400000000000020e+01
7.628499999999999837e+00
-9.615599999999999148e-02
-3.124099999999999877e+00
-7.837299999999999933e+00
-4.683099999999999596e+00
3.884399999999999853e+00
1.196099999999999852e+01
9.536199999999999122e+00
4.168599999999999639e+00
2.783300000000000107e+00
-4.400699999999999612e+00
-1.272499999999999964e+01
-2.012599999999999767e+01
-2.133800000000000097e+01
-1.386400000000000077e+01
6.245899999999999785e+00
1.144599999999999973e+01
6.460799999999999876e+00
9.829899999999999749e-02
-7.846899999999999764e+00
-7.706100000000000172e+00
-1.440099999999999980e+01
-2.134900000000000020e+01
-2.012900000000000134e+01
-1.918400000000000105e+01
-1.558699999999999974e+01
-4.967399999999999594e+00
4.723499999999999588e+00
8.145200000000000884e+00
8.188399999999999679e+00
6.087500000000000355e+00
2.391500000000000181e+00
6.673000000000000043e+00
-1.147100000000000009e+00
-1.125300000000000011e+01
-1.243999999999999950e+01
-8.393200000000000216e+00
-7.033299999999999663e+00
-7.635600000000000165e+00
-1.540300000000000002e+00
4.137500000000000178e+00
4.375000000000000000e+00
-3.560999999999999943e+00
-1.156099999999999994e+01
-2.111300000000000310e+01
-2.119699999999999918e+01
-1.052700000000000102e+01
-3.454300000000000148e-01
-2.005399999999999849e+00
-1.341999999999999993e+01
-2.303099999999999881e+01
-2.837199999999999989e+01
-3.031400000000000006e+01
-2.666400000000000148e+01
-1.591300000000000026e+01
-7.682699999999999640e+00
-1.520499999999999907e-01
7.672799999999999621e+00
1.046799999999999997e+01
1.198299999999999876e+01
9.263099999999999667e+00
8.484600000000000364e+00
8.991600000000000037e+00
1.125000000000000000e+01
1.828400000000000247e+01
2.273199999999999932e+01
1.864000000000000057e+01
1.244400000000000084e+01
6.139800000000000146e+00
5.688699999999999868e+00
6.436099999999999710e+00
1.097299999999999942e+00
-1.378200000000000092e+00
-1.616200000000000081e+00
-3.929100000000000037e+00
-8.388199999999999434e+00
-1.201200000000000045e+01
-1.390200000000000102e+01
-1.065299999999999869e+01
-5.078400000000000247e+00
-4.768600000000000172e+00
-1.288900000000000112e+01
-2.214999999999999858e+01
-2.670100000000000051e+01
-2.038700000000000045e+01
-9.415900000000000603e+00
-5.494200000000000195e-01
3.066199999999999815e+00
2.029399999999999871e+00
-4.228500000000000369e+00
-6.074699999999999989e+00
-5.577600000000000335e+00
-8.382699999999999818e+00
-5.025400000000000311e+00
1.062799999999999967e+00
3.435799999999999965e+00
-1.694900000000000073e+00
-5.899399999999999977e+00
-1.117099999999999937e+01
-1.094200000000000017e+01
-1.206299999999999883e+01
-1.021899999999999942e+01
-3.515099999999999891e+00
-5.627100000000000435e+00
-9.018399999999999750e+00
-9.239000000000000767e+00
-8.168499999999999872e+00
-6.498999999999999666e+00
1.378200000000000092e+00
6.199200000000000266e+00
6.645500000000000185e+00
1.002599999999999980e+01
1.685800000000000054e+01
2.054500000000000171e+01
2.259699999999999775e+01
2.721300000000000097e+01
3.266300000000000381e+01
3.231300000000000239e+01
2.826599999999999824e+01
2.143800000000000239e+01
1.227099999999999902e+01
9.178499999999999659e+00
1.140499999999999936e+01
1.716400000000000148e+01
2.155999999999999872e+01
1.869099999999999895e+01
1.770400000000000063e+01
1.688400000000000034e+01
1.302799999999999869e+01
7.967900000000000205e+00
-3.251300000000000023e-02
-2.723800000000000221e+00
-3.300100000000000033e+00
-5.636800000000000033e+00
-8.756199999999999761e+00
-1.275400000000000134e+01
-1.927599999999999980e+01
-2.235000000000000142e+01
-2.267000000000000171e+01
-1.751000000000000156e+01
-1.294299999999999962e+01
-1.318900000000000006e+01
-9.497099999999999653e+00
-7.060999999999999943e+00
-1.003700000000000081e+01
-1.366999999999999993e+01
-1.466200000000000081e+01
-1.080599999999999916e+01
-4.296000000000000263e+00
1.296799999999999953e+00
1.520199999999999996e+00
-1.694700000000000095e+00
-2.892599999999999838e+00
-4.202300000000000146e+00
-2.262700000000000156e+00
2.345800000000000107e+00
9.181300000000000239e+00
1.099900000000000055e+01
6.560699999999999754e+00
2.740499999999999936e+00
-3.107899999999999885e+00
-1.088700000000000045e+01
-2.150099999999999767e+01
-2.360099999999999909e+01
-2.180000000000000071e+01
-1.888100000000000023e+01
-1.709199999999999875e+01
-1.672799999999999798e+01
-1.547499999999999964e+01
-1.496900000000000119e+01
-7.902400000000000091e+00
-3.026800000000000157e+00
2.621900000000000119e+00
1.056000000000000050e+01
1.975000000000000000e+01
2.101599999999999824e+01
1.413099999999999845e+01
1.265400000000000169e+01
1.387199999999999989e+01
1.279400000000000048e+01
1.227599999999999980e+01
1.035599999999999987e+01
6.047799999999999621e+00
4.660599999999999632e+00
6.338199999999999612e+00
9.803900000000000503e+00
1.096799999999999997e+01
9.900399999999999423e+00
1.137500000000000000e+01
7.801400000000000112e+00
2.620000000000000107e+00
1.685799999999999965e+00
1.943300000000000027e+00
1.550799999999999956e+00
1.847599999999999909e+00
2.486200000000000188e+00
2.355500000000000149e+00
2.241400000000000059e-01
-1.907799999999999940e+00
-1.787600000000000078e+00
-2.040000000000000036e+00
-1.429100000000000037e+00
3.787300000000000111e+00
4.509199999999999875e+00
3.153700000000000170e+00
7.286100000000000243e+00
1.267300000000000004e+01
1.706700000000000017e+01
1.696799999999999997e+01
1.563799999999999990e+01
1.208400000000000141e+01
5.393399999999999750e+00
-1.727700000000000014e+00
-3.212899999999999867e+00
-6.654399999999999205e-01
-7.288799999999999724e-01
-2.631099999999999994e+00
-6.779700000000000060e+00
-5.181000000000000050e+00
-3.167800000000000171e+00
-3.614700000000000024e+00
-4.703700000000000436e+00
-7.556799999999999962e+00
-2.267000000000000126e-01
-3.193700000000000205e+00
-1.324900000000000055e+01
-1.302700000000000102e+01
-1.239700000000000024e+01
-8.994799999999999685e+00
-1.579900000000000082e+00
4.957900000000000418e+00
5.926099999999999923e+00
6.007200000000000095e+00
1.932800000000000074e+00
-5.972199999999999953e+00
-1.204400000000000048e+01
-1.636400000000000077e+01
-1.693099999999999739e+01
-1.545500000000000007e+01
-1.261599999999999966e+01
-1.548700000000000010e+01
-2.672699999999999676e+01
-3.203999999999999915e+01
-3.021499999999999986e+01
-2.394300000000000139e+01
-1.429599999999999937e+01
5.730800000000000338e-01
1.077900000000000169e+01
4.786400000000000432e+00
-3.920700000000000074e+00
-6.937000000000000277e+00
-4.290899999999999714e+00
6.977800000000000669e-01
4.335299999999999571e-02
-5.646799999999999820e+00
-1.070400000000000063e+01
-6.737400000000000055e+00
2.608200000000000074e+00
8.320100000000000051e+00
6.006700000000000372e+00
1.426500000000000101e+00
1.296599999999999975e+00
7.950400000000000134e+00
1.856200000000000117e+01
2.237300000000000111e+01
1.673199999999999932e+01
1.204299999999999926e+01
8.188599999999999213e+00
4.307299999999999685e+00
9.638299999999999201e+00
9.605100000000000193e+00
-4.782199999999999784e-01
-1.931899999999999951e+00
7.904300000000000104e+00
2.030199999999999960e+01
2.110999999999999943e+01
1.387400000000000055e+01
9.279700000000000060e+00
6.270999999999999908e+00
7.327700000000000102e+00
1.303200000000000003e+01
1.659799999999999898e+01
1.654799999999999827e+01
1.997599999999999909e+01
2.165300000000000225e+01
1.960500000000000043e+01
1.635800000000000054e+01
1.697100000000000009e+01
2.545300000000000296e+01
3.231099999999999994e+01
3.316599999999999682e+01
2.980199999999999960e+01
2.294999999999999929e+01
1.044900000000000162e+01
3.768200000000000216e+00
3.305600000000000094e+00
1.945899999999999963e+00
2.986099999999999977e+00
1.306000000000000050e+00
-2.903599999999999959e+00
-1.286999999999999922e+01
-1.983599999999999852e+01
-1.744800000000000040e+01
-1.726900000000000190e+01
-1.482400000000000162e+01
-9.389099999999999113e+00
-7.404899999999999594e+00
-9.974399999999999267e+00
-1.405000000000000071e+01
-1.514299999999999891e+01
-9.875299999999999301e+00
-4.733699999999999797e+00
-1.725000000000000089e+00
6.371100000000000652e-01
5.519800000000000040e+00
9.334699999999999775e+00
6.095799999999999663e+00
4.002200000000000202e+00
1.789099999999999857e-01
-3.027400000000000091e+00
-1.960199999999999942e+00
-3.047600000000000087e+00
-6.101600000000000357e+00
-1.177700000000000102e+01
-1.482000000000000028e+01
-1.447000000000000064e+01
-1.682300000000000040e+01
-1.748999999999999844e+01
-1.747299999999999898e+01
-1.746400000000000219e+01
-1.891499999999999915e+01
-1.967000000000000171e+01
-1.598200000000000109e+01
-1.376200000000000045e+01
-8.693899999999999295e+00
-5.368299999999999628e+00
-5.823900000000000077e+00
-6.955300000000000260e+00
-8.186500000000000554e+00
-1.037599999999999945e+01
-1.455900000000000105e+01
-1.580900000000000105e+01
-1.474099999999999966e+01
-9.995400000000000063e+00
-6.355000000000000426e+00
-6.974199999999999289e-01
5.136599999999999611e+00
2.382600000000000051e+00
-3.866600000000000037e+00
-7.282899999999999707e+00
-7.036599999999999966e+00
3.846600000000000019e-01
4.286200000000000010e+00
1.313800000000000079e+00
-4.066799999999999748e+00
-7.444300000000000139e+00
-8.012000000000000455e+00
-7.527199999999999669e+00
-6.783299999999999663e+00
-6.245899999999999785e+00
-2.460700000000000109e+00
2.397800000000000153e+00
6.066300000000000026e+00
8.704299999999999926e+00
1.151900000000000013e+01
9.409499999999999531e+00
4.239099999999999646e+00
-8.655100000000000016e-01
-3.329099999999999948e+00
-4.210099999999999731e+00
-6.102400000000000047e-01
9.793299999999999228e-01
-3.740699999999999581e-01
-2.421100000000000030e+00
-6.154700000000000060e+00
-2.302200000000000024e+00
5.533000000000000362e+00
1.181799999999999962e+01
1.603599999999999781e+01
1.940800000000000125e+01
1.827200000000000202e+01
1.541499999999999915e+01
1.248900000000000077e+01
9.970100000000000406e+00
9.393800000000000594e+00
9.730499999999999261e+00
1.691199999999999903e+01
2.339199999999999946e+01
2.461300000000000310e+01
2.432400000000000162e+01
2.484499999999999886e+01
2.782900000000000063e+01
3.355599999999999739e+01
3.843299999999999983e+01
3.778499999999999659e+01
3.140900000000000247e+01
2.449800000000000111e+01
1.924399999999999977e+01
1.378700000000000081e+01
1.243900000000000006e+01
1.210500000000000043e+01
1.188799999999999990e+01
1.007300000000000040e+01
5.367899999999999672e+00
-1.536499999999999977e+00
-7.940900000000000070e+00
-1.084400000000000119e+01
-1.327999999999999936e+01
-1.608099999999999952e+01
-1.714099999999999824e+01
-1.646000000000000085e+01
-1.924399999999999977e+01
-2.157699999999999818e+01
-2.219099999999999895e+01
-2.039000000000000057e+01
-1.689099999999999824e+01
-1.730099999999999838e+01
-1.864799999999999969e+01
-2.123699999999999832e+01
-1.984900000000000020e+01
-1.521900000000000119e+01
-1.099300000000000033e+01
-7.112800000000000011e+00
-6.599400000000000155e+00
-5.631400000000000183e+00
-2.745699999999999807e+00
-5.937599999999999767e+00
-1.185500000000000043e+01
-1.676900000000000190e+01
-2.014000000000000057e+01
-1.730700000000000216e+01
-1.435599999999999987e+01
-9.395699999999999719e+00
-6.311799999999999855e+00
-1.940299999999999914e+00
-2.474999999999999978e-01
-2.808600000000000207e+00
-5.137500000000000178e+00
-7.953800000000000203e+00
-8.415399999999999991e+00
-1.010100000000000087e+01
-1.051700000000000124e+01
-7.151799999999999713e+00
-3.224499999999999922e+00
-2.859199999999999964e+00
-1.245100000000000096e+00
1.384500000000000064e+00
1.237300000000000066e+00
4.530700000000000394e+00
8.781100000000000350e+00
1.081599999999999895e+01
1.351099999999999923e+01
1.085999999999999943e+01
6.003300000000000303e+00
5.663899999999999935e+00
3.456399999999999917e+00
6.218300000000000161e+00
1.082900000000000063e+01
1.283300000000000018e+01
1.300500000000000078e+01
6.416900000000000048e+00
-1.484800000000000009e-01
-4.455300000000000260e+00
-5.405599999999999739e+00
-2.197700000000000209e+00
3.747700000000000031e+00
8.317700000000000315e+00
1.076400000000000112e+01
6.562700000000000422e+00
4.668499999999999872e+00
3.029399999999999871e+00
5.317499999999999449e-01
2.102700000000000014e+00
2.051899999999999835e+00
5.036599999999999966e+00
5.214599999999999902e+00
7.619799999999999907e-01
-4.412899999999999601e+00
-1.070199999999999996e+01
-1.429199999999999982e+01
-1.051500000000000057e+01
-5.022700000000000387e+00
-2.668000000000000149e+00
-3.682599999999999763e-01
-7.767500000000000515e-01
-5.525199999999999889e+00
-7.853500000000000369e+00
-7.818500000000000227e+00
-6.215799999999999770e+00
-7.148200000000000109e-01
4.455499999999999794e+00
6.191399999999999793e+00
5.911200000000000010e+00
2.074199999999999822e+00
1.298000000000000043e+00
-1.015300000000000091e+00
5.158599999999999852e-01
5.006199999999999761e+00
5.238400000000000389e+00
8.527499999999999858e+00
1.061700000000000088e+01
1.478299999999999947e+01
1.626299999999999812e+01
1.825499999999999901e+01
2.242500000000000071e+01
2.212999999999999901e+01
2.022299999999999898e+01
1.624599999999999866e+01
1.121400000000000041e+01
6.825999999999999623e+00
1.039700000000000069e+00
-1.371099999999999985e+00
-1.424099999999999921e+00
-1.508299999999999974e+00
-2.892700000000000049e+00
-5.606600000000000250e+00
-6.049400000000000333e+00
-9.020599999999999952e+00
-1.308500000000000085e+01
-1.308999999999999986e+01
-1.141499999999999915e+01
-8.940300000000000580e+00
-6.067499999999999893e+00
-3.989799999999999791e+00
-4.559899999999999842e+00
-9.986299999999999955e+00
-1.721799999999999997e+01
-2.193599999999999994e+01
-2.334099999999999753e+01
-2.409300000000000352e+01
-1.598599999999999888e+01
-9.817700000000000315e+00
-7.380099999999999660e+00
-7.719800000000000217e+00
-9.599399999999999267e+00
-9.390000000000000568e+00
-7.811200000000000365e+00
-4.155199999999999783e+00
-2.467200000000000060e+00
1.224399999999999933e+00
3.377800000000000136e+00
5.716700000000000337e+00
4.423899999999999721e+00
2.307399999999999896e+00
-1.132400000000000073e+00
-4.842200000000000060e+00
-3.881899999999999906e+00
6.775700000000000056e-01
5.096300000000000274e+00
5.287099999999999689e+00
3.995000000000000107e+00
4.008200000000000429e+00
7.853799999999999670e+00
1.042900000000000027e+01
1.615900000000000247e+01
1.753699999999999903e+01
1.726200000000000045e+01
1.875300000000000011e+01
1.760200000000000031e+01
1.662199999999999989e+01
1.327200000000000024e+01
1.496799999999999997e+01
1.712500000000000000e+01
1.490499999999999936e+01
1.182499999999999929e+01
6.777199999999999669e+00
1.453000000000000069e+00
-2.537199999999999900e+00
-5.755700000000000038e+00
-6.675900000000000389e+00
-6.241600000000000037e+00
-8.230199999999999960e+00
-1.057099999999999973e+01
-1.680999999999999872e+01
-2.572100000000000009e+01
-3.232800000000000296e+01
-3.280499999999999972e+01
-3.266599999999999682e+01
-3.110599999999999810e+01
-2.905199999999999960e+01
-3.012599999999999767e+01
-2.927899999999999991e+01
-3.037000000000000099e+01
-2.675099999999999767e+01
-2.181400000000000006e+01
-1.594299999999999962e+01
-8.480199999999999960e+00
-2.967799999999999994e+00
1.938199999999999923e-01
1.193699999999999983e+00
1.498500000000000006e-02
-2.612099999999999866e+00
1.989700000000000024e+00
7.245899999999999785e+00
1.273200000000000109e+01
1.405299999999999905e+01
9.590500000000000469e+00
8.289799999999999613e+00
5.758200000000000429e+00
4.753999999999999559e+00
4.817999999999999616e+00
6.193100000000000271e+00
9.289199999999999235e+00
8.313700000000000756e+00
8.179000000000000270e+00
6.190999999999999837e+00
3.364399999999999835e+00
6.915399999999999325e-01
1.225400000000000045e+00
1.462399999999999922e+00
2.856100000000000083e+00
5.976600000000000357e+00
5.606399999999999828e+00
7.224199999999999733e+00
5.979400000000000048e+00
6.619799999999999685e+00
1.010399999999999920e+01
1.363700000000000045e+01
1.825400000000000134e+01
1.945700000000000074e+01
2.010000000000000142e+01
1.993299999999999983e+01
2.377400000000000091e+01
2.141800000000000281e+01
1.796499999999999986e+01
1.688100000000000023e+01
1.463299999999999912e+01
1.528800000000000026e+01
1.531400000000000006e+01
1.865200000000000102e+01
1.619200000000000017e+01
1.404299999999999926e+01
1.090799999999999947e+01
5.574499999999999567e+00
4.873199999999999754e+00
2.256699999999999928e+00
-3.076499999999999721e-02
2.359300000000000175e+00
3.270300000000000207e+00
9.384700000000000264e-01
-2.494200000000000195e+00
-2.902600000000000069e+00
-3.413300000000000001e+00
-6.874500000000000277e+00
-7.675799999999999734e+00
-9.546200000000000685e+00
-1.317200000000000060e+01
-1.231099999999999994e+01
-1.015700000000000003e+01
-8.771599999999999397e+00
-9.478500000000000369e+00
-7.363199999999999967e+00
-6.225100000000000300e+00
-8.054600000000000648e+00
-7.467999999999999972e+00
-7.294699999999999740e+00
-3.652800000000000047e+00
-2.291599999999999859e+00
1.059500000000000108e+00
1.573199999999999932e+00
-8.816899999999999737e-01
-1.854999999999999982e+00
-5.160099999999999909e+00
-5.707300000000000040e+00
-6.484200000000000408e+00
-6.102500000000000036e+00
-7.152199999999999669e+00
-1.018599999999999994e+01
-1.314900000000000091e+01
-1.162900000000000134e+01
-1.323700000000000010e+01
-1.610599999999999810e+01
-1.258999999999999986e+01
-8.861499999999999488e+00
-6.970900000000000318e+00
-7.247099999999999653e+00
-7.389899999999999913e+00
-1.025900000000000034e+01
-1.211800000000000033e+01
-1.217500000000000071e+01
-1.228999999999999915e+01
-1.208599999999999852e+01
-1.226299999999999990e+01
-1.153099999999999881e+01
-1.115499999999999936e+01
-9.055999999999999162e+00
-3.932500000000000107e+00
-5.402699999999999864e-02
5.165399999999999991e-01
1.207000000000000073e+00
1.473600000000000021e+00
1.772000000000000020e+00
4.457499999999999574e+00
2.046300000000000008e+00
-2.453899999999999970e+00
-2.328599999999999781e+00
5.408600000000000074e-01
4.441499999999999559e+00
8.475500000000000256e+00
1.152999999999999936e+01
1.385200000000000031e+01
1.652599999999999980e+01
1.767099999999999937e+01
1.708500000000000085e+01
1.801900000000000190e+01
1.634499999999999886e+01
1.654700000000000060e+01
1.569700000000000095e+01
1.283400000000000141e+01
1.019200000000000017e+01
9.724299999999999500e+00
1.152999999999999936e+01
1.075999999999999979e+01
1.091000000000000014e+01
7.908900000000000041e+00
6.827200000000000379e+00
8.272399999999999309e+00
1.202900000000000169e+01
1.192900000000000027e+01
1.217300000000000004e+01
1.559799999999999898e+01
1.932499999999999929e+01
2.519500000000000028e+01
2.429400000000000048e+01
2.178400000000000247e+01
1.892000000000000171e+01
1.468999999999999950e+01
9.446199999999999264e+00
2.690100000000000158e+00
-3.109399999999999942e+00
-1.011599999999999966e+01
-1.444200000000000017e+01
-1.843400000000000105e+01
-1.887800000000000011e+01
-1.492099999999999937e+01
-1.066200000000000081e+01
-6.538800000000000168e+00
-6.011300000000000310e+00
-5.625200000000000422e+00
-9.137700000000000600e+00
-1.008699999999999974e+01
-1.041099999999999959e+01
-1.255000000000000071e+01
-1.456499999999999950e+01
-1.380700000000000038e+01
-1.048099999999999987e+01
-9.189999999999999503e+00
-6.019899999999999807e+00
-4.275999999999999801e+00
-8.616799999999998905e-01
2.527299999999999880e+00
1.813399999999999901e+00
1.015600000000000058e+00
4.012199999999999656e-01
-2.712800000000000100e+00
-4.429999999999999716e+00
-7.447199999999999598e+00
-8.421200000000000685e+00
-8.134800000000000253e+00
-6.712799999999999656e+00
-4.488699999999999690e+00
-4.056499999999999773e+00
-4.548199999999999577e+00
-3.146399999999999864e+00
-4.231299999999999645e-02
3.654500000000000082e+00
9.043499999999999872e+00
