8.794899999999999940e-01
1.705500000000000016e+00
4.807999999999999829e+00
2.043799999999999883e+01
3.357999999999999829e+01
1.130900000000000105e+01
-1.566300000000000026e+01
-1.695699999999999985e+00
-4.253300000000000303e+00
-3.329299999999999926e+01
2.918599999999999994e+01
-2.981199999999999761e+01
-7.756899999999999906e+00
-3.013800000000000168e+01
-5.649199999999999733e+01
1.023199999999999932e+02
3.011299999999999866e+00
4.531899999999999551e+01
4.051800000000000068e+00
-4.022700000000000387e+00
6.294800000000000040e+01
1.385899999999999910e+00
9.405100000000000193e+01
3.303499999999999659e+01
1.637199999999999989e+02
1.057399999999999949e+02
-4.152499999999999858e+01
3.394500000000000028e+01
-1.348899999999999864e+02
-7.266400000000000148e+01
2.444799999999999898e+02
2.411800000000000068e+02
1.207200000000000095e+01
-5.865399999999999636e+01
-4.463399999999999324e+01
-2.253100000000000023e+02
-1.336200000000000045e+02
1.383100000000000023e+02
3.379200000000000159e+01
-2.111800000000000068e+02
-5.927000000000000313e+01
-9.982899999999999352e+01
-3.902900000000000205e+02
-1.211200000000000045e+02
2.805699999999999932e+02
2.831399999999999864e+02
1.429699999999999989e+02
-5.712899999999999778e+01
-1.528800000000000026e+01
-9.675200000000000955e+01
-1.170700000000000074e+01
5.744500000000000028e+01
3.072999999999999954e+00
2.423700000000000045e+02
1.808300000000000125e+02
4.395700000000000074e+01
-1.341200000000000045e+02
-2.030699999999999932e+02
-1.873499999999999943e+02
-8.484399999999999409e+01
-2.001999999999999957e+01
8.287600000000000477e+01
1.533000000000000114e+02
6.669499999999999318e+01
-4.323899999999999721e+01
-2.365800000000000125e+02
-1.049500000000000028e+02
-3.485899999999999999e+00
-1.329399999999999977e+02
6.400399999999999068e+01
1.711599999999999966e+02
1.700500000000000114e+02
9.817399999999999238e+01
2.255300000000000082e+01
-1.414099999999999966e+02
-1.683300000000000125e+02
2.433600000000000136e+02
4.521800000000000068e+02
1.367299999999999898e+02
-4.037100000000000222e+01
-4.067699999999999960e+01
-1.382899999999999920e+02
-1.625099999999999909e+02
-1.516699999999999875e+02
-1.128199999999999932e+02
-9.053799999999999670e+01
9.568500000000000227e+01
5.872500000000000142e+01
-1.802500000000000000e+02
-2.648799999999999955e+02
-9.434799999999999898e+01
6.822499999999999432e+01
3.508800000000000097e+01
3.794200000000000017e+01
-1.451700000000000124e+01
-1.937599999999999989e+00
8.113299999999999557e+01
7.833299999999999841e+01
1.973199999999999932e+02
3.407900000000000205e+02
2.112800000000000011e+02
2.153800000000000026e+01
-1.871599999999999966e+02
-3.420500000000000114e+02
-2.568500000000000227e+02
-1.540099999999999909e+02
-4.235600000000000165e+01
1.396800000000000068e+02
1.121799999999999997e+01
-1.521599999999999966e+02
-2.338800000000000168e+01
1.610900000000000034e+02
3.044900000000000091e+02
5.342100000000000364e+02
2.887400000000000091e+02
-2.966999999999999886e+02
-1.294300000000000068e+02
3.821999999999999886e+02
4.255099999999999909e+02
3.035400000000000205e+02
2.025500000000000114e+02
-1.906200000000000045e+02
-4.371600000000000250e+02
-6.864400000000000546e+02
-9.994299999999999500e+02
-9.147599999999999909e+02
-7.314500000000000455e+02
-6.103500000000000227e+02
-4.048999999999999773e+02
1.448900000000000077e+01
4.085199999999999818e+02
4.346600000000000250e+02
3.151299999999999955e+02
2.257100000000000080e+02
1.693300000000000125e+02
3.908000000000000114e+02
6.171200000000000045e+02
4.905299999999999727e+02
2.915699999999999932e+02
2.622599999999999909e+01
-3.094200000000000159e+02
-7.138600000000000136e+02
-6.208500000000000227e+02
-3.710600000000000023e+02
-2.971800000000000068e+02
-9.791299999999999670e+01
-2.206300000000000150e+00
-1.601500000000000057e+02
-2.313400000000000034e+02
-3.021000000000000227e+02
-5.244700000000000273e+02
-2.966200000000000045e+02
2.064699999999999989e+02
7.773200000000000500e+02
9.310499999999999545e+02
8.533600000000000136e+02
7.157000000000000455e+02
3.915600000000000023e+02
-7.504200000000000159e+01
-1.466299999999999955e+02
2.301699999999999875e+02
3.057900000000000205e+02
1.900300000000000011e+02
4.341800000000000104e+00
-9.804700000000001125e+01
-1.233499999999999943e+02
9.419000000000000483e+00
1.935399999999999920e+02
1.816299999999999955e+02
5.731100000000000705e+01
-6.499800000000000466e+01
-1.753899999999999864e+02
-3.062799999999999727e+02
-3.996499999999999773e+02
-1.557100000000000080e+02
-4.728800000000000381e+01
-2.434099999999999966e+02
-7.850799999999999557e+01
1.187600000000000051e+02
-3.024300000000000210e+01
-1.650099999999999909e+02
-9.061899999999999977e+01
-1.362599999999999909e+02
-4.473199999999999932e+01
2.562799999999999727e+02
4.029399999999999977e+02
4.838100000000000023e+02
5.455399999999999636e+02
2.974399999999999977e+02
-1.246599999999999966e+02
-3.315500000000000114e+02
-3.519499999999999886e+02
-1.253199999999999932e+02
-1.006899999999999906e+01
6.111600000000000676e+01
-6.651699999999999591e+01
-4.872400000000000091e+02
-2.737799999999999727e+02
1.365800000000000125e+02
1.627400000000000091e+02
8.229999999999999716e+01
1.155300000000000011e+02
9.545200000000001239e+01
-6.999699999999999811e+00
3.837500000000000000e+01
1.672299999999999898e+02
9.899900000000000588e+00
-1.735800000000000125e+02
-1.339799999999999898e+02
-4.528999999999999915e+01
-5.771999999999999886e+01
-1.844300000000000068e+02
-2.584499999999999886e+02
-1.369000000000000057e+02
2.270100000000000051e+01
-8.717900000000000205e+01
-1.634799999999999898e+02
5.415800000000000125e+01
1.547199999999999989e+02
2.212299999999999898e+02
2.926800000000000068e+02
7.706100000000000172e-01
-1.678300000000000125e+02
-1.300800000000000125e+02
4.140400000000000205e+02
4.536999999999999886e+02
-2.465200000000000102e+02
-3.867599999999999909e+02
-4.982500000000000284e+01
3.829499999999999886e+02
4.407500000000000000e+02
2.826000000000000227e+02
9.480200000000000671e+01
-2.962099999999999866e+01
-8.431600000000000250e+01
-1.919099999999999966e+02
-4.124900000000000091e+02
-2.620699999999999932e+02
1.807899999999999920e+02
3.415299999999999727e+02
2.636399999999999864e+02
4.908100000000000307e+01
-4.458699999999999619e+01
-6.611700000000000443e+01
-1.709699999999999989e+02
-2.428100000000000023e+02
-2.795500000000000114e+02
-8.148699999999999477e+01
1.839399999999999977e+02
1.680999999999999943e+02
-1.031599999999999966e+02
-2.879800000000000182e+02
-1.008700000000000045e+02
1.625000000000000000e+02
1.688400000000000034e+02
-2.423999999999999844e+01
-6.996999999999999886e+01
-3.648800000000000043e+00
1.166600000000000081e+00
-6.534000000000000341e+01
-1.390000000000000000e+02
-7.762600000000000477e+01
1.177900000000000063e+02
2.426200000000000045e+02
2.580000000000000000e+02
1.464399999999999977e+02
5.976500000000000057e+01
1.053100000000000023e+02
1.227699999999999960e+02
-3.886999999999999744e+01
-2.366800000000000068e+02
-3.864599999999999795e+02
-3.892900000000000205e+02
-2.629800000000000182e+02
-2.197700000000000102e+02
-1.919300000000000068e+02
-9.930100000000000193e+01
1.901100000000000136e+02
3.807300000000000182e+02
1.546399999999999864e+02
-1.291999999999999886e+02
-2.386500000000000057e+02
-2.462400000000000091e+02
-3.833400000000000318e+01
3.189200000000000159e+02
4.878000000000000114e+02
4.429599999999999795e+02
3.026499999999999773e+02
1.959399999999999977e+02
1.489699999999999989e+02
1.002999999999999972e+02
1.040799999999999947e+01
-1.373400000000000034e+02
-2.588399999999999750e+02
-2.830799999999999841e+02
-2.521899999999999977e+02
-1.816600000000000037e+01
1.756299999999999955e+02
7.279200000000000159e+01
-6.081499999999999773e+01
-1.585699999999999932e+02
-8.896099999999999852e+01
-1.323000000000000043e+01
-2.202400000000000091e+02
-4.061100000000000136e+02
-4.361399999999999864e+02
-3.621399999999999864e+02
-9.926200000000000045e+01
1.981899999999999977e+02
4.538899999999999864e+02
5.575000000000000000e+02
3.204800000000000182e+02
-4.764500000000000313e+01
-2.514300000000000068e+02
-2.691700000000000159e+02
-3.497400000000000375e+01
2.356500000000000057e+02
2.431299999999999955e+02
1.900700000000000145e+01
-1.917800000000000011e+02
-7.196900000000000297e+00
1.979199999999999875e+02
2.529799999999999898e+02
3.056499999999999773e+02
2.220399999999999920e+02
6.257300000000000040e+01
-7.936899999999999977e+01
-5.404899999999999949e+01
-6.586499999999999488e+01
-1.110999999999999943e+02
-7.895199999999999818e+01
-7.339800000000000324e+00
1.067900000000000063e+02
4.528999999999999915e+01
-1.097699999999999960e+02
-3.483799999999999955e+02
-4.373500000000000227e+02
-2.910600000000000023e+02
-2.319300000000000139e+01
2.331800000000000068e+02
1.638000000000000114e+02
7.211499999999999577e-01
-1.488100000000000023e+02
-1.605300000000000011e+02
2.555599999999999739e+01
1.430099999999999909e+02
1.600900000000000034e+02
1.741800000000000068e+02
2.118799999999999955e+02
1.967100000000000080e+02
8.716899999999999693e+01
-9.795600000000000307e+01
-1.391399999999999864e+02
-9.616699999999999804e+00
1.854700000000000060e+01
-4.131600000000000250e+01
2.260800000000000054e+01
1.634399999999999977e+02
2.388499999999999943e+02
1.348199999999999932e+02
-5.083400000000000141e+00
3.390599999999999881e+01
2.197299999999999898e+02
2.975400000000000205e+02
1.776399999999999864e+02
9.501700000000001012e+01
3.200699999999999790e+01
2.828099999999999881e+01
2.880300000000000082e+01
5.179899999999999949e+01
2.308999999999999986e+01
-1.370099999999999909e+02
-2.826100000000000136e+02
-3.122599999999999909e+02
-2.911200000000000045e+02
-3.015600000000000023e+02
-2.314099999999999966e+02
-1.227500000000000000e+02
-4.992000000000000171e+01
3.309100000000000108e+01
4.267199999999999704e+01
-9.031200000000000117e+00
-5.803899999999999437e+01
-7.752600000000001046e+01
-3.815200000000000102e+01
2.087400000000000233e+01
-1.629500000000000171e+01
-9.699200000000000443e+01
-1.133499999999999943e+02
-8.362100000000000932e+01
-5.176200000000000045e+01
-9.597499999999999432e+01
-6.975000000000000000e+01
-1.825900000000000034e+01
-2.278999999999999915e+01
-5.730399999999999494e+01
-8.834700000000000841e+01
-7.752700000000000102e+01
-4.992300000000000182e+01
2.593300000000000338e+01
1.089000000000000057e+02
1.936800000000000068e+02
2.133300000000000125e+02
2.295000000000000000e+02
2.447299999999999898e+02
2.521399999999999864e+02
2.490999999999999943e+02
2.008799999999999955e+02
1.605699999999999932e+02
1.354699999999999989e+02
9.799500000000000455e+01
1.775499999999999901e+01
-4.663300000000000267e+01
-7.699500000000000455e+01
-8.650700000000000500e+01
-1.043700000000000045e+02
-1.245499999999999972e+02
-1.371200000000000045e+02
-1.439199999999999875e+02
-1.831299999999999955e+02
-2.252100000000000080e+02
-1.667100000000000080e+02
-1.552199999999999989e+02
-1.921500000000000057e+02
-1.881200000000000045e+02
-1.791399999999999864e+02
-1.631599999999999966e+02
-1.247199999999999989e+02
-6.691199999999999193e+01
-4.372699999999999676e+01
-2.681500000000000128e+01
-8.832399999999999141e-01
9.715600000000000236e+00
2.126999999999999957e+01
3.550699999999999790e+01
8.279600000000000648e+01
8.913100000000000023e+01
1.070199999999999960e+02
1.540500000000000114e+02
1.754099999999999966e+02
1.519799999999999898e+02
1.180999999999999943e+02
1.364399999999999977e+02
1.293600000000000136e+02
1.693000000000000114e+02
1.323400000000000034e+02
2.332800000000000296e+01
-3.685999999999999943e+01
-5.408399999999999608e+01
-3.061800000000000210e+01
4.811899999999999977e+01
9.173899999999999011e+01
8.339499999999999602e+01
9.645000000000000284e+01
1.110100000000000051e+02
1.558400000000000034e+02
9.821099999999999852e+01
3.623499999999999943e+01
1.937500000000000000e+01
-1.398400000000000176e+01
-7.812100000000000044e+00
-2.950300000000000011e+01
-7.577800000000000580e+01
-1.184000000000000057e+02
-1.359699999999999989e+02
-9.543899999999999295e+01
-6.956199999999999761e+01
-7.348699999999999477e+01
-5.324600000000000222e+01
-6.355799999999999983e+01
-5.823100000000000165e+01
-4.603199999999999648e+01
-9.371099999999999852e+01
-9.584000000000000341e+01
-4.042999999999999972e+01
-2.505300000000000082e+00
-8.900399999999999423e+00
-7.513800000000000523e+01
-1.229599999999999937e+02
-1.049699999999999989e+02
-4.990600000000000591e+01
-4.398600000000000421e+01
-8.140100000000001046e+01
-1.045900000000000034e+02
-9.549500000000000455e+01
-4.367100000000000648e+01
1.367300000000000004e+01
4.348699999999999477e+01
3.157400000000000162e+01
5.639199999999999591e+01
9.910500000000000398e+01
1.068400000000000034e+02
1.159200000000000017e+02
1.116500000000000057e+02
1.257600000000000051e+02
1.347400000000000091e+02
1.185999999999999943e+02
1.177399999999999949e+02
1.140699999999999932e+02
1.352400000000000091e+02
1.644600000000000080e+02
1.504199999999999875e+02
1.172999999999999972e+02
9.502799999999999159e+01
8.056799999999999784e+01
3.124699999999999989e+01
-3.374699999999999989e+01
-3.527199999999999847e+01
-1.155099999999999838e+01
1.873300000000000054e+01
3.435099999999999909e+01
1.981300000000000061e+00
-6.443699999999999761e+01
-1.237300000000000040e+02
-1.558400000000000034e+02
-1.942599999999999909e+02
-2.123899999999999864e+02
-1.510699999999999932e+02
-9.746799999999998931e+01
-7.373799999999999955e+01
-3.877199999999999847e+01
-4.975999999999999801e+01
-8.885899999999999466e+01
-8.037100000000000932e+01
-1.097799999999999976e+01
1.738500000000000156e+01
2.156800000000000139e+01
3.002800000000000225e+01
-6.257900000000000240e+00
-1.086700000000000088e+01
1.451799999999999891e+01
2.456599999999999895e+01
4.119799999999999685e+00
-1.279700000000000060e+01
-5.752100000000000080e+01
-4.674699999999999989e+01
-2.477699999999999747e+01
-9.722100000000000364e+01
-8.920700000000000784e+01
-6.114099999999999646e+00
-1.544299999999999962e+01
-7.043699999999999761e+01
-2.464600000000000080e+01
2.216800000000000281e+01
6.576800000000000068e+01
7.872100000000000364e+01
2.311100000000000065e+01
2.387500000000000000e+01
5.095100000000000051e+01
3.670499999999999829e+01
-3.303000000000000114e+01
-1.904400000000000048e+01
7.623000000000000398e+01
1.037399999999999949e+02
1.063100000000000023e+02
9.370900000000000318e+01
6.694700000000000273e+01
4.951800000000000068e+01
7.213800000000000523e+01
7.397100000000000364e+01
3.700299999999999923e+00
-4.453999999999999737e+00
4.054200000000000159e+01
5.727899999999999636e+01
6.134199999999999875e+01
3.105199999999999960e+01
-7.217100000000000293e+00
-5.124600000000000222e+01
-2.041300000000000026e+01
1.772599999999999909e+01
2.135000000000000142e+01
6.211899999999999977e+01
5.884600000000000364e+01
3.622500000000000053e+00
-6.321699999999999875e+01
-5.352300000000000324e+01
-1.355299999999999905e+01
-1.077999999999999936e+01
-7.021499999999999631e+00
-3.958699999999999619e+01
-2.968699999999999761e+01
-6.033100000000000307e+01
-1.064200000000000017e+02
-8.063700000000000045e+01
-6.684199999999999875e+01
-9.367000000000000171e+01
-9.715299999999999159e+01
-7.092499999999999716e+01
-5.382699999999999818e+01
-9.156200000000000117e+00
-2.178999999999999915e+01
-3.869300000000000495e+01
-2.732499999999999929e+01
3.555400000000000205e+01
6.584799999999999898e+01
5.329999999999999716e+01
8.965200000000000102e+01
1.404900000000000091e+02
1.400699999999999932e+02
1.173199999999999932e+02
1.349099999999999966e+02
1.190900000000000034e+02
9.830100000000000193e+01
4.442199999999999704e+01
-7.235100000000000087e+00
4.009999999999999787e+00
1.432699999999999996e+01
1.279199999999999982e+01
-3.539800000000000324e+01
-9.323100000000000875e+01
-1.017600000000000051e+02
-7.538299999999999557e+01
-5.245300000000000296e+01
-4.527499999999999858e+01
-3.116800000000000281e+01
-3.402000000000000313e+01
-6.440500000000000114e+01
-6.609499999999999886e+01
-4.648499999999999943e+01
-3.037400000000000233e+01
-2.139400000000000190e+01
-2.422100000000000009e+01
-1.612400000000000233e+01
-3.755799999999999805e+00
-2.395800000000000196e+01
-5.408299999999999841e+01
-8.785800000000000054e+00
3.467699999999999960e+01
3.982300000000000040e+01
1.152700000000000102e+01
7.665799999999999947e+00
7.740000000000000213e+00
2.699699999999999989e+01
6.600199999999999534e+01
8.209899999999998954e+01
9.419100000000000250e+01
7.167300000000000182e+01
4.437399999999999523e+01
2.799699999999999989e+01
2.147599999999999909e+01
-2.270999999999999908e+00
1.495200000000000085e+00
4.330300000000000260e+00
-2.793099999999999916e+00
-2.348699999999999832e+01
-5.050600000000000023e+01
-4.513499999999999801e+01
-4.052700000000000102e+01
-3.162500000000000000e+01
-2.371400000000000219e+01
-5.997699999999999676e+01
-8.262999999999999545e+01
-9.949899999999999523e+01
-9.037100000000000932e+01
-6.329899999999999949e+01
-4.552100000000000080e+01
-1.643399999999999972e+00
9.738899999999999224e+00
2.143899999999999917e+00
-5.158400000000000318e+00
8.083600000000000563e+00
2.189000000000000057e+01
4.836299999999999955e+01
5.193699999999999761e+01
1.205299999999999905e+01
-2.336400000000000077e+01
-4.286600000000000676e+01
-9.555899999999999395e+00
3.023900000000000077e+01
4.155899999999999750e+01
3.705699999999999505e+01
1.719200000000000017e+01
6.471599999999999575e+00
3.231300000000000239e+01
5.866499999999999915e+01
6.048499999999999943e+01
5.916899999999999693e+01
6.355600000000000449e+01
2.790900000000000247e+01
-1.490099999999999980e+01
-2.957000000000000028e+01
5.948199999999999932e+00
4.409000000000000341e+01
5.442100000000000648e+01
5.821800000000000352e+01
3.696199999999999619e+01
4.613900000000000112e+00
-8.727800000000000225e+00
8.072400000000000020e+00
-4.475999999999999979e+00
-3.460000000000000142e+01
-1.670100000000000051e+01
-1.072099999999999831e+01
-3.802199999999999847e+01
-4.475999999999999801e+01
-5.660100000000000620e+01
-6.070199999999999818e+01
-5.676899999999999835e+01
-6.947199999999999420e+01
-8.423100000000000875e+01
-8.375000000000000000e+01
-8.434200000000001296e+01
-8.508299999999999841e+01
-8.955400000000000205e+01
-7.306600000000000250e+01
-3.683099999999999596e+01
-8.083700000000000330e+00
5.657499999999999751e+00
1.481400000000000050e+00
-1.211200000000000010e+01
2.163599999999999923e+01
9.737799999999998590e+01
1.189800000000000040e+02
9.284799999999999898e+01
6.776899999999999125e+01
9.592799999999999727e+01
1.419600000000000080e+02
1.357400000000000091e+02
1.059399999999999977e+02
1.018799999999999955e+02
1.036599999999999966e+02
1.025199999999999960e+02
6.946300000000000807e+01
2.212199999999999989e+01
-1.313299999999999912e+01
-1.311299999999999955e+01
1.194099999999999895e+01
-2.898400000000000087e+00
-3.177899999999999991e+01
-3.224499999999999744e+01
-3.731800000000000495e+01
-6.089600000000000080e+01
-5.560600000000000165e+01
-5.592000000000000171e+01
-4.177399999999999380e+01
-1.229599999999999937e+01
9.771900000000000031e-01
1.786100000000000021e+00
2.076399999999999935e+01
3.371699999999999875e+01
-1.966499999999999915e-01
-3.298900000000000432e+01
-5.196699999999999875e+01
-6.128499999999999659e+01
-7.561899999999999977e+01
-6.667399999999999238e+01
-3.452799999999999869e+01
-7.731499999999999595e+00
1.887599999999999767e+01
-2.174399999999999977e+01
-6.155699999999999505e+01
-4.591100000000000136e+01
-3.799800000000000466e+01
-3.374099999999999966e+01
-2.344300000000000139e+01
-3.166399999999999881e+00
7.820700000000000429e+00
-1.446099999999999852e+01
-3.294100000000000250e+01
-3.684700000000000131e+01
-4.314100000000000534e+01
-1.121299999999999919e+01
1.825000000000000000e+01
2.221699999999999875e+01
6.801400000000000112e+00
-1.472099999999999831e+01
-1.815299999999999869e+01
5.036699999999999733e+00
1.743700000000000117e+01
2.171099999999999852e+01
3.711099999999999710e+01
2.911699999999999733e+01
2.050300000000000011e+01
1.894699999999999918e+01
2.842500000000000071e+01
3.257999999999999829e+01
4.848300000000000409e+01
6.689499999999999602e+01
6.346600000000000108e+01
6.544800000000000750e+01
6.893800000000000239e+01
5.671199999999999619e+01
3.583800000000000097e+01
3.017000000000000171e+01
3.227199999999999847e+01
1.781599999999999895e+01
-5.440299999999999692e+00
-5.338700000000000223e+00
-4.178300000000000125e+00
-2.532300000000000040e+01
-3.770900000000000318e+01
-2.832800000000000296e+01
-1.481000000000000050e+01
-3.984599999999999920e+00
1.858300000000000063e+00
-1.399200000000000088e+01
-4.117999999999999972e+01
-3.402400000000000091e+01
-2.223000000000000043e+01
-1.296000000000000085e+01
-1.875700000000000145e+01
-3.206800000000000495e+01
-2.777300000000000324e+01
-2.204199999999999804e+01
-3.493399999999999750e+01
-4.961199999999999477e+01
-2.783900000000000219e+01
-1.508699999999999974e+01
-2.298499999999999943e+01
-3.124399999999999977e+01
-4.944500000000000028e+01
-6.269100000000000250e+01
-6.362100000000000222e+01
-4.961199999999999477e+01
-4.517399999999999949e+01
-3.787100000000000222e+01
-1.383599999999999852e+01
-1.002599999999999980e+01
-1.154199999999999982e+01
-5.226700000000000124e+00
7.615600000000000147e-01
1.462800000000000100e+00
2.013599999999999923e+01
2.201399999999999935e+01
2.036599999999999966e+01
1.651500000000000057e+01
2.397899999999999920e+01
3.330400000000000205e+01
3.662100000000000222e+01
4.281600000000000250e+01
3.110099999999999909e+01
2.527499999999999858e+01
2.964400000000000190e+01
3.344800000000000040e+01
2.008800000000000097e+01
2.078000000000000114e+01
1.209299999999999997e+01
3.364399999999999835e+00
1.767800000000000038e+00
1.427500000000000036e+01
2.059900000000000020e+01
-1.065600000000000103e+00
-9.483700000000000685e+00
-2.508500000000000085e+01
-3.565999999999999659e+01
-4.032500000000000284e+01
-5.166199999999999903e+01
-2.544599999999999795e+01
2.119199999999999662e+01
4.413499999999999801e+01
4.237500000000000000e+01
3.881499999999999773e+01
5.051200000000000045e+01
3.662300000000000466e+01
1.795700000000000074e+01
2.432300000000000040e+01
3.795700000000000074e+01
4.589100000000000534e+01
2.374900000000000233e+01
8.980999999999999872e+00
1.008699999999999974e+01
1.633200000000000074e+01
3.001199999999999690e+01
4.679999999999999716e+01
5.420799999999999841e+01
3.762899999999999778e+01
3.217199999999999704e+01
4.769399999999999551e+01
5.100399999999999778e+01
3.273900000000000432e+01
7.112800000000000011e+00
-1.347400000000000020e+01
-1.094299999999999962e+01
-9.067199999999999704e+00
-1.596199999999999974e+01
-2.528199999999999648e+01
-3.530799999999999983e+01
-4.645499999999999829e+01
-5.636800000000000210e+01
-6.719800000000000750e+01
-6.059899999999999665e+01
-4.494899999999999807e+01
-4.756700000000000017e+01
-4.075800000000000267e+01
-2.572199999999999775e+01
-2.642399999999999949e+01
-3.321999999999999886e+01
-2.083199999999999719e+01
-1.481099999999999994e+01
-1.042599999999999838e+01
-1.159099999999999930e+01
-2.887999999999999901e+01
-2.558199999999999719e+01
-1.096799999999999997e+01
1.923400000000000110e-01
6.587799999999999656e+00
6.176700000000000301e+00
8.787300000000000111e+00
1.042300000000000004e+01
1.752499999999999858e+01
3.813100000000000023e+01
5.425800000000000267e+01
4.069500000000000028e+01
1.913799999999999812e+01
1.133900000000000041e+01
2.817800000000000082e+01
4.351200000000000045e+01
4.053000000000000114e+01
2.270100000000000051e+01
-2.710300000000000153e+00
-1.099499999999999922e+01
-7.096499999999999808e+00
-7.192700000000000315e+00
-7.756899999999999906e+00
1.043700000000000117e+01
1.312400000000000011e+00
-2.893800000000000239e+01
-2.484499999999999886e+01
-1.880499999999999972e+01
-2.272400000000000020e+01
-1.962000000000000099e+01
-8.614499999999999602e+00
3.873299999999999965e+00
-3.419900000000000162e+00
-1.204599999999999937e+01
-1.163799999999999990e+01
-1.688599999999999923e+01
-1.907799999999999940e+01
-2.247100000000000009e+01
-9.664799999999999613e+00
7.676300000000000345e+00
1.143999999999999950e+01
6.311499999999999666e+00
-4.422399999999999665e+00
-1.310900000000000176e+01
-1.353700000000000081e+01
-1.115900000000000070e+01
-9.736000000000000654e+00
-1.755700000000000038e-01
4.069399999999999906e+00
-5.105499999999999483e-01
-1.138000000000000078e+01
-1.211200000000000010e+01
-1.070599999999999952e+01
-2.834799999999999986e+00
3.080999999999999961e+00
5.686099999999999710e+00
1.124200000000000088e+01
5.820199999999999818e+00
1.155299999999999905e+01
9.985599999999999810e+00
1.503200000000000003e+01
2.989800000000000324e+01
2.747300000000000253e+01
1.902899999999999991e+01
1.601000000000000156e+01
7.094400000000000261e+00
5.123700000000000365e+00
1.046299999999999919e+01
6.607899999999999885e+00
-3.004999999999999893e-01
-1.436099999999999888e+01
-3.117300000000000182e+01
-3.319699999999999562e+01
-2.310000000000000142e+01
-1.241999999999999993e+01
-8.966799999999999216e+00
-1.397799999999999976e+01
-9.615000000000000213e+00
-2.279400000000000048e+01
-3.654999999999999716e+01
-3.448799999999999955e+01
-3.552599999999999625e+01
-3.367000000000000171e+01
-2.837500000000000000e+01
-1.648000000000000043e+01
3.050400000000000333e-01
1.677599999999999980e+01
1.124900000000000055e+01
9.494999999999999218e+00
2.239999999999999858e+01
2.947899999999999920e+01
3.318199999999999505e+01
2.561100000000000065e+01
2.198199999999999932e+01
9.247600000000000264e+00
-6.135399999999999743e-01
-2.491400000000000059e+00
1.210099999999999909e+01
2.877300000000000324e+01
3.402499999999999858e+01
2.626099999999999923e+01
6.927599999999999980e+00
6.190599999999999881e+00
1.583099999999999952e+01
2.698900000000000077e+01
1.739799999999999969e+01
1.959200000000000053e+00
-7.673199999999999577e+00
-5.736799999999999677e-01
1.689099999999999824e+01
2.155000000000000071e+01
2.376399999999999935e+01
2.100699999999999790e+01
1.220900000000000141e+01
6.250499999999999723e+00
7.305100000000000371e+00
7.272599999999999731e+00
5.279200000000000337e+00
1.206299999999999928e+00
-1.066300000000000026e+00
3.464100000000000179e+00
-1.413799999999999946e+00
-2.469199999999999839e+00
-4.919400000000000439e+00
1.810899999999999954e+00
1.226599999999999824e+01
2.585900000000000176e+01
2.117199999999999704e+01
5.942599999999999660e+00
5.524600000000000621e-01
-6.307999999999999829e+00
-5.148600000000000065e+00
-8.265700000000000713e+00
-5.670799999999999841e+00
-5.625499999999999723e+00
-6.792300000000000004e+00
-1.897899999999999920e+01
-3.156599999999999895e+01
-2.932900000000000063e+01
-2.207800000000000296e+01
-1.349200000000000088e+01
-5.732099999999999973e+00
-1.837099999999999955e+00
-3.446499999999999897e+00
-1.625000000000000000e+01
-2.146300000000000097e+01
-1.489900000000000091e+01
-2.251800000000000068e+01
-2.746300000000000097e+01
-1.522900000000000098e+01
-1.648300000000000054e+01
-1.700000000000000000e+01
-1.383000000000000007e+01
-6.560500000000000220e+00
-3.507199999999999762e-01
-9.473200000000000287e+00
-1.414700000000000024e+01
-1.070800000000000018e+01
2.884999999999999787e+00
1.012299999999999933e+01
1.275799999999999912e+01
8.789699999999999847e+00
-7.063899999999999624e-01
6.839400000000000368e+00
1.633399999999999963e+01
1.466999999999999993e+01
1.106200000000000117e+01
1.009399999999999942e+01
6.314499999999999780e+00
4.170200000000000351e+00
7.918499999999999872e+00
1.509500000000000064e+01
1.635500000000000043e+01
1.798900000000000077e+01
1.170700000000000074e+01
1.061400000000000077e+01
1.341200000000000081e+01
5.627299999999999969e+00
-3.251199999999999646e-01
-2.530299999999999994e+00
1.201200000000000045e+00
-5.197300000000000253e-01
1.083400000000000141e+01
1.617000000000000171e+01
5.008799999999999919e+00
-5.844400000000000261e+00
-1.373900000000000077e+01
-1.296599999999999930e+01
-4.596300000000000274e+00
1.793499999999999872e+01
2.080199999999999960e+01
7.476099999999999746e+00
6.042900000000000382e+00
7.046000000000000263e+00
2.909299999999999997e+00
4.080199999999999605e+00
2.062000000000000099e+01
2.286400000000000077e+01
1.839300000000000068e+01
1.280599999999999916e+01
5.536699999999999733e+00
1.330999999999999961e+00
1.552099999999999869e-01
-6.986600000000000144e+00
-9.064000000000000057e+00
-4.248800000000000132e+00
-8.909900000000000375e+00
3.884799999999999809e+00
7.774600000000000399e+00
-4.976600000000000357e+00
-2.301599999999999824e+01
-2.949500000000000099e+01
-1.726299999999999812e+01
-6.517500000000000071e+00
-1.569800000000000040e+01
-2.429500000000000171e+01
-1.938200000000000145e+01
-2.068400000000000105e+01
-2.403800000000000026e+01
-3.115699999999999648e+01
-3.096800000000000352e+01
-3.410300000000000153e+01
-3.092300000000000182e+01
-2.881400000000000006e+01
-3.136300000000000310e+01
-3.440999999999999659e+01
-2.292699999999999960e+01
-1.897799999999999931e+00
-3.183100000000000041e+00
-5.877500000000000391e+00
-1.488199999999999967e+01
-1.079700000000000060e+01
4.083599999999999675e+00
1.107499999999999929e+01
3.832199999999999829e+00
-1.029299999999999926e+01
-1.669099999999999895e+01
-2.932300000000000129e+00
9.559400000000000119e+00
1.271700000000000053e+01
2.803000000000000114e+01
4.704699999999999704e+01
5.085800000000000409e+01
3.541700000000000159e+01
2.614699999999999847e+01
1.327700000000000102e+01
7.239300000000000068e+00
9.455399999999999139e+00
1.675900000000000034e+01
1.361400000000000077e+01
1.462800000000000011e+01
2.653099999999999881e+01
2.278900000000000148e+01
2.106800000000000139e+01
2.571000000000000085e+01
2.366499999999999915e+01
1.691900000000000048e+01
1.123200000000000109e+01
7.236600000000000144e+00
1.054099999999999859e+01
-2.839800000000000102e-01
-6.868900000000000006e+00
-1.313499999999999979e+01
-9.628999999999999559e+00
5.951200000000000045e+00
1.884099999999999753e+01
1.747500000000000142e+01
7.629299999999999748e+00
4.508499999999999730e+00
9.551199999999999690e+00
1.645799999999999841e+01
7.179899999999999949e+00
-5.073000000000000398e+00
-1.470599999999999952e+01
-2.355900000000000105e+01
-3.135000000000000142e+01
-2.401500000000000057e+01
-1.857999999999999829e+01
-1.971799999999999997e+01
-1.583500000000000085e+01
-2.149699999999999989e+01
-2.862400000000000233e+01
-2.039099999999999824e+01
-1.997599999999999909e+01
-2.209800000000000253e+01
-1.220099999999999874e+01
-4.473900000000000432e+00
2.405600000000000183e+00
1.295500000000000096e+00
-5.776299999999999990e+00
-8.910099999999999909e+00
-1.563199999999999967e+01
-2.120699999999999719e+01
-5.274200000000000443e+00
1.321900000000000075e+00
-1.466200000000000081e+01
-7.812000000000000277e+00
-5.867099999999999760e+00
-4.211500000000000021e+00
1.151099999999999923e+01
2.065300000000000225e+01
2.231099999999999994e+01
1.731299999999999883e+01
1.752799999999999869e+01
6.472199999999999953e+00
9.014200000000000657e+00
1.752299999999999969e+01
2.717699999999999960e+01
2.499699999999999989e+01
1.721599999999999753e+01
1.165599999999999881e+01
9.128000000000000114e+00
1.832600000000000051e+01
2.446600000000000108e+00
6.642100000000000115e+00
1.545500000000000007e+01
1.647299999999999898e+01
9.207800000000000651e+00
-1.192699999999999960e+01
-2.020299999999999940e+01
-2.974099999999999966e+01
-2.141900000000000048e+01
4.051800000000000401e-01
9.824600000000000222e+00
1.728200000000000003e+01
2.020700000000000074e+01
-9.686700000000000088e+00
-3.390699999999999648e+01
-6.219800000000000040e+01
-6.128499999999999659e+01
-3.869300000000000495e+01
-1.801800000000000068e+01
8.648699999999999832e+00
1.455200000000000049e+00
-1.141300000000000026e+01
-3.727000000000000313e+01
-3.327599999999999625e+01
-7.409099999999999575e+00
2.365300000000000225e+01
1.887000000000000099e+01
-2.003400000000000247e+01
-3.366199999999999903e+01
-3.268999999999999773e+01
-1.542900000000000027e+01
2.769099999999999895e+01
2.068599999999999994e+01
7.102699999999999569e+00
1.529700000000000060e+01
-7.339899999999999203e-01
-6.397199999999999775e+00
-9.425700000000000855e+00
6.545700000000000074e+00
7.985100000000000087e+00
-2.467699999999999894e-01
-9.105100000000000193e+00
-1.385199999999999987e+00
8.073800000000000310e+00
8.458500000000000796e+00
2.934300000000000352e+01
3.381700000000000017e+01
2.783999999999999986e+01
8.238099999999999312e+00
-5.408000000000000362e+00
1.745100000000000051e+01
3.040300000000000225e+01
2.685699999999999932e+01
3.754299999999999926e+01
4.476800000000000068e+01
3.417600000000000193e+01
1.906299999999999883e+01
2.009599999999999831e+00
-1.408200000000000074e+01
-1.529299999999999926e+01
-1.358900000000000041e+01
-2.245099999999999874e+00
3.246399999999999952e+00
1.350200000000000067e+01
3.286099999999999710e+01
3.153300000000000125e+01
1.881900000000000261e+01
1.987700000000000022e+00
-1.118400000000000105e+01
-1.245800000000000018e+01
-6.071100000000000385e+00
-5.226799999999999891e+00
1.274899999999999922e+00
6.233600000000000030e+00
1.004400000000000048e+01
1.684299999999999997e+01
7.856600000000000250e+00
-6.689000000000000057e+00
-1.647200000000000131e+01
-2.769599999999999795e+01
-4.899399999999999977e+01
-5.454999999999999716e+01
-4.089600000000000080e+01
-2.098000000000000043e+01
-4.360000000000000320e+00
2.119200000000000195e+00
6.463499999999999801e+00
8.526400000000000645e+00
1.256000000000000050e+01
4.683900000000000396e+00
1.816500000000000004e+00
2.671400000000000219e+00
1.327299999999999969e+01
9.544100000000000250e+00
2.577500000000000124e+00
3.528999999999999915e+00
1.012500000000000000e+01
5.824499999999999567e+00
-6.860899999999999999e+00
-5.701800000000000423e+00
-9.442999999999999616e+00
-3.775500000000000078e+00
-1.143200000000000038e+01
-8.870200000000000529e+00
-4.237800000000000011e+00
-3.759700000000000042e+00
-1.516799999999999926e+00
-1.251400000000000112e+01
-1.056799999999999962e+01
-2.796600000000000197e+00
-4.642699999999999605e+00
-9.807499999999999218e+00
1.019500000000000028e+01
2.526199999999999690e+01
2.711300000000000310e+01
3.698199999999999932e+00
-8.349199999999999733e+00
-6.390799999999999592e+00
-1.466099999999999959e+01
-1.911799999999999855e+01
-1.949800000000000111e+01
-1.533500000000000085e+01
-1.303700000000000081e+01
6.980800000000000338e+00
1.906400000000000006e+01
2.289499999999999957e+01
2.218800000000000239e+01
2.623299999999999965e+00
-2.619999999999999929e+01
-3.245100000000000051e+01
-2.610800000000000054e+01
-1.751900000000000190e+01
-1.062700000000000067e+01
8.711100000000000065e+00
2.108599999999999852e+01
6.932999999999999829e+00
-8.215200000000000280e-01
-1.184700000000000131e+01
-9.856899999999999551e+00
8.900799999999999823e-01
1.563499999999999890e-01
1.259599999999999831e+01
1.600400000000000134e+01
1.737500000000000000e+01
2.227699999999999747e+01
1.367900000000000027e+01
1.250500000000000078e+01
1.652700000000000102e+01
1.921199999999999974e+01
1.884099999999999753e+01
1.921000000000000085e+01
2.121300000000000097e+01
2.002299999999999969e+01
1.865099999999999980e+01
1.905999999999999872e+01
1.659700000000000131e+01
1.837999999999999901e+01
1.845400000000000063e+01
1.463400000000000034e+01
1.032000000000000028e+01
4.769999999999999574e+00
3.334000000000000075e+00
5.815199999999999925e+00
1.167699999999999960e+01
7.349499999999999922e+00
1.473899999999999988e+00
-5.626000000000000334e+00
1.447699999999999987e+00
7.281699999999999839e+00
-3.718100000000000183e+00
-1.134200000000000053e+01
-2.223600000000000065e+01
-2.892699999999999960e+01
-2.531099999999999994e+01
-2.685800000000000054e+01
-3.356499999999999773e+01
-2.520199999999999818e+01
-1.132099999999999973e+01
-1.024300000000000033e+01
-5.471400000000000041e+00
1.747200000000000086e+00
-7.569399999999999906e+00
-2.542199999999999704e+01
-3.367199999999999704e+01
-2.532199999999999918e+01
-2.519999999999999929e+01
-1.862500000000000000e+01
-9.894600000000000506e+00
-7.467600000000000016e+00
-6.747199999999999864e-01
1.144799999999999984e-01
4.711999999999999744e+00
1.258699999999999974e+01
1.870499999999999829e+01
1.598599999999999888e+01
7.537700000000000067e+00
4.653499999999999859e-01
9.253200000000000314e-01
-4.658199999999999896e+00
-7.729199999999999626e+00
-1.320200000000000040e+00
2.323100000000000165e+00
5.048000000000000043e+00
1.085500000000000043e+01
1.424499999999999922e+01
1.122200000000000131e+01
9.863599999999999923e+00
8.892099999999999227e+00
1.130900000000000105e+01
1.135799999999999876e+01
7.116200000000000081e+00
-2.283700000000000063e+00
-1.396099999999999852e+01
-8.596199999999999619e+00
-7.267599999999999838e+00
-1.957199999999999918e+01
-2.217999999999999972e+01
-4.312000000000000277e+00
4.361600000000000144e+00
2.869400000000000173e+00
1.186900000000000155e+01
-3.692499999999999893e+00
-7.640100000000000335e+00
-2.090500000000000025e+00
8.441400000000000015e-01
5.894700000000000273e+00
3.244800000000000129e+00
-1.430500000000000105e+00
-1.345800000000000107e+00
-3.544000000000000039e+00
-7.934999999999999609e+00
-1.275300000000000011e+01
-1.017699999999999960e+01
-7.877500000000000391e+00
-8.189000000000000057e+00
5.870099999999999874e+00
-1.269300000000000095e+00
-1.180299999999999905e+00
-2.839700000000000002e-01
-8.785700000000000731e-01
2.242599999999999927e+00
7.064799999999999969e+00
1.398400000000000176e+01
1.339499999999999957e+01
5.121100000000000207e+00
-2.192299999999999915e+00
-3.881600000000000161e+00
4.394099999999999895e+00
2.378400000000000247e+01
2.540399999999999991e+01
1.068200000000000038e+01
-2.327500000000000124e+00
-4.694200000000000372e+00
-7.693800000000000416e+00
4.937199999999999811e+00
1.529299999999999926e+01
1.389099999999999824e+01
5.684199999999999697e+00
4.770400000000000418e+00
1.488099999999999845e+01
1.624399999999999977e+01
7.991699999999999804e+00
-9.695800000000000196e+00
-8.759399999999999409e+00
-2.029300000000000104e+00
2.381200000000000205e+00
-3.720200000000000173e+00
-4.247899999999999565e+00
3.190999999999999837e+00
-2.262500000000000178e+00
2.007699999999999818e+00
4.392599999999999838e+00
4.666000000000000369e+00
1.494099999999999984e+00
1.509500000000000064e+00
-2.511899999999999800e+00
-6.103500000000000369e+00
7.146799999999999820e-01
-3.241400000000000059e+00
-2.158900000000000041e+00
-4.400000000000000355e+00
-9.406900000000000261e+00
-1.361099999999999888e+01
-9.351100000000000634e+00
-1.772599999999999909e+01
-2.487800000000000011e+01
-2.374699999999999989e+01
-1.541300000000000026e+01
-7.511099999999999888e+00
-8.489800000000000679e+00
-5.998000000000000220e+00
2.908500000000000085e+00
5.264100000000000001e+00
1.712299999999999933e+00
1.041900000000000048e+01
5.085300000000000153e+00
9.814399999999999125e+00
1.500300000000000011e+01
2.096099999999999852e+01
2.514900000000000091e+01
1.348599999999999888e+01
-5.585999999999999854e-01
4.626999999999999780e+00
3.147200000000000220e+00
-1.405000000000000027e+00
9.651899999999999924e-01
4.222800000000000442e-01
-1.137500000000000000e+01
-1.430799999999999983e+01
-7.641700000000000159e+00
1.490200000000000102e+01
1.654100000000000037e+01
-1.040499999999999936e+01
-1.106700000000000017e+01
-3.567300000000000182e+01
-1.499099999999999966e+01
1.055000000000000071e+01
6.171599999999999753e+00
6.358500000000000263e+00
-5.378099999999999881e+00
-1.282000000000000028e+01
-1.339199999999999946e+00
-9.839700000000000557e+00
-1.375699999999999967e+01
8.439899999999999736e+00
8.154899999999999594e+00
-7.974999999999999645e+00
-2.040800000000000125e+01
-2.801600000000000090e+00
5.636800000000000033e+00
1.579199999999999937e+00
-1.528700000000000059e-01
-8.253500000000000725e+00
-1.011599999999999966e+01
9.270799999999999041e-01
7.236799999999999677e+00
6.710799999999999876e+00
9.965199999999999392e+00
1.230499999999999972e+01
1.652299999999999969e+01
2.146499999999999986e+01
2.472400000000000020e+01
2.208399999999999963e+01
1.337099999999999866e+01
8.068799999999999528e+00
8.414799999999999613e+00
1.859499999999999931e+00
-1.062199999999999989e+01
-5.463300000000000267e+00
6.699099999999999611e+00
1.638900000000000023e+00
3.389699999999999935e+00
1.457900000000000063e+01
1.482000000000000028e+01
7.060999999999999943e+00
1.157099999999999973e+01
1.459900000000000020e+01
-7.219600000000000461e-01
-1.341099999999999959e+01
-1.463400000000000034e+01
-1.192999999999999972e+01
-5.049299999999999677e+00
-6.427399999999999558e+00
-6.207499999999999574e+00
-5.381599999999999717e+00
-8.169200000000000017e+00
-4.252299999999999969e+00
-4.164600000000000080e+00
-4.638899999999999579e+00
-3.509399999999999853e+00
-3.698199999999999932e+00
-1.344299999999999962e+01
-2.809099999999999753e+01
-2.575199999999999889e+01
-1.492900000000000027e+01
-1.104199999999999982e+01
-1.272499999999999964e+01
-8.373499999999999943e+00
-5.784299999999999997e+00
-1.121499999999999941e+00
4.896399999999999864e+00
-6.108700000000000241e-01
-9.134299999999999642e-01
6.834100000000000286e+00
1.121199999999999974e+01
8.256999999999999673e+00
1.280900000000000105e+01
8.123599999999999710e+00
7.082799999999999763e+00
7.415399999999999991e+00
2.380199999999999871e+00
3.035499999999999865e+00
9.879699999999999704e+00
1.410400000000000098e+01
1.210099999999999909e+01
6.237400000000000055e+00
2.205999999999999961e+00
-2.013999999999999790e+00
-2.264299999999999979e+00
7.660099999999999909e+00
7.543400000000000105e+00
1.003599999999999959e+01
6.733100000000000307e+00
7.078400000000000247e+00
8.326999999999999957e+00
2.960199999999999942e+00
-8.068800000000000416e-01
2.660800000000000054e+00
-7.057299999999999685e-01
-7.758799999999999919e+00
-5.524200000000000443e+00
-1.813399999999999901e+00
4.672899999999999832e-01
-1.475400000000000045e+00
-3.357299999999999951e+00
-8.007300000000000750e+00
-1.835200000000000031e+01
-1.183799999999999919e+01
-4.832900000000000418e+00
-1.470800000000000018e+01
-1.946699999999999875e+01
-2.314000000000000057e+01
-2.558599999999999852e+01
-2.372699999999999676e+01
-1.211099999999999888e+01
-5.189600000000000435e+00
-2.925899999999999945e+00
-3.534600000000000186e+00
-8.373300000000000409e+00
-6.155599999999999739e+00
1.642099999999999893e+00
7.116500000000000270e+00
3.437399999999999789e+00
-3.989100000000000090e+00
-5.283800000000000274e+00
6.988800000000000345e+00
1.394999999999999929e+01
1.504199999999999982e+01
1.744400000000000261e+01
1.349000000000000021e+01
9.255300000000000082e+00
8.115600000000000591e+00
3.817899999999999849e+00
2.221200000000000063e+00
6.558900000000000396e+00
1.106000000000000050e+01
6.991299999999999848e+00
-3.323199999999999932e+00
-4.321900000000000297e+00
-2.571899999999999853e+00
-5.137500000000000178e+00
-7.115899999999999892e+00
-2.190999999999999837e+00
1.413600000000000100e-02
-2.405599999999999961e-01
4.127300000000000413e-01
4.295700000000000074e+00
2.452900000000000080e-01
1.074699999999999989e+00
5.420899999999999608e+00
3.234999999999999876e+00
3.416500000000000092e+00
1.895299999999999985e+00
-5.075999999999999623e+00
-5.246999999999999886e+00
4.246800000000000019e-01
2.638199999999999878e+00
2.606199999999999850e+00
-2.910000000000000142e+00
-8.998699999999999477e+00
-8.577799999999999869e+00
-3.422200000000000131e+00
2.486299999999999955e+00
5.666699999999999626e+00
4.581699999999999662e+00
-1.340999999999999970e+00
-7.857000000000000206e+00
-1.232300000000000040e+01
-7.273699999999999832e+00
-4.573599999999999888e+00
-3.341400000000000148e+00
6.192999999999999616e+00
4.007100000000000328e+00
-5.056799999999999962e+00
-9.396399999999999864e+00
-5.591000000000000192e+00
-6.469500000000000250e-01
2.902499999999999858e+00
5.783100000000000129e+00
6.153699999999999726e+00
-2.693999999999999867e-02
4.657099999999999795e+00
-1.225600000000000023e+00
-5.977999999999999758e+00
8.742600000000000371e-01
5.600299999999999834e+00
2.619800000000000129e+00
-8.637399999999999523e+00
-7.916599999999999859e+00
-7.439000000000000057e+00
-3.096799999999999997e+00
4.360699999999999577e-01
2.809299999999999908e+00
-3.000199999999999978e+00
-5.477199999999999847e+00
2.895900000000000141e+00
9.031200000000000117e+00
6.883399999999999963e+00
1.495400000000000063e+01
1.977100000000000080e+01
9.738300000000000622e+00
2.446499999999999897e+00
1.500299999999999967e+00
1.116699999999999982e+01
1.133500000000000085e+01
1.447499999999999964e+01
1.514200000000000124e+01
6.795499999999999652e+00
2.146100000000000119e+00
7.968799999999999883e+00
1.431000000000000050e+01
1.013700000000000045e+01
1.440599999999999881e+01
1.600799999999999912e+01
1.081499999999999950e+01
5.063399999999999679e+00
2.307399999999999896e+00
3.202999999999999847e+00
-1.089900000000000091e+00
-3.837200000000000166e+00
-9.102600000000000691e+00
-9.973000000000000753e+00
-1.167400000000000126e+01
-1.333900000000000041e+01
-1.036599999999999966e+01
-1.442400000000000126e+01
-1.061200000000000010e+01
-4.668599999999999639e+00
-6.021200000000000330e+00
-1.016900000000000048e+01
-1.317999999999999972e+01
-1.288400000000000034e+01
-1.238199999999999967e+01
-7.010799999999999699e+00
-6.884900000000000020e+00
-5.333000000000000185e+00
-8.218500000000000583e+00
-1.134700000000000131e+01
-1.482699999999999907e+00
-4.022000000000000242e+00
-8.314500000000000668e+00
-4.546000000000000263e+00
1.757700000000000040e+00
7.098900000000000432e+00
9.908799999999999386e+00
9.328200000000000713e+00
3.216200000000000170e+00
5.154900000000000038e-01
5.450000000000000178e+00
4.059899999999999842e+00
6.483799999999999564e+00
1.134099999999999930e+01
1.164299999999999891e+01
1.300699999999999967e+01
1.027200000000000024e+01
9.208000000000000185e+00
5.085200000000000387e+00
2.269299999999999873e+00
3.154700000000000060e+00
1.374800000000000022e+00
5.814799999999999969e+00
9.696600000000000108e+00
1.350699999999999967e+01
1.291799999999999926e+01
4.268699999999999939e+00
2.345500000000000085e-01
3.091099999999999959e+00
7.210300000000000153e+00
2.859599999999999920e+00
-4.492300000000000182e-01
2.509900000000000020e+00
1.971799999999999997e+00
4.264300000000000423e+00
4.220600000000000129e+00
1.721799999999999997e+00
3.375000000000000000e+00
4.136599999999999611e+00
5.695000000000000284e+00
9.577700000000000102e+00
6.050699999999999967e+00
-1.933200000000000029e+00
-3.008700000000000152e+00
-9.483599999999999142e+00
-8.890000000000000568e+00
-8.859299999999999287e+00
-5.748999999999999666e+00
-1.452400000000000080e-01
-1.459300000000000042e+00
-3.654199999999999893e+00
-6.996000000000000441e+00
-6.152400000000000091e+00
-6.791199999999999903e+00
-2.783100000000000129e+00
-3.082300000000000040e+00
-4.620700000000000252e+00
-4.489799999999999791e+00
-7.324600000000000222e+00
-8.688900000000000290e+00
-7.966300000000000381e+00
-8.022500000000000853e+00
-9.173099999999999810e+00
-9.492800000000000793e+00
-9.963699999999999335e+00
-9.522500000000000853e+00
-1.041999999999999993e+01
-1.156799999999999962e+01
-8.607699999999999463e+00
-1.038799999999999990e+01
-7.126100000000000101e+00
-4.950800000000000090e+00
-9.722699999999999676e+00
-1.123200000000000109e+01
-1.074000000000000021e+01
-5.970399999999999707e+00
-7.055699999999999861e+00
-6.293700000000000294e+00
-6.059999999999999609e+00
-3.320500000000000007e+00
-4.435299999999999798e+00
-2.964399999999999924e+00
-5.002000000000000153e-04
2.728299999999999947e+00
4.138600000000000279e+00
2.673700000000000188e+00
-6.239500000000000046e-01
1.035600000000000076e+00
-2.216800000000000159e-01
1.473500000000000032e+00
8.863899999999999224e+00
4.752900000000000347e+00
6.393699999999999939e+00
9.166600000000000747e+00
5.871199999999999974e+00
3.120999999999999996e+00
8.034599999999999298e+00
8.675499999999999545e+00
1.044200000000000017e+01
7.261700000000000266e+00
6.884299999999999864e-01
6.334200000000000053e+00
1.178900000000000148e+01
1.249300000000000033e+01
1.216900000000000048e+01
1.380900000000000105e+01
1.310400000000000098e+01
6.429800000000000182e+00
7.395199999999999996e+00
6.276600000000000179e+00
1.059900000000000020e+01
1.459400000000000119e+01
1.207499999999999929e+01
1.452500000000000036e+01
1.217500000000000071e+01
5.849300000000000388e+00
3.046400000000000219e+00
-6.988999999999999879e+00
-1.306700000000000017e+01
4.514700000000000379e+00
1.197200000000000131e+01
9.429500000000000881e+00
1.105499999999999972e+01
1.324799999999999933e+01
3.875000000000000000e+00
-1.359900000000000020e+01
-1.376799999999999891e+01
-5.309899999999999842e+00
-1.256700000000000017e+01
-8.514799999999999258e+00
-5.615899999999999892e+00
-7.531900000000000261e+00
-9.435299999999999798e+00
-1.429499999999999993e+01
-7.596899999999999764e+00
-6.402999999999999581e+00
-8.860099999999999199e+00
-1.310999999999999943e+01
-7.958899999999999864e+00
-4.873700000000000365e+00
-4.541699999999999626e+00
-5.851700000000000124e+00
-8.315099999999999270e+00
-2.858099999999999863e+00
3.450299999999999923e+00
-1.671999999999999931e+00
-3.946699999999999875e+00
2.184900000000000175e-01
-4.383799999999999919e+00
-3.244600000000000151e+00
5.724700000000000344e-01
8.602600000000000247e-01
1.326400000000000023e+00
-1.326600000000000001e-01
2.350699999999999790e+00
2.432900000000000063e+00
2.934600000000000097e+00
5.455700000000000216e+00
5.835799999999999876e+00
-3.036200000000000010e+00
3.504799999999999915e+00
1.097000000000000064e+01
4.851799999999999891e+00
1.201099999999999923e+01
7.341700000000000337e+00
5.163299999999999557e+00
4.748300000000000298e-01
-9.258300000000000557e-03
1.601599999999999913e+00
-3.900599999999999845e+00
-2.925199999999999800e+00
-2.725699999999999790e+00
-1.823700000000000099e+00
-2.622300000000000075e+00
-2.198500000000000121e+00
1.482799999999999951e-01
3.477600000000000136e-01
-1.868500000000000050e+00
-5.726799999999999891e+00
-7.570100000000000051e+00
-4.424199999999999910e+00
-4.308600000000000207e+00
-5.371699999999999697e+00
3.721200000000000063e-01
3.366000000000000103e-01
-2.114599999999999813e+00
-3.806799999999999962e+00
-3.498400000000000176e+00
-3.822599999999999887e-01
6.578899999999999748e-01
6.935999999999999943e-01
2.299900000000000055e+00
3.000399999999999956e+00
7.880699999999999372e-01
-9.649900000000000144e-01
-5.488400000000000389e+00
4.399600000000000177e-01
-3.466800000000000104e+00
-1.030499999999999972e+01
-5.549199999999999910e+00
-5.855500000000000149e+00
-6.148799999999999599e+00
-7.405499999999999972e+00
-4.855500000000000149e+00
-4.987700000000000244e+00
-9.550900000000000389e+00
-3.398499999999999854e+00
-4.376999999999999780e-01
1.621299999999999963e+00
3.632299999999999862e+00
1.201500000000000012e+00
5.219600000000000906e-01
5.825199999999999267e-01
4.216300000000000381e+00
5.354800000000000004e+00
7.925500000000000433e+00
6.817999999999999616e+00
2.938200000000000145e+00
5.265600000000000058e+00
6.701699999999999768e+00
5.623499999999999943e+00
-7.433100000000000263e-01
8.585000000000000409e-01
2.204400000000000137e+00
3.741099999999999870e+00
9.509600000000000719e+00
1.000600000000000023e+01
5.438500000000000334e+00
-2.300199999999999745e-01
-4.149799999999999933e+00
-3.617599999999999927e+00
-8.227200000000001179e-01
3.561700000000000088e+00
6.440400000000000347e+00
-6.332800000000000651e-01
-1.455799999999999983e+00
-1.078799999999999981e+00
-7.123399999999999732e-01
-4.659399999999999764e+00
-3.421699999999999742e-01
-1.697400000000000020e+00
-2.845699999999999896e-01
2.212400000000000144e+00
7.918500000000000191e-03
5.441899999999999515e-01
-3.927200000000000024e+00
2.283900000000000097e-01
-2.569599999999999884e+00
3.070800000000000196e+00
6.607800000000000118e+00
6.749799999999999578e+00
5.335799999999999876e+00
9.881100000000000438e-01
5.658999999999999586e-01
9.993499999999999606e-01
8.654799999999999993e-02
-3.200099999999999945e+00
-3.274199999999999999e+00
-2.459200000000000053e+00
-1.579099999999999948e+00
-2.273899999999999810e+00
-3.899700000000000166e+00
-7.192700000000000315e+00
-8.514599999999999724e+00
-6.204299999999999926e+00
-9.645099999999999507e-02
-6.128099999999999881e+00
-7.762400000000000411e+00
-5.828000000000000291e+00
-5.515900000000000247e+00
-8.226000000000000867e+00
-1.044099999999999895e+01
-1.222499999999999964e+01
-1.304299999999999926e+01
-8.348399999999999821e+00
-7.466400000000000148e+00
1.009000000000000036e-01
-2.133100000000000218e+00
1.965700000000000003e+00
3.348899999999999988e+00
1.167399999999999993e+00
-8.952100000000000335e-02
-2.390699999999999825e+00
5.765799999999999592e+00
6.194899999999999629e+00
6.651399999999999757e+00
6.572899999999999743e+00
4.085200000000000387e+00
9.724200000000000621e-01
3.173500000000000210e-01
1.790799999999999947e+00
2.391700000000000159e+00
5.236900000000000333e+00
7.745800000000000018e+00
5.964699999999999669e+00
6.117499999999999716e+00
6.665799999999999947e+00
2.928199999999999914e+00
2.838999999999999968e+00
1.961999999999999966e+00
1.778799999999999937e+00
4.978100000000000414e+00
7.424500000000000099e+00
6.639499999999999957e+00
6.563200000000000145e+00
7.747399999999999842e+00
8.000199999999999534e+00
1.065599999999999881e+01
7.027899999999999814e+00
2.768300000000000205e-01
-1.873100000000000043e-01
8.874100000000000044e-02
-9.499799999999999356e-01
-1.064000000000000057e+00
-1.331099999999999950e+00
-2.726300000000000168e+00
-6.491100000000000314e+00
-5.856399999999999828e+00
-4.804100000000000592e-01
1.810899999999999954e+00
-2.421600000000000197e+00
-4.175300000000000011e+00
-2.638900000000000023e+00
-3.279199999999999893e+00
-1.751200000000000090e+00
-1.244299999999999962e+00
-5.982099999999999973e+00
-5.045499999999999652e+00
1.228199999999999958e+00
5.274900000000000144e-01
2.252299999999999969e+00
1.433999999999999941e+00
1.544100000000000028e+00
6.240800000000000125e+00
6.445899999999999963e+00
3.754799999999999915e+00
1.309099999999999930e+00
-3.445399999999999796e+00
-8.304700000000000415e+00
-7.105800000000000338e+00
-1.171899999999999942e+00
1.488699999999999912e+00
-3.334900000000000198e+00
-2.718900000000000095e+00
2.959999999999999853e-01
1.520100000000000007e+00
1.802699999999999969e+00
1.516999999999999904e+00
2.124600000000000044e+00
-4.712100000000000399e+00
-7.352699999999999569e+00
-3.874200000000000088e+00
-1.400300000000000100e+00
2.881299999999999972e+00
1.979200000000000070e+00
-1.286899999999999988e-01
-4.520199999999999996e+00
-6.013399999999999856e+00
-2.394699999999999829e+00
-3.152099999999999902e+00
-1.491700000000000026e+00
-1.095699999999999896e+00
-3.669099999999999806e+00
-4.283900000000000041e+00
-8.086000000000000298e+00
-7.356600000000000250e+00
-3.339100000000000179e+00
-1.007600000000000051e+00
7.934399999999999231e-01
8.644399999999999862e-01
6.397800000000000153e-01
4.376400000000000290e+00
5.487499999999999822e+00
2.998099999999999987e+00
3.945699999999999985e+00
2.326600000000000001e+00
-1.005700000000000038e+00
-2.201200000000000045e+00
-2.792800000000000171e+00
1.279400000000000093e+00
1.811900000000000066e+00
1.778100000000000014e+00
4.313299999999999912e+00
1.347900000000000098e+00
-1.405499999999999972e+00
2.677200000000000024e+00
2.172900000000000109e-01
2.402299999999999880e+00
7.250499999999999723e+00
1.657699999999999951e+00
3.121300000000000185e+00
4.612199999999999633e+00
2.433399999999999785e+00
1.523300000000000098e+00
6.455400000000000027e+00
9.072400000000000020e+00
8.862700000000000244e+00
9.015800000000000480e+00
7.954699999999999882e+00
1.974199999999999955e+00
-1.836100000000000065e+00
5.102899999999999991e+00
7.667600000000000193e+00
4.123800000000000132e+00
7.009299999999999642e+00
6.690699999999999648e+00
3.899700000000000166e+00
4.824499999999999567e+00
4.170399999999999885e+00
4.172600000000000087e+00
5.458199999999999719e+00
5.320000000000000284e+00
8.435999999999999943e+00
7.389999999999999680e+00
2.734900000000000109e+00
-1.857399999999999940e+00
-2.620499999999999829e+00
6.011000000000000121e+00
8.367900000000000560e+00
2.890899999999999803e+00
-3.018100000000000005e+00
-5.936799999999999855e+00
-7.358299999999999841e+00
-8.932700000000000529e+00
-7.693299999999999805e+00
-5.038199999999999790e+00
-6.593899999999999650e+00
-4.700099999999999945e+00
-7.260200000000000209e+00
-9.845599999999999241e+00
-6.942599999999999660e+00
-7.420899999999999608e+00
-4.910199999999999676e+00
-1.412099999999999911e+00
-2.394999999999999907e-01
-3.726500000000000146e+00
-6.554899999999999949e+00
-2.303999999999999826e+00
-4.903900000000000148e+00
-5.217999999999999972e+00
-1.489200000000000079e+00
-7.328899999999999970e+00
-1.083500000000000085e+01
-9.404099999999999682e+00
-7.092800000000000438e+00
-5.318299999999999805e+00
-2.593900000000000095e+00
-3.304300000000000015e+00
-1.919700000000000017e-01
8.989500000000000268e-01
-2.669700000000000184e+00
5.581199999999999495e-01
-8.946700000000000763e-01
-2.857000000000000206e+00
1.173899999999999944e+00
-1.385999999999999899e+00
7.219399999999999151e-01
1.976399999999999935e+00
2.549399999999999888e+00
6.261599999999999611e+00
7.564300000000000246e+00
5.153299999999999770e+00
1.895100000000000007e+00
-9.919499999999999984e-01
-1.316400000000000015e+00
1.082999999999999963e+00
-2.361800000000000122e+00
-1.803500000000000103e+00
-3.274999999999999911e+00
-1.372500000000000053e+00
-1.264999999999999902e+00
1.614299999999999902e-01
3.446000000000000174e+00
5.346300000000000274e+00
6.345100000000000406e+00
5.791999999999999815e+00
3.638999999999999790e+00
3.870699999999999696e-01
2.065300000000000136e+00
1.268999999999999906e+00
1.659599999999999964e+00
9.581499999999999739e-02
3.740899999999999892e+00
2.837699999999999889e+00
-1.447899999999999965e+00
1.639399999999999968e+00
9.898899999999999366e-01
-7.291300000000000558e-01
1.777400000000000091e+00
5.008699999999999264e-01
3.821000000000000174e+00
2.330600000000000005e+00
1.366600000000000037e+00
5.194200000000000372e+00
5.192599999999999660e+00
4.692000000000000171e+00
3.518299999999999983e+00
2.908599999999999852e+00
-1.364500000000000046e+00
-2.269800000000000040e+00
-3.112200000000000077e+00
-1.205500000000000016e+00
-3.694100000000000161e+00
-7.088499999999999801e+00
-9.610799999999999343e+00
-1.076599999999999824e+01
-1.023000000000000043e+01
-9.485300000000000509e+00
-7.360400000000000276e+00
-9.173700000000000188e+00
-8.867000000000000881e+00
-6.264199999999999768e+00
-3.489300000000000068e+00
-2.991699999999999804e+00
-3.572099999999999831e+00
-2.560799999999999965e+00
-2.551899999999999835e+00
7.178999999999999826e-01
2.157000000000000028e+00
1.606000000000000094e+00
4.819099999999999717e+00
4.385500000000000398e+00
2.656000000000000139e+00
-1.618199999999999916e-01
-1.508299999999999919e-01
1.277700000000000058e+00
2.704200000000000159e+00
2.884999999999999787e+00
-5.640600000000000058e-01
-1.087800000000000100e+00
5.574799999999999756e+00
6.173000000000000043e+00
6.102100000000000080e+00
2.258799999999999919e+00
-1.672700000000000076e+00
1.838200000000000056e+00
1.861699999999999910e+00
5.091499999999999915e+00
3.749899999999999789e+00
4.461199999999999832e+00
8.831500000000000128e+00
4.088799999999999990e+00
4.101799999999999891e+00
3.645099999999999785e+00
4.333199999999999719e+00
8.575900000000000745e+00
9.622899999999999565e+00
9.973200000000000287e+00
6.930900000000000283e+00
2.324199999999999822e+00
-1.289500000000000091e-01
-7.472100000000000408e-01
-1.994599999999999929e+00
7.318500000000000005e-01
3.240200000000000191e+00
5.989700000000000024e+00
4.216000000000000192e+00
5.187199999999999811e+00
1.601699999999999902e+00
-2.862600000000000033e+00
-4.444000000000000172e-01
1.113899999999999890e+00
3.731300000000000061e+00
-2.425199999999999800e+00
-5.226499999999999702e+00
-3.877899999999999903e+00
-1.774399999999999977e+00
-7.802200000000000246e-01
-1.010599999999999943e+00
-3.866499999999999826e+00
-6.625899999999999679e+00
-5.690400000000000347e+00
-5.730100000000000193e+00
-4.551400000000000112e+00
-5.486399999999999721e+00
-6.289399999999999658e+00
-4.078999999999999737e+00
-1.809800000000000075e+00
-1.413399999999999990e+00
-1.398500000000000076e+00
-2.723700000000000010e+00
-6.049400000000000333e+00
-1.270299999999999985e+00
1.078500000000000014e+00
-2.188499999999999890e+00
9.948399999999999466e-01
-4.218200000000000394e+00
-2.548900000000000166e+00
-1.647100000000000009e+00
-4.249399999999999622e+00
-1.047199999999999909e+00
-2.997399999999999842e+00
-4.488299999999999734e+00
-2.777099999999999902e+00
4.495300000000000296e+00
6.730699999999999683e+00
6.365899999999999892e+00
5.529099999999999682e+00
1.404400000000000093e+00
-6.863899999999999446e-01
7.647300000000000209e-01
2.828100000000000058e+00
3.276899999999999924e+00
1.446199999999999930e+00
3.706700000000000106e+00
3.230599999999999916e+00
3.266199999999999992e+00
5.576999999999999957e+00
2.221799999999999997e+00
-1.431300000000000017e+00
-1.435599999999999987e+00
-7.289600000000000524e-01
-4.711399999999999477e-01
-2.615600000000000147e-01
8.623100000000000209e-01
1.721899999999999986e+00
1.168199999999999905e+00
8.556000000000000272e-01
-3.344800000000000217e+00
-3.032500000000000195e+00
-4.280499999999999972e+00
-3.720699999999999896e+00
-6.453299999999999592e+00
-9.259199999999999875e+00
-1.059999999999999964e+01
-1.127099999999999902e+01
-4.583499999999999908e+00
-3.879100000000000215e+00
-3.237600000000000033e+00
-3.975999999999999979e+00
-3.395300000000000207e+00
-4.246999999999999886e+00
-4.217800000000000438e+00
-5.763600000000000279e+00
-6.768299999999999983e+00
-4.480699999999999683e+00
-1.769500000000000073e+00
-3.527099999999999902e+00
-4.940800000000000303e+00
-5.880399999999999849e+00
-2.229900000000000215e+00
1.594700000000000006e+00
3.488100000000000200e+00
6.650299999999999656e+00
3.550399999999999778e+00
4.439199999999999591e+00
5.049199999999999910e+00
7.045099999999999696e+00
4.004199999999999982e+00
4.628800000000000026e+00
5.467299999999999827e+00
2.807900000000000063e+00
2.876900000000000013e+00
7.227800000000000225e+00
6.778699999999999726e+00
4.538200000000000012e-01
-1.073199999999999932e+00
7.908300000000000329e-01
-4.006500000000000061e-01
-1.074100000000000055e+00
-7.829800000000000093e-01
-6.910600000000000076e-01
-3.118799999999999906e-01
4.091400000000000037e-01
1.918600000000000083e+00
-4.072999999999999954e-01
-1.569399999999999906e+00
-2.192800000000000304e-01
6.422600000000000531e-01
-1.086000000000000076e+00
1.954199999999999937e+00
3.838999999999999968e+00
1.393599999999999950e+00
1.518200000000000105e-01
3.741499999999999826e+00
6.393900000000000361e+00
5.066099999999999604e+00
3.765600000000000058e+00
4.901799999999999713e+00
4.352100000000000080e+00
2.311399999999999899e+00
7.550100000000000700e-01
1.339800000000000102e+00
-2.919599999999999973e+00
-5.486799999999999677e+00
-2.880500000000000060e+00
-5.286100000000000243e+00
-4.416199999999999903e+00
-1.283600000000000074e+00
-2.640800000000000036e+00
-1.716299999999999937e+00
-2.402400000000000091e+00
-1.159200000000000008e+00
5.536600000000000410e-01
-2.464199999999999946e+00
-2.447799999999999976e+00
-4.117300000000000182e+00
-1.899000000000000021e+00
3.542199999999999793e+00
5.066600000000000215e+00
3.319399999999999906e+00
-4.269499999999999851e+00
-9.500000000000000000e+00
-9.993100000000000094e+00
-3.044000000000000039e+00
3.443799999999999972e+00
7.278900000000000148e+00
6.970299999999999940e+00
5.616600000000000481e-01
-3.919900000000000162e+00
-4.553499999999999659e+00
-1.458599999999999897e+00
-1.337199999999999944e+00
4.582399999999999807e+00
5.355900000000000105e+00
-4.697999999999999954e-01
-1.564699999999999980e+00
-2.999299999999999855e+00
8.611100000000000421e-01
1.018100000000000005e+00
1.978299999999999947e+00
-6.641100000000000891e-01
-4.000799999999999912e-01
-2.673500000000000210e+00
-1.342000000000000082e+00
1.538999999999999924e+00
4.001899999999999902e-01
-5.083999999999999631e-02
-4.829499999999999904e-01
2.983200000000000074e+00
-1.028599999999999959e+00
-1.433400000000000007e+00
-5.611599999999999921e-01
3.886300000000000310e-01
-1.064699999999999980e+00
1.279600000000000071e+00
-3.435799999999999965e-01
-1.039900000000000047e+00
-1.547500000000000098e+00
-7.717399999999999816e-01
4.086899999999999977e+00
-2.107099999999999945e-02
7.190499999999999670e-01
-1.810100000000000042e+00
-1.895999999999999908e+00
2.279100000000000126e+00
3.325499999999999901e+00
2.543099999999999916e+00
-4.387600000000000389e-01
-1.747400000000000064e+00
-5.268200000000000216e+00
-3.213200000000000056e+00
2.699699999999999878e-01
3.293800000000000061e+00
1.907699999999999951e+00
-6.694100000000000605e-01
-9.608499999999999819e-01
8.006600000000000383e-01
-5.476999999999999647e-01
-2.004999999999999893e+00
-2.904599999999999849e+00
-7.819799999999999862e+00
-7.092100000000000293e+00
-6.121100000000000207e+00
1.469300000000000050e-01
2.545900000000000052e+00
1.801600000000000090e+00
3.107800000000000007e-01
2.223399999999999821e+00
4.716800000000000104e+00
2.297099999999999920e+00
-4.330999999999999850e-01
2.595200000000000173e+00
3.176200000000000134e+00
5.942400000000000126e+00
1.138900000000000112e+01
8.398199999999999221e+00
7.299500000000000099e+00
2.508100000000000218e+00
2.399300000000000210e+00
3.804499999999999993e+00
3.095899999999999874e+00
6.780599999999999739e+00
6.885699999999999932e+00
2.691899999999999959e+00
2.822099999999999831e+00
4.255399999999999738e-01
-9.498499999999999721e-01
1.445200000000000040e+00
3.391500000000000181e+00
3.677000000000000046e+00
1.437499999999999889e-01
-2.942699999999999871e+00
-5.246999999999999886e+00
-5.961800000000000210e+00
-2.610500000000000043e+00
-8.843799999999999439e-01
-8.063799999999999857e-01
3.404700000000000060e+00
4.125300000000000078e-01
-1.415699999999999958e+00
-2.725899999999999990e-01
-7.314300000000000246e-01
1.496299999999999852e-01
-1.792499999999999927e-01
-4.806800000000000829e-03
-5.056500000000000439e-01
-8.346000000000000085e-01
-1.251500000000000057e+00
-1.089699999999999891e+00
1.290499999999999980e-01
-1.596400000000000041e+00
-6.272199999999999998e-01
-2.329600000000000115e+00
-4.541599999999999859e+00
1.483500000000000041e+00
1.473400000000000043e+00
2.784400000000000208e+00
1.501400000000000068e+00
2.392999999999999794e+00
3.089800000000000324e-01
1.359900000000000109e+00
3.530800000000000161e+00
-1.545700000000000074e+00
5.936799999999999855e-01
-3.906200000000000117e+00
-2.317899999999999960e-01
2.662399999999999878e+00
-1.157899999999999929e+00
1.910400000000000098e+00
4.703999999999999737e+00
3.863500000000000156e+00
3.599699999999999900e+00
2.729800000000000004e+00
1.662800000000000056e+00
2.380300000000000082e+00
8.771600000000000508e-01
2.431500000000000217e+00
-5.249500000000000277e-01
-3.316500000000000004e-01
8.996499999999999497e-01
-9.390299999999999203e-01
-1.752900000000000014e-01
3.184400000000000119e+00
2.150999999999999801e+00
-1.205999999999999961e+00
3.697200000000000042e+00
4.026799999999999713e+00
3.398000000000000131e+00
2.041599999999999859e+00
-2.049399999999999888e+00
2.520300000000000207e+00
1.681899999999999951e+00
2.500000000000000000e+00
3.412500000000000089e+00
-7.204000000000000403e-01
-1.328599999999999781e-01
1.735799999999999843e-01
-9.836500000000000243e-01
-5.618900000000000006e-01
5.069900000000000101e-02
-2.612200000000000077e+00
-2.798599999999999977e+00
7.917499999999999538e-01
-8.122300000000000075e-01
-6.328799999999999704e-02
-1.977600000000000025e+00
-7.423199999999999799e-01
-2.408900000000000208e-01
-3.147100000000000009e+00
-2.555499999999999883e+00
-4.383899999999999686e+00
-4.260100000000000442e+00
-9.053699999999999193e+00
-9.066000000000000725e+00
-4.196699999999999875e+00
-2.395099999999999785e+00
-1.887499999999999956e+00
2.290899999999999881e-02
-2.998899999999999899e-01
-2.767900000000000027e+00
-2.467900000000000205e+00
-6.120600000000000485e-01
2.648800000000000043e+00
-1.238899999999999890e+00
-1.467400000000000038e+00
-2.597700000000000120e+00
-6.575700000000000323e+00
-5.795600000000000307e+00
-7.911400000000000432e+00
-2.744400000000000173e+00
2.458200000000000163e+00
1.558499999999999996e+00
-5.216300000000000381e-01
-2.981500000000000039e+00
-5.218500000000000361e-01
-1.173999999999999932e+00
-2.200499999999999956e-01
-9.393899999999999473e-01
4.086999999999999744e+00
4.952899999999999636e+00
-2.414800000000000280e-01
-3.699600000000000222e+00
-4.544900000000000162e+00
-3.848800000000000221e+00
-1.923999999999999932e+00
-2.675800000000000400e-01
2.445699999999999985e+00
5.446200000000000152e+00
-3.983099999999999974e-01
-8.683299999999999352e-01
-3.250799999999999912e+00
-8.464299999999999602e-02
-1.697599999999999998e+00
-3.465599999999999792e+00
-1.582899999999999974e+00
5.515399999999999192e-01
3.162800000000000056e-01
2.016599999999999948e+00
2.320199999999999818e+00
1.537600000000000078e+00
5.318100000000000271e+00
3.581399999999999917e+00
-1.806400000000000006e+00
5.753699999999999370e-01
2.996900000000000119e+00
-1.122000000000000108e+00
4.386199999999999655e+00
4.987499999999999822e+00
6.897400000000000198e+00
3.029900000000000038e+00
1.857599999999999807e-01
3.276199999999999779e+00
6.871900000000000119e+00
2.507400000000000073e+00
8.355200000000000404e-01
7.110699999999999799e-01
-1.277500000000000080e+00
-4.723499999999999588e+00
-9.128000000000000114e+00
-5.540700000000000180e+00
-2.632899999999999796e+00
-6.351999999999999869e-01
-3.013999999999999790e+00
-3.766900000000000248e-01
6.219599999999999795e+00
7.009400000000000297e+00
2.352599999999999969e-01
-7.962699999999999889e+00
-9.596799999999999997e+00
-3.103600000000000136e+00
5.128599999999999826e-01
-2.953600000000000114e-01
8.905999999999999472e-01
-5.281699999999999839e+00
-5.548899999999999721e+00
-3.108999999999999986e+00
9.476799999999999669e-01
7.483100000000000307e+00
2.334000000000000075e+00
1.668299999999999894e+00
-1.971100000000000074e+00
1.521699999999999997e-01
-2.723800000000000221e+00
-4.429700000000000415e+00
2.294200000000000017e+00
4.247899999999999454e-01
-3.466299999999999937e+00
-7.769000000000000350e-01
4.917600000000000193e+00
3.052099999999999813e+00
3.277400000000000091e+00
-7.415500000000000425e-01
-6.643600000000000172e+00
-3.658700000000000063e+00
2.656600000000000072e-01
2.304899999999999949e+00
-3.115000000000000213e+00
-9.331699999999999662e+00
1.359699999999999909e+00
9.872299999999999187e+00
1.256299999999999883e+01
8.295099999999999696e+00
1.078000000000000069e+00
-7.005300000000000082e+00
-5.557400000000000340e+00
-2.887100000000000222e+00
-1.839900000000000091e+00
4.078700000000000436e+00
1.116400000000000059e+00
5.363599999999999923e+00
4.494100000000000428e+00
1.701699999999999990e+00
-1.608700000000000019e+00
-2.222300000000000164e+00
3.213799999999999990e+00
8.512100000000000222e-01
2.361899999999999888e+00
4.744500000000000106e-02
-3.189499999999999780e+00
-3.182500000000000107e+00
9.581100000000000727e-02
6.626999999999999558e-01
5.145699999999999719e-01
-3.025700000000000056e-01
-3.415900000000000158e+00
-2.947599999999999998e+00
-3.664000000000000146e+00
-2.719700000000000006e+00
-3.583000000000000185e+00
1.062599999999999989e+00
1.954499999999999904e+00
1.464499999999999913e+00
-1.894099999999999895e+00
-1.295800000000000063e+00
6.245700000000000252e+00
3.140800000000000036e+00
6.460100000000000842e-01
-4.168000000000000149e+00
-2.312400000000000011e-01
6.984299999999999953e-01
-5.212799999999999656e-01
-1.120300000000000074e+00
-2.147100000000000009e+00
-1.355900000000000105e+00
8.256899999999999240e-01
6.125600000000000378e+00
4.914599999999999524e-02
-5.057899999999999618e-01
-1.769500000000000073e+00
-1.408099999999999907e+00
1.723500000000000032e+00
2.344899999999999984e+00
-9.235499999999999821e-01
-5.984899999999999665e+00
-8.485799999999999343e+00
-7.629500000000000171e+00
-1.513800000000000034e+00
6.845499999999999918e-01
-5.487399999999999917e-02
-2.773800000000000043e+00
-7.512199999999999989e+00
-3.818499999999999783e+00
-3.152899999999999814e+00
-2.879500000000000171e+00
-1.245100000000000096e+00
-1.051199999999999912e+00
2.550300000000000011e+00
2.681200000000000028e+00
1.008699999999999930e+00
2.551000000000000156e+00
3.216600000000000126e+00
1.774999999999999911e+00
-8.159300000000000441e-01
-2.184299999999999908e+00
-8.421900000000000830e+00
-9.576299999999999812e+00
1.773800000000000043e+00
9.969900000000000873e+00
3.539499999999999869e+00
-6.323699999999999655e+00
-7.291299999999999670e+00
8.775299999999999212e-01
-1.465700000000000003e+00
-9.447699999999999321e+00
-1.018699999999999939e+00
1.481200000000000117e+01
3.553399999999999892e+01
3.258699999999999619e+01
2.364099999999999824e+01
-8.324600000000000222e+00
-3.605799999999999983e+01
-3.655599999999999739e+01
-1.984299999999999997e+01
9.973100000000000520e+00
1.697599999999999909e+01
1.850600000000000023e+01
1.425300000000000011e+01
4.879199999999999648e-01
-1.347000000000000064e+01
-9.807299999999999685e+00
7.314099999999999824e+00
1.425300000000000011e+01
3.236899999999999888e+00
5.643799999999999706e+00
2.132099999999999795e+01
9.845399999999999707e+00
-1.110200000000000031e+01
-3.078800000000000203e+00
4.231099999999999639e+00
-4.584900000000000198e+00
-2.737200000000000077e+00
7.201699999999999768e+00
7.789100000000000357e+00
-3.641700000000000159e+00
-1.244500000000000028e+01
-7.460399999999999920e+00
-7.101499999999999480e-01
8.984400000000000830e+00
1.005199999999999960e+01
2.769400000000000084e+00
-3.572699999999999765e-01
-3.863599999999999812e-01
4.589999999999999858e+00
3.688600000000000101e+00
8.580700000000001104e-01
-1.970699999999999896e+00
2.502899999999999903e+00
7.930500000000000327e+00
-4.032399999999999984e+00
-4.872700000000000031e+00
-8.569300000000000139e+00
-1.187599999999999945e+01
-6.932100000000000151e+00
1.324300000000000033e+00
4.980400000000000382e+00
3.871599999999999930e+00
1.000200000000000067e+01
-2.778000000000000025e+00
-1.197700000000000031e+01
-8.871999999999999886e+00
-7.956299999999999706e+00
-1.170099999999999874e+01
-5.744100000000000428e+00
-8.044100000000000694e-01
-8.283200000000000784e+00
-1.611299999999999955e+00
6.230699999999999683e+00
-2.657000000000000028e+00
-1.383699999999999974e+01
-8.599099999999999966e+00
-1.991800000000000015e+00
-6.220100000000000406e+00
1.135900000000000176e+01
1.649599999999999866e+01
6.914699999999999847e+00
4.041500000000000092e+00
6.184499999999999886e+00
-3.687300000000000022e-01
-9.253800000000000026e+00
-1.933200000000000029e+00
-7.934700000000000308e+00
-2.700499999999999901e+00
2.149999999999999911e+00
7.476700000000000124e+00
1.762999999999999901e+01
1.293999999999999950e+01
2.176499999999999879e+00
-3.893899999999999917e+00
-4.990099999999999980e+00
1.930700000000000083e+00
9.400800000000000267e+00
9.827600000000000335e+00
8.588499999999999801e+00
5.416800000000000281e+00
5.942000000000000171e+00
3.193799999999999972e+00
-2.949300000000000033e+00
-8.828200000000000713e+00
-1.140799999999999947e+01
4.262399999999999523e-01
8.066700000000000870e+00
4.557900000000000063e+00
1.751600000000000046e+00
-2.966899999999999871e+00
-1.484000000000000076e-02
3.088099999999999845e+00
6.719699999999999562e-01
-1.498699999999999921e+00
-3.333699999999999886e+00
-8.505100000000000549e+00
-1.564100000000000046e+00
5.913499999999999979e+00
1.342700000000000005e+00
-2.322099999999999997e-01
2.116699999999999804e+00
3.765600000000000058e-01
-1.203500000000000014e+01
-9.996199999999999974e+00
-5.239799999999999791e+00
7.047100000000000364e+00
3.423999999999999932e+00
-1.058400000000000007e+00
3.717400000000000038e+00
1.046799999999999953e+00
2.111400000000000221e-01
-7.825599999999999667e+00
-3.852599999999999802e+00
-3.773800000000000043e+00
-2.226799999999999891e+00
-1.711600000000000010e+00
-4.186600000000000321e+00
-5.057299999999999685e+00
-1.138900000000000112e+01
-3.890000000000000124e+00
-8.097900000000000098e-01
-6.794999999999999929e+00
-5.750600000000000378e+00
-3.491999999999999993e+00
-1.637999999999999901e+00
1.532899999999999929e+00
6.299699999999999633e+00
1.487500000000000044e+00
-1.206700000000000106e+00
-8.643200000000000882e-01
-8.342600000000000016e-01
1.735300000000000065e+00
2.440700000000000092e+00
3.112699999999999800e+00
5.439300000000000246e+00
4.522000000000000242e+00
-1.509800000000000031e+00
1.869799999999999907e+00
-9.471600000000000019e-01
1.224800000000000111e+00
7.345799999999999663e+00
8.116600000000000037e+00
7.634100000000000108e+00
2.884300000000000086e+00
3.488100000000000200e+00
3.293099999999999916e+00
4.641600000000000392e+00
5.788800000000000168e+00
3.373400000000000176e+00
-2.202100000000000168e+00
-7.219500000000000028e+00
-3.404599999999999849e+00
-8.157799999999999940e+00
-5.185500000000000220e+00
2.140200000000000102e+00
-2.574899999999999967e+00
3.262199999999999989e+00
8.417799999999999727e+00
-6.880800000000000249e-01
-6.143200000000000216e+00
-2.876399999999999846e+00
-4.808200000000000252e+00
-4.437299999999999578e+00
-6.161299999999999777e+00
-7.532800000000000606e-01
1.391999999999999904e+00
1.822000000000000064e+00
4.246299999999999741e+00
3.988599999999999923e+00
-5.596100000000000380e-02
-2.403999999999999915e+00
1.207699999999999996e+00
-4.440000000000000058e-01
