-1.759099999999999900e-02
-3.342799999999999938e-02
-2.849599999999999703e-02
-3.083999999999999936e-02
-3.023500000000000146e-02
-3.125299999999999606e-02
-3.113000000000000142e-02
-3.229399999999999632e-02
-3.237600000000000200e-02
-3.369100000000000567e-02
-3.410799999999999943e-02
-3.564400000000000207e-02
-3.649900000000000366e-02
-3.840299999999999964e-02
-3.983799999999999841e-02
-4.234599999999999476e-02
-4.460100000000000176e-02
-4.800299999999999706e-02
-5.133200000000000263e-02
-5.586499999999999799e-02
-6.049299999999999816e-02
-6.640499999999999181e-02
-7.251100000000000600e-02
-7.983999999999999431e-02
-8.736800000000000122e-02
-9.603099999999999137e-02
-1.048400000000000026e-01
-1.147700000000000109e-01
-1.248400000000000065e-01
-1.358300000000000063e-01
-1.467499999999999916e-01
-1.583700000000000108e-01
-1.697200000000000097e-01
-1.815700000000000092e-01
-1.930400000000000171e-01
-2.048599999999999866e-01
-2.162199999999999955e-01
-2.278099999999999847e-01
-2.386999999999999955e-01
-2.494400000000000228e-01
-2.593500000000000250e-01
-2.691000000000000059e-01
-2.777600000000000069e-01
-2.858600000000000030e-01
-2.924100000000000033e-01
-2.978199999999999736e-01
-3.011099999999999888e-01
-3.026300000000000101e-01
-3.014900000000000357e-01
-2.982899999999999996e-01
-2.924700000000000077e-01
-2.849900000000000211e-01
-2.755699999999999816e-01
-2.655899999999999928e-01
-2.554699999999999749e-01
-2.464199999999999724e-01
-2.381300000000000083e-01
-2.315800000000000081e-01
-2.264199999999999824e-01
-2.233900000000000052e-01
-2.218900000000000039e-01
-2.225000000000000033e-01
-2.244199999999999806e-01
-2.280000000000000082e-01
-2.322800000000000142e-01
-2.374699999999999867e-01
-2.425400000000000056e-01
-2.476399999999999990e-01
-2.517699999999999938e-01
-2.551400000000000334e-01
-2.568300000000000027e-01
-2.572200000000000042e-01
-2.555600000000000094e-01
-2.523400000000000087e-01
-2.469999999999999973e-01
-2.402600000000000013e-01
-2.317199999999999815e-01
-2.222099999999999909e-01
-2.114599999999999813e-01
-2.003400000000000181e-01
-1.885599999999999776e-01
-1.769499999999999962e-01
-1.651700000000000113e-01
-1.538799999999999890e-01
-1.426199999999999968e-01
-1.318999999999999895e-01
-1.210700000000000109e-01
-1.104900000000000049e-01
-9.943400000000000849e-02
-8.816200000000000425e-02
-7.590800000000000325e-02
-6.297500000000000320e-02
-4.859999999999999737e-02
-3.319899999999999934e-02
-1.614300000000000110e-02
2.085699999999999794e-03
2.200500000000000025e-02
4.296399999999999525e-02
6.540700000000000680e-02
8.862100000000000533e-02
1.129299999999999887e-01
1.375900000000000178e-01
1.628799999999999970e-01
1.880000000000000004e-01
2.132300000000000306e-01
2.377599999999999991e-01
2.618300000000000072e-01
2.847100000000000186e-01
3.066400000000000237e-01
3.268699999999999939e-01
3.457800000000000318e-01
3.627000000000000224e-01
3.780300000000000327e-01
3.912599999999999967e-01
4.028700000000000059e-01
4.124700000000000033e-01
4.207199999999999829e-01
4.273100000000000231e-01
4.329999999999999960e-01
4.375600000000000600e-01
4.418399999999999550e-01
4.455600000000000116e-01
4.495999999999999996e-01
4.536800000000000277e-01
4.585299999999999931e-01
4.638300000000000201e-01
4.701500000000000123e-01
4.769899999999999696e-01
4.848000000000000087e-01
4.929100000000000148e-01
5.016300000000000203e-01
5.101799999999999669e-01
5.187199999999999589e-01
5.263800000000000701e-01
5.332899999999999308e-01
5.386300000000000532e-01
5.425800000000000622e-01
5.443700000000000205e-01
5.443899999999999295e-01
5.421000000000000263e-01
5.380800000000000027e-01
5.320799999999999974e-01
5.249099999999999877e-01
5.165300000000000447e-01
5.079799999999999871e-01
4.992899999999999561e-01
4.915600000000000525e-01
4.847899999999999432e-01
4.799399999999999777e-01
4.767899999999999361e-01
4.759999999999999787e-01
4.770600000000000396e-01
4.803100000000000147e-01
4.847899999999999432e-01
4.904499999999999971e-01
4.961100000000000509e-01
5.015100000000000113e-01
5.052999999999999714e-01
5.072399999999999132e-01
5.061299999999999688e-01
5.019799999999999818e-01
4.939800000000000302e-01
4.826300000000000034e-01
4.676500000000000101e-01
4.500899999999999901e-01
4.302300000000000013e-01
4.095400000000000151e-01
3.885600000000000165e-01
3.689100000000000157e-01
3.511799999999999922e-01
3.368200000000000083e-01
3.259900000000000020e-01
3.197400000000000242e-01
3.176999999999999824e-01
3.203699999999999881e-01
3.269099999999999784e-01
3.373499999999999832e-01
3.505599999999999827e-01
3.662500000000000200e-01
3.831800000000000206e-01
4.011500000000000066e-01
4.190200000000000036e-01
4.367399999999999616e-01
4.534199999999999897e-01
4.693100000000000604e-01
4.839100000000000623e-01
4.977699999999999902e-01
5.105199999999999738e-01
5.229699999999999349e-01
5.349599999999999911e-01
5.473100000000000742e-01
5.598199999999999843e-01
5.733099999999999863e-01
5.872100000000000097e-01
6.027299999999999880e-01
6.184399999999999897e-01
6.355600000000000138e-01
6.547300000000000342e-01
6.691799999999999971e-01
6.987999999999999767e-01
7.508100000000000884e-01
7.820300000000000029e-01
7.989100000000000090e-01
8.215500000000000025e-01
8.432299999999999240e-01
8.647399999999999531e-01
8.871600000000000597e-01
9.089599999999999902e-01
9.308299999999999352e-01
9.515799999999999814e-01
9.711600000000000232e-01
9.881499999999999728e-01
1.002499999999999947e+00
1.012499999999999956e+00
1.018000000000000016e+00
1.017500000000000071e+00
1.011200000000000099e+00
9.980999999999999872e-01
9.788000000000000034e-01
9.531700000000000728e-01
9.221000000000000307e-01
8.870299999999998741e-01
8.507200000000000317e-01
8.141199999999999548e-01
7.795900000000000052e-01
7.486599999999999921e-01
7.237500000000000044e-01
7.057799999999999629e-01
6.961800000000000210e-01
6.946799999999999642e-01
7.012699999999999489e-01
7.141999999999999460e-01
7.321600000000000330e-01
7.519899999999999363e-01
7.713899999999999091e-01
7.868100000000000094e-01
7.952799999999999869e-01
7.944499999999999895e-01
7.833999999999999853e-01
7.597399999999999709e-01
7.233300000000000285e-01
6.737699999999999800e-01
6.125099999999999989e-01
5.404499999999999860e-01
4.601500000000000035e-01
3.732599999999999807e-01
2.827100000000000168e-01
1.901100000000000012e-01
9.761599999999999444e-02
5.727700000000000499e-03
-8.159299999999999886e-02
-1.603900000000000048e-01
-2.371099999999999874e-01
-3.119800000000000351e-01
-3.957100000000000062e-01
-5.712399999999999700e-01
-7.582699999999999996e-01
-6.680199999999999472e-01
-2.922500000000000098e-01
-1.005599999999999966e-01
-3.857999999999999763e-01
-8.269499999999999629e-01
-1.007500000000000062e+00
-6.686499999999999666e-01
-2.857199999999999740e-01
-7.779399999999999649e-01
-1.650500000000000078e+00
-1.851799999999999891e+00
-1.586200000000000054e+00
-1.363299999999999956e+00
-1.235700000000000021e+00
-1.385199999999999987e+00
-1.818000000000000060e+00
-2.030100000000000016e+00
-1.987300000000000066e+00
-2.260800000000000143e+00
-2.791399999999999881e+00
-2.938699999999999868e+00
-2.678599999999999870e+00
-2.430000000000000160e+00
-2.378099999999999881e+00
-2.543400000000000105e+00
-2.705400000000000027e+00
-2.725800000000000001e+00
-2.489500000000000046e+00
-2.136800000000000033e+00
-2.438499999999999890e+00
-3.160000000000000142e+00
-3.345200000000000173e+00
-3.158300000000000107e+00
-2.946400000000000130e+00
-2.694799999999999862e+00
-2.741800000000000015e+00
-3.087600000000000122e+00
-3.012599999999999945e+00
-2.532900000000000151e+00
-2.671300000000000008e+00
-3.355100000000000193e+00
-3.659800000000000164e+00
-3.810700000000000198e+00
-3.800499999999999989e+00
-3.355799999999999894e+00
-3.293099999999999916e+00
-3.379599999999999937e+00
-2.878000000000000114e+00
-2.462000000000000188e+00
-2.261499999999999844e+00
-1.901100000000000012e+00
-1.907799999999999940e+00
-2.311199999999999921e+00
-2.537799999999999834e+00
-2.579600000000000115e+00
-2.516000000000000014e+00
-2.162500000000000089e+00
-1.575900000000000079e+00
-1.227000000000000091e+00
-1.517400000000000082e+00
-2.199500000000000011e+00
-2.702599999999999891e+00
-2.852399999999999824e+00
-3.124099999999999877e+00
-3.681000000000000050e+00
-3.733699999999999797e+00
-3.191100000000000048e+00
-2.847999999999999865e+00
-3.249699999999999811e+00
-4.143500000000000405e+00
-4.048600000000000421e+00
-2.769699999999999829e+00
-1.745000000000000107e+00
-2.063300000000000134e-01
2.205299999999999816e+00
3.175499999999999989e+00
2.638399999999999856e+00
2.113999999999999879e+00
1.077199999999999935e+00
-7.531800000000000717e-01
-2.486600000000000144e+00
-4.269800000000000040e+00
-6.627200000000000202e+00
-8.440300000000000580e+00
-8.095800000000000551e+00
-5.452600000000000335e+00
-2.383900000000000130e+00
-1.201699999999999990e+00
-1.430800000000000072e+00
-7.297700000000000298e-01
1.411200000000000010e+00
3.182500000000000107e+00
3.090599999999999792e+00
2.178900000000000059e+00
2.241400000000000059e+00
2.564999999999999947e+00
1.286899999999999933e+00
-8.304199999999999082e-02
2.838199999999999612e-01
3.376000000000000112e-01
-3.882499999999999840e-01
-8.346500000000000030e-01
-2.219399999999999817e+00
-5.435200000000000031e+00
-9.317299999999999471e+00
-1.062099999999999866e+01
-7.078100000000000058e+00
-1.212299999999999933e+00
2.598700000000000010e+00
3.482299999999999951e+00
4.800399999999999778e+00
7.796100000000000030e+00
8.735400000000000276e+00
6.989200000000000301e+00
5.622700000000000031e+00
4.393099999999999561e+00
2.031800000000000050e+00
-1.604400000000000048e+00
-5.424100000000000144e+00
-6.584999999999999964e+00
-5.631700000000000372e+00
-4.812000000000000277e+00
-2.790799999999999947e+00
1.385299999999999976e+00
4.115099999999999980e+00
3.501199999999999868e+00
3.654199999999999893e+00
6.226200000000000401e+00
7.814099999999999824e+00
7.320100000000000051e+00
6.362599999999999589e+00
4.761599999999999611e+00
1.326799999999999979e+00
-3.244400000000000173e+00
-6.222400000000000375e+00
-5.577799999999999869e+00
-2.037300000000000111e+00
1.202399999999999913e+00
1.282399999999999984e+00
2.501300000000000190e-01
-1.875299999999999884e-02
-1.271200000000000108e+00
-1.875999999999999890e+00
4.673300000000000232e-01
3.533199999999999896e+00
5.542399999999999771e+00
6.510699999999999932e+00
5.465499999999999581e+00
1.897100000000000009e+00
-2.341600000000000126e+00
-3.995800000000000018e+00
-2.588200000000000056e+00
-4.092000000000000082e-01
2.338799999999999990e+00
4.988000000000000433e+00
4.700199999999999712e+00
2.922099999999999920e+00
3.453800000000000203e+00
2.858699999999999797e+00
-1.515400000000000080e+00
-2.411599999999999966e+00
2.261499999999999844e+00
6.556600000000000428e+00
8.959400000000000475e+00
9.744199999999999307e+00
7.378099999999999881e+00
3.891199999999999992e+00
2.558899999999999952e+00
2.735700000000000021e+00
3.023499999999999854e+00
8.457600000000000673e-01
-4.069399999999999906e+00
-5.235500000000000043e+00
-3.091399999999999704e-02
5.002500000000000391e+00
5.257900000000000240e+00
3.926699999999999857e+00
3.390899999999999803e+00
1.991400000000000059e+00
6.221100000000000518e-01
-2.619799999999999907e-01
-2.789599999999999858e-01
1.715700000000000003e+00
2.737499999999999822e+00
2.935900000000000176e+00
3.651899999999999924e+00
2.654399999999999871e+00
4.241300000000000070e-01
-3.905399999999999983e-01
1.097900000000000098e+00
4.206400000000000361e+00
6.016099999999999781e+00
5.200099999999999945e+00
5.710300000000000153e+00
8.488500000000000156e+00
8.397899999999999920e+00
4.277899999999999814e+00
6.575199999999999934e-01
-9.205799999999999539e-01
-2.228699999999999903e+00
-3.814700000000000202e+00
-4.878599999999999604e+00
-3.520300000000000207e+00
1.470099999999999962e+00
7.794900000000000162e+00
1.126299999999999990e+01
1.150200000000000067e+01
9.999499999999999389e+00
6.269199999999999662e+00
2.340899999999999981e+00
-8.073799999999999866e-01
-4.681099999999999817e+00
-6.540600000000000414e+00
-5.602299999999999613e+00
-4.052699999999999747e+00
6.978900000000000381e-02
6.759500000000000064e+00
1.198700000000000010e+01
1.342599999999999838e+01
1.305900000000000105e+01
1.269599999999999973e+01
9.508300000000000196e+00
3.254900000000000126e+00
-4.182400000000000340e+00
-1.233500000000000085e+01
-1.514400000000000013e+01
-1.020500000000000007e+01
-3.218799999999999883e+00
4.208499999999999908e+00
1.130499999999999972e+01
1.536500000000000021e+01
1.791099999999999781e+01
1.913500000000000156e+01
1.575500000000000078e+01
9.020200000000000884e+00
3.074399999999999800e+00
6.924600000000001240e-03
-4.522700000000000053e-01
1.164199999999999902e+00
3.646399999999999864e+00
4.409200000000000230e+00
3.336500000000000021e+00
2.390699999999999825e+00
2.984300000000000175e+00
5.366399999999999615e+00
6.001299999999999635e+00
2.953100000000000058e+00
1.830600000000000005e+00
4.510399999999999743e+00
5.926400000000000112e+00
5.651299999999999990e+00
6.185299999999999798e+00
7.299000000000000377e+00
8.038000000000000256e+00
6.242099999999999760e+00
4.063900000000000290e+00
8.876899999999999125e+00
1.569700000000000095e+01
1.404299999999999926e+01
8.250899999999999679e+00
4.788299999999999557e+00
1.479300000000000059e+00
-1.711300000000000043e+00
-1.743100000000000094e+00
5.904099999999999626e-02
1.047700000000000076e+00
-1.660999999999999976e-01
4.437800000000000078e-01
5.468200000000000394e+00
8.928699999999999193e+00
9.193799999999999528e+00
8.644299999999999429e+00
8.370699999999999363e+00
8.212799999999999656e+00
5.806499999999999773e+00
3.369899999999999896e+00
3.622399999999999842e+00
3.886000000000000121e+00
3.773400000000000087e+00
4.181899999999999729e+00
4.977299999999999613e+00
7.628999999999999559e+00
1.013299999999999912e+01
9.208399999999999253e+00
6.378700000000000259e+00
4.573999999999999844e+00
4.462500000000000355e+00
2.720600000000000129e+00
-1.513300000000000090e+00
-4.299000000000000377e+00
-3.710799999999999876e+00
1.510400000000000076e-01
3.463799999999999990e+00
3.898099999999999898e+00
4.725200000000000067e+00
4.436300000000000132e+00
9.270000000000000462e-02
-3.935000000000000053e+00
-3.541100000000000136e+00
-2.752400000000000180e+00
-4.520999999999999908e+00
-3.810599999999999987e+00
-1.486299999999999955e+00
-2.905800000000000161e+00
-2.806200000000000028e+00
1.052699999999999969e+00
4.565699999999999759e-01
-3.497700000000000031e+00
-4.795600000000000307e+00
-5.939400000000000013e+00
-8.830999999999999517e+00
-1.247099999999999831e+01
-1.480400000000000027e+01
-1.330099999999999838e+01
-9.027300000000000324e+00
-4.382200000000000095e+00
-2.509500000000000064e+00
-5.008499999999999730e+00
-9.048799999999999955e+00
-1.380099999999999838e+01
-1.953400000000000247e+01
-2.362500000000000000e+01
-2.441800000000000281e+01
-2.418400000000000105e+01
-2.529500000000000171e+01
-2.752699999999999747e+01
-2.842599999999999838e+01
-2.431199999999999761e+01
-1.935099999999999909e+01
-2.033900000000000219e+01
-2.390699999999999648e+01
-2.660000000000000142e+01
-3.067800000000000082e+01
-3.461199999999999477e+01
-3.530899999999999750e+01
-3.214900000000000091e+01
-2.910900000000000176e+01
-3.351400000000000290e+01
-3.885099999999999909e+01
-3.466900000000000404e+01
-2.999500000000000099e+01
-3.170199999999999818e+01
-3.448799999999999955e+01
-3.877900000000000347e+01
-4.315800000000000125e+01
-4.226399999999999579e+01
-4.233699999999999619e+01
-4.997299999999999898e+01
-5.573799999999999955e+01
-5.259600000000000364e+01
-4.875899999999999324e+01
-4.954200000000000159e+01
-4.750800000000000267e+01
-4.496899999999999409e+01
-4.274300000000000210e+01
-2.773099999999999810e+01
-1.132699999999999996e+01
-1.134099999999999930e+01
-2.045799999999999841e+01
-2.698099999999999810e+01
-2.815199999999999747e+01
-2.853800000000000026e+01
-2.708300000000000196e+01
-2.512500000000000000e+01
-2.836100000000000065e+01
-2.906400000000000006e+01
-2.621099999999999852e+01
-3.100000000000000000e+01
-4.109100000000000108e+01
-3.757600000000000051e+01
-1.857499999999999929e+01
-1.087299999999999933e+01
-1.702200000000000202e+01
-1.084400000000000119e+01
-1.990399999999999947e+00
-6.683900000000000396e+00
-3.706700000000000106e+00
9.998699999999999477e+00
1.900400000000000134e+01
2.423800000000000310e+01
2.646300000000000097e+01
2.743400000000000105e+01
3.313400000000000034e+01
4.147899999999999920e+01
4.760899999999999466e+01
4.417600000000000193e+01
3.575800000000000267e+01
3.499399999999999977e+01
3.262300000000000466e+01
3.147400000000000020e+01
3.307300000000000040e+01
2.421800000000000352e+01
2.274300000000000210e+01
1.923799999999999955e+01
-1.989800000000000013e+00
-1.636200000000000188e+01
-1.726500000000000057e+01
2.207599999999999785e+00
4.623899999999999721e+01
9.591500000000000625e+01
1.392299999999999898e+02
1.569000000000000057e+02
1.400099999999999909e+02
1.239800000000000040e+02
1.476800000000000068e+02
1.897599999999999909e+02
1.847899999999999920e+02
1.293499999999999943e+02
8.387100000000000932e+01
6.853100000000000591e+01
5.519500000000000028e+01
2.095199999999999818e+01
-2.453599999999999781e+00
1.116499999999999915e+01
1.346400000000000041e+00
-5.341799999999999926e+01
-7.760800000000000409e+01
-4.292300000000000182e+01
-1.499099999999999966e+01
-8.863599999999999923e+00
3.084400000000000031e+00
-1.388800000000000034e+00
1.927899999999999991e+01
8.793299999999999272e+01
1.005699999999999932e+02
6.739900000000000091e+01
7.810399999999999920e+01
8.159399999999999409e+01
5.581600000000000250e+01
6.050600000000000023e+01
6.548399999999999466e+01
3.180699999999999861e+01
-1.750199999999999889e+01
-3.568999999999999773e+01
-2.026299999999999812e+01
-3.688100000000000023e+01
-5.915200000000000102e+01
-5.955699999999999505e+01
-8.138899999999999579e+01
-6.537199999999999989e+01
-4.486600000000000144e+00
2.940599999999999881e+01
7.026300000000000523e+01
1.020799999999999983e+02
8.077400000000000091e+01
7.046300000000000807e+01
7.119800000000000750e+01
5.821600000000000108e+01
6.374600000000000222e+01
5.925999999999999801e+01
2.423600000000000065e+01
-2.736600000000000144e+00
1.780499999999999972e+01
7.873799999999999955e+01
9.556799999999999784e+01
5.171000000000000085e+01
9.630100000000000549e+00
-2.768800000000000239e+01
-7.320000000000000284e+01
-1.022999999999999972e+02
-1.046099999999999994e+02
-1.202199999999999989e+02
-1.326899999999999977e+02
-1.037300000000000040e+02
-7.077299999999999613e+01
-2.955000000000000071e+01
1.251299999999999990e+01
-2.481899999999999995e+00
-3.095499999999999829e+01
-1.165299999999999869e+01
1.001100000000000101e+01
-5.959299999999999820e+00
-1.403800000000000026e+01
-3.113399999999999945e+00
-2.089499999999999957e+01
-6.581499999999999773e+01
-8.824500000000000455e+01
-1.035400000000000063e+02
-1.514499999999999886e+02
-1.823799999999999955e+02
-1.647199999999999989e+02
-1.395500000000000114e+02
-1.151200000000000045e+02
-9.856399999999999295e+01
-1.134099999999999966e+02
-1.193799999999999955e+02
-1.173100000000000023e+02
-1.413100000000000023e+02
-1.760200000000000102e+02
-2.194399999999999977e+02
-2.352599999999999909e+02
-1.807599999999999909e+02
-6.328300000000000125e+01
4.393399999999999750e+01
7.670000000000000284e+01
9.253600000000000136e+01
1.146500000000000057e+02
9.551899999999999125e+01
3.376800000000000068e+01
5.597400000000000375e+00
3.089300000000000068e+01
5.063700000000000045e+01
7.224899999999999523e+01
8.376500000000000057e+01
7.029099999999999682e+01
6.835899999999999466e+01
5.955499999999999972e+01
4.598399999999999466e+01
5.555399999999999494e+01
5.643899999999999295e+01
4.350899999999999324e+01
5.516100000000000136e+01
5.879200000000000159e+01
6.697599999999999909e+01
1.443400000000000034e+02
2.058199999999999932e+02
1.984099999999999966e+02
2.001800000000000068e+02
2.078199999999999932e+02
1.683300000000000125e+02
9.651899999999999125e+01
2.361400000000000077e+01
-1.312199999999999989e+01
-9.683199999999999363e+00
-1.918400000000000105e+01
-3.046000000000000085e+01
-1.674699999999999989e+01
-2.911100000000000065e+01
-8.610099999999999909e+01
-1.195600000000000023e+02
-1.054800000000000040e+02
-9.967000000000000171e+01
-1.157000000000000028e+02
-1.049899999999999949e+02
-6.916599999999999682e+01
-4.824699999999999989e+01
-1.874800000000000111e+01
4.018999999999999773e+01
1.069300000000000068e+02
1.532599999999999909e+02
1.484900000000000091e+02
1.014099999999999966e+02
3.582800000000000296e+01
-1.594299999999999962e+01
-1.845799999999999841e+01
-1.746900000000000119e+01
-5.794200000000000017e+01
-9.084399999999999409e+01
-8.600100000000000477e+01
-7.232800000000000296e+01
-8.221700000000001296e+01
-1.065000000000000000e+02
-1.103900000000000006e+02
-9.039499999999999602e+01
-4.935699999999999932e+01
-5.654799999999999827e+00
1.493200000000000038e+01
1.471499999999999986e+01
1.601999999999999957e+01
2.899800000000000111e+01
2.440699999999999648e+01
6.198100000000000165e+00
2.075600000000000023e+01
4.393199999999999505e+01
3.559100000000000108e+01
2.342900000000000205e+01
2.004700000000000060e+01
-3.671600000000000558e-02
-4.128699999999999903e+01
-6.547499999999999432e+01
-5.181000000000000227e+01
-5.542300000000000182e+01
-7.243500000000000227e+01
-5.428800000000000381e+01
-3.859300000000000352e+01
-3.950300000000000011e+01
-3.241700000000000159e+01
-5.961199999999999832e+00
2.387300000000000111e+01
1.005000000000000071e+01
-2.334499999999999886e+01
-2.428800000000000026e+01
-3.343900000000000095e+00
2.738899999999999935e+01
5.275199999999999534e+01
6.656100000000000705e+01
1.055000000000000000e+02
1.370000000000000000e+02
1.084300000000000068e+02
5.378800000000000381e+01
-1.118599999999999994e+01
-7.907300000000000750e+01
-1.270699999999999932e+02
-1.250400000000000063e+02
-5.603699999999999903e+01
1.185100000000000042e+00
-6.474400000000000155e+00
-2.584400000000000119e+01
-1.104199999999999982e+01
2.856500000000000128e+01
5.768399999999999750e+01
5.252199999999999847e+01
2.288800000000000168e+01
-6.804499999999999993e+00
1.075300000000000011e+01
5.231499999999999773e+01
2.894000000000000128e+01
-1.644400000000000261e+01
-2.397599999999999909e+01
-1.983099999999999952e+01
-8.767400000000000304e+00
-5.288400000000000212e+00
-2.207900000000000063e+01
-4.161800000000000210e+01
-5.897699999999999676e+01
-6.759499999999999886e+01
-6.318899999999999295e+01
-6.685399999999999920e+01
-8.789600000000000080e+01
-1.055799999999999983e+02
-1.007099999999999937e+02
-6.863800000000000523e+01
-3.215599999999999881e+01
-1.740200000000000102e+01
-1.064200000000000035e+00
4.070499999999999829e+01
5.576899999999999835e+01
1.414700000000000024e+01
-1.886400000000000077e+01
-1.362500000000000000e+01
1.364900000000000091e+01
6.457699999999999818e+01
9.496500000000000341e+01
9.400799999999999557e+01
1.076299999999999955e+02
8.420600000000000307e+01
2.520400000000000063e+01
2.836199999999999832e+01
4.440699999999999648e+01
1.480599999999999916e+01
1.834900000000000142e-01
-2.659400000000000208e+00
-6.131999999999999673e+00
1.519400000000000084e+01
4.047400000000000375e+01
5.921199999999999619e+01
6.939100000000000534e+01
7.995499999999999829e+01
1.092099999999999937e+02
1.427100000000000080e+02
1.706899999999999977e+02
1.567100000000000080e+02
1.012600000000000051e+02
7.989600000000000080e+01
8.090500000000000114e+01
5.661899999999999977e+01
2.664900000000000091e+01
1.244599999999999973e+01
5.646200000000000330e+00
-3.110599999999999810e+01
-8.041400000000000148e+01
-9.363700000000000045e+01
-8.963700000000000045e+01
-7.021399999999999864e+01
-4.085000000000000142e+01
-6.199800000000000466e+01
-1.172500000000000000e+02
-1.421399999999999864e+02
-1.299499999999999886e+02
-9.838400000000000034e+01
-6.648799999999999955e+01
-3.417199999999999704e+01
-2.671999999999999886e+01
-3.217199999999999704e+01
5.695000000000000284e+00
3.828900000000000148e+01
3.360199999999999676e+01
2.587699999999999889e+01
7.113400000000000389e+00
-2.262699999999999889e+01
-4.034499999999999886e+01
-7.556199999999999761e+01
-1.338700000000000045e+02
-1.293000000000000114e+02
-6.616100000000000136e+01
-3.292600000000000193e+01
-2.040500000000000114e+01
1.045299999999999940e+01
2.841099999999999781e+01
1.433400000000000141e+01
1.190800000000000081e+00
-1.253099999999999881e+01
-3.739199999999999591e+01
-4.189600000000000080e+01
-7.663599999999999746e+00
3.981900000000000261e+01
5.954100000000000392e+01
6.477400000000000091e+01
8.256200000000001182e+01
8.011899999999999977e+01
5.193100000000000449e+01
1.951800000000000068e+01
-1.340400000000000169e+01
-1.088499999999999979e+01
2.152100000000000080e+01
2.549300000000000210e+01
6.027400000000000091e+00
1.889999999999999858e+01
6.464000000000000057e+01
7.013600000000000989e+01
3.315800000000000125e+01
8.841699999999999449e+00
-7.925900000000000389e+00
-2.448199999999999932e+01
-2.221599999999999753e+01
6.379599999999999937e+00
5.811500000000000199e+01
9.939799999999999613e+01
9.582600000000000762e+01
7.590200000000000102e+01
5.202499999999999858e+01
-3.566600000000000215e+00
-4.434300000000000352e+01
-2.518300000000000338e+01
-1.115700000000000003e+01
-3.875999999999999801e+01
-4.968800000000000239e+01
-2.917699999999999960e+01
-2.058199999999999719e+01
-3.170199999999999818e+01
-3.204699999999999704e+01
1.263600000000000056e+00
3.836999999999999744e+01
5.201600000000000534e+01
5.603100000000000591e+01
6.291799999999999926e+01
4.102499999999999858e+01
-3.444100000000000161e+00
5.432699999999999640e+00
4.035199999999999676e+01
4.357600000000000051e+01
4.861500000000000199e+01
5.799499999999999744e+01
5.746800000000000352e+01
5.334499999999999886e+01
3.536999999999999744e+01
1.918799999999999883e+01
3.669400000000000261e+01
8.434200000000001296e+01
1.216800000000000068e+02
1.225400000000000063e+02
9.752799999999999159e+01
6.061699999999999733e+01
3.829999999999999716e+01
3.617800000000000438e+01
2.392599999999999838e+01
-5.338800000000000212e-01
-1.126700000000000124e+01
9.379099999999999326e+00
2.557999999999999829e+01
-2.212499999999999911e+00
-3.037800000000000011e+01
-4.075800000000000267e+01
-7.891800000000000637e+01
-1.237199999999999989e+02
-1.305999999999999943e+02
-1.273400000000000034e+02
-1.280200000000000102e+02
-1.064899999999999949e+02
-7.837300000000000466e+01
-5.836299999999999955e+01
-1.820100000000000051e+01
3.213100000000000023e+01
4.981600000000000250e+01
3.604800000000000182e+01
1.440400000000000169e+01
-3.573100000000000165e+00
-3.245799999999999841e+01
-5.374300000000000210e+01
-3.360999999999999943e+01
-9.449099999999999611e+00
-1.042300000000000004e+01
-3.069699999999999918e+01
-6.010899999999999466e+01
-8.787799999999998590e+01
-1.160400000000000063e+02
-1.479900000000000091e+02
-1.676899999999999977e+02
-1.520399999999999920e+02
-1.197399999999999949e+02
-9.413600000000000989e+01
-5.310300000000000153e+01
-1.946599999999999753e+01
-2.735300000000000153e+01
-2.292199999999999704e+01
2.558199999999999719e+01
7.242399999999999238e+01
6.841500000000000625e+01
2.529300000000000281e+01
1.333000000000000007e+01
3.185699999999999932e+01
2.905999999999999872e+01
1.445099999999999874e+01
-3.809899999999999842e+00
-3.113400000000000034e+01
-6.352799999999999869e+01
-8.795999999999999375e+01
-7.943000000000000682e+01
-5.679999999999999716e+01
-5.519800000000000040e+01
-6.509399999999999409e+01
-6.973000000000000398e+01
-4.891600000000000392e+01
-1.008000000000000007e+01
2.396599999999999753e+01
6.961899999999999977e+01
1.007500000000000000e+02
1.052600000000000051e+02
1.134599999999999937e+02
1.046099999999999994e+02
7.301699999999999591e+01
5.066899999999999693e+01
3.401099999999999568e+01
1.132100000000000106e+00
-3.449800000000000466e+01
-6.374800000000000466e+01
-7.254099999999999682e+01
-5.223600000000000421e+01
-5.343500000000000227e+01
-6.783499999999999375e+01
-4.388899999999999579e+01
-2.427400000000000091e+01
-4.265600000000000591e+01
-4.959000000000000341e+01
-4.463499999999999801e+01
-4.940200000000000102e+01
-3.196800000000000352e+01
4.374100000000000321e+00
4.107500000000000284e+01
5.127199999999999847e+01
4.113300000000000267e+01
4.956600000000000250e+01
6.096500000000000341e+01
7.633599999999999852e+01
1.038599999999999994e+02
1.132699999999999960e+02
7.970399999999999352e+01
3.599600000000000222e+01
2.202800000000000225e+01
3.710100000000000064e-01
-2.502400000000000091e+01
-2.001999999999999957e+01
-1.824900000000000233e+01
-1.769200000000000017e+01
3.656499999999999861e+00
1.958299999999999841e+01
2.574399999999999977e+01
2.999099999999999966e+01
2.375199999999999889e+01
2.215300000000000225e+01
3.073900000000000077e+01
3.376500000000000057e+01
3.901899999999999835e+01
6.247999999999999687e+01
7.885300000000000864e+01
6.484899999999998954e+01
4.925199999999999534e+01
4.811399999999999721e+01
6.108500000000000085e+01
8.115800000000000125e+01
7.652899999999999636e+01
6.136600000000000676e+01
5.548799999999999955e+01
4.229699999999999704e+01
1.713700000000000045e+01
-1.788100000000000023e+01
-3.418500000000000227e+01
-2.092999999999999972e+01
-1.392500000000000071e+01
-3.012099999999999866e+01
-4.989100000000000534e+01
-3.072300000000000253e+01
6.073999999999999844e+00
2.095800000000000107e+00
-4.527599999999999625e+00
1.592699999999999960e+01
2.190800000000000125e+01
1.935999999999999943e+01
3.050800000000000267e+01
2.357400000000000162e+01
-6.743500000000000050e+00
-1.156499999999999950e+01
1.932700000000000173e+01
4.072099999999999653e+01
3.874800000000000466e+01
4.251800000000000068e+01
4.356000000000000227e+01
2.686300000000000310e+01
1.343099999999999916e+01
1.072400000000000020e+01
3.136899999999999977e+01
5.828300000000000125e+01
5.778100000000000591e+01
4.138100000000000023e+01
2.037500000000000000e+01
7.242200000000000415e+00
-1.322999999999999954e+00
-1.819699999999999918e+01
-2.558999999999999986e+01
-7.142500000000000071e+00
1.635000000000000142e+01
1.714000000000000057e+01
1.011599999999999966e+01
5.847999999999999865e-01
-2.832400000000000162e+01
-4.094400000000000261e+01
-2.185000000000000142e+01
-1.261700000000000088e+01
-1.250699999999999967e+01
-1.219800000000000040e+01
-2.969300000000000139e+01
-4.884600000000000364e+01
-5.980300000000000438e+01
-6.878900000000000148e+01
-4.903899999999999437e+01
2.047600000000000087e+00
4.125699999999999790e+01
4.367999999999999972e+01
3.697400000000000375e+01
4.695700000000000074e+01
5.483200000000000074e+01
5.407899999999999352e+01
5.772999999999999687e+01
5.054500000000000171e+01
1.382799999999999940e+01
-2.799900000000000233e+01
-4.077400000000000091e+01
-4.508100000000000307e+01
-6.006199999999999761e+01
-7.365000000000000568e+01
-7.976200000000000045e+01
-6.684100000000000819e+01
-4.091900000000000404e+01
-3.440500000000000114e+01
-5.275899999999999324e+01
-6.479500000000000171e+01
-6.984899999999998954e+01
-7.915300000000000580e+01
-7.238200000000000500e+01
-5.854899999999999949e+01
-5.001200000000000045e+01
-3.632099999999999795e+01
-2.752400000000000091e+01
-2.613599999999999923e+01
-2.401800000000000068e+01
-2.316000000000000014e+01
-2.728400000000000247e+01
-2.405900000000000105e+01
-9.832200000000000273e+00
-8.914099999999999469e+00
-2.010000000000000142e+01
-1.987300000000000111e+01
-6.933500000000000441e+00
3.766500000000000181e+00
-7.530400000000000205e+00
-2.900900000000000034e+01
-2.891699999999999804e+01
-7.918400000000000105e+00
1.404199999999999982e+01
9.091499999999999915e+00
-1.089700000000000024e+01
-3.910299999999999887e+00
1.490200000000000102e+01
2.177499999999999858e+01
1.996900000000000119e+01
5.445599999999999774e+00
-3.935799999999999965e+00
-3.545599999999999863e+00
-6.850900000000000212e+00
-4.089199999999999946e+00
3.926499999999999879e+00
1.566200000000000037e+00
-1.226700000000000124e+01
-3.080999999999999872e+01
-4.416100000000000136e+01
-3.800099999999999767e+01
-2.122400000000000020e+01
-8.041600000000000747e+00
4.483699999999999797e+00
9.076599999999999113e+00
-1.778399999999999981e+00
-1.349599999999999866e+01
-2.236800000000000210e+01
-2.912699999999999889e+01
-2.093699999999999761e+01
-3.255500000000000060e+00
5.322400000000000020e+00
4.075000000000000178e+00
1.173100000000000032e+00
6.013399999999999856e+00
1.504599999999999937e+01
1.780300000000000082e+01
2.880000000000000071e+01
3.813199999999999790e+01
2.301199999999999690e+01
2.591400000000000148e+00
-7.276099999999999568e+00
-1.245700000000000029e+00
1.447099999999999831e+01
2.672599999999999909e+01
2.482699999999999818e+01
9.282600000000000406e+00
4.398399999999999643e+00
8.678300000000000125e+00
1.111400000000000077e+01
1.259900000000000020e+01
1.267099999999999937e+01
8.698100000000000165e+00
1.824500000000000011e-01
-6.467200000000000060e+00
-8.401799999999999713e+00
-1.018399999999999928e+01
-1.715700000000000003e+01
-1.724800000000000111e+01
-5.449699999999999989e+00
8.508800000000000807e+00
1.876000000000000156e+01
2.204800000000000182e+01
2.511899999999999977e+01
2.719099999999999895e+01
1.892200000000000060e+01
6.651799999999999713e+00
4.852500000000000036e+00
7.820800000000000196e+00
1.127400000000000091e+01
1.829500000000000171e+01
1.518599999999999994e+01
2.582399999999999807e+00
-5.104899999999999771e+00
-1.403999999999999915e+00
8.118900000000000006e+00
1.369999999999999929e+01
1.786100000000000065e+01
2.231099999999999994e+01
2.183800000000000097e+01
1.403900000000000148e+01
9.417899999999999494e+00
9.886100000000000776e+00
6.418400000000000105e+00
1.879499999999999948e+00
-1.013700000000000045e+01
-2.253800000000000026e+01
-1.587599999999999945e+01
-4.624699999999999811e+00
-2.141300000000000203e+00
-3.829000000000000181e+00
-6.817199999999999704e+00
-4.731200000000000294e+00
3.792199999999999793e+00
1.326500000000000057e+01
2.028300000000000125e+01
2.449300000000000210e+01
2.607400000000000162e+01
2.129500000000000171e+01
1.033400000000000141e+01
6.352199999999999847e+00
7.261400000000000077e+00
2.912599999999999856e+00
5.302900000000000169e+00
9.461899999999999977e+00
5.837600000000000122e+00
9.789199999999999235e+00
1.858800000000000097e+01
1.867500000000000071e+01
1.513499999999999979e+01
1.231900000000000084e+01
1.099499999999999922e+01
1.225999999999999979e+01
1.299200000000000088e+01
8.500500000000000611e+00
-8.548799999999999732e-01
-6.791699999999999626e+00
-2.288899999999999935e+00
6.122799999999999798e+00
6.525100000000000122e+00
4.897499999999999964e+00
9.529299999999999216e+00
1.099099999999999966e+01
4.716800000000000104e+00
-2.873699999999999921e+00
-1.327500000000000036e+01
-2.189400000000000190e+01
-1.408699999999999974e+01
2.243700000000000028e+00
1.060599999999999987e+01
1.539099999999999824e+01
1.922599999999999909e+01
1.403700000000000081e+01
2.773899999999999810e+00
-1.510099999999999998e+00
5.490300000000000402e+00
1.101599999999999824e+01
1.104400000000000048e+01
1.174499999999999922e+01
6.753400000000000070e+00
-4.207199999999999829e-01
-2.479200000000000070e+00
-3.053599999999999870e+00
-4.907700000000000173e+00
-1.070099999999999874e+01
-1.286400000000000077e+01
-3.825600000000000112e+00
1.856800000000000006e+00
-5.106700000000000017e+00
-1.095700000000000074e+01
-7.805699999999999861e+00
-7.602700000000000014e-01
5.380099999999999660e+00
1.101599999999999824e+01
1.387400000000000055e+01
8.333800000000000097e+00
-2.667199999999999793e+00
-1.096199999999999974e+01
-9.832000000000000739e+00
-3.799100000000000144e+00
-4.278100000000000236e-01
3.232899999999999885e+00
2.739300000000000068e+00
-2.569100000000000161e+00
-6.422399999999999665e+00
-1.103299999999999947e+01
-1.340499999999999936e+01
-9.110799999999999343e+00
-3.347799999999999887e+00
-1.106600000000000028e+00
1.180500000000000105e+00
2.766999999999999904e+00
-1.588700000000000112e-01
-2.034199999999999786e+00
2.142399999999999860e+00
8.570899999999999963e+00
1.223700000000000010e+01
1.329099999999999859e+01
1.490599999999999881e+01
1.250599999999999845e+01
4.603299999999999947e+00
1.607900000000000162e-01
1.129199999999999982e+00
3.640499999999999847e+00
7.701100000000000723e-01
-9.311799999999999855e+00
-1.323900000000000077e+01
-9.082200000000000273e+00
-8.060800000000000409e+00
-1.205499999999999972e+01
-1.384599999999999831e+01
-7.909399999999999764e+00
-2.886299999999999866e+00
-5.653500000000000192e+00
-4.552399999999999558e+00
4.434899999999999398e-01
-4.239300000000000068e+00
-7.360299999999999621e+00
1.160300000000000109e+00
2.372300000000000075e+00
-6.241100000000000314e+00
-9.278399999999999537e+00
-1.086400000000000077e+01
-1.566400000000000148e+01
-1.712400000000000233e+01
-1.802700000000000102e+01
-1.996099999999999852e+01
-1.969200000000000017e+01
-1.958399999999999963e+01
-1.716400000000000148e+01
-1.370400000000000063e+01
-1.366599999999999859e+01
-1.333500000000000085e+01
-1.183999999999999986e+01
-7.284600000000000186e+00
-3.914499999999999869e+00
-1.027299999999999969e+01
-1.689600000000000080e+01
-1.361099999999999888e+01
-4.849300000000000388e+00
1.792499999999999982e+00
2.927200000000000024e+00
4.398100000000000342e-01
-4.039100000000000357e+00
-8.815899999999999181e+00
-1.029599999999999937e+01
-8.393200000000000216e+00
-8.835100000000000620e+00
-1.283900000000000041e+01
-1.339700000000000024e+01
-1.148700000000000010e+01
-1.124300000000000033e+01
-1.249900000000000055e+01
-1.353200000000000003e+01
-8.834699999999999775e+00
-1.975400000000000045e+00
-8.361600000000000144e-01
-4.272300000000000431e+00
-8.265399999999999636e+00
-1.250900000000000034e+01
-1.507300000000000040e+01
-1.202299999999999969e+01
-8.748699999999999477e+00
-9.425499999999999545e+00
-8.484899999999999665e+00
-5.732999999999999652e+00
-4.472199999999999953e+00
-6.931300000000000239e+00
-1.056599999999999895e+01
-8.900299999999999656e+00
-5.620099999999999874e+00
-8.841700000000001225e-01
7.684499999999999886e+00
1.084999999999999964e+01
4.408800000000000274e+00
-1.858000000000000096e+00
-2.177999999999999936e+00
-4.381999999999999784e-01
-5.491399999999999615e-01
-1.430099999999999927e+00
1.147499999999999964e+00
3.511200000000000099e+00
1.942700000000000093e+00
-7.075899999999999412e-01
-3.635499999999999954e+00
-3.392799999999999816e+00
-1.896500000000000130e-01
-4.687399999999999900e-01
-3.488100000000000200e+00
-4.687500000000000000e+00
-2.852100000000000080e+00
5.553600000000000758e-01
7.819899999999999629e-01
-1.098799999999999999e+00
-7.057299999999999685e-01
-8.852299999999999613e-01
-8.905700000000000838e-01
1.957299999999999873e-01
-2.304400000000000059e-01
1.303299999999999903e+00
6.136999999999999567e+00
8.349000000000000199e+00
8.068899999999999295e+00
7.118699999999999584e+00
2.779399999999999871e+00
-1.331299999999999928e+00
-1.620200000000000085e+00
-9.500700000000000811e-01
2.360399999999999832e+00
9.169800000000000395e+00
1.161400000000000077e+01
8.357499999999999929e+00
5.905499999999999972e+00
3.836100000000000065e+00
2.402200000000000113e+00
4.871400000000000396e+00
7.735199999999999854e+00
9.406299999999999883e+00
8.879899999999999238e+00
4.735000000000000320e+00
2.395999999999999908e+00
2.113300000000000178e+00
1.769900000000000029e+00
3.541199999999999903e+00
5.554199999999999804e+00
6.825999999999999623e+00
7.225299999999999834e+00
7.126699999999999591e+00
8.249700000000000699e+00
8.580199999999999605e+00
8.910299999999999443e+00
1.099799999999999933e+01
1.318200000000000038e+01
1.355499999999999972e+01
1.135900000000000176e+01
9.277699999999999392e+00
7.354700000000000237e+00
4.107899999999999885e+00
2.651699999999999946e+00
4.086800000000000210e+00
7.544299999999999784e+00
1.070800000000000018e+01
9.828099999999999170e+00
6.081400000000000361e+00
2.700200000000000156e+00
1.479000000000000092e+00
3.288300000000000001e+00
5.659600000000000186e+00
5.522400000000000198e+00
5.161400000000000432e+00
7.344899999999999984e+00
9.103699999999999903e+00
7.857999999999999652e+00
6.206900000000000084e+00
5.145500000000000185e+00
4.379500000000000171e+00
6.284699999999999953e+00
8.678900000000000503e+00
7.535099999999999909e+00
4.820000000000000284e+00
3.450499999999999901e+00
3.596799999999999997e+00
4.104700000000000237e+00
4.798899999999999721e+00
4.932599999999999874e+00
3.418400000000000105e+00
1.690700000000000092e+00
7.593699999999999894e-01
9.101200000000000401e-01
1.703799999999999981e+00
2.392399999999999860e+00
3.417199999999999793e+00
4.072899999999999743e+00
4.019800000000000040e+00
4.429000000000000270e+00
4.019199999999999662e+00
1.431799999999999962e+00
-7.848499999999999921e-02
1.880700000000000038e+00
4.474700000000000344e+00
4.559099999999999930e+00
3.119699999999999918e+00
3.053599999999999870e+00
3.949699999999999989e+00
3.948700000000000099e+00
4.471000000000000085e+00
6.039500000000000313e+00
6.328999999999999737e+00
4.351499999999999702e+00
6.761399999999999633e-01
-1.776999999999999913e+00
-1.477400000000000047e+00
-5.562799999999999967e-01
4.426499999999999879e-01
1.332699999999999996e+00
1.810499999999999998e+00
1.792599999999999971e+00
-4.716200000000000253e-02
-2.344599999999999795e+00
-2.157300000000000217e+00
-1.865999999999999950e-02
2.088799999999999990e+00
3.474899999999999878e+00
3.184200000000000141e+00
1.279199999999999893e+00
-1.685500000000000054e-01
-4.102199999999999736e-01
9.236100000000000421e-01
3.280699999999999950e+00
3.927099999999999813e+00
3.254300000000000193e+00
3.263700000000000045e+00
3.504799999999999915e+00
3.391099999999999781e+00
2.795900000000000052e+00
1.857399999999999940e+00
6.402800000000000713e-01
-1.025700000000000056e+00
-2.076000000000000068e+00
-2.741999999999999993e+00
-4.384999999999999787e+00
-4.793499999999999872e+00
-1.156900000000000039e+00
4.381700000000000372e+00
7.058500000000000441e+00
4.614799999999999791e+00
-1.129000000000000004e+00
-4.709100000000000286e+00
-4.520500000000000185e+00
-6.158199999999999896e+00
-1.119299999999999962e+01
-1.529400000000000048e+01
-1.603800000000000026e+01
-1.441400000000000148e+01
-1.280900000000000105e+01
-1.148499999999999943e+01
-9.513999999999999346e+00
-7.740899999999999892e+00
-6.454399999999999693e+00
-4.221199999999999619e+00
-2.014400000000000190e+00
-2.123400000000000176e+00
-3.012100000000000222e+00
-3.349899999999999878e+00
-3.414800000000000058e+00
-1.333499999999999908e+00
1.952499999999999902e+00
3.151400000000000201e+00
2.395099999999999785e+00
1.212699999999999889e+00
1.891500000000000126e-01
8.464700000000000557e-01
3.858400000000000052e+00
3.821800000000000086e+00
-1.535500000000000087e+00
-5.597999999999999865e+00
-7.126599999999999824e+00
-7.918700000000000294e+00
-4.267299999999999649e+00
1.591099999999999959e+00
3.536000000000000032e+00
1.756499999999999950e+00
-5.056599999999999984e-01
-6.362600000000000477e-01
-9.545299999999998786e-01
-3.400900000000000034e+00
-4.548700000000000188e+00
-4.342100000000000293e+00
-4.955199999999999605e+00
-5.231200000000000294e+00
-5.422200000000000131e+00
-6.974999999999999645e+00
-7.706699999999999662e+00
-5.728299999999999947e+00
-3.728400000000000158e+00
-3.748600000000000154e+00
-5.589800000000000324e+00
-8.301700000000000301e+00
-7.893500000000000405e+00
-3.456500000000000128e+00
-3.205999999999999961e-01
7.997200000000000142e-02
6.113600000000000145e-01
1.438199999999999923e+00
2.311199999999999921e+00
3.968199999999999950e+00
6.863500000000000156e+00
8.567399999999999238e+00
7.468300000000000161e+00
6.218099999999999739e+00
4.287700000000000067e+00
2.086199999999999832e+00
1.182199999999999918e+00
-1.663799999999999946e+00
-5.073100000000000165e+00
-5.579399999999999693e+00
-5.026099999999999568e+00
-3.169999999999999929e+00
-5.687300000000000688e-01
9.486499999999999932e-01
2.373600000000000154e+00
3.170700000000000074e+00
4.129400000000000404e+00
4.551599999999999646e+00
2.505999999999999783e+00
1.126900000000000013e+00
1.503700000000000037e+00
2.276600000000000179e+00
4.343399999999999928e+00
5.745599999999999596e+00
3.046100000000000030e+00
-1.084400000000000031e+00
-8.255399999999999405e-01
1.818500000000000005e+00
3.043099999999999916e+00
3.963200000000000056e+00
3.130300000000000082e+00
7.131899999999999906e-01
-1.977200000000000069e+00
-5.469000000000000306e+00
-7.293499999999999872e+00
-7.325300000000000367e+00
-8.617200000000000415e+00
-1.077599999999999980e+01
-1.011100000000000065e+01
-4.665399999999999991e+00
1.312599999999999989e+00
3.523200000000000109e+00
3.549300000000000122e+00
3.196800000000000086e+00
2.478000000000000203e+00
9.018500000000000405e-01
-1.298999999999999932e+00
-3.439200000000000035e+00
-3.870400000000000063e+00
-1.769500000000000073e+00
-7.186299999999999910e-01
-6.974899999999999434e-01
2.629399999999999959e+00
7.132699999999999818e+00
9.628700000000000259e+00
1.133300000000000018e+01
1.205900000000000105e+01
1.012899999999999956e+01
7.467399999999999594e+00
8.569399999999999906e+00
1.198499999999999943e+01
1.219299999999999962e+01
8.289999999999999147e+00
3.512799999999999923e+00
1.264299999999999979e+00
2.552700000000000191e+00
4.452600000000000335e+00
4.532000000000000028e+00
3.528200000000000003e+00
2.118399999999999839e+00
1.076099999999999973e-01
-3.001399999999999846e+00
-6.506099999999999994e+00
-7.027800000000000047e+00
-4.899300000000000210e+00
-5.940199999999999925e+00
-8.220000000000000639e+00
-5.288400000000000212e+00
-2.847700000000000120e+00
-5.585300000000000153e+00
-7.280100000000000016e+00
-5.852100000000000080e+00
-3.231500000000000039e+00
-1.291899999999999993e-01
3.751900000000000013e+00
8.404199999999999449e+00
8.684499999999999886e+00
6.132100000000000328e+00
5.452200000000000379e+00
2.181000000000000050e+00
-3.256699999999999928e+00
-5.648299999999999876e+00
-4.825599999999999667e+00
-2.639800000000000146e+00
-9.971600000000000463e-01
-1.197300000000000031e+00
-6.520899999999999475e-01
1.729300000000000059e+00
3.932399999999999896e+00
6.619299999999999962e+00
8.464399999999999480e+00
8.683999999999999275e+00
7.052599999999999980e+00
3.549399999999999888e+00
2.095899999999999874e+00
2.285899999999999821e+00
-3.730699999999999572e-01
-3.160000000000000142e+00
-6.081100000000000394e-01
1.790499999999999980e+00
9.843300000000000660e-02
-2.153200000000000003e+00
-4.073199999999999932e+00
-4.006499999999999950e+00
-1.748899999999999899e+00
-8.464000000000000412e-01
-2.327900000000000080e+00
-3.838000000000000078e+00
-4.447799999999999976e+00
-4.335399999999999920e+00
-2.625199999999999978e+00
-1.081900000000000084e+00
-9.877600000000000824e-01
-1.178099999999999925e+00
2.835500000000000242e-01
3.632299999999999862e+00
5.173099999999999810e+00
7.030899999999999928e+00
9.499000000000000554e+00
4.853699999999999903e+00
-2.171600000000000197e+00
-3.165900000000000158e+00
-2.418699999999999850e+00
-2.367100000000000204e+00
-4.097299999999999720e+00
-8.457399999999999807e+00
-8.150299999999999656e+00
-3.814700000000000202e+00
-3.181000000000000050e+00
-3.963999999999999968e+00
-2.735399999999999832e+00
-1.679300000000000015e+00
-2.356199999999999850e+00
-2.643600000000000172e+00
8.564400000000001179e-02
2.215700000000000003e+00
-2.482000000000000040e-01
-4.298300000000000232e+00
-4.622799999999999798e+00
-1.183499999999999996e+00
1.128400000000000070e+00
8.801100000000000589e-01
-4.212699999999999778e-01
-1.372700000000000031e+00
-1.266599999999999948e+00
-7.370899999999999119e-01
4.157100000000000239e-01
9.661999999999999478e-01
-8.006400000000000183e-01
-2.091600000000000126e+00
-2.730299999999999949e-01
1.537800000000000056e+00
2.375100000000000211e+00
3.828599999999999781e+00
4.377200000000000202e+00
3.685000000000000053e+00
2.534299999999999997e+00
2.082699999999999996e+00
3.027499999999999858e+00
3.769099999999999895e+00
4.379400000000000404e+00
4.161400000000000432e+00
-1.588900000000000035e-02
-4.651799999999999713e+00
-5.364700000000000024e+00
-6.024099999999999788e+00
-9.091200000000000614e+00
-1.019599999999999973e+01
-7.523799999999999599e+00
-5.220600000000000129e+00
-3.909600000000000186e+00
-1.713500000000000023e+00
-4.777600000000000180e-01
2.310000000000000109e-01
3.385600000000000165e+00
5.775900000000000034e+00
4.559599999999999653e+00
3.234999999999999876e+00
1.925499999999999989e+00
-9.649199999999999444e-02
-6.928999999999999604e-01
2.809300000000000130e-01
2.330499999999999794e+00
2.416199999999999903e+00
-1.041099999999999914e+00
-3.493700000000000028e+00
-4.505499999999999616e+00
-6.750300000000000189e+00
-6.915899999999999714e+00
-2.968300000000000161e+00
-2.129800000000000304e-01
-1.225999999999999979e+00
-1.842400000000000038e+00
-1.001100000000000101e+00
-1.711699999999999999e+00
-3.709799999999999986e+00
-5.177200000000000024e+00
-5.087100000000000399e+00
-1.941100000000000048e+00
3.235300000000000065e+00
5.313500000000000334e+00
3.494699999999999918e+00
2.745099999999999874e+00
4.036699999999999733e+00
3.611099999999999977e+00
1.154800000000000049e+00
-4.943399999999999461e-01
-3.055400000000000338e-01
1.495700000000000029e+00
2.213699999999999779e+00
-5.970099999999999713e-02
-2.456599999999999895e+00
-2.820199999999999818e+00
-2.335599999999999898e+00
-2.929899999999999949e+00
-4.476200000000000401e+00
-4.625300000000000189e+00
-2.668299999999999894e+00
-8.826600000000000001e-01
-9.666900000000000492e-02
6.130600000000000493e-01
6.687100000000000266e-01
-6.741599999999999815e-01
-2.300199999999999800e+00
-8.839600000000000790e-01
2.698199999999999932e+00
3.315999999999999837e+00
1.900400000000000089e+00
2.280199999999999783e+00
2.270399999999999974e+00
8.203499999999998987e-03
-1.092300000000000049e+00
-5.765700000000000269e-01
-1.473300000000000054e+00
-3.466899999999999871e+00
-4.574699999999999989e+00
-4.481900000000000439e+00
-3.818299999999999805e+00
-3.735399999999999832e+00
-4.667300000000000004e+00
-5.245099999999999874e+00
-5.015200000000000102e+00
-3.380700000000000038e+00
-3.740600000000000036e-01
1.628600000000000048e+00
2.925600000000000200e+00
2.965899999999999981e+00
1.791099999999999914e-01
-2.753299999999999859e+00
-1.854400000000000048e+00
2.218300000000000161e+00
5.704299999999999926e+00
5.910899999999999821e+00
2.035499999999999865e+00
-1.908199999999999896e+00
-2.061799999999999855e+00
2.540300000000000336e-01
2.027800000000000047e+00
2.681500000000000217e+00
4.400699999999999612e+00
5.219699999999999562e+00
2.544200000000000017e+00
4.400400000000000145e-02
-1.213999999999999940e-01
-2.630500000000000199e-02
-5.422700000000000298e-01
-1.270199999999999940e-01
2.188699999999999868e+00
4.873899999999999899e+00
5.904799999999999827e+00
4.172900000000000276e+00
1.751700000000000035e+00
4.013599999999999945e-01
-9.036100000000000243e-01
-9.706399999999999473e-01
7.709500000000000207e-03
2.206899999999999973e-01
9.727200000000000291e-01
2.670300000000000118e+00
2.995499999999999829e+00
1.605900000000000105e+00
2.720400000000000040e-01
-4.806199999999999917e-01
-6.719600000000000017e-01
-8.829100000000000836e-01
-4.360699999999999577e-01
1.115099999999999980e+00
1.976499999999999924e+00
2.642500000000000071e+00
2.631200000000000205e+00
1.012499999999999956e+00
5.076999999999999569e-02
1.370500000000000052e+00
3.320100000000000051e+00
3.260400000000000187e+00
2.420700000000000074e+00
2.033999999999999808e+00
7.541800000000000725e-01
-1.201400000000000037e-03
9.626500000000000057e-01
1.578500000000000014e+00
1.705000000000000071e+00
1.602800000000000002e+00
-6.424699999999999855e-01
-3.600999999999999979e+00
-4.396399999999999864e+00
-3.915000000000000036e+00
-3.241600000000000037e+00
-2.301600000000000090e+00
-5.842100000000000071e-01
1.820500000000000007e+00
2.209299999999999820e+00
-1.328000000000000014e-01
-1.635999999999999899e+00
-7.196299999999999919e-01
-8.134799999999999323e-03
-1.197000000000000064e+00
-2.820199999999999818e+00
-3.772299999999999986e+00
-4.147499999999999964e+00
-3.781000000000000139e+00
-2.859999999999999876e+00
-1.919100000000000028e+00
-1.270699999999999941e+00
-1.012599999999999945e+00
-1.127199999999999980e+00
-1.408800000000000052e+00
-1.886100000000000110e+00
-1.924400000000000110e+00
-1.018299999999999983e+00
-8.183600000000000874e-01
-1.280299999999999994e+00
-1.441099999999999881e-01
1.513800000000000034e+00
1.689500000000000002e+00
1.787199999999999900e+00
2.260800000000000143e+00
1.523900000000000032e+00
-4.285699999999999926e-02
-7.553900000000000059e-01
-9.280299999999999105e-01
-1.975999999999999979e+00
-2.757600000000000051e+00
-1.290999999999999925e+00
1.018399999999999972e+00
2.665599999999999969e+00
4.201299999999999812e+00
4.630200000000000315e+00
3.330299999999999816e+00
1.548399999999999999e+00
2.361699999999999910e-01
-7.608399999999999885e-02
8.554599999999999704e-02
1.178400000000000142e-01
1.014499999999999957e+00
2.035899999999999821e+00
1.276799999999999935e+00
2.340500000000000080e-01
2.340700000000000072e-02
-2.325699999999999712e-01
-1.781900000000000150e-01
9.207299999999999374e-01
2.275599999999999845e+00
2.190300000000000136e+00
8.219100000000000295e-01
-6.154600000000000348e-02
-3.155000000000000027e-01
-3.355599999999999694e-01
1.670200000000000018e-01
9.801200000000001022e-01
1.603900000000000103e+00
1.708399999999999919e+00
1.715000000000000080e+00
1.191899999999999959e+00
-3.552199999999999802e-01
-1.743200000000000083e+00
-2.001599999999999824e+00
-1.398200000000000109e+00
-1.174099999999999921e+00
-1.477100000000000080e+00
-1.230499999999999927e+00
-1.616400000000000059e+00
-3.373000000000000220e+00
-3.820500000000000007e+00
-2.587699999999999889e+00
-1.967899999999999983e+00
-1.343900000000000095e+00
-1.641199999999999951e-02
7.852500000000000036e-01
1.188900000000000068e+00
1.193599999999999994e+00
4.864999999999999880e-01
2.260599999999999832e-01
8.053899999999999393e-01
1.581099999999999950e+00
1.721300000000000052e+00
6.856100000000000527e-01
-6.149700000000000166e-01
-9.723399999999999821e-01
-9.404400000000000259e-02
9.477299999999999613e-01
1.178800000000000070e+00
9.970799999999999663e-01
1.249700000000000033e+00
2.322900000000000187e+00
3.222300000000000164e+00
3.034800000000000164e+00
2.545700000000000074e+00
2.260099999999999998e+00
1.957999999999999963e+00
1.469999999999999973e+00
4.890600000000000502e-01
-7.031699999999999617e-01
-1.156900000000000039e+00
-9.102700000000000236e-01
-5.810199999999999809e-01
-1.550799999999999956e-01
1.455899999999999972e-01
2.538499999999999784e-02
-5.685399999999999343e-01
-1.264000000000000012e+00
-1.193000000000000060e+00
-1.096700000000000008e+00
-1.679899999999999949e+00
-2.046600000000000197e+00
-2.521700000000000053e+00
-3.600099999999999856e+00
-3.861699999999999910e+00
-2.453100000000000058e+00
-9.769299999999999651e-01
-3.870000000000000107e-01
3.370799999999999907e-01
8.011000000000000343e-01
2.115400000000000058e-01
-6.535400000000000098e-01
-1.322000000000000064e+00
-1.522000000000000020e+00
-7.699600000000000888e-01
1.280500000000000041e-02
-8.784400000000000541e-02
-3.351000000000000090e-01
-4.989100000000000201e-01
-5.455899999999999084e-01
-9.772300000000000431e-02
3.672699999999999854e-01
5.415699999999999958e-01
5.947000000000000064e-01
7.237100000000000755e-01
6.239000000000000101e-01
1.104500000000000065e-01
-2.484099999999999919e-01
-5.751600000000000046e-01
-9.051399999999999446e-01
-5.928899999999999171e-01
2.130400000000000071e-01
7.636600000000000055e-01
1.049800000000000066e+00
1.519700000000000051e+00
2.257499999999999840e+00
2.603800000000000114e+00
2.105100000000000193e+00
1.893699999999999939e+00
2.322999999999999954e+00
2.304199999999999804e+00
1.600200000000000067e+00
7.415399999999999769e-01
5.728300000000000752e-02
-3.763900000000000023e-01
-6.059799999999999909e-02
1.143199999999999994e+00
1.973500000000000032e+00
1.560599999999999987e+00
8.054600000000000648e-01
5.550599999999999978e-01
3.604300000000000281e-01
3.005299999999999638e-02
2.190300000000000302e-01
7.904700000000000060e-01
1.000299999999999967e+00
1.244199999999999973e+00
1.777400000000000091e+00
1.699999999999999956e+00
1.095199999999999951e+00
1.012399999999999967e+00
1.111099999999999977e+00
5.575499999999999901e-01
-1.627599999999999880e-03
1.599500000000000088e-01
6.538300000000000223e-01
8.182500000000000329e-01
3.705100000000000060e-01
-7.215299999999999492e-02
-1.706499999999999961e-01
-4.338000000000000189e-01
-9.508100000000000440e-01
-1.418500000000000094e+00
-1.678099999999999925e+00
-1.628300000000000081e+00
-1.389000000000000012e+00
-1.526999999999999913e+00
-2.042499999999999982e+00
-2.055200000000000138e+00
-1.517200000000000104e+00
-1.307399999999999896e+00
-1.309600000000000097e+00
-1.279900000000000038e+00
-1.585800000000000098e+00
-1.922099999999999920e+00
-1.605599999999999916e+00
-8.573799999999999200e-01
-6.593700000000000117e-01
-1.011400000000000077e+00
-1.153899999999999926e+00
-8.904999999999999583e-01
-5.043999999999999595e-01
-3.562199999999999811e-01
-2.087499999999999911e-01
1.167500000000000066e-01
1.571900000000000033e-02
-4.930899999999999728e-01
-7.199399999999999133e-01
-5.773099999999999898e-01
-4.065599999999999770e-01
-5.010399999999999299e-01
-6.446100000000000163e-01
-8.818000000000000282e-01
-1.514000000000000012e+00
-1.764799999999999924e+00
-1.248899999999999899e+00
-7.708699999999999442e-01
-7.423499999999999543e-01
-7.611399999999999277e-01
-7.081499999999999462e-01
-6.850100000000000078e-01
-4.488399999999999612e-01
-3.676200000000000301e-02
3.788699999999999846e-01
7.871000000000000218e-01
1.062899999999999956e+00
1.175699999999999967e+00
1.103900000000000103e+00
8.497000000000000108e-01
7.980099999999999971e-01
1.013700000000000045e+00
1.019400000000000084e+00
5.907200000000000228e-01
2.196400000000000019e-01
4.654399999999999649e-01
9.297100000000000364e-01
1.029300000000000104e+00
7.548399999999999554e-01
3.387300000000000311e-01
1.025900000000000145e-01
2.718899999999999789e-02
-6.389400000000000635e-02
-7.361700000000000188e-02
4.087799999999999767e-02
1.946099999999999774e-01
1.197400000000000131e-01
-2.185999999999999888e-01
-4.307100000000000373e-01
-3.269400000000000084e-01
-2.368800000000000072e-02
1.539200000000000013e-01
6.727600000000000247e-02
-1.775599999999999956e-01
-4.608600000000000474e-01
-4.560800000000000409e-01
-2.037599999999999967e-01
-1.327399999999999969e-01
-2.905800000000000050e-01
-3.464300000000000157e-01
-1.465500000000000136e-01
1.111599999999999949e-01
2.908100000000000129e-01
3.950800000000000423e-01
2.972699999999999787e-01
5.573600000000000082e-02
2.546999999999999958e-02
1.294299999999999895e-01
1.083799999999999902e-01
-1.073099999999999887e-01
-3.392399999999999860e-01
-3.172900000000000165e-01
-2.085300000000000209e-01
-6.214999999999999691e-02
3.123500000000000165e-01
7.744900000000000118e-01
9.613500000000000378e-01
7.615300000000000402e-01
3.547899999999999943e-01
6.891500000000000403e-02
1.552000000000000046e-01
5.673500000000000210e-01
1.022199999999999998e+00
1.093800000000000106e+00
7.984600000000000586e-01
5.541199999999999459e-01
4.493399999999999617e-01
3.330299999999999927e-01
3.641300000000000092e-01
6.509199999999999431e-01
8.962999999999999856e-01
8.757200000000000539e-01
6.253300000000000525e-01
3.479700000000000015e-01
1.741099999999999870e-01
1.293200000000000183e-01
2.541499999999999870e-01
4.255399999999999738e-01
3.724099999999999633e-01
1.023600000000000065e-01
-5.114400000000000196e-02
-4.649199999999999861e-02
-1.667799999999999838e-01
-3.346000000000000085e-01
-3.113199999999999856e-01
-2.046199999999999963e-01
2.947199999999999646e-03
3.128500000000000170e-01
3.671900000000000164e-01
7.623300000000000909e-02
-2.109099999999999864e-01
-2.027200000000000113e-01
-2.913299999999999917e-02
-2.088800000000000032e-02
-1.140400000000000025e-01
-6.706900000000000361e-02
5.053699999999999859e-02
1.155000000000000054e-01
1.495100000000000040e-01
1.431199999999999972e-01
3.315599999999999797e-02
-1.322099999999999881e-03
8.214899999999999980e-02
2.627499999999999974e-02
-1.773599999999999899e-01
-3.922999999999999821e-01
-5.107699999999999463e-01
-5.571000000000000396e-01
-5.838600000000000456e-01
-5.665000000000000036e-01
-5.983399999999999830e-01
-7.434800000000000297e-01
-7.953799999999999759e-01
-6.414199999999999902e-01
-4.942500000000000226e-01
-4.162199999999999789e-01
-3.035400000000000320e-01
-2.422499999999999931e-01
-3.106099999999999972e-01
-3.887100000000000000e-01
-3.540099999999999913e-01
-3.465900000000000092e-01
-4.809899999999999731e-01
-4.762300000000000422e-01
-2.305099999999999927e-01
5.231699999999999545e-02
2.100699999999999790e-01
1.718299999999999828e-01
1.495900000000000007e-01
2.232999999999999985e-01
3.353900000000000214e-01
4.700500000000000234e-01
5.132200000000000095e-01
4.636399999999999411e-01
3.831199999999999606e-01
3.030199999999999561e-01
2.935300000000000131e-01
3.161100000000000021e-01
3.249000000000000221e-01
4.112699999999999689e-01
5.035899999999999821e-01
4.216300000000000048e-01
2.404000000000000026e-01
1.597900000000000154e-01
6.690000000000000113e-02
-1.358300000000000063e-01
-2.070199999999999818e-01
-1.753900000000000181e-01
-2.108300000000000174e-01
-2.321400000000000130e-01
-2.666499999999999981e-01
-3.985400000000000054e-01
-5.205400000000000027e-01
-5.543100000000000804e-01
-4.549899999999999500e-01
-2.433599999999999930e-01
-1.494499999999999995e-01
-2.568900000000000072e-01
-3.558100000000000152e-01
-2.397400000000000087e-01
6.832000000000000572e-02
3.596099999999999852e-01
4.559399999999999564e-01
4.492600000000000482e-01
4.743600000000000594e-01
4.414699999999999736e-01
3.993300000000000183e-01
4.307699999999999863e-01
4.589899999999999536e-01
4.595100000000000295e-01
4.893699999999999717e-01
5.124199999999999866e-01
4.659200000000000008e-01
3.770499999999999963e-01
3.025199999999999556e-01
2.221699999999999786e-01
8.302199999999999858e-02
-5.038100000000000217e-02
-3.626000000000000056e-02
1.039500000000000007e-01
2.215300000000000047e-01
2.531300000000000217e-01
2.312800000000000133e-01
2.052800000000000180e-01
2.333800000000000319e-01
3.038800000000000390e-01
3.065300000000000247e-01
2.299499999999999877e-01
1.758399999999999963e-01
1.167900000000000049e-01
5.863400000000000556e-02
4.503899999999999570e-02
1.903499999999999984e-02
-7.858800000000000507e-02
-1.732400000000000051e-01
-2.071999999999999953e-01
-2.829499999999999793e-01
-3.782900000000000151e-01
-3.715699999999999559e-01
-3.360099999999999754e-01
-3.678899999999999948e-01
-4.454100000000000281e-01
-5.176399999999999890e-01
-5.624000000000000110e-01
-5.534700000000000175e-01
-4.924199999999999688e-01
-3.830600000000000116e-01
-3.070699999999999541e-01
-3.313200000000000034e-01
-3.961399999999999921e-01
-4.448100000000000387e-01
-5.122800000000000686e-01
-6.414499999999999647e-01
-7.839300000000000157e-01
-8.313700000000000534e-01
-7.818500000000000449e-01
-7.910199999999999454e-01
-8.706000000000000405e-01
-8.896200000000000774e-01
-8.250799999999999246e-01
-7.782799999999999718e-01
-8.102300000000000058e-01
-8.884200000000000985e-01
-9.249200000000000754e-01
-8.915600000000000191e-01
-8.424799999999998956e-01
-7.996499999999999719e-01
-7.661899999999999267e-01
-7.768100000000000005e-01
-8.209700000000000886e-01
-8.122599999999999820e-01
-6.808600000000000207e-01
-5.275800000000000489e-01
-4.288199999999999790e-01
-2.992699999999999805e-01
-1.217599999999999932e-01
3.735700000000000132e-02
1.349400000000000044e-01
1.776500000000000024e-01
2.306800000000000239e-01
2.895499999999999741e-01
3.395199999999999885e-01
4.163499999999999979e-01
5.150200000000000333e-01
6.059100000000000597e-01
6.985299999999999843e-01
7.982399999999999496e-01
9.090799999999998882e-01
1.011500000000000066e+00
1.062500000000000000e+00
1.082899999999999974e+00
1.106700000000000017e+00
1.120200000000000085e+00
1.133099999999999996e+00
1.153499999999999970e+00
1.177000000000000046e+00
1.215300000000000047e+00
1.259100000000000108e+00
1.280100000000000016e+00
1.275500000000000078e+00
1.245900000000000007e+00
1.211799999999999988e+00
1.185899999999999954e+00
1.152900000000000036e+00
1.106899999999999995e+00
1.061399999999999899e+00
1.002999999999999892e+00
9.129899999999999682e-01
8.021800000000000042e-01
7.008100000000000440e-01
6.257500000000000284e-01
5.644299999999999873e-01
5.110500000000000043e-01
4.651100000000000234e-01
4.163100000000000134e-01
3.826400000000000357e-01
3.426099999999999701e-01
2.909199999999999564e-01
2.547300000000000120e-01
2.144099999999999895e-01
1.596599999999999964e-01
1.071499999999999952e-01
6.918300000000000838e-02
5.117000000000000021e-02
4.110400000000000165e-02
9.736700000000000910e-03
-7.501700000000000035e-02
-1.561200000000000088e-01
-1.947900000000000187e-01
-2.355500000000000094e-01
-2.744400000000000173e-01
-2.945699999999999985e-01
-3.026800000000000046e-01
-3.139800000000000368e-01
-3.336500000000000021e-01
-3.649699999999999611e-01
-4.066099999999999715e-01
-4.313800000000000412e-01
-4.237600000000000255e-01
-4.013800000000000145e-01
-3.797900000000000165e-01
-3.549800000000000177e-01
-3.143799999999999928e-01
-2.726600000000000135e-01
-2.473300000000000221e-01
-2.259699999999999764e-01
-2.033699999999999952e-01
-1.870799999999999963e-01
-1.744400000000000117e-01
-1.678300000000000070e-01
-1.744600000000000040e-01
-1.942699999999999982e-01
-1.885000000000000009e-01
-1.623300000000000021e-01
-1.567500000000000004e-01
-1.616200000000000137e-01
-1.632500000000000062e-01
-1.593200000000000172e-01
-1.419600000000000029e-01
-1.102099999999999885e-01
-8.342199999999999616e-02
-6.103800000000000198e-02
-7.542699999999999405e-03
5.887899999999999384e-02
8.395500000000000185e-02
8.085799999999999932e-02
7.967699999999999783e-02
8.254799999999999638e-02
8.398999999999999522e-02
8.571600000000000052e-02
8.575299999999999589e-02
8.754599999999999882e-02
9.024500000000000577e-02
9.107999999999999430e-02
8.747200000000000808e-02
7.424100000000000144e-02
5.741399999999999976e-02
4.609400000000000303e-02
2.870299999999999588e-02
1.831999999999999948e-02
2.968799999999999911e-02
4.437799999999999384e-02
3.035500000000000004e-02
-2.403800000000000207e-03
-2.245199999999999974e-02
-2.459499999999999881e-02
-6.262199999999999885e-03
1.529400000000000030e-02
1.702400000000000094e-02
6.948699999999999495e-03
-5.831600000000000152e-03
-2.496699999999999961e-02
-3.318100000000000216e-02
-2.912400000000000058e-02
-3.465800000000000131e-02
-5.803900000000000031e-02
-8.116199999999999803e-02
-9.682599999999999540e-02
-1.185099999999999903e-01
-1.351600000000000024e-01
-1.458900000000000197e-01
-1.606899999999999995e-01
-1.744400000000000117e-01
-1.738099999999999923e-01
-1.687500000000000111e-01
-1.857599999999999807e-01
-1.987099999999999977e-01
-1.799400000000000166e-01
-1.593400000000000094e-01
-1.426000000000000045e-01
-1.190099999999999908e-01
-9.705700000000000438e-02
-9.252200000000000701e-02
-9.417499999999999483e-02
-9.423499999999999932e-02
-9.812799999999999301e-02
-1.018799999999999983e-01
-1.014000000000000040e-01
-9.926100000000000201e-02
-8.992799999999999405e-02
-7.784400000000001041e-02
-6.652000000000000968e-02
-6.030299999999999550e-02
-6.172400000000000109e-02
-6.121200000000000252e-02
-5.445900000000000046e-02
-5.085299999999999543e-02
-4.968100000000000294e-02
-5.026499999999999718e-02
-4.568399999999999544e-02
-3.294300000000000006e-02
-2.336099999999999982e-02
-8.151200000000000806e-03
4.291700000000000376e-02
7.975800000000000944e-02
7.395100000000000284e-02
6.916599999999999138e-02
6.721699999999999897e-02
6.264000000000000123e-02
6.345599999999999852e-02
6.168400000000000272e-02
5.403899999999999676e-02
4.527300000000000074e-02
3.259599999999999997e-02
1.720000000000000001e-02
1.782600000000000070e-03
-1.067099999999999993e-02
-1.013499999999999991e-02
-6.074200000000000085e-04
5.143500000000000502e-03
8.736999999999999975e-03
1.412400000000000114e-02
1.725900000000000004e-02
1.509000000000000098e-02
8.406799999999998996e-03
2.836899999999999838e-03
-2.082999999999999782e-03
-5.017699999999999938e-03
1.067200000000000136e-03
9.880700000000000940e-03
1.463199999999999917e-02
1.747899999999999801e-02
1.527199999999999912e-02
1.187399999999999914e-02
1.184800000000000089e-02
7.956399999999998890e-03
-1.986899999999999777e-03
-1.202099999999999870e-02
-1.771999999999999964e-02
-2.070299999999999918e-02
-2.271399999999999808e-02
-2.061999999999999944e-02
-1.745299999999999976e-02
-1.189599999999999859e-02
-1.135600000000000064e-03
1.161899999999999912e-02
2.231500000000000150e-02
2.851499999999999868e-02
2.811800000000000063e-02
2.407400000000000165e-02
2.298000000000000043e-02
2.363399999999999876e-02
1.795099999999999821e-02
-4.112499999999999836e-03
-1.970799999999999982e-02
-1.490000000000000005e-02
-7.772199999999999075e-03
-1.441100000000000063e-03
6.665899999999998909e-03
1.559199999999999822e-02
2.077000000000000027e-02
2.443899999999999892e-02
1.670999999999999916e-02
2.772600000000000064e-03
-1.646099999999999950e-03
-4.262399999999999523e-03
-1.102200000000000055e-02
-1.832200000000000148e-02
-2.499600000000000086e-02
-2.384599999999999914e-02
-1.569900000000000115e-02
-1.274599999999999865e-02
-1.081400000000000070e-02
-4.374899999999999275e-03
2.735099999999999858e-03
4.403899999999999655e-03
4.050299999999999734e-03
1.993299999999999933e-03
-4.024800000000000252e-03
-1.035900000000000015e-02
-1.450099999999999827e-02
-1.681299999999999809e-02
-1.766699999999999868e-02
-1.788199999999999859e-02
-1.612299999999999844e-02
-1.367700000000000166e-02
-1.069300000000000112e-02
-8.478899999999999285e-03
-7.295900000000000128e-03
-5.915699999999999431e-03
-7.957099999999999937e-03
-1.622700000000000184e-02
-1.778400000000000120e-02
-1.249500000000000090e-02
-1.022499999999999971e-02
-9.457600000000000035e-03
-9.369200000000001138e-03
-1.012699999999999885e-02
-1.316900000000000015e-02
-1.609599999999999920e-02
-1.447599999999999928e-02
-1.159800000000000067e-02
-1.102099999999999955e-02
-1.214200000000000002e-02
-1.501599999999999983e-02
-1.896699999999999775e-02
-2.054499999999999729e-02
-2.090600000000000097e-02
-2.253799999999999901e-02
-2.211300000000000071e-02
-1.831899999999999848e-02
-1.448000000000000155e-02
-1.203899999999999935e-02
-9.843700000000000366e-03
-8.384899999999998951e-03
-9.690899999999998821e-03
-1.110900000000000082e-02
-1.045999999999999881e-02
-1.019399999999999994e-02
-1.042500000000000024e-02
-1.054399999999999955e-02
-1.096600000000000005e-02
-1.179999999999999973e-02
-1.245699999999999932e-02
-1.289199999999999895e-02
-1.369699999999999911e-02
-1.501399999999999783e-02
-1.660899999999999876e-02
-1.950500000000000150e-02
-2.325699999999999990e-02
-2.540900000000000103e-02
-2.609500000000000014e-02
-2.706300000000000025e-02
-2.820199999999999790e-02
-2.916399999999999895e-02
-3.002699999999999814e-02
-3.078799999999999940e-02
-3.139600000000000030e-02
-3.215599999999999709e-02
-3.195100000000000023e-02
-3.072599999999999984e-02
-2.930699999999999972e-02
-2.742900000000000199e-02
-2.594100000000000225e-02
-2.561399999999999788e-02
-2.581600000000000214e-02
-2.586199999999999957e-02
-2.563700000000000007e-02
-2.524699999999999861e-02
-2.441300000000000067e-02
-2.316800000000000109e-02
-2.198400000000000007e-02
-2.099000000000000171e-02
-1.992599999999999927e-02
-1.870899999999999994e-02
-1.745599999999999929e-02
-1.634499999999999842e-02
-1.527799999999999991e-02
-1.399099999999999996e-02
-1.271100000000000008e-02
-1.175799999999999935e-02
-1.123900000000000073e-02
-1.096699999999999932e-02
-1.055100000000000135e-02
-9.970800000000000149e-03
-9.565199999999999397e-03
-9.456700000000000175e-03
-9.488899999999999765e-03
-9.692499999999999727e-03
-9.962399999999999728e-03
-1.020999999999999859e-02
-1.055799999999999968e-02
-1.105499999999999886e-02
-1.138700000000000129e-02
-1.125699999999999965e-02
-1.110000000000000049e-02
-1.134899999999999971e-02
-1.179899999999999873e-02
-1.206299999999999907e-02
-1.222399999999999876e-02
-1.233099999999999995e-02
-1.219599999999999851e-02
-1.155499999999999930e-02
-9.154100000000000084e-03
-5.199800000000000082e-03
-2.831999999999999882e-03
-2.763199999999999944e-03
-2.967299999999999972e-03
-2.897400000000000062e-03
-2.621699999999999812e-03
-2.164600000000000031e-03
-1.714499999999999878e-03
-1.376599999999999742e-03
-1.124100000000000056e-03
-8.732800000000000415e-04
-4.446300000000000035e-04
1.005500000000000046e-04
6.327099999999999782e-04
1.297500000000000042e-03
2.141000000000000108e-03
2.841900000000000068e-03
3.222999999999999737e-03
3.403999999999999908e-03
3.233599999999999669e-03
2.841900000000000068e-03
2.792400000000000004e-03
2.998800000000000250e-03
3.239199999999999805e-03
3.696000000000000067e-03
4.506399999999998948e-03
5.081999999999999712e-03
5.055699999999999777e-03
4.760699999999999654e-03
4.447699999999999744e-03
4.072899999999999958e-03
3.619199999999999934e-03
3.172100000000000180e-03
2.915500000000000123e-03
2.701599999999999748e-03
2.160999999999999727e-03
1.573200000000000076e-03
-3.379999999999999758e-04
-3.277199999999999645e-03
-4.265999999999999827e-03
-4.181499999999999453e-03
-4.454900000000000353e-03
-4.586800000000000252e-03
-4.661300000000000165e-03
-4.708900000000000238e-03
-4.672800000000000391e-03
-4.585199999999999346e-03
-4.437699999999999284e-03
-4.228599999999999894e-03
-3.941400000000000285e-03
-3.623599999999999825e-03
-3.245099999999999894e-03
-2.833300000000000402e-03
-2.390399999999999990e-03
-1.929799999999999745e-03
-1.452100000000000005e-03
-9.915699999999999948e-04
-5.504800000000000014e-04
-1.430799999999999921e-04
2.295300000000000064e-04
5.447499999999999868e-04
8.119600000000000255e-04
1.013400000000000021e-03
1.157999999999999958e-03
1.231299999999999843e-03
1.252999999999999991e-03
1.213000000000000102e-03
1.127600000000000087e-03
1.003200000000000099e-03
8.306099999999999638e-04
6.260900000000000449e-04
4.126299999999999846e-04
2.063099999999999949e-04
-3.024300000000000165e-05
-2.650199999999999800e-04
-4.944700000000000007e-04
-7.211900000000000255e-04
-9.441999999999999655e-04
-1.146600000000000006e-03
-1.350899999999999931e-03
-1.542100000000000025e-03
-1.721699999999999836e-03
-1.887099999999999845e-03
-2.051599999999999778e-03
-2.198300000000000254e-03
-2.334399999999999930e-03
-2.453599999999999792e-03
-2.555800000000000433e-03
-2.635800000000000209e-03
-2.689299999999999937e-03
-2.723000000000000160e-03
-2.712400000000000228e-03
-2.680099999999999930e-03
-2.597599999999999822e-03
-2.486400000000000155e-03
-2.317500000000000115e-03
-2.118300000000000478e-03
-1.881500000000000143e-03
-1.622599999999999867e-03
-1.326899999999999998e-03
-1.015499999999999910e-03
-6.874500000000000402e-04
-3.584300000000000225e-04
-3.917199999999999697e-05
2.827700000000000049e-04
5.905300000000000262e-04
8.803800000000000514e-04
1.129800000000000032e-03
1.350799999999999874e-03
1.534700000000000170e-03
1.692299999999999881e-03
1.804400000000000058e-03
1.894999999999999983e-03
1.943400000000000075e-03
1.965800000000000186e-03
1.965500000000000233e-03
1.943099999999999689e-03
1.908500000000000040e-03
1.850599999999999988e-03
1.778599999999999756e-03
1.719900000000000118e-03
1.646999999999999810e-03
1.583800000000000008e-03
1.510500000000000124e-03
1.442400000000000149e-03
1.378499999999999951e-03
1.319700000000000040e-03
1.252199999999999971e-03
1.198700000000000026e-03
1.124900000000000075e-03
1.067099999999999863e-03
1.006699999999999913e-03
9.557699999999999920e-04
8.911000000000000301e-04
8.234800000000000236e-04
7.630700000000000243e-04
6.900899999999999743e-04
6.214000000000000339e-04
5.562899999999999746e-04
5.046500000000000421e-04
4.470599999999999921e-04
3.942999999999999890e-04
3.541600000000000108e-04
3.116999999999999871e-04
2.801300000000000166e-04
2.596699999999999855e-04
2.512200000000000240e-04
2.343299999999999875e-04
2.329900000000000037e-04
2.410000000000000033e-04
2.605700000000000073e-04
2.561099999999999857e-04
2.774599999999999896e-04
2.774599999999999896e-04
2.899099999999999941e-04
3.041300000000000036e-04
3.076999999999999983e-04
3.107900000000000246e-04
3.272600000000000075e-04
3.379400000000000069e-04
3.130399999999999979e-04
3.148100000000000030e-04
3.023599999999999986e-04
2.979100000000000259e-04
2.819100000000000165e-04
2.739099999999999847e-04
2.596699999999999855e-04
2.383300000000000034e-04
2.116499999999999946e-04
1.885300000000000127e-04
1.814200000000000079e-04
1.671900000000000035e-04
1.436200000000000107e-04
1.267200000000000065e-04
1.142799999999999968e-04
9.604600000000000843e-05
8.626100000000000640e-05
7.470200000000000408e-05
5.691000000000000231e-05
4.623800000000000013e-05
4.979899999999999534e-05
2.489899999999999996e-05
1.778599999999999878e-05
4.365600000000000543e-11
1.067200000000000048e-05
-4.447399999999999444e-07
-1.779100000000000042e-06
3.557499999999999820e-06
3.557200000000000433e-06
2.546599999999999509e-11
5.335800000000000650e-06
-1.244999999999999938e-05
2.667699999999999886e-06
-8.003699999999999281e-06
-8.448500000000000511e-06
-5.335800000000000650e-06
