3.944899999999999796e-02
5.395199999999999996e-02
5.982799999999999924e-02
4.886100000000000165e-02
6.301699999999998969e-02
4.931999999999999579e-02
6.334199999999999553e-02
4.414400000000000268e-02
4.727699999999999958e-02
1.707599999999999743e-02
3.683599999999999982e-03
-3.904700000000000532e-02
-9.977700000000000805e-03
1.075799999999999951e-01
2.803100000000000036e-01
4.149700000000000055e-01
3.071999999999999731e-01
2.591199999999999615e-01
8.159800000000000386e-01
1.935000000000000053e-01
-2.057699999999999807e-01
-9.661200000000000898e-01
-2.415700000000000180e+00
-2.735799999999999788e+00
-1.754999999999999893e+00
2.242399999999999949e+00
5.105400000000000382e+00
2.040099999999999802e+00
1.663300000000000001e+00
7.049599999999999866e+00
6.192999999999999616e+00
3.880999999999999783e+00
3.947000000000000064e+00
6.614300000000000068e+00
1.432499999999999929e+01
1.591200000000000081e+01
1.754899999999999949e+01
1.891099999999999781e+01
2.190500000000000114e+01
1.351200000000000045e+01
-8.238500000000000156e+00
-2.034099999999999753e+01
-3.439699999999999847e+01
-3.829500000000000171e+01
-2.665199999999999747e+01
-2.409699999999999775e+01
-1.443200000000000038e+01
-5.604899999999999771e+00
-2.913399999999999879e-01
1.391799999999999926e+01
2.062500000000000000e+01
2.267399999999999949e+01
1.329599999999999937e+01
2.041700000000000070e+00
5.964000000000000412e+00
7.689400000000000013e+00
9.701800000000000423e+00
9.813900000000000290e+00
1.586299999999999955e+01
3.066600000000000037e+01
1.952200000000000202e+01
5.968700000000000117e-01
-1.695599999999999996e+00
-1.219000000000000083e+00
-4.020599999999999952e+00
-1.144800000000000040e+01
-2.501000000000000156e+01
-2.398400000000000176e+01
-1.872899999999999920e+01
-1.878900000000000148e+01
-1.386700000000000044e+00
1.500300000000000011e+01
3.085199999999999676e+01
4.222399999999999665e+01
4.064600000000000080e+01
3.920000000000000284e+01
2.361300000000000310e+01
3.361600000000000144e+00
-1.302900000000000169e+01
-3.277199999999999847e+01
-5.343899999999999295e+01
-5.366899999999999693e+01
-4.664100000000000534e+01
-3.596800000000000352e+01
-1.076099999999999923e+01
1.322099999999999831e+01
3.171699999999999875e+01
3.717199999999999704e+01
4.149399999999999977e+01
3.626400000000000290e+01
9.726300000000000168e+00
-1.617099999999999937e+01
-4.538100000000000023e+01
-6.286800000000000210e+01
-6.100399999999999778e+01
-3.513700000000000045e+01
-4.210799999999999876e+00
1.941400000000000148e+01
4.233800000000000097e+01
4.442699999999999960e+01
2.695499999999999829e+01
6.424100000000000144e+00
-2.441199999999999903e+01
-5.756000000000000227e+01
-7.061799999999999500e+01
-7.226200000000000045e+01
-5.394800000000000040e+01
-1.973799999999999955e+01
2.049199999999999733e+01
6.471099999999999852e+01
9.586700000000000443e+01
9.877100000000000080e+01
7.282999999999999829e+01
3.557999999999999829e+01
-6.610000000000000320e+00
-5.066300000000000381e+01
-8.643200000000000216e+01
-9.813500000000000512e+01
-8.583799999999999386e+01
-5.750000000000000000e+01
-3.821200000000000152e+00
5.327399999999999380e+01
8.212600000000000477e+01
9.739100000000000534e+01
8.844799999999999329e+01
4.384899999999999665e+01
-1.789900000000000091e+01
-7.575900000000000034e+01
-1.030300000000000011e+02
-1.074699999999999989e+02
-8.794599999999999795e+01
-3.363300000000000267e+01
2.971300000000000097e+01
7.726000000000000512e+01
1.000199999999999960e+02
9.411399999999999011e+01
6.192800000000000438e+01
2.176599999999999824e+01
-2.978699999999999903e+01
-7.897299999999999898e+01
-8.467399999999999238e+01
-6.994100000000000250e+01
-5.292699999999999960e+01
-7.589500000000000135e+00
4.606899999999999551e+01
6.882699999999999818e+01
7.476699999999999591e+01
7.753199999999999648e+01
5.864999999999999858e+01
7.146700000000000053e+00
-4.889100000000000534e+01
-8.500100000000000477e+01
-9.058499999999999375e+01
-6.009799999999999898e+01
-1.949399999999999977e+01
1.487599999999999945e+01
3.905300000000000438e+01
5.006800000000000495e+01
4.681199999999999761e+01
3.326599999999999824e+01
1.143999999999999950e+01
-2.626999999999999957e+01
-5.550699999999999790e+01
-5.636199999999999477e+01
-3.952300000000000324e+01
-1.469700000000000095e+01
1.365000000000000036e+01
3.110999999999999943e+01
3.462899999999999778e+01
3.276500000000000057e+01
1.760999999999999943e+01
-6.724399999999999267e-01
-2.249800000000000111e+01
-4.104500000000000171e+01
-4.155899999999999750e+01
-2.984199999999999875e+01
-6.290499999999999758e+00
1.693700000000000117e+01
3.507199999999999562e+01
6.505599999999999739e+01
7.374600000000000932e+01
3.686899999999999977e+01
5.915000000000000258e-01
-2.829800000000000182e+01
-5.366199999999999903e+01
-6.383399999999999608e+01
-4.852199999999999847e+01
-9.179700000000000415e+00
2.267699999999999960e+01
3.283099999999999596e+01
3.376500000000000057e+01
3.632199999999999562e+01
3.909000000000000341e+01
3.014600000000000080e+01
1.122200000000000086e+00
-3.242499999999999716e+01
-5.063899999999999579e+01
-3.801699999999999591e+01
-1.545700000000000074e+01
-1.456000000000000050e+01
3.570300000000000029e+00
3.320300000000000296e+01
4.164699999999999847e+01
4.606199999999999761e+01
4.101399999999999579e+01
1.952599999999999980e+01
-1.053600000000000092e+00
-2.469599999999999795e+01
-4.610499999999999687e+01
-5.243600000000000705e+01
-3.595799999999999841e+01
6.611399999999999721e+00
3.554899999999999949e+01
3.551500000000000057e+01
3.255599999999999739e+01
2.247300000000000253e+01
3.710900000000000087e+00
-9.058799999999999741e+00
-1.214900000000000091e+01
-1.176599999999999824e+01
-9.740399999999999281e+00
-9.135099999999999554e+00
7.308699999999999974e+00
4.376600000000000534e+01
6.562699999999999534e+01
7.068000000000000682e+01
5.765299999999999869e+01
1.750400000000000134e+01
-8.240600000000000591e+00
-1.452700000000000102e+01
-2.603500000000000014e+01
-3.597200000000000131e+01
-3.697200000000000131e+01
-3.064800000000000324e+01
-1.954400000000000048e+01
-4.213599999999999568e+00
1.808900000000000219e+01
5.339399999999999835e+01
7.887100000000000932e+01
5.232800000000000296e+01
5.244600000000000151e+00
-3.155300000000000082e+01
-5.516700000000000159e+01
-5.095600000000000307e+01
-3.261199999999999477e+01
-2.027499999999999858e+01
-6.712500000000000355e+00
1.188499999999999979e+01
2.314099999999999824e+01
3.271800000000000352e+01
4.717699999999999960e+01
4.906600000000000250e+01
2.172500000000000142e+01
-1.832300000000000040e+01
-4.838399999999999324e+01
-5.635600000000000165e+01
-4.108600000000000563e+01
-1.525900000000000034e+01
1.636899999999999977e+01
4.294600000000000506e+01
5.358899999999999864e+01
4.423300000000000409e+01
2.563800000000000168e+01
2.443900000000000006e+01
1.828999999999999915e+01
-5.927699999999999747e+00
-3.354099999999999682e+01
-5.347800000000000153e+01
-5.348399999999999466e+01
-5.159799999999999898e+01
-4.201399999999999579e+01
-2.141199999999999903e+01
2.625500000000000167e+00
2.414499999999999957e+01
3.292999999999999972e+01
3.420100000000000051e+01
3.133500000000000085e+01
2.145599999999999952e+01
9.184699999999999420e+00
-7.259999999999999787e+00
-2.294300000000000139e+01
-2.573300000000000054e+01
-2.207400000000000162e+01
-1.955900000000000105e+01
-1.772899999999999920e+01
-1.112599999999999945e+01
-3.498000000000000220e+00
-2.153799999999999937e+00
2.246500000000000163e+00
5.312500000000000000e+00
-1.250699999999999967e+01
-2.905900000000000105e+01
-1.753699999999999903e+01
-1.056700000000000017e+01
-1.878400000000000247e+01
-1.345599999999999952e+01
-5.798300000000000232e+00
5.331599999999999895e+00
3.352100000000000080e+01
4.482800000000000296e+01
3.115300000000000225e+01
1.336200000000000010e+01
-1.133599999999999852e+01
-3.039199999999999946e+01
-3.908200000000000074e+01
-3.194500000000000028e+01
-1.285400000000000098e+01
-1.007600000000000051e+01
-1.069700000000000095e+01
2.821800000000000086e+00
1.095700000000000074e+01
3.836699999999999999e+00
4.864200000000000301e+00
8.051500000000000767e+00
3.910699999999999843e+00
2.333499999999999908e+00
-8.483800000000000452e+00
-8.144399999999999196e+00
7.835700000000000109e+00
2.651699999999999946e+00
-1.284700000000000131e+01
-2.096599999999999753e+01
-2.170899999999999963e+01
-8.553900000000000503e+00
9.780300000000000438e+00
1.896199999999999974e+01
1.514499999999999957e+01
1.900900000000000034e+00
-4.910800000000000054e+00
-4.861100000000000421e+00
-4.957099999999999618e+00
-1.061200000000000010e+01
-1.778000000000000114e+01
-2.117999999999999972e+01
-2.021199999999999974e+01
-9.996299999999999741e+00
-5.637800000000000367e+00
-2.402299999999999880e+00
1.203500000000000014e+01
1.414400000000000013e+01
3.188400000000000123e+00
-6.911900000000000155e+00
-1.075599999999999845e+01
-3.636000000000000121e+00
-1.080500000000000016e+00
-2.144699999999999829e+00
-5.794100000000000250e+00
-8.907400000000000873e+00
-1.613599999999999923e+00
7.440199999999999925e+00
1.435700000000000109e+01
1.748300000000000054e+01
1.132900000000000063e+01
9.840700000000000003e+00
6.918999999999999595e+00
-4.408599999999999852e+00
-7.011099999999999888e+00
-4.743400000000000283e+00
-2.522200000000000220e+00
-1.694900000000000073e+00
-3.729299999999999837e+00
-4.294699999999999740e+00
-5.055200000000000138e+00
6.820899999999999963e+00
1.944900000000000162e+01
9.081699999999999662e+00
-1.102999999999999936e+01
-1.924800000000000111e+01
-1.298499999999999943e+01
-7.219300000000000717e-01
9.576599999999999113e+00
1.312199999999999989e+01
1.871300000000000097e+01
2.545199999999999818e+01
2.340399999999999991e+01
1.399099999999999966e+01
4.414100000000000357e+00
-9.572799999999999088e-01
-1.395099999999999874e+01
-3.023000000000000043e+01
-3.281099999999999994e+01
-2.645699999999999719e+01
-1.759700000000000131e+01
-3.352399999999999824e+00
2.396499999999999986e+01
4.858600000000000563e+01
5.092100000000000648e+01
4.479500000000000171e+01
3.198999999999999844e+01
4.263300000000000090e+00
-1.704299999999999926e+01
-2.365800000000000125e+01
-2.335900000000000176e+01
-2.226099999999999923e+01
-1.711799999999999855e+01
-9.890800000000000480e+00
-4.446299999999999919e+00
1.073099999999999987e+01
3.836099999999999710e+01
5.047399999999999665e+01
3.547699999999999676e+01
1.205000000000000071e+01
-1.397599999999999909e+01
-2.357000000000000028e+01
-1.956799999999999784e+01
-1.353400000000000070e+01
-3.545399999999999885e+00
-4.033299999999999663e+00
-5.217699999999999783e+00
3.668099999999999916e+00
1.258500000000000085e+01
1.555000000000000071e+01
1.530299999999999905e+01
4.769899999999999807e+00
-1.007799999999999940e+01
-1.045099999999999874e+01
-3.761800000000000033e+00
7.144000000000000350e-01
7.008200000000000429e+00
1.145800000000000018e+01
1.596799999999999997e+01
1.951999999999999957e+01
2.274900000000000233e+01
2.660500000000000043e+01
2.197699999999999676e+01
1.239000000000000057e+01
1.068500000000000005e+00
-2.526400000000000201e+00
-3.909100000000000019e+00
-7.394899999999999807e+00
-4.937000000000000277e+00
9.220500000000000362e-01
-2.232499999999999929e+00
-1.110599999999999987e+01
-1.117899999999999894e+00
7.540799999999999947e+00
5.325599999999999667e+00
7.281200000000000117e+00
9.471199999999999619e+00
7.830700000000000216e+00
3.933499999999999996e+00
8.380900000000000460e+00
1.358900000000000041e+01
1.073299999999999876e+01
3.177700000000000191e+00
-1.132300000000000040e+01
-2.311400000000000077e+01
-3.196800000000000352e+01
-3.833899999999999864e+01
-2.830300000000000082e+01
-1.891900000000000048e+01
-1.786100000000000065e+01
-1.587900000000000134e+01
-2.132400000000000162e+01
-1.886100000000000065e+01
-3.956599999999999895e+00
1.541500000000000092e+00
7.717399999999999594e+00
1.236200000000000010e+01
7.102199999999999847e+00
1.054299999999999959e-01
-1.447299999999999898e+01
-1.065799999999999947e+01
1.482200000000000095e+01
1.604400000000000048e+01
9.423600000000000421e+00
1.391099999999999959e+01
1.038499999999999979e+01
-4.650599999999999845e+00
-1.359799999999999898e+01
-1.491799999999999926e+01
-1.626299999999999812e+01
-1.423000000000000043e+01
-1.268999999999999950e+01
-6.303200000000000358e+00
4.968099999999999739e+00
1.056799999999999962e+01
1.294200000000000017e+01
1.734799999999999898e+01
2.269800000000000040e+01
1.693200000000000216e+01
-4.176599999999999646e+00
-1.416799999999999926e+01
-1.924399999999999977e+01
-3.467999999999999972e+01
-3.268299999999999983e+01
-1.167500000000000071e+01
5.573399999999999466e-01
1.131099999999999994e+01
2.414400000000000190e+01
2.332400000000000162e+01
2.083699999999999974e+01
2.186300000000000310e+01
9.259000000000000341e+00
-7.044200000000000017e+00
-1.627299999999999969e+01
-2.455300000000000082e+01
-1.900700000000000145e+01
-5.965399999999999814e+00
-3.872799999999999798e+00
-2.877200000000000202e+00
1.258400000000000074e-01
3.457699999999999996e+00
5.328800000000000203e+00
3.686900000000000066e+00
2.224600000000000133e+00
8.515700000000000713e+00
6.860400000000000276e+00
-8.422200000000000131e+00
-1.142699999999999960e+01
-1.190200000000000102e+01
-1.621199999999999974e+01
-8.481799999999999784e+00
-2.709700000000000220e+00
4.128800000000000026e+00
1.992999999999999972e+01
2.381699999999999662e+01
2.070800000000000196e+01
2.327100000000000080e+01
1.797299999999999898e+01
3.467799999999999994e+00
-1.819699999999999918e+01
-3.104800000000000182e+01
-1.795299999999999940e+01
-5.388099999999999667e+00
-5.981099999999999639e+00
-2.123299999999999965e+00
6.347000000000000419e-01
5.967399999999999594e+00
1.347700000000000031e+01
1.083699999999999974e+01
1.199699999999999989e+01
1.553200000000000003e+01
4.497899999999999565e+00
-1.237199999999999989e+01
-1.994599999999999795e+01
-1.846300000000000097e+01
-1.027799999999999869e+01
3.721499999999999808e+00
1.714900000000000091e+01
1.931299999999999883e+01
1.295900000000000141e+01
1.740799999999999903e+00
3.269599999999999729e-01
7.213799999999999990e+00
7.095500000000000362e+00
9.503199999999999648e+00
1.145400000000000063e+01
-1.226099999999999968e+00
-1.362099999999999866e+01
-8.239900000000000446e+00
-8.905900000000000816e+00
-1.754700000000000060e+01
-1.879299999999999926e+01
-1.064400000000000013e+01
-5.037399999999999878e+00
-6.394599999999999618e+00
-1.107499999999999929e+01
-1.931100000000000039e+00
1.672700000000000031e+01
1.375000000000000000e+01
1.177500000000000036e+01
4.198800000000000310e+00
-1.000099999999999945e+01
-7.649000000000000021e+00
-3.277400000000000091e+00
-4.753000000000000114e+00
-6.878000000000000114e+00
-1.084200000000000053e+01
-1.282699999999999996e+01
-7.633099999999999774e+00
-4.993699999999999584e+00
1.383099999999999996e+00
9.875500000000000611e+00
1.464099999999999824e+01
1.584900000000000020e+01
5.202799999999999869e+00
-3.725000000000000089e+00
-2.920400000000000218e-01
-1.267300000000000093e+00
-6.596599999999999575e+00
-8.351599999999999469e+00
-3.993100000000000094e+00
9.465999999999999304e+00
2.059900000000000020e+01
1.913899999999999935e+01
9.372999999999999332e+00
-3.208899999999999864e+00
-8.667199999999999349e+00
-1.612400000000000233e+01
-2.013299999999999912e+01
-1.199499999999999922e+01
-9.425100000000000477e+00
-1.178700000000000081e+01
-3.802700000000000191e+00
7.755600000000000271e+00
1.061400000000000077e+01
1.325999999999999979e+01
1.641700000000000159e+01
9.364800000000000679e+00
-1.537900000000000045e+00
-1.521299999999999919e+01
-2.062400000000000233e+01
-9.851000000000000867e+00
-5.196299999999999919e+00
7.133799999999999919e+00
2.547400000000000020e+01
3.338199999999999790e+01
3.199500000000000099e+01
2.999099999999999966e+01
2.008699999999999974e+01
-2.916799999999999837e+00
-2.407199999999999918e+01
-3.371600000000000108e+01
-1.584200000000000053e+01
-5.333000000000000185e+00
-2.050000000000000000e+01
-1.055000000000000071e+01
1.426299999999999990e+01
2.270699999999999719e+01
2.417000000000000171e+01
2.119300000000000139e+01
2.064800000000000324e+01
1.377799999999999869e+01
-3.356599999999999806e+00
-1.458699999999999974e+01
-1.784600000000000009e+01
-1.812000000000000099e+01
-1.979299999999999926e+01
-2.023300000000000054e+01
-1.050699999999999967e+01
-8.145700000000000163e-01
5.755899999999999572e+00
1.371000000000000085e+01
1.594599999999999973e+01
1.042799999999999905e+01
-2.631800000000000139e+00
-1.171299999999999919e+01
-1.355799999999999983e+01
-1.067900000000000027e+01
-6.958700000000000330e+00
-1.392900000000000027e+01
-1.478200000000000003e+01
3.789400000000000102e+00
8.775900000000000034e+00
-2.664400000000000102e+00
-7.636800000000000033e+00
-1.251099999999999923e+01
-1.580799999999999983e+01
-1.576599999999999824e+01
-8.393900000000000361e+00
8.516999999999999460e+00
9.769000000000000128e+00
8.163600000000000634e+00
1.058999999999999986e+01
4.124600000000000044e+00
-5.820599999999999774e+00
-6.813299999999999912e+00
-8.038399999999999990e-01
-8.859400000000000830e+00
-1.891799999999999926e+01
-2.594599999999999795e+01
-3.041699999999999804e+01
-1.297200000000000131e+01
1.605999999999999872e+01
3.647500000000000142e+01
3.731199999999999761e+01
2.885199999999999676e+01
2.448099999999999810e+01
1.716600000000000037e+01
7.148100000000000342e+00
-2.177200000000000024e+00
-9.940400000000000347e+00
-1.043500000000000050e+01
-6.780999999999999694e+00
-2.836899999999999977e+00
1.184399999999999897e+00
1.892200000000000104e+00
3.974000000000000199e+00
7.568399999999999572e+00
4.437100000000000044e+00
2.243399999999999839e+00
4.857800000000000118e+00
9.002200000000000202e+00
1.350000000000000000e+01
1.347599999999999909e+01
7.026500000000000412e+00
2.574600000000000222e+00
6.977000000000000313e+00
1.648799999999999955e+01
1.885599999999999810e+01
2.032400000000000162e+01
1.733699999999999974e+01
-1.099300000000000033e+01
-4.151200000000000045e+01
-4.926200000000000045e+01
-3.074399999999999977e+01
-7.711000000000000298e+00
1.800900000000000034e+01
3.574300000000000210e+01
3.777799999999999869e+01
3.796300000000000097e+01
2.314099999999999824e+01
1.779700000000000060e+01
2.081599999999999895e+01
4.383300000000000196e+00
-1.559400000000000119e+01
-2.543499999999999872e+01
-2.365500000000000114e+01
-1.930099999999999838e+01
-1.394299999999999962e+01
-1.761800000000000033e+00
9.927400000000000446e+00
2.101900000000000190e+01
2.614300000000000068e+01
2.426500000000000057e+01
1.069299999999999962e+01
-5.202499999999999680e+00
-1.090499999999999936e+01
-1.791499999999999915e+01
-2.808900000000000219e+01
-4.109100000000000108e+01
-3.086499999999999844e+01
1.530100000000000016e+00
1.014000000000000057e+01
3.514299999999999979e+00
3.023400000000000087e+00
-3.350199999999999845e-01
-1.961400000000000077e+01
-2.207400000000000162e+01
-5.197400000000000020e+00
-9.810700000000000642e+00
-1.244999999999999929e+01
-1.436900000000000066e+00
1.089299999999999891e+01
1.626399999999999935e+01
3.552500000000000213e+00
-4.598300000000000054e+00
1.802999999999999881e-01
-2.145399999999999974e+00
-1.132099999999999973e+01
-1.395199999999999996e+01
-7.325199999999999712e+00
3.919500000000000206e+00
3.573700000000000099e+00
3.766099999999999781e+00
8.690400000000000347e+00
9.496499999999999941e-01
-6.715499999999999581e+00
-1.167599999999999838e+01
-2.736100000000000065e+01
-3.797099999999999653e+01
-2.365300000000000225e+01
-5.561799999999999855e+00
2.567000000000000171e+00
2.045400000000000063e+01
3.506600000000000250e+01
2.281500000000000128e+01
3.541199999999999903e+00
-2.206199999999999939e+00
9.517600000000000504e-01
5.376100000000000323e-01
-2.376700000000000035e+00
9.913700000000000845e-01
8.674799999999999400e+00
7.643099999999999561e+00
-2.745800000000000018e+00
-8.491699999999999804e+00
-6.241600000000000037e+00
1.750000000000000000e+00
1.623699999999999921e+00
-1.512900000000000134e+01
-2.216400000000000148e+01
-1.614600000000000080e+01
-7.498700000000000365e+00
9.431200000000000472e+00
2.020499999999999829e+01
2.861699999999999733e+01
3.994899999999999807e+01
3.075099999999999767e+01
-6.359000000000000208e-01
-3.046499999999999986e+01
-3.442000000000000171e+01
-3.955199999999999960e+01
-4.869399999999999551e+01
-4.145600000000000307e+01
-2.687800000000000011e+01
-5.995300000000000296e+00
2.117399999999999949e+01
4.838199999999999790e+01
7.146600000000000819e+01
7.189199999999999591e+01
5.325000000000000000e+01
3.810000000000000142e+01
1.716400000000000148e+01
5.721000000000000391e-02
-1.741099999999999781e+01
-3.757300000000000040e+01
-4.033699999999999619e+01
-2.798199999999999932e+01
-1.250799999999999912e+01
-1.059299999999999997e+01
-1.637800000000000011e+01
-1.049200000000000088e+01
9.493599999999999817e-01
4.216300000000000381e+00
6.432600000000000540e-01
2.946600000000000108e+00
1.510799999999999876e+01
1.261800000000000033e+01
5.101799999999999891e+00
1.149499999999999922e+01
1.592099999999999937e+01
1.591200000000000081e+01
1.756099999999999994e+01
2.096900000000000119e+01
2.453800000000000026e+01
1.490099999999999980e+01
-7.966300000000000381e+00
-2.554899999999999949e+01
-3.062099999999999866e+01
-3.108300000000000196e+01
-2.866199999999999903e+01
-1.291900000000000048e+01
3.296800000000000175e+00
1.320900000000000141e+01
2.680599999999999739e+01
3.324099999999999966e+01
2.877199999999999847e+01
2.292599999999999838e+01
8.466400000000000148e+00
-1.793400000000000105e+01
-3.516900000000000404e+01
-3.047599999999999909e+01
-1.785000000000000142e+01
-7.256000000000000227e+00
6.406500000000000306e+00
2.260900000000000176e+01
3.681900000000000261e+01
3.287800000000000011e+01
1.546299999999999919e+01
1.318099999999999916e+01
1.285400000000000098e+01
-1.866599999999999926e-01
-1.932499999999999929e+01
-2.788599999999999923e+01
-3.314500000000000313e+01
-4.360199999999999676e+01
-5.310000000000000142e+01
-4.682899999999999352e+01
-1.550699999999999967e+01
1.430499999999999972e+01
2.483800000000000097e+01
2.651000000000000156e+01
3.245100000000000051e+01
3.342499999999999716e+01
1.484599999999999831e+01
3.225099999999999856e+00
8.638799999999999812e+00
9.547399999999999665e+00
5.047299999999999898e+00
-8.161899999999999267e+00
-1.389499999999999957e+01
-1.840600000000000014e+00
6.740800000000000125e+00
9.085599999999999454e+00
1.078500000000000014e+01
4.149300000000000210e+00
-7.628199999999999648e+00
-1.781500000000000128e+01
-2.383800000000000097e+01
-1.506400000000000006e+01
1.960800000000000098e+00
1.637699999999999934e+00
4.674000000000000377e+00
9.419900000000000162e+00
2.551899999999999835e+00
1.944699999999999918e+01
4.500899999999999324e+01
3.677900000000000347e+01
1.856299999999999883e+01
6.097000000000000419e+00
-3.980999999999999872e+00
-9.403200000000000003e+00
-2.117099999999999937e+01
-2.928999999999999915e+01
-3.128500000000000014e+01
-2.775699999999999790e+01
-1.900499999999999901e+01
3.398699999999999832e+00
2.520599999999999952e+01
2.768300000000000338e+01
2.671199999999999974e+01
1.674800000000000111e+01
3.188000000000000167e+00
-5.850799999999999557e+00
-1.878300000000000125e+01
-2.670199999999999818e+01
-2.543900000000000006e+01
-2.882400000000000162e+01
-3.085699999999999932e+01
-2.208500000000000085e+01
-1.551599999999999824e+01
-1.009799999999999898e+01
-2.931000000000000050e+00
2.637300000000000200e-01
2.387199999999999989e+00
-1.671599999999999975e+00
-3.377699999999999925e+00
7.662200000000000344e+00
1.217799999999999905e+01
6.823599999999999888e+00
4.140799999999999592e+00
4.292900000000000382e+00
3.728600000000000136e+00
-1.232599999999999874e+01
-2.733900000000000219e+01
-1.426700000000000124e+01
-1.485700000000000021e+00
-2.460399999999999920e+00
-6.149399999999999977e+00
-7.457900000000000418e+00
-1.639100000000000001e+00
3.932900000000000063e+00
1.068999999999999950e+01
1.790900000000000247e+01
1.835099999999999909e+01
2.489700000000000024e+00
-1.361400000000000077e+01
-1.229099999999999859e+01
-1.573599999999999888e+01
-3.307600000000000051e+01
-4.407399999999999807e+01
-4.288399999999999324e+01
-3.890899999999999892e+01
-2.907800000000000296e+01
-1.868900000000000006e+00
2.453900000000000148e+01
2.776000000000000156e+01
2.681599999999999895e+01
1.823099999999999810e+01
1.032900000000000063e+01
9.997799999999999798e+00
-3.138900000000000023e+00
-2.119999999999999929e+01
-2.187900000000000134e+01
-6.069099999999999717e+00
3.631699999999999928e+00
2.706799999999999873e+00
4.885299999999999976e+00
5.895400000000000418e+00
3.299300000000000122e+00
7.546199999999999797e+00
1.998700000000000188e+01
3.018900000000000006e+01
2.255300000000000082e+01
6.448100000000000165e+00
-2.772000000000000020e-01
2.511600000000000055e+00
4.089900000000000091e+00
-4.069399999999999906e+00
-1.009700000000000131e+01
-1.061999999999999922e+01
-1.892599999999999838e+01
-2.201199999999999690e+01
-1.519800000000000040e+01
-1.613799999999999812e+01
-6.725799999999999557e+00
2.264900000000000091e+01
3.473900000000000432e+01
4.058299999999999841e+01
5.457300000000000040e+01
4.616700000000000159e+01
1.606900000000000261e+01
-1.208500000000000085e+01
-2.250800000000000267e+01
-2.227199999999999847e+01
-1.449599999999999866e+01
-7.739899999999999558e+00
1.987800000000000011e+00
1.205900000000000105e+01
7.876500000000000057e+00
8.216799999999999660e-01
-1.475099999999999945e+01
-2.299099999999999966e+01
-1.275200000000000067e+01
-9.482599999999999696e+00
-9.554700000000000415e+00
8.785500000000000753e+00
3.329400000000000404e+01
3.344699999999999562e+01
2.075900000000000034e+01
2.251000000000000156e+01
2.546499999999999986e+01
1.047799999999999976e+01
-1.472000000000000064e+01
-2.587300000000000111e+01
-1.498900000000000077e+01
-5.114600000000000257e+00
-7.156299999999999883e+00
4.900000000000000355e+00
2.395400000000000063e+01
2.321099999999999852e+01
1.489499999999999957e+01
1.091900000000000048e+01
2.004299999999999926e+01
2.568300000000000338e+01
1.464700000000000024e+01
4.663400000000000212e+00
-3.568799999999999972e+00
-1.224900000000000055e+01
-1.905700000000000216e+01
-1.096099999999999852e+01
8.455899999999999750e+00
2.487599999999999767e+01
3.640500000000000114e+01
3.892199999999999704e+01
3.142900000000000205e+01
2.360999999999999943e+01
1.361599999999999966e+01
-4.970100000000000406e+00
-1.427400000000000091e+01
-1.826299999999999812e+01
-3.661699999999999733e+01
-3.367499999999999716e+01
-7.112800000000000011e+00
6.663800000000000168e+00
1.459900000000000020e+01
1.693799999999999883e+01
1.299699999999999989e+01
8.005800000000000693e+00
-1.178700000000000081e+01
-2.877899999999999991e+01
-3.191699999999999804e+01
-3.521900000000000119e+01
-2.196300000000000097e+01
-8.138400000000000079e-01
1.272900000000000098e+01
3.733200000000000074e+01
5.044399999999999551e+01
2.352499999999999858e+01
-5.205799999999999983e+00
-2.533099999999999952e+01
-4.460600000000000165e+01
-4.828999999999999915e+01
-4.497500000000000142e+01
-3.364000000000000057e+01
-1.552900000000000169e+01
-2.612000000000000099e+00
2.487099999999999866e+00
1.900499999999999901e+01
3.624300000000000210e+01
3.735699999999999932e+01
3.626599999999999824e+01
2.819500000000000028e+01
1.448799999999999955e+01
-2.155299999999999994e+00
-2.027100000000000080e+01
-3.064000000000000057e+01
-2.994099999999999895e+01
-1.959299999999999997e+01
-1.960599999999999810e+01
-2.040399999999999991e+01
-6.844600000000000684e-01
1.806599999999999895e+01
1.855099999999999838e+01
9.403100000000000236e+00
-4.671899999999999942e+00
-1.498900000000000077e+01
-1.032699999999999996e+01
-5.330199999999999605e+00
-1.527200000000000024e+01
-2.392500000000000071e+01
-1.599799999999999933e+01
-5.323100000000000165e+00
5.661800000000000388e+00
2.898900000000000077e+01
4.845700000000000074e+01
3.580899999999999750e+01
1.465000000000000036e+01
6.730199999999999960e+00
-8.798500000000000654e+00
-1.505199999999999960e+01
-8.758200000000000429e+00
-2.585900000000000176e+01
-4.213100000000000023e+01
-3.304099999999999682e+01
-1.538900000000000112e+01
4.179700000000000415e+00
1.454199999999999982e+01
2.055800000000000338e+01
2.889199999999999946e+01
2.452199999999999847e+01
2.915399999999999991e+00
-1.205799999999999983e+01
-1.261700000000000088e+01
-1.444900000000000162e+01
-7.363400000000000389e+00
2.024799999999999933e+00
-5.651900000000000368e+00
-5.931899999999999729e+00
3.218999999999999861e+00
9.125299999999999301e+00
2.698400000000000176e+01
2.974199999999999733e+01
8.118399999999999395e+00
-1.643299999999999983e+01
-4.010800000000000409e+01
-4.901899999999999835e+01
-4.405799999999999983e+01
-2.955900000000000105e+01
-1.534599999999999831e+01
-3.207500000000000018e+00
1.928699999999999903e+01
4.252799999999999869e+01
6.005600000000000449e+01
6.323899999999999721e+01
5.296300000000000097e+01
4.213899999999999579e+01
9.063100000000000378e+00
-2.658900000000000219e+01
-4.452799999999999869e+01
-6.713800000000000523e+01
-5.472699999999999676e+01
-1.793099999999999739e+01
-5.408599999999999852e+00
-3.090700000000000003e+00
7.889199999999999768e+00
2.579199999999999804e+01
2.767900000000000205e+01
1.603800000000000026e+01
7.746299999999999741e+00
-1.984199999999999964e+00
-1.185900000000000176e+01
-1.232300000000000040e+01
-9.707399999999999807e+00
-1.148000000000000043e+01
-4.384100000000000108e+00
7.244299999999999962e+00
1.343599999999999994e+01
1.470299999999999940e+01
9.393200000000000216e+00
4.222100000000000186e+00
4.836800000000000210e+00
1.158900000000000041e+00
-9.031900000000000261e+00
-2.221400000000000219e+01
-4.045900000000000318e+01
-3.314399999999999835e+01
-8.593500000000000583e+00
-8.784100000000000463e+00
-8.809599999999999653e+00
6.436300000000000354e-02
1.630600000000000049e+00
8.027799999999999159e+00
1.915200000000000102e+01
2.533699999999999974e+01
1.983599999999999852e+01
8.864300000000000068e+00
-1.172400000000000109e+00
-9.692299999999999471e+00
-1.399400000000000155e+01
-1.380099999999999838e+01
-1.352099999999999902e+01
-1.837099999999999955e+00
1.482000000000000028e+01
1.618799999999999883e+01
1.091799999999999926e+01
9.977600000000000691e+00
9.974399999999999267e+00
2.040500000000000203e+00
-5.614399999999999391e-01
2.519299999999999873e+00
-1.054199999999999982e+01
-2.553800000000000026e+01
-2.345100000000000051e+01
-1.218200000000000038e+01
-3.735799999999999788e+00
8.202500000000000568e+00
1.028400000000000070e+01
3.625300000000000189e+00
5.629800000000000360e+00
-6.668100000000000138e-01
-1.128299999999999947e+01
-2.266000000000000014e+01
-2.820699999999999719e+01
-1.418099999999999916e+01
7.928200000000000358e+00
2.631400000000000006e+01
4.007699999999999818e+01
2.808599999999999852e+01
-1.154300000000000104e+00
-4.006499999999999950e+00
9.650600000000000733e+00
1.744900000000000162e+01
5.733900000000000219e+00
-1.254800000000000004e+01
-1.535599999999999987e+01
-2.035500000000000043e+01
-3.520499999999999829e+01
-4.117999999999999972e+01
-2.092000000000000171e+01
1.201599999999999824e+01
2.352300000000000324e+01
2.623600000000000065e+01
3.848900000000000432e+01
3.912800000000000011e+01
2.190900000000000247e+01
8.288199999999999790e+00
-9.671099999999999142e+00
-2.174699999999999989e+01
-3.062800000000000011e+01
-4.044899999999999807e+01
-3.370599999999999596e+01
-1.957999999999999829e+01
-7.112099999999999866e+00
5.934099999999999930e+00
2.970599999999999952e+01
4.730199999999999960e+01
4.369800000000000040e+01
4.058200000000000074e+01
3.508899999999999864e+01
1.376500000000000057e+01
-1.174400000000000155e+01
-2.585599999999999810e+01
-3.137000000000000099e+01
-2.769400000000000261e+01
-1.443099999999999916e+01
-6.356800000000000228e-01
1.413299999999999912e+01
2.288599999999999923e+01
1.702400000000000091e+01
8.867000000000000437e-01
-1.078299999999999947e+01
-1.007300000000000040e+01
-1.337599999999999945e+01
-2.331300000000000239e+01
-2.336100000000000065e+01
-1.729200000000000159e+01
-7.468700000000000117e+00
1.288799999999999946e+00
1.312200000000000033e+00
2.945199999999999818e+01
5.847800000000000153e+01
5.449000000000000199e+01
4.744300000000000495e+01
2.291600000000000037e+01
-1.226299999999999990e+01
-3.797800000000000153e+01
-5.496800000000000352e+01
-4.177899999999999636e+01
-1.998199999999999932e+01
-1.301099999999999923e+01
-1.972299999999999942e+00
6.904399999999999871e+00
1.049200000000000088e+01
1.494099999999999895e+01
2.521000000000000085e+01
3.736699999999999733e+01
2.644199999999999662e+01
1.341300000000000026e+01
1.801700000000000079e+00
-1.784400000000000119e+01
-1.855300000000000082e+01
-8.400900000000000034e-01
1.307699999999999996e+01
1.696000000000000085e+01
1.947599999999999909e+01
1.122900000000000098e+01
-6.226799999999999891e+00
-1.442300000000000004e+01
-1.635099999999999909e+01
-6.234799999999999898e+00
4.043899999999999828e+00
7.587799999999999656e+00
1.814600000000000080e+01
2.070400000000000063e+01
2.260399999999999920e+01
3.960900000000000176e+01
4.133800000000000097e+01
2.993599999999999994e+01
3.266700000000000159e+01
2.921499999999999986e+01
7.426000000000000156e+00
-1.791499999999999915e+01
-2.867000000000000171e+01
-2.966199999999999903e+01
-2.360000000000000142e+01
-6.258600000000000385e+00
7.100100000000000300e+00
5.528200000000000003e+00
6.227500000000000036e+00
1.792699999999999960e+01
1.272799999999999976e+01
2.906200000000000117e+00
1.400400000000000134e+01
1.667999999999999972e+01
5.347100000000000186e+00
4.430900000000000283e+00
9.404199999999999449e+00
7.431700000000000195e+00
-3.195899999999999852e-01
3.215899999999999981e+00
1.600600000000000023e+01
1.270099999999999874e+01
4.996400000000000396e+00
-7.636699999999999600e-01
-8.545999999999999375e+00
-1.750700000000000145e+01
-2.021999999999999886e+01
-1.120099999999999874e+01
-5.134299999999999642e+00
6.034399999999999764e+00
2.928199999999999648e+01
4.760499999999999687e+01
5.144800000000000040e+01
3.955499999999999972e+01
2.563300000000000267e+01
1.871400000000000219e+01
-1.725300000000000056e+00
-3.623300000000000409e+01
-5.793500000000000227e+01
-6.580299999999999727e+01
-6.615100000000001046e+01
-4.905600000000000449e+01
-1.942099999999999937e+01
1.141400000000000148e+01
2.322100000000000009e+01
2.447699999999999676e+01
2.798699999999999832e+01
2.193499999999999872e+01
1.316499999999999915e+01
-3.913100000000000023e+00
-2.389400000000000190e+01
-2.754699999999999704e+01
-2.431199999999999761e+01
-2.145300000000000296e+01
-3.838699999999999779e+00
2.456699999999999662e+01
3.380599999999999739e+01
2.661300000000000310e+01
1.331299999999999883e+01
1.048100000000000032e+00
-1.686500000000000110e+00
1.852600000000000025e+00
3.669899999999999829e-01
-1.322799999999999976e+01
-2.928500000000000014e+01
-2.472599999999999909e+01
-3.787300000000000111e+00
6.927500000000000213e+00
3.207399999999999807e+00
-9.593500000000000583e+00
-1.398000000000000043e+01
-1.696199999999999974e+01
-2.661599999999999966e+01
-2.844800000000000040e+01
-3.391199999999999903e+01
-4.088800000000000523e+01
-4.538600000000000279e+01
-4.438800000000000523e+01
-3.029800000000000182e+01
2.820699999999999985e+00
3.681300000000000239e+01
4.402799999999999869e+01
2.594099999999999895e+01
1.390499999999999936e+01
1.035999999999999943e+01
-5.463099999999999845e+00
-1.296099999999999852e+01
-1.573499999999999943e+01
-2.048999999999999844e+01
-2.492300000000000182e+01
-3.213900000000000290e+01
-2.188500000000000156e+01
3.949899999999999967e+00
1.614300000000000068e+01
1.309599999999999831e+01
3.595600000000000129e+00
-1.231799999999999962e+01
-3.134300000000000352e+01
-5.991700000000000159e+01
-7.779699999999999704e+01
-6.442399999999999238e+01
-4.590500000000000114e+01
-3.771399999999999864e+01
-3.504599999999999937e+01
-2.616499999999999915e+01
-9.432499999999999218e+00
-6.943800000000000416e+00
-9.955399999999999139e+00
-1.746699999999999875e+01
-2.608199999999999719e+01
-3.376400000000000290e+01
-6.143600000000000705e+01
-9.195900000000000318e+01
-1.247399999999999949e+02
-1.560900000000000034e+02
-1.805600000000000023e+02
-2.089099999999999966e+02
-2.189799999999999898e+02
-2.172199999999999989e+02
-2.148799999999999955e+02
-1.990900000000000034e+02
-1.883700000000000045e+02
-1.844300000000000068e+02
-1.668300000000000125e+02
-1.486800000000000068e+02
-1.394399999999999977e+02
-1.279399999999999977e+02
-1.100799999999999983e+02
-8.645399999999999352e+01
-6.848100000000000875e+01
-5.849600000000000222e+01
-3.360300000000000153e+01
8.471799999999999997e+00
5.545300000000000296e+01
1.122099999999999937e+02
1.691200000000000045e+02
2.180800000000000125e+02
2.768199999999999932e+02
3.461899999999999977e+02
4.082799999999999727e+02
4.633199999999999932e+02
4.938000000000000114e+02
4.868199999999999932e+02
4.368999999999999773e+02
3.353000000000000114e+02
2.176699999999999875e+02
8.774500000000000455e+01
-4.132399999999999807e+01
-1.247000000000000028e+02
-1.574900000000000091e+02
-1.444300000000000068e+02
-7.175700000000000500e+01
3.958400000000000318e+01
1.409099999999999966e+02
2.431800000000000068e+02
3.579900000000000091e+02
4.101299999999999955e+02
3.862099999999999795e+02
3.369499999999999886e+02
2.748600000000000136e+02
1.826200000000000045e+02
8.097800000000000864e+01
6.653599999999999959e+00
-1.032400000000000162e+01
2.913300000000000267e+01
9.815600000000000591e+01
1.789199999999999875e+02
2.320000000000000000e+02
2.300000000000000000e+02
1.911200000000000045e+02
1.248799999999999955e+02
4.731300000000000239e+01
-2.260599999999999810e+01
-8.235600000000000875e+01
-1.346500000000000057e+02
-1.755399999999999920e+02
-2.212299999999999898e+02
-2.825199999999999818e+02
-3.502699999999999818e+02
-4.078100000000000023e+02
-4.308199999999999932e+02
-4.144800000000000182e+02
-3.982500000000000000e+02
-4.071100000000000136e+02
-3.890600000000000023e+02
-3.075099999999999909e+02
-1.947199999999999989e+02
-6.260000000000000142e+01
1.033400000000000034e+02
2.196800000000000068e+02
2.007800000000000011e+02
1.137500000000000000e+02
-1.994800000000000040e+01
-1.621800000000000068e+02
-2.631800000000000068e+02
-3.278799999999999955e+02
-3.739800000000000182e+02
-3.823600000000000136e+02
-3.389499999999999886e+02
-2.135900000000000034e+02
2.513100000000000023e+01
2.744599999999999795e+02
4.437900000000000205e+02
5.141299999999999955e+02
5.055699999999999932e+02
3.926700000000000159e+02
1.638300000000000125e+02
3.195500000000000007e+00
-6.668699999999999761e+01
-1.555600000000000023e+02
-2.181100000000000136e+02
-2.169399999999999977e+02
-1.063100000000000023e+02
3.444300000000000495e+01
1.295000000000000000e+02
1.995500000000000114e+02
2.064799999999999898e+02
1.405000000000000000e+02
1.963899999999999935e+01
-8.176399999999999579e+01
-1.095699999999999932e+02
-1.069899999999999949e+02
-1.058400000000000034e+02
-8.398999999999999488e+01
-2.595499999999999829e+01
3.021499999999999986e+01
7.034199999999999875e+01
1.160100000000000051e+02
1.481599999999999966e+02
1.323700000000000045e+02
9.106900000000000261e+01
5.956700000000000017e+01
4.057000000000000028e+01
1.381700000000000017e+01
1.103800000000000026e+01
5.306100000000000705e+01
7.325300000000000011e+01
6.056499999999999773e+01
5.171600000000000108e+01
6.304600000000000648e+01
9.888899999999999579e+01
1.142699999999999960e+02
8.916299999999999670e+01
4.057500000000000284e+01
-1.219900000000000162e+01
-8.549600000000000932e+01
-2.212700000000000102e+02
-3.169900000000000091e+02
-3.355299999999999727e+02
-3.315799999999999841e+02
-3.113899999999999864e+02
-2.763700000000000045e+02
-2.011699999999999875e+02
-8.835099999999999909e+01
1.652700000000000102e+01
7.214300000000000068e+01
6.222500000000000142e+01
1.601900000000000190e+01
-1.924200000000000088e+01
-2.350900000000000034e+01
-4.109700000000000131e+00
1.197700000000000031e+01
1.497499999999999964e+01
-5.554299999999999571e+00
-4.189000000000000057e+01
-2.713899999999999935e+01
5.394500000000000028e+01
1.093900000000000006e+02
1.127199999999999989e+02
1.204800000000000040e+02
1.309600000000000080e+02
9.889200000000001012e+01
3.909600000000000186e+00
-9.419499999999999318e+01
-1.338499999999999943e+02
-1.329499999999999886e+02
-8.233599999999999852e+01
1.622799999999999798e+01
9.330299999999999727e+01
1.221800000000000068e+02
1.415900000000000034e+02
1.619900000000000091e+02
1.623199999999999932e+02
1.418899999999999864e+02
1.218199999999999932e+02
1.062099999999999937e+02
9.650600000000000023e+01
5.314600000000000080e+01
-7.501699999999999591e+01
-1.942299999999999898e+02
-2.183899999999999864e+02
-1.982199999999999989e+02
-1.733199999999999932e+02
-9.560399999999999920e+01
2.143499999999999872e+01
1.008499999999999943e+02
1.244699999999999989e+02
1.276500000000000057e+02
1.427100000000000080e+02
1.511800000000000068e+02
1.920999999999999943e+02
2.314499999999999886e+02
2.089199999999999875e+02
1.468499999999999943e+02
4.373199999999999932e+01
-7.741400000000000148e+01
-1.750399999999999920e+02
-2.336800000000000068e+02
-2.536899999999999977e+02
-2.469000000000000057e+02
-2.074099999999999966e+02
-1.477800000000000011e+02
-6.466500000000000625e+01
3.328499999999999659e+01
8.700700000000000500e+01
9.298100000000000875e+01
1.042099999999999937e+02
1.095499999999999972e+02
8.420799999999999841e+01
3.167500000000000071e+01
-7.862300000000000288e+00
-3.283599999999999852e+01
-4.519100000000000250e+01
-2.784600000000000009e+01
-8.343799999999999883e+00
2.733599999999999852e+01
7.132899999999999352e+01
6.346899999999999409e+01
4.675899999999999324e+01
7.536100000000000421e+01
1.040300000000000011e+02
7.813800000000000523e+01
1.255900000000000105e+01
-4.953499999999999659e+01
-9.327700000000000102e+01
-1.323700000000000045e+02
-1.429300000000000068e+02
-9.987200000000001410e+01
-4.936199999999999477e+01
-2.891300000000000026e+01
1.767699999999999960e+01
9.488200000000000500e+01
1.643899999999999864e+02
2.405699999999999932e+02
2.893799999999999955e+02
2.827400000000000091e+02
2.113499999999999943e+02
6.843500000000000227e+01
-2.896300000000000097e+01
-5.429899999999999949e+01
-7.076000000000000512e+01
-6.713299999999999557e+01
-5.128000000000000114e+01
-5.777099999999999902e+00
8.479799999999998761e+01
1.460300000000000011e+02
1.399199999999999875e+02
1.043199999999999932e+02
5.791499999999999915e+01
7.717399999999999594e+00
-2.085500000000000043e+01
-4.854699999999999704e+01
-1.450200000000000102e+02
-2.770500000000000114e+02
-3.701800000000000068e+02
-4.622900000000000205e+02
-5.074300000000000068e+02
-4.446600000000000250e+02
-3.149599999999999795e+02
-1.539000000000000057e+02
1.905900000000000105e+01
1.724699999999999989e+02
2.897599999999999909e+02
3.520199999999999818e+02
3.423600000000000136e+02
2.982400000000000091e+02
2.150800000000000125e+02
1.290699999999999932e+02
4.629500000000000171e+01
-8.464700000000000557e+01
-1.889699999999999989e+02
-2.343199999999999932e+02
-2.767300000000000182e+02
-2.964800000000000182e+02
-2.334900000000000091e+02
-9.222899999999999920e+01
1.931099999999999994e+01
4.164199999999999591e+01
3.335399999999999920e+01
1.384500000000000064e+01
-4.450399999999999778e+01
-1.014800000000000040e+02
-1.456100000000000136e+02
-1.991200000000000045e+02
-2.146599999999999966e+02
-1.920600000000000023e+02
-1.947800000000000011e+02
-2.299199999999999875e+02
-1.837899999999999920e+02
4.045900000000000318e+01
2.213499999999999943e+02
2.699900000000000091e+02
3.431000000000000227e+02
4.388100000000000023e+02
4.827099999999999795e+02
4.682900000000000205e+02
3.831299999999999955e+02
2.543499999999999943e+02
2.046399999999999864e+02
1.812899999999999920e+02
1.309199999999999875e+02
7.564199999999999591e+01
3.229400000000000404e+01
1.178800000000000026e+01
-4.787799999999999834e+00
-2.484900000000000020e+01
-1.453099999999999881e+01
3.631099999999999994e+01
7.728699999999999193e+01
7.859899999999998954e+01
6.014399999999999835e+01
2.534099999999999753e+01
-5.307000000000000028e+01
-1.549099999999999966e+02
-2.240999999999999943e+02
-2.623600000000000136e+02
-2.696999999999999886e+02
-2.271599999999999966e+02
-1.691299999999999955e+02
-1.420999999999999943e+02
-1.059599999999999937e+02
-1.386599999999999966e+01
6.268800000000000239e+01
5.689999999999999858e+01
5.545100000000000051e+01
1.094200000000000017e+02
1.555500000000000114e+02
1.384699999999999989e+02
7.041199999999999193e+01
-1.407200000000000006e+00
-5.029699999999999704e+01
-7.955700000000000216e+01
-7.731499999999999773e+01
-3.369200000000000017e+01
1.196900000000000119e+01
6.908599999999999852e+00
-2.811400000000000077e+01
-7.394199999999999307e+01
-1.365999999999999943e+02
-1.879300000000000068e+02
-2.191500000000000057e+02
-2.200600000000000023e+02
-1.799399999999999977e+02
-1.360399999999999920e+02
-9.433200000000000784e+01
-1.137800000000000011e+01
7.060800000000000409e+01
1.116500000000000057e+02
1.459799999999999898e+02
1.744499999999999886e+02
1.678899999999999864e+02
1.369499999999999886e+02
9.625399999999999068e+01
4.114399999999999835e+01
-4.517699999999999605e+00
-2.909099999999999753e+01
-3.460600000000000165e+01
-2.230199999999999960e+01
-1.548399999999999999e+00
1.294700000000000095e+01
6.774200000000000443e+00
-2.722599999999999909e+01
-6.473499999999999943e+01
-8.342499999999999716e+01
-9.370900000000000318e+01
-9.134100000000000819e+01
-7.554000000000000625e+01
-5.839399999999999835e+01
-4.042199999999999704e+01
-2.402599999999999980e+01
-2.668600000000000083e+00
3.170499999999999829e+01
5.492100000000000648e+01
6.307300000000000040e+01
6.993600000000000705e+01
7.783899999999999864e+01
7.464600000000000080e+01
5.210699999999999932e+01
3.235999999999999943e+01
3.454999999999999716e+01
4.603100000000000591e+01
4.183200000000000074e+01
3.578000000000000114e+01
3.753099999999999881e+01
2.344800000000000040e+01
5.057900000000000063e+00
-1.012599999999999945e+00
-2.641300000000000026e+01
-6.955800000000000693e+01
-8.594200000000000728e+01
-3.865599999999999881e+01
1.340599999999999881e+01
3.220700000000000074e+01
8.044800000000000750e+01
1.689499999999999886e+02
2.315900000000000034e+02
2.332899999999999920e+02
1.867100000000000080e+02
9.323399999999999466e+01
7.879299999999999748e+00
-4.087800000000000011e+01
-8.643999999999999773e+01
-1.194500000000000028e+02
-1.236099999999999994e+02
-1.491699999999999875e+02
-1.888899999999999864e+02
-1.733300000000000125e+02
-9.329799999999998761e+01
-4.250600000000000023e+01
-5.623499999999999943e+01
-3.364800000000000324e+01
2.541400000000000148e+01
2.407800000000000296e+01
-5.414999999999999858e+01
-1.357899999999999920e+02
-1.638799999999999955e+02
-1.561800000000000068e+02
-9.368700000000001182e+01
5.542399999999999949e+01
1.583899999999999864e+02
1.600099999999999909e+02
1.269000000000000057e+02
5.339500000000000313e+01
-4.305399999999999494e+01
-9.403200000000001069e+01
-9.185999999999999943e+01
-8.168800000000000239e+01
-7.058599999999999852e+01
-4.444399999999999551e+01
-2.797299999999999898e+00
2.707199999999999918e+01
2.261800000000000210e+01
3.213900000000000290e+01
8.703200000000001069e+01
1.421200000000000045e+02
1.520200000000000102e+02
1.327299999999999898e+02
1.001500000000000057e+02
4.913700000000000045e+01
-5.145699999999999719e+00
-5.174899999999999523e+01
-6.962399999999999523e+01
-5.214899999999999380e+01
-1.780599999999999739e+01
3.547500000000000142e+01
9.345700000000000784e+01
1.266700000000000017e+02
1.323899999999999864e+02
1.117199999999999989e+02
6.390699999999999648e+01
1.469400000000000084e+01
-2.095599999999999952e+01
-6.640800000000000125e+01
-1.163799999999999955e+02
-1.520000000000000000e+02
-1.585600000000000023e+02
-1.261899999999999977e+02
-4.981800000000000495e+01
4.187500000000000000e+01
9.266200000000000614e+01
1.054099999999999966e+02
1.104200000000000017e+02
1.021099999999999994e+02
7.911700000000000443e+01
5.426300000000000523e+01
3.213100000000000023e+01
-1.639099999999999824e+01
-7.235899999999999466e+01
-8.727299999999999613e+01
-7.738500000000000512e+01
-2.911899999999999977e+01
3.211699999999999733e+01
2.609199999999999875e+01
-3.211199999999999832e+00
-1.934299999999999997e+01
-6.770199999999999818e+01
-1.339099999999999966e+02
-1.504399999999999977e+02
-1.167099999999999937e+02
-8.315600000000000591e+01
-4.085699999999999932e+01
3.679800000000000182e+01
1.034800000000000040e+02
1.253900000000000006e+02
1.413400000000000034e+02
1.682299999999999898e+02
1.331999999999999886e+02
2.294300000000000139e+01
-5.444100000000000250e+01
-7.630100000000000193e+01
-8.742499999999999716e+01
-7.855199999999999250e+01
-6.786700000000000443e+01
-7.897100000000000364e+01
-7.021099999999999852e+01
-3.313199999999999790e+01
1.365900000000000070e+01
6.238899999999999579e+01
9.537700000000000955e+01
1.010799999999999983e+02
7.622299999999999898e+01
3.415500000000000114e+01
5.139400000000000190e+00
9.678200000000000358e+00
3.124800000000000111e+01
3.897099999999999653e+01
2.236699999999999733e+01
-3.614100000000000090e+00
-1.781700000000000017e+01
-2.163199999999999790e+01
-2.120899999999999963e+01
-2.461100000000000065e+01
-4.000800000000000267e+01
-5.542999999999999972e+01
-5.132500000000000284e+01
-4.790600000000000591e+01
-3.201599999999999824e+01
1.537099999999999866e+01
5.135999999999999943e+01
6.052499999999999858e+01
6.239000000000000057e+01
6.499299999999999500e+01
5.256600000000000250e+01
8.112800000000000011e+00
-3.984300000000000352e+01
-4.671600000000000108e+01
-1.681599999999999895e+01
5.991299999999999848e+00
1.272700000000000031e+01
3.000300000000000011e+01
3.957900000000000063e+01
2.215800000000000125e+01
-8.811299999999999244e+00
-3.872200000000000131e+01
-6.052600000000000335e+01
-8.835099999999999909e+01
-1.164399999999999977e+02
-1.256299999999999955e+02
-1.094099999999999966e+02
-8.393899999999999295e+01
-4.631600000000000250e+01
1.505000000000000071e+01
6.576100000000000989e+01
7.633299999999999841e+01
8.102199999999999136e+01
9.974200000000000443e+01
9.485600000000000875e+01
5.860300000000000153e+01
2.453800000000000026e+01
1.143999999999999950e+01
3.086800000000000210e+01
5.793299999999999983e+01
6.408800000000000807e+01
5.742999999999999972e+01
3.966199999999999903e+01
2.476199999999999690e+01
1.067300000000000004e+01
-6.434000000000000163e+00
-1.348499999999999943e+01
-1.162599999999999945e+01
2.216800000000000104e+00
8.222200000000000841e+00
-8.577899999999999636e+00
-3.533699999999999619e+01
-4.886100000000000421e+01
-6.416299999999999670e+01
-1.089200000000000017e+02
-1.432800000000000011e+02
-1.399699999999999989e+02
-1.051500000000000057e+02
-3.211500000000000199e+01
5.650800000000000267e+01
1.026299999999999955e+02
9.407099999999999795e+01
7.267799999999999727e+01
6.006800000000000495e+01
4.732199999999999562e+01
1.128599999999999959e+01
-3.576500000000000057e+01
-5.618800000000000239e+01
-6.124600000000000222e+01
-6.455800000000000693e+01
-6.670600000000000307e+01
-7.723300000000000409e+01
-6.263700000000000045e+01
2.168300000000000338e+01
9.991599999999999682e+01
1.001400000000000006e+02
8.618600000000000705e+01
6.540699999999999648e+01
-7.059800000000000075e+00
-7.194499999999999318e+01
-8.322700000000000387e+01
-5.965399999999999636e+01
-1.793900000000000006e+01
6.918400000000000105e+00
2.559400000000000119e+01
4.537399999999999523e+01
3.016000000000000014e+01
-1.316400000000000148e+01
-3.411899999999999977e+01
-2.357699999999999818e+01
-2.928099999999999881e+01
-5.335999999999999943e+01
-6.212600000000000477e+01
-6.157500000000000284e+01
-6.175800000000000267e+01
-1.345400000000000063e+01
6.207199999999999562e+01
1.112600000000000051e+02
1.603400000000000034e+02
1.847299999999999898e+02
1.330099999999999909e+02
4.644399999999999551e+01
-1.671000000000000085e+01
-5.502399999999999380e+01
-5.726600000000000534e+01
-1.733500000000000085e+01
1.661100000000000065e+01
2.086100000000000065e+01
1.580299999999999905e+01
1.184299999999999997e+01
-6.329000000000000181e-01
-1.675300000000000011e+01
-2.274900000000000233e+01
-2.146800000000000352e+01
-2.142500000000000071e+01
-2.978400000000000247e+01
-3.298799999999999955e+01
-2.899800000000000111e+01
-1.781500000000000128e+01
1.121400000000000041e+01
5.040500000000000114e+01
8.514100000000000534e+01
1.099300000000000068e+02
1.117900000000000063e+02
7.585099999999999909e+01
-1.729400000000000048e+01
-1.030799999999999983e+02
-1.194399999999999977e+02
-1.184399999999999977e+02
-9.607500000000000284e+01
-4.037899999999999778e+01
2.153000000000000114e+01
5.989800000000000324e+01
6.647399999999998954e+01
4.959300000000000352e+01
2.554100000000000037e+01
3.605100000000000193e+01
4.578199999999999648e+01
1.439200000000000124e+01
-2.696499999999999986e+01
-7.282800000000000296e+01
-1.201099999999999994e+02
-1.355800000000000125e+02
-1.051200000000000045e+02
-5.212399999999999523e+01
-1.643499999999999872e+01
7.028699999999999726e+00
2.530199999999999960e+01
2.268699999999999761e+01
1.931500000000000128e+01
1.893499999999999872e+01
-9.334600000000000675e-01
-3.309400000000000119e+01
-4.514300000000000068e+01
-3.212699999999999534e+01
-4.515999999999999659e+01
-7.977600000000001046e+01
-8.162600000000000477e+01
-4.151600000000000534e+01
3.035599999999999810e+01
1.095199999999999960e+02
1.670800000000000125e+02
1.736299999999999955e+02
1.034699999999999989e+02
7.914799999999999613e+00
-2.855400000000000205e+01
-2.626500000000000057e+01
1.776299999999999990e+00
3.715999999999999659e+01
3.332000000000000028e+01
4.639300000000000423e+00
-1.753599999999999781e+01
-2.075000000000000000e+01
7.409699999999999953e+00
5.486199999999999477e+01
8.465600000000000591e+01
7.206300000000000239e+01
2.722400000000000020e+01
-2.693900000000000006e+01
-7.463700000000000045e+01
-1.044399999999999977e+02
-9.747799999999999443e+01
-6.851699999999999591e+01
-6.115999999999999659e+01
-4.147500000000000142e+01
2.397400000000000020e+01
6.688899999999999579e+01
4.606000000000000227e+01
3.327100000000000080e+01
5.805799999999999983e+01
7.566599999999999682e+01
7.569199999999999307e+01
5.921199999999999619e+01
1.097599999999999909e+01
-4.416399999999999437e+01
-8.246500000000000341e+01
-8.833799999999999386e+01
-5.940500000000000114e+01
-1.597200000000000131e+01
9.475300000000000722e+00
1.747700000000000031e+01
1.939199999999999946e+01
2.112400000000000233e+01
2.305400000000000205e+01
2.474099999999999966e+01
2.937000000000000099e+01
3.092800000000000082e+01
3.831499999999999773e+01
3.471999999999999886e+01
-2.630000000000000115e-01
-3.035999999999999943e+01
-2.783900000000000219e+01
-2.448699999999999832e+01
-2.692399999999999949e+01
-2.023499999999999943e+01
-1.706799999999999784e+01
-2.094500000000000028e+01
-2.475600000000000023e+01
-9.632899999999999352e+00
2.871099999999999852e+01
6.479899999999999238e+01
7.274899999999999523e+01
3.632500000000000284e+01
-8.147999999999999687e+00
-3.828000000000000114e+01
-6.490600000000000591e+01
-6.555800000000000693e+01
-3.880499999999999972e+01
-1.195900000000000141e+01
1.521700000000000053e+00
8.975700000000000900e-01
-4.405999999999999694e+00
1.164799999999999969e+01
3.936599999999999966e+01
2.709300000000000352e+01
5.840899999999999981e-01
-9.852800000000000225e+00
-3.489600000000000080e+01
-6.196699999999999875e+01
-4.832199999999999562e+01
-2.050499999999999901e+01
-1.225799999999999912e+01
-1.336400000000000077e+01
-1.015600000000000058e+01
-9.468299999999999494e-01
-4.306300000000000239e+00
8.342900000000000316e-02
2.648199999999999932e+01
3.885300000000000153e+01
3.138599999999999923e+01
1.542400000000000126e+01
2.549100000000000144e+00
7.005300000000000082e+00
1.252799999999999869e+01
2.531400000000000095e+00
9.861000000000000654e+00
5.238100000000000023e+01
7.641599999999999682e+01
6.754899999999999238e+01
4.889999999999999858e+01
3.545700000000000074e+01
1.790900000000000247e+01
-1.197799999999999976e+01
-4.394600000000000506e+01
-6.880599999999999739e+01
-7.868999999999999773e+01
-8.381000000000000227e+01
-9.262000000000000455e+01
-9.150299999999998590e+01
-6.788899999999999579e+01
-3.765999999999999659e+01
-4.757399999999999629e+00
2.769000000000000128e+01
5.740399999999999636e+01
7.633899999999999864e+01
5.082199999999999562e+01
3.554600000000000204e+00
-2.429500000000000171e+01
-1.648300000000000054e+01
2.652699999999999747e+01
5.897600000000000620e+01
6.321300000000000097e+01
5.862100000000000222e+01
4.413700000000000045e+01
2.147500000000000142e+01
1.168099999999999916e+01
1.387900000000000134e+01
2.050000000000000000e+01
7.603100000000000414e+00
-3.461400000000000432e+01
-7.466100000000000136e+01
-9.154799999999998761e+01
-6.792900000000000205e+01
-4.060100000000000264e+00
4.495000000000000284e+01
5.451200000000000045e+01
5.394899999999999807e+01
3.444400000000000261e+01
9.496999999999999886e+00
-3.390800000000000036e+00
-3.024599999999999866e+01
-6.536700000000000443e+01
-8.396399999999999864e+01
-9.110999999999999943e+01
-1.008100000000000023e+02
-9.218600000000000705e+01
-4.728399999999999892e+01
-6.182699999999999640e+00
2.064199999999999946e+01
6.395100000000000051e+01
8.698899999999999011e+01
6.584199999999999875e+01
4.450100000000000477e+01
4.512399999999999523e+01
4.416899999999999693e+01
2.884400000000000119e+01
1.015099999999999980e+01
-1.610099999999999909e+01
-2.989999999999999858e+01
-2.685599999999999810e+01
-1.711899999999999977e+01
-1.061900000000000155e+01
-1.699099999999999966e+01
-2.224800000000000111e+01
-1.123000000000000043e+01
5.108100000000000307e+00
4.548099999999999810e+00
2.780400000000000205e+00
2.334200000000000053e+00
5.112400000000000055e+00
4.304199999999999804e+00
-1.274099999999999966e+01
-1.147400000000000020e+01
2.083699999999999974e+01
3.647999999999999687e+01
2.333699999999999974e+01
4.409500000000000419e+00
-2.009799999999999898e+01
-2.591300000000000026e+01
-1.711299999999999955e+01
-1.900499999999999901e+01
-9.539199999999999235e+00
6.028299999999999770e+00
5.147199999999999775e+00
-2.645300000000000207e+00
-4.186199999999999921e-01
8.826399999999999579e+00
1.811499999999999844e+01
2.210599999999999810e+01
1.282599999999999874e+01
-2.872300000000000075e+00
-8.819000000000000838e+00
-1.315299999999999869e+01
-7.143200000000000216e+00
2.278300000000000125e+01
4.459799999999999898e+01
4.954899999999999949e+01
5.593600000000000705e+01
5.256800000000000495e+01
2.704500000000000171e+01
5.091499999999999915e+00
-2.185300000000000153e+01
-5.399800000000000466e+01
-4.808200000000000074e+01
-2.895100000000000051e+01
-3.304200000000000159e+01
-4.055699999999999505e+01
-2.799699999999999989e+01
1.094200000000000017e+01
4.257999999999999829e+01
5.357999999999999829e+01
5.491600000000000392e+01
4.120799999999999841e+01
3.855300000000000438e+01
4.126800000000000068e+01
2.964000000000000057e+01
7.478399999999999714e+00
-3.033399999999999874e+00
-1.782099999999999795e+01
-5.229299999999999926e+01
-6.704899999999999238e+01
-7.635300000000000864e+01
-9.563600000000000989e+01
-9.191100000000000136e+01
-4.946300000000000097e+01
2.387900000000000134e+00
3.431099999999999994e+01
5.977399999999999380e+01
7.927700000000000102e+01
7.254300000000000637e+01
6.084700000000000131e+01
4.608399999999999608e+01
7.853100000000000414e+00
-2.732000000000000028e+01
-4.285499999999999687e+01
-3.517900000000000205e+01
-1.264700000000000024e+01
-1.349099999999999966e+00
-1.255499999999999972e+01
-2.442900000000000205e+01
-1.575699999999999967e+01
1.450400000000000134e+01
3.508800000000000097e+01
3.514500000000000313e+01
4.653699999999999903e+01
5.486600000000000676e+01
4.741199999999999903e+01
2.807400000000000162e+01
1.483200000000000074e+00
-1.933200000000000074e+01
-3.051900000000000190e+01
-4.917899999999999494e+01
-7.936100000000000421e+01
-8.264000000000000057e+01
-5.264600000000000080e+01
-3.282800000000000296e+01
-3.608699999999999619e+01
-3.608099999999999596e+01
-1.859600000000000009e+01
5.624799999999999578e+00
2.295300000000000296e+01
3.429099999999999682e+01
4.823499999999999943e+01
5.397100000000000364e+01
3.237199999999999989e+01
-9.312599999999999767e+00
-3.071999999999999886e+01
-9.570700000000000429e+00
2.743099999999999983e-01
3.189000000000000057e+00
3.792900000000000205e+01
5.506499999999999773e+01
3.023800000000000310e+01
1.010500000000000043e+01
1.113099999999999845e+01
-2.411900000000000155e+00
-2.101900000000000190e+01
-2.649800000000000111e+01
-2.353300000000000125e+01
-2.444900000000000162e+01
-2.927300000000000324e+01
-2.953099999999999881e+01
-2.776199999999999690e+01
-6.770699999999999719e+00
3.035500000000000043e+01
5.087100000000000222e+01
6.205300000000000438e+01
6.970999999999999375e+01
4.335999999999999943e+01
-1.120100000000000096e+00
-3.383800000000000097e+01
-4.684499999999999886e+01
-4.594100000000000250e+01
-4.790100000000000335e+01
-4.053499999999999659e+01
-1.831900000000000261e+01
-5.129800000000000360e+00
8.025700000000000500e+00
3.339000000000000057e+01
5.095300000000000296e+01
5.816700000000000159e+01
6.126699999999999591e+01
2.439999999999999858e+01
-3.748300000000000409e+01
-7.663500000000000512e+01
-1.001599999999999966e+02
-1.044899999999999949e+02
-8.218200000000000216e+01
-4.813600000000000279e+01
-1.128900000000000148e+01
1.933699999999999974e+01
5.250999999999999801e+01
8.746600000000000819e+01
7.583400000000000318e+01
3.651500000000000057e+01
1.043400000000000105e+01
-1.223200000000000109e+01
-4.042699999999999960e+01
-5.321500000000000341e+01
-3.348900000000000432e+01
-9.962400000000000588e+00
-7.935100000000000264e+00
-6.750700000000000145e+00
1.921599999999999753e+01
4.921999999999999886e+01
5.058200000000000074e+01
2.566300000000000026e+01
5.857000000000000206e+00
2.012300000000000111e+01
3.227199999999999847e+01
2.012900000000000134e+01
9.452700000000000102e+00
4.661900000000000155e+00
5.491200000000000081e+00
2.471299999999999830e+00
-1.528099999999999881e+01
-9.130200000000000315e+00
-1.916400000000000048e-01
-2.004200000000000159e+01
-2.872899999999999920e+01
-1.540599999999999881e+01
-7.954600000000000559e-01
2.552700000000000191e+00
1.032499999999999929e+01
2.824300000000000210e+01
3.749399999999999977e+01
4.013300000000000267e+01
4.249600000000000222e+01
3.151099999999999923e+01
1.139900000000000091e+01
5.826600000000000668e-01
-1.446099999999999852e+01
-4.054599999999999937e+01
-4.482000000000000028e+01
-1.849200000000000088e+01
2.738599999999999923e+00
-6.092900000000000205e+00
-3.701899999999999835e+01
-5.074899999999999523e+01
-3.382199999999999562e+01
-6.687100000000000044e+00
1.122599999999999909e+01
1.580499999999999972e+01
3.385300000000000153e+01
4.405199999999999960e+01
1.617900000000000205e+01
-1.139400000000000013e+01
-3.034300000000000352e+01
-5.291899999999999693e+01
-4.420199999999999818e+01
-1.537299999999999933e+01
-6.536599999999999966e+00
8.023799999999999599e+00
3.034199999999999875e+01
2.385699999999999932e+01
9.811099999999999710e+00
2.530300000000000082e+01
4.993299999999999983e+01
5.680100000000000193e+01
4.510100000000000620e+01
2.129599999999999937e+01
-2.814700000000000202e+00
-2.214600000000000080e+01
-5.148899999999999721e+01
-7.723000000000000398e+01
-6.761700000000000443e+01
-4.323799999999999955e+01
-4.706600000000000250e+01
-6.767900000000000205e+01
-5.047800000000000153e+01
-8.976699999999999235e+00
1.690500000000000114e+01
3.378900000000000148e+01
4.167800000000000438e+01
5.143299999999999983e+01
6.049899999999999523e+01
6.122500000000000142e+01
3.666499999999999915e+01
1.331099999999999950e+00
-1.250900000000000034e+01
-1.593900000000000006e+01
-7.713199999999999612e+00
7.216000000000000192e+00
2.543699999999999761e+01
5.800800000000000267e+01
8.774600000000000932e+01
8.768099999999999739e+01
5.112800000000000011e+01
-5.713400000000000034e+00
-5.098600000000000421e+01
-7.116100000000000136e+01
-7.128900000000000148e+01
-6.580800000000000693e+01
-5.096199999999999619e+01
-2.550800000000000267e+01
-2.157499999999999929e+01
-1.869000000000000128e+01
-1.073000000000000043e+01
-1.299900000000000055e+01
7.002500000000000391e+00
5.251200000000000045e+01
7.370300000000000296e+01
5.410100000000000620e+01
1.914900000000000091e+01
-1.701800000000000068e+01
-5.527799999999999869e+01
-7.369499999999999318e+01
-4.426500000000000057e+01
5.241000000000000103e-01
2.211699999999999733e+01
2.726500000000000057e+01
2.677899999999999991e+01
2.451900000000000190e+01
2.399099999999999966e+01
3.300399999999999778e+01
4.497100000000000364e+01
4.040999999999999659e+01
7.461899999999999977e+00
-3.481900000000000261e+01
-5.554899999999999949e+01
-6.369500000000000028e+01
-5.416899999999999693e+01
-7.044200000000000017e+00
3.459199999999999875e+01
4.892800000000000438e+01
5.030600000000000449e+01
3.556099999999999994e+01
1.812999999999999901e+01
7.653699999999999726e+00
-2.020299999999999940e+01
-5.273600000000000421e+01
-5.753699999999999903e+01
-3.937500000000000000e+01
-2.476599999999999824e+01
1.520999999999999908e+00
4.380100000000000193e+01
6.343100000000000449e+01
5.634199999999999875e+01
3.601599999999999824e+01
1.314700000000000024e+01
-5.836400000000000254e+00
-2.649699999999999989e+01
-4.583299999999999841e+01
-6.003499999999999659e+01
-5.973699999999999477e+01
-4.782300000000000040e+01
-3.615099999999999625e+01
-2.547899999999999920e+01
1.023000000000000043e+01
5.173100000000000165e+01
5.938700000000000045e+01
4.184000000000000341e+01
9.882500000000000284e+00
-1.145299999999999940e+01
-1.626699999999999946e+01
-2.064800000000000324e+01
-2.728300000000000125e+01
-1.582000000000000028e+01
1.042400000000000126e+01
2.559800000000000253e+01
3.428999999999999915e+01
5.651399999999999579e+01
6.235899999999999466e+01
1.970200000000000173e+01
-7.555399999999999672e+00
1.218399999999999928e+00
-1.309200000000000053e+01
-3.685800000000000409e+01
-5.945000000000000284e+01
-7.309600000000000364e+01
-6.214500000000000313e+01
-3.806099999999999994e+01
-1.182799999999999940e+01
1.872200000000000131e+01
5.272500000000000142e+01
6.264699999999999847e+01
4.818999999999999773e+01
3.123600000000000065e+01
1.171900000000000119e+01
-8.591100000000000847e+00
-2.119599999999999795e+01
-2.387500000000000000e+01
-2.022500000000000142e+01
-2.138400000000000034e+01
-2.586400000000000077e+01
-1.516499999999999915e+01
2.092399999999999949e+01
4.792800000000000438e+01
2.939900000000000091e+01
9.379200000000000870e+00
1.604700000000000060e+01
2.361899999999999977e+01
2.162900000000000134e+01
8.107499999999999929e+00
-1.201200000000000045e+01
-2.640099999999999980e+01
-2.849300000000000210e+01
-3.753399999999999892e+01
-5.048699999999999477e+01
-3.162900000000000134e+01
-1.616900000000000048e+01
-1.916600000000000037e+01
-1.060900000000000176e+01
6.205599999999999561e+00
1.702400000000000091e+01
2.956399999999999917e+00
-8.166100000000000136e+00
1.029800000000000004e+01
2.394699999999999918e+01
2.789499999999999957e+01
1.951099999999999923e+01
-5.373999999999999666e+00
-2.525699999999999790e+01
-3.362599999999999767e+01
-4.189100000000000534e+01
-5.118500000000000227e+01
-2.827800000000000225e+01
9.573999999999999844e+00
2.461199999999999832e+01
4.386100000000000421e+01
6.325300000000000011e+01
5.927499999999999858e+01
5.051399999999999579e+01
4.073599999999999710e+01
2.595400000000000063e+01
1.034299999999999997e+01
-2.151099999999999923e+01
-5.129100000000000392e+01
-4.873399999999999466e+01
-3.303000000000000114e+01
-2.013100000000000023e+01
-3.548200000000000021e+00
1.177500000000000036e+01
2.966400000000000148e+01
3.954099999999999682e+01
1.637199999999999989e+01
-1.679599999999999937e+01
-3.607800000000000296e+01
-4.528199999999999648e+01
-6.352300000000000324e+01
-7.108800000000000807e+01
-4.395600000000000307e+01
-1.222599999999999909e+01
6.436399999999999899e+00
3.686599999999999966e+01
6.075699999999999790e+01
4.881600000000000250e+01
2.987599999999999767e+01
1.167599999999999838e+01
-3.483900000000000219e+00
-4.428600000000000314e+00
8.077299999999999258e+00
2.449500000000000099e+01
2.965800000000000125e+01
1.629200000000000159e+01
-6.767300000000000537e-01
-4.133099999999999774e+00
-1.197200000000000131e+01
-7.434499999999999886e+00
9.521000000000000796e+00
6.513200000000000323e+00
-4.617399999999999949e+00
-2.527499999999999858e+01
-4.808600000000000563e+01
-4.450399999999999778e+01
-1.110400000000000098e+01
1.819000000000000128e+01
2.449500000000000099e+01
2.873999999999999844e+01
3.409300000000000352e+01
3.599499999999999744e+01
3.225000000000000000e+01
1.472000000000000064e+01
-1.178599999999999959e+01
-2.206400000000000006e+01
-1.251700000000000124e+01
-1.429299999999999926e+01
-2.118099999999999739e+01
-9.269899999999999807e+00
6.610000000000000320e+00
6.491900000000000226e+00
4.939799999999999969e+00
1.459999999999999964e+01
1.494800000000000040e+01
-7.931300000000000239e+00
-3.045400000000000063e+01
-3.951500000000000057e+01
-2.666900000000000048e+01
-5.178799999999999848e+00
1.101500000000000057e+01
4.594899999999999807e+01
9.836799999999999500e+01
1.158700000000000045e+02
7.766800000000000637e+01
2.267699999999999960e+01
-3.243900000000000006e+01
-7.542399999999999238e+01
-9.017200000000001125e+01
-9.331000000000000227e+01
-9.501399999999999579e+01
-7.570900000000000318e+01
-5.041300000000000381e+01
-3.151500000000000057e+01
5.233600000000000030e+00
5.506800000000000495e+01
7.744199999999999307e+01
7.038800000000000523e+01
6.391499999999999915e+01
4.773699999999999477e+01
5.335600000000000342e+00
-3.084499999999999886e+01
-3.580199999999999960e+01
-1.282200000000000095e+01
1.806299999999999883e+01
2.700499999999999901e+01
2.614199999999999946e+01
3.998799999999999955e+01
4.747500000000000142e+01
3.353900000000000148e+01
1.187400000000000055e+01
-9.354499999999999815e+00
-3.696800000000000352e+01
-6.900700000000000500e+01
-8.861599999999999966e+01
-7.211599999999999966e+01
-3.810800000000000409e+01
-2.114099999999999824e+01
-1.867299999999999827e+01
-4.862099999999999866e+00
3.225600000000000023e+01
7.191800000000000637e+01
9.119200000000000728e+01
8.205500000000000682e+01
6.084799999999999898e+01
3.966300000000000381e+01
2.239499999999999957e+01
-1.912400000000000100e+00
-4.326100000000000279e+01
-6.806900000000000261e+01
-6.200300000000000011e+01
-4.996600000000000108e+01
-3.620100000000000051e+01
-1.175099999999999945e+01
1.353999999999999915e+01
2.979899999999999949e+01
3.615899999999999892e+01
3.175499999999999901e+01
2.586199999999999832e+01
2.126599999999999824e+01
1.093200000000000038e+01
2.253600000000000048e+00
3.512199999999999989e+00
9.735500000000000043e+00
2.023000000000000043e+01
1.792500000000000071e+01
9.875400000000000844e+00
1.480700000000000038e+01
1.506799999999999962e+01
8.352800000000000225e+00
1.550799999999999912e+01
2.816699999999999804e+01
1.474799999999999933e+01
-1.929200000000000159e+01
-3.957300000000000040e+01
-5.759899999999999665e+01
-6.185300000000000153e+01
-3.295400000000000063e+01
-1.425000000000000000e+01
-1.452099999999999902e+01
-1.483099999999999952e+01
-1.307300000000000040e+01
-1.091000000000000014e+01
5.713499999999999801e+00
2.776500000000000057e+01
2.678000000000000114e+01
7.047799999999999621e+00
-2.131500000000000128e+01
-3.707099999999999795e+01
-3.652799999999999869e+01
-2.082000000000000028e+01
-3.123200000000000198e+00
-1.341200000000000081e+01
-3.216300000000000381e+01
-2.721800000000000352e+01
-1.031099999999999994e+01
-4.726399999999999935e+00
9.362399999999999167e+00
4.028000000000000114e+01
4.481199999999999761e+01
3.003900000000000148e+01
3.162000000000000099e+01
2.784400000000000119e+01
2.195400000000000063e+01
2.258300000000000196e+01
1.351799999999999891e+01
-7.625499999999999723e+00
-2.186199999999999832e+01
-3.420100000000000051e+01
-4.817999999999999972e+01
-3.634799999999999898e+01
-1.442500000000000071e+01
-7.675600000000000200e+00
-2.174800000000000111e+01
-2.291499999999999915e+01
1.383900000000000041e+01
4.504299999999999926e+01
3.646500000000000341e+01
2.410500000000000043e+01
1.745400000000000063e+01
-9.579900000000000304e+00
-2.509699999999999775e+01
-1.998400000000000176e+01
-1.389900000000000091e+01
-6.392199999999999882e+00
1.271799999999999997e+01
1.809700000000000131e+01
3.464100000000000179e+00
2.888000000000000012e-01
4.427200000000000024e+00
1.315900000000000070e+01
2.747699999999999676e+01
3.667399999999999949e+01
2.353400000000000247e+01
-8.357300000000000395e+00
-1.988500000000000156e+01
-1.520299999999999940e+01
-1.497799999999999976e+01
-2.585000000000000142e+01
-4.523100000000000165e+01
-5.740899999999999892e+01
-4.868600000000000705e+01
-4.274600000000000222e+01
-4.624300000000000210e+01
-2.729199999999999804e+01
-5.344000000000000306e+00
2.359599999999999920e+00
1.704100000000000037e+01
2.319199999999999662e+01
1.628200000000000003e+01
2.486199999999999832e+01
2.544300000000000139e+01
6.078299999999999592e+00
-7.824900000000000411e+00
-7.795200000000000351e+00
-4.946900000000000297e+00
-1.028200000000000003e+01
-8.896699999999999164e+00
1.007000000000000028e+01
1.787999999999999901e+01
-6.243999999999999773e+00
-2.509300000000000352e+01
-1.523700000000000010e+01
-1.391499999999999959e+00
1.224599999999999866e+01
2.332900000000000063e+01
8.318099999999999383e+00
-1.449499999999999922e+01
-3.281800000000000495e+01
-4.015200000000000102e+01
-2.294300000000000139e+01
1.163900000000000112e+01
4.553000000000000114e+01
5.940100000000000335e+01
5.829200000000000159e+01
4.213800000000000523e+01
1.703999999999999915e+01
2.771399999999999864e+00
-1.584600000000000009e+00
4.722800000000000331e+00
1.808099999999999952e+01
1.661400000000000077e+01
6.360599999999999810e+00
1.036800000000000033e+01
3.379800000000000182e+01
6.123300000000000409e+01
6.120600000000000307e+01
4.519200000000000017e+01
2.073300000000000054e+01
-2.461699999999999733e+01
-5.487199999999999989e+01
-6.091899999999999693e+01
-7.334300000000000352e+01
-7.166700000000000159e+01
-3.859199999999999875e+01
-1.043999999999999950e+01
7.303099999999999703e+00
1.160200000000000031e+01
-3.604800000000000004e+00
7.987300000000000511e-01
3.281199999999999761e+01
4.691600000000000392e+01
3.863300000000000267e+01
3.222299999999999898e+01
2.731199999999999761e+01
8.229300000000000281e+00
-1.303999999999999915e+01
-1.972400000000000020e+01
-1.967399999999999949e+01
-8.830999999999999517e+00
1.195599999999999952e+01
1.898199999999999932e+01
7.982999999999999652e+00
2.361000000000000210e+00
1.252299999999999969e+00
-2.240099999999999980e+00
1.970699999999999896e+00
4.794200000000000017e+00
-5.414900000000000269e+00
-1.435999999999999943e+01
-2.743699999999999761e+01
-4.153300000000000125e+01
-4.090500000000000114e+01
-4.406899999999999551e+01
-4.309499999999999886e+01
-7.728399999999999714e+00
1.735200000000000031e+01
2.399199999999999999e+00
4.718499999999999694e+00
2.998000000000000043e+01
3.354500000000000171e+01
2.069900000000000162e+01
1.703400000000000247e+01
1.850700000000000145e+01
1.267800000000000038e+00
-2.645699999999999719e+01
-2.572599999999999909e+01
3.186900000000000066e+00
2.799699999999999989e+01
4.020199999999999818e+01
4.250100000000000477e+01
3.286599999999999966e+01
1.961100000000000065e+01
5.139899999999999913e+00
-9.580600000000000449e+00
-2.895499999999999829e+01
-5.496199999999999619e+01
-6.642300000000000182e+01
-5.799300000000000210e+01
-3.320499999999999829e+01
7.408900000000000041e+00
4.794699999999999562e+01
5.965500000000000114e+01
5.714800000000000324e+01
6.220300000000000296e+01
5.014699999999999847e+01
9.580500000000000682e+00
-2.749800000000000111e+01
-3.675500000000000256e+01
-3.953600000000000136e+01
-3.265699999999999648e+01
-1.560700000000000109e+01
-1.234200000000000053e+01
-1.251900000000000013e+01
1.439099999999999824e+01
5.410100000000000620e+01
4.763399999999999324e+01
2.240699999999999648e+01
8.719300000000000495e+00
-2.928100000000000147e+00
-9.080700000000000216e+00
-1.604299999999999926e+01
-2.738599999999999923e+01
-3.017399999999999949e+01
-2.198800000000000310e+01
1.213400000000000034e+00
1.802299999999999969e+01
3.779300000000000104e+00
-3.330400000000000027e+00
-1.151099999999999901e-01
-4.609600000000000364e+00
-9.787000000000000810e+00
-1.162599999999999945e+01
-2.392199999999999704e+01
-2.700499999999999901e+01
-3.967000000000000082e+00
8.791399999999999437e+00
6.618500000000000050e+00
1.245299999999999940e+01
1.977899999999999991e+01
2.480500000000000149e+00
-1.675000000000000000e+01
-1.631700000000000017e+01
-4.942899999999999849e+00
1.578999999999999915e+01
2.923699999999999832e+01
2.769900000000000162e+01
2.694599999999999795e+01
2.448400000000000176e+01
1.543999999999999950e+01
1.305499999999999972e+01
2.291699999999999804e+01
2.091699999999999804e+01
-1.366799999999999926e+01
-4.127000000000000313e+01
-5.181800000000000495e+01
-6.060999999999999943e+01
-5.205199999999999960e+01
-3.973900000000000432e+01
-2.992800000000000082e+01
2.203300000000000036e+00
3.885999999999999943e+01
4.157199999999999562e+01
3.329299999999999926e+01
3.546199999999999619e+01
2.365800000000000125e+01
1.426400000000000112e+01
1.243299999999999983e+01
3.567099999999999937e+00
-1.027599999999999980e+01
-1.561500000000000021e+01
-3.139800000000000368e-01
6.266399999999999970e+00
8.202200000000000601e-01
1.048700000000000010e+01
1.191599999999999859e+01
-5.638399999999999856e+00
-2.323000000000000043e+01
-4.636600000000000676e+01
-5.921000000000000085e+01
-6.806499999999999773e+01
-7.559300000000000352e+01
-5.369899999999999807e+01
-1.659299999999999997e+01
5.041699999999999626e+00
9.764400000000000190e+00
2.077899999999999991e+01
3.816300000000000381e+01
4.449699999999999989e+01
4.443399999999999750e+01
4.775300000000000011e+01
3.818699999999999761e+01
6.536800000000000388e+00
-1.501700000000000124e+01
-1.846300000000000097e+01
-3.267399999999999949e+01
-2.670800000000000196e+01
1.184099999999999930e+01
3.634300000000000352e+01
3.467999999999999972e+01
2.767300000000000182e+01
2.221099999999999852e+01
1.543900000000000006e+01
3.853499999999999925e+00
-2.745899999999999963e+01
-4.191399999999999437e+01
-3.954400000000000404e+01
-5.042000000000000171e+01
-6.039300000000000068e+01
-5.020600000000000307e+01
-1.978500000000000014e+01
1.867199999999999971e+00
3.058199999999999719e+01
6.124000000000000199e+01
7.545499999999999829e+01
7.622599999999999909e+01
4.688600000000000279e+01
-6.778999999999999915e+00
-5.450899999999999324e+01
-7.577700000000000102e+01
-7.811199999999999477e+01
-6.185399999999999920e+01
-1.877299999999999969e+01
1.454700000000000060e+01
2.376800000000000068e+01
2.658500000000000085e+01
1.449300000000000033e+01
7.500399999999999956e+00
1.113299999999999912e+01
2.146799999999999820e+00
-5.976399999999999935e+00
-5.379599999999999937e+00
-4.380499999999999616e+00
-4.675600000000000200e+00
-3.287799999999999834e+00
4.990999999999999659e+00
1.898000000000000043e+01
3.798400000000000176e+01
4.421300000000000097e+01
2.780800000000000338e+01
2.000099999999999767e+01
1.509099999999999930e+01
-6.455899999999999750e+00
-2.565500000000000114e+01
-2.534199999999999875e+01
-1.482799999999999940e+01
-6.257500000000000284e+00
5.302999999999999936e+00
2.115199999999999747e+01
4.172600000000000620e+01
3.917699999999999960e+01
8.826100000000000279e+00
-6.557400000000000340e+00
-1.171700000000000053e+01
-2.185500000000000043e+01
-2.535999999999999943e+01
-2.189800000000000324e+01
-7.381499999999999950e+00
-4.077200000000000379e+00
-1.389499999999999957e+01
-1.446800000000000086e+00
1.921499999999999986e+01
2.297199999999999775e+01
3.710499999999999687e+01
7.273199999999999932e+01
8.242399999999999238e+01
4.017399999999999949e+01
-1.891499999999999915e+01
-5.301100000000000279e+01
-6.356399999999999295e+01
-6.669400000000000261e+01
-5.360199999999999676e+01
-2.568599999999999994e+01
-1.897599999999999909e+01
-1.937999999999999901e+01
3.660600000000000076e+00
1.817999999999999972e+01
1.865900000000000247e+01
3.008399999999999963e+01
3.025800000000000267e+01
2.211100000000000065e+01
1.540400000000000169e+01
-3.876999999999999891e-01
-1.894800000000000040e+01
-2.145199999999999818e+01
-1.394700000000000095e+01
-3.168600000000000083e+00
3.518499999999999961e+00
-4.381000000000000227e+00
-6.654200000000000337e+00
3.700099999999999945e+00
1.811299999999999955e+01
3.389699999999999847e+01
3.595499999999999829e+01
1.966400000000000148e+01
2.003200000000000092e+00
-1.424499999999999922e+01
-1.693700000000000117e+01
-1.792099999999999937e+01
-2.504699999999999704e+01
-2.793800000000000061e+00
3.452199999999999847e+01
4.292800000000000438e+01
3.063300000000000267e+01
2.070699999999999719e+01
9.667400000000000659e+00
-1.865800000000000125e+01
-4.376500000000000057e+01
-4.440399999999999636e+01
-3.645900000000000318e+01
-2.883399999999999963e+01
-1.488400000000000034e+01
-5.306099999999999817e+00
2.933100000000000041e+00
1.747700000000000031e+01
2.003900000000000148e+01
1.969299999999999784e+01
2.349500000000000099e+01
1.743400000000000105e+01
1.443599999999999994e+01
1.140599999999999881e+01
-1.239200000000000124e+01
-2.720800000000000196e+01
-3.283200000000000074e+01
-3.869500000000000028e+01
-3.257300000000000040e+01
-1.394700000000000095e+01
1.581499999999999950e+01
2.942099999999999937e+01
2.624199999999999733e+01
2.202400000000000091e+01
2.155499999999999972e+01
3.586899999999999977e+01
4.127100000000000080e+01
1.754799999999999827e+01
-4.491500000000000270e+00
-9.252599999999999270e+00
-2.614300000000000068e+01
-5.267300000000000182e+01
-3.527300000000000324e+01
9.685000000000000497e+00
2.452499999999999858e+01
2.416099999999999781e+01
3.210099999999999909e+01
2.474800000000000111e+01
-5.726300000000000140e-02
-2.114199999999999946e+01
-2.852699999999999747e+01
-2.856400000000000006e+01
-3.607699999999999818e+01
-5.143600000000000705e+01
-5.494800000000000040e+01
-5.501600000000000534e+01
-5.031899999999999551e+01
-1.334299999999999997e+01
1.763500000000000156e+01
2.163199999999999790e+01
2.635699999999999932e+01
3.289300000000000068e+01
3.460900000000000176e+01
3.007699999999999818e+01
1.367999999999999972e+01
-6.101099999999999746e+00
-7.553399999999999892e+00
1.117599999999999838e+01
3.139900000000000091e+01
3.407099999999999795e+01
2.513500000000000156e+01
1.190499999999999936e+01
-2.435299999999999798e+00
9.387600000000000833e+00
3.263900000000000290e+01
2.934300000000000352e+01
1.711299999999999955e+01
-4.140100000000000335e+00
-4.397399999999999665e+01
-5.823699999999999477e+01
-5.079899999999999949e+01
-4.296199999999999619e+01
-1.813799999999999812e+01
9.612399999999999167e+00
2.644599999999999795e+01
4.132500000000000284e+01
3.719899999999999807e+01
2.489199999999999946e+01
3.117800000000000082e+01
2.411499999999999844e+01
-4.834500000000000242e+00
-2.542599999999999838e+01
-4.114100000000000534e+01
-5.113300000000000267e+01
-4.931899999999999551e+01
-3.538700000000000045e+01
-2.075300000000000011e+01
-4.621599999999999930e+00
6.108699999999999797e+00
1.373700000000000010e+01
3.602000000000000313e+01
4.636800000000000210e+01
3.273799999999999955e+01
1.509099999999999930e+01
4.143600000000000172e+00
-8.554600000000000648e+00
-2.870199999999999818e+01
-3.267999999999999972e+01
-2.619999999999999929e+01
-4.412100000000000222e+01
-3.682999999999999829e+01
1.789900000000000091e+01
4.653399999999999892e+01
3.528199999999999648e+01
1.160999999999999943e+01
-6.562000000000000277e+00
-2.154800000000000182e+01
-4.370100000000000051e+01
-5.363100000000000023e+01
-3.505599999999999739e+01
-1.594400000000000084e+01
-1.113000000000000078e+01
8.746700000000000585e-01
1.851699999999999946e+01
3.604999999999999716e+01
5.412500000000000000e+01
5.657800000000000296e+01
2.772699999999999676e+01
8.700999999999999845e-01
-1.380900000000000105e+01
-4.387199999999999989e+01
-5.913300000000000267e+01
-4.488700000000000045e+01
-1.929400000000000048e+01
2.034700000000000131e+01
4.675100000000000477e+01
5.085699999999999932e+01
5.720300000000000296e+01
4.292000000000000171e+01
1.088299999999999912e+01
1.295400000000000107e+00
3.767300000000000093e+00
-2.214600000000000080e+01
-5.006499999999999773e+01
-2.652400000000000091e+01
3.467600000000000016e+00
3.563800000000000079e+00
9.327500000000000568e+00
1.355799999999999983e+01
1.179299999999999926e+01
1.535700000000000109e+01
7.475500000000000256e+00
-9.705099999999999838e+00
-1.827899999999999991e+01
-1.047400000000000020e+01
2.133300000000000196e+00
7.941900000000000404e+00
2.023099999999999810e+01
4.325600000000000023e+01
4.330499999999999972e+01
2.413199999999999790e+01
2.294800000000000040e+01
1.462199999999999989e+01
-4.422200000000000131e+00
-8.394099999999999895e+00
-1.686499999999999844e+01
-2.030999999999999872e+01
-7.712399999999999700e+00
1.659400000000000042e-01
1.327299999999999924e+00
6.957899999999999086e-01
1.761500000000000066e+00
1.145299999999999985e+00
-1.177299999999999969e+01
-2.649300000000000210e+01
-2.364499999999999957e+01
-1.524499999999999922e+01
-8.304100000000000037e+00
2.963200000000000056e+00
-2.204099999999999948e-01
-5.827600000000000335e+00
1.025599999999999845e+01
2.385999999999999943e+01
1.805799999999999983e+01
1.551700000000000124e+01
1.616600000000000037e+01
-1.786799999999999944e+00
-2.519699999999999918e+01
-2.130000000000000071e+01
-7.888399999999999856e+00
-1.160999999999999943e+01
-1.217500000000000071e+01
-1.253200000000000003e+01
-6.562400000000000233e+00
1.382300000000000040e+01
1.507000000000000028e+01
2.054800000000000182e+00
-3.187100000000000044e+00
-6.900900000000000034e+00
-8.815500000000000114e+00
-1.010399999999999920e+01
-1.450399999999999912e+00
8.850899999999999324e+00
4.415899999999999714e+00
-8.039799999999999613e+00
-9.337300000000000821e+00
1.196400000000000041e+01
2.250499999999999901e+01
1.784799999999999898e+01
2.291900000000000048e+01
1.744099999999999895e+01
-3.322000000000000064e+00
-1.769999999999999929e+01
-1.892399999999999949e+01
-4.927100000000000257e+00
1.086599999999999966e+01
1.310900000000000176e+01
6.482700000000000351e+00
-2.135499999999999954e+00
-9.942500000000000782e+00
-9.922599999999999199e+00
-8.181100000000000705e+00
-1.136999999999999922e+01
-7.347599999999999909e+00
-4.516099999999999781e+00
-1.447700000000000031e+01
-2.420899999999999963e+01
-2.343400000000000105e+01
-1.978400000000000247e+01
-1.878699999999999903e+01
-1.198799999999999955e+01
-3.982400000000000162e+00
5.710600000000000342e+00
2.521900000000000119e+01
2.962099999999999866e+01
1.174499999999999922e+01
7.119699999999999918e+00
1.720400000000000063e+01
2.074800000000000111e+01
1.457799999999999940e+01
1.073799999999999955e+01
2.016700000000000159e+00
-1.888799999999999812e+01
-2.086599999999999966e+01
-7.160199999999999676e+00
-4.525299999999999656e+00
-5.812599999999999767e+00
-3.510800000000000143e+00
1.654600000000000071e+00
9.609899999999999665e+00
1.780300000000000082e+01
1.386800000000000033e+01
-1.025400000000000061e-01
-5.718400000000000150e-01
1.170299999999999940e+01
1.352599999999999980e+01
3.219500000000000028e+00
3.565599999999999881e+00
7.324300000000000033e+00
-6.131000000000000227e+00
-2.698099999999999810e+01
-3.972699999999999676e+01
-3.974699999999999989e+01
-2.195100000000000051e+01
-1.182400000000000162e+01
-2.662900000000000045e+00
2.235000000000000142e+01
2.563300000000000267e+01
1.225599999999999845e+01
2.833400000000000141e+00
2.043400000000000216e-01
5.600299999999999834e+00
6.544599999999999973e+00
-9.037600000000000078e-01
-9.549300000000000566e+00
-1.572599999999999909e+01
-1.942299999999999827e+01
-2.128300000000000125e+01
-1.960800000000000054e+01
-1.141499999999999915e+01
4.224300000000000388e+00
2.262199999999999989e+01
2.599900000000000233e+01
1.688899999999999935e+01
1.870200000000000173e+01
1.434999999999999964e+01
-1.537400000000000100e+00
-9.994300000000000850e+00
-1.125200000000000067e+01
-1.169200000000000017e+01
-1.635399999999999920e+01
-2.647599999999999909e+01
-2.437300000000000111e+01
-4.181099999999999817e+00
5.814899999999999736e+00
1.933200000000000029e+00
9.266299999999999315e+00
2.588599999999999923e+01
3.579999999999999716e+01
3.191300000000000026e+01
1.763200000000000145e+01
1.408300000000000018e+01
1.203200000000000003e+01
-2.550199999999999800e+00
-7.806199999999999584e+00
-6.469599999999999795e+00
-1.398499999999999943e+01
-2.801800000000000068e+01
-3.274300000000000210e+01
-1.944200000000000017e+01
-2.763799999999999812e+00
6.459500000000000242e+00
1.385299999999999976e+01
2.335300000000000153e+01
2.444699999999999918e+01
1.246599999999999930e+01
-2.880300000000000082e+00
-1.577799999999999869e+01
-1.677899999999999991e+01
-8.903499999999999304e+00
-1.089799999999999969e+01
-1.550599999999999845e+01
-4.905899999999999928e+00
6.982700000000000351e+00
8.368600000000000705e+00
6.890100000000000335e+00
5.115599999999999703e+00
3.361400000000000166e+00
-7.283599999999999852e+00
-1.425999999999999979e+01
-1.219200000000000017e+01
-1.363499999999999979e+01
8.908699999999999952e-02
2.508599999999999852e+01
4.341199999999999903e+01
4.867800000000000438e+01
3.583500000000000085e+01
1.827499999999999858e+01
4.956800000000000317e+00
3.520000000000000018e+00
4.220699999999999896e+00
-5.468799999999999883e+00
-1.211800000000000033e+01
-2.841499999999999915e+00
7.059300000000000352e+00
-4.313399999999999457e-01
-8.435600000000000875e+00
-1.917499999999999982e+00
7.942899999999999849e+00
8.913399999999999324e+00
-2.562899999999999956e+00
-7.880600000000000271e+00
-1.038999999999999924e+00
5.258499999999999730e+00
6.139100000000000001e+00
-4.242899999999999450e-01
-5.286400000000000432e+00
-2.746399999999999952e+00
-2.544799999999999951e+00
-4.099099999999999966e+00
-6.648200000000000109e+00
-1.530000000000000071e+01
-2.053099999999999881e+01
-1.938200000000000145e+01
-1.727200000000000202e+01
-5.609600000000000364e+00
7.077799999999999869e+00
6.707600000000000229e+00
1.547800000000000065e+00
1.293900000000000050e-01
4.778999999999999915e+00
7.604700000000000237e+00
4.558099999999999596e+00
-5.373899999999999233e-01
-7.983200000000000296e-01
3.623200000000000198e+00
-1.238799999999999901e-01
-6.175900000000000389e+00
-4.604700000000000237e+00
-2.302599999999999980e+00
-8.574600000000000222e+00
-1.704299999999999926e+01
-1.596499999999999986e+01
-1.377900000000000169e+01
-2.014700000000000202e+01
-2.948099999999999810e+01
-3.105400000000000205e+01
-1.836599999999999966e+01
4.125499999999999723e+00
2.531599999999999895e+01
4.298399999999999466e+01
5.460100000000000620e+01
4.533699999999999619e+01
1.571400000000000041e+01
-1.907599999999999962e+00
-2.079600000000000115e+00
-8.814999999999999503e+00
-1.483599999999999852e+01
-1.544599999999999973e+01
-2.047899999999999920e+01
-2.260000000000000142e+01
-1.935399999999999920e+01
-1.264299999999999891e+01
5.763799999999999812e+00
1.866700000000000159e+01
1.900900000000000034e+01
1.934900000000000020e+01
1.471799999999999997e+01
2.094500000000000028e+00
-7.384900000000000020e+00
-1.115099999999999980e+01
-1.672799999999999798e+01
-1.586099999999999888e+01
-4.582099999999999618e+00
3.988900000000000112e+00
9.047499999999999432e+00
1.115499999999999936e+01
1.058500000000000085e+01
1.318099999999999916e+01
1.105900000000000105e+01
1.923999999999999932e+00
-3.380700000000000038e+00
-3.966600000000000126e+00
-8.466200000000000614e+00
-1.314099999999999824e+01
-1.287900000000000134e+01
-5.861600000000000144e+00
7.403400000000000425e+00
1.545199999999999996e+01
1.502999999999999936e+01
1.199200000000000088e+01
9.413999999999999702e+00
7.749699999999999811e+00
4.715700000000000003e+00
-2.288899999999999935e+00
-7.554199999999999804e+00
-8.959500000000000242e+00
-9.791199999999999903e+00
-6.407799999999999940e+00
-4.895999999999999797e-01
2.294599999999999973e+00
6.823800000000000310e+00
1.016999999999999993e+01
9.291100000000000136e+00
7.072499999999999787e+00
5.550300000000000011e+00
-5.173499999999999766e-01
-1.433699999999999974e+01
-2.566199999999999903e+01
-2.279899999999999949e+01
-1.279800000000000004e+01
-1.020899999999999963e+01
-2.171600000000000197e+00
1.275999999999999979e+01
1.794999999999999929e+01
1.624699999999999989e+01
1.399799999999999933e+01
7.536400000000000432e+00
5.437600000000000211e-01
-5.329799999999999649e+00
-1.259500000000000064e+01
-1.579599999999999937e+01
-1.558999999999999986e+01
-9.145500000000000185e+00
2.955299999999999816e+00
1.099599999999999866e+01
1.374400000000000155e+01
1.558699999999999974e+01
1.717099999999999937e+01
1.157599999999999874e+01
2.401299999999999990e+00
-1.903499999999999970e+00
-6.458000000000000185e+00
-1.165799999999999947e+01
-1.478800000000000026e+01
-1.642299999999999827e+01
-1.082900000000000063e+01
4.011199999999999655e+00
1.248700000000000010e+01
9.223100000000000520e+00
8.178300000000000125e+00
3.726199999999999957e+00
-6.859799999999999898e+00
-1.040000000000000036e+01
-9.467000000000000526e+00
-1.000699999999999967e+01
-9.506299999999999528e+00
-6.438100000000000378e+00
-2.752099999999999991e+00
-1.716299999999999937e+00
1.290000000000000036e+00
7.437800000000000189e+00
1.209299999999999997e+01
1.518299999999999983e+01
1.427200000000000024e+01
6.532300000000000217e+00
-5.274799999999999933e+00
-1.175200000000000067e+01
-1.272599999999999909e+01
-1.159900000000000020e+01
-5.065000000000000391e+00
2.271700000000000053e+00
4.141899999999999693e+00
7.506199999999999761e+00
1.186800000000000033e+01
1.002500000000000036e+01
5.769599999999999618e+00
6.337099999999999955e-01
-2.906099999999999905e+00
-1.792799999999999949e+00
-1.943799999999999972e-01
-4.052100000000000257e+00
-9.247099999999999653e+00
-7.870899999999999785e+00
-3.990600000000000147e+00
7.730199999999999294e-01
3.617399999999999949e+00
6.536699999999999733e+00
8.593299999999999272e+00
2.935200000000000031e+00
-4.402099999999999902e+00
-6.660400000000000098e+00
-3.323999999999999844e+00
-6.615699999999999914e-01
-2.624800000000000022e+00
-3.188600000000000101e+00
-1.560799999999999965e+00
-1.526299999999999990e+00
-8.170800000000000285e-01
2.905699999999999950e+00
5.728600000000000136e+00
5.600699999999999790e+00
2.767399999999999860e+00
-1.709699999999999998e+00
-6.675300000000000011e+00
-9.880200000000000315e+00
-8.206099999999999284e+00
-4.155899999999999928e+00
-1.826300000000000034e+00
5.335099999999999565e-02
4.684999999999999609e+00
9.099500000000000810e+00
9.075900000000000745e+00
1.026500000000000057e+01
1.443299999999999983e+01
1.613500000000000156e+01
8.865099999999999980e+00
-1.296799999999999953e+00
-5.149399999999999977e+00
-7.751699999999999591e+00
-1.176400000000000112e+01
-1.106299999999999883e+01
-5.741699999999999804e+00
-3.684200000000000141e+00
-4.547100000000000364e+00
-2.726199999999999957e+00
-3.495300000000000074e-01
3.374299999999999855e+00
8.595299999999999940e+00
8.782099999999999795e+00
5.313299999999999912e+00
1.901699999999999946e+00
-2.213900000000000035e-01
-4.895999999999999797e-01
-9.185200000000000309e-02
-7.416199999999999459e-01
-9.186799999999999411e-01
3.799300000000000455e-01
7.507300000000000084e-01
2.116899999999999782e+00
4.002900000000000347e+00
3.989300000000000068e+00
2.963699999999999779e+00
4.616000000000000103e-01
-2.155499999999999972e+00
-2.685900000000000176e+00
-4.213199999999999612e+00
-5.542600000000000193e+00
-4.886499999999999844e+00
-4.662300000000000111e+00
-4.706400000000000361e+00
-3.601399999999999935e+00
-9.357600000000000362e-01
1.341900000000000093e+00
2.637000000000000011e+00
3.134399999999999853e+00
1.857599999999999918e+00
-3.494499999999999829e-01
-1.566000000000000059e+00
-1.119599999999999929e+00
-1.096899999999999986e+00
-3.252700000000000036e-01
2.132000000000000006e-01
-3.138099999999999778e-01
9.591200000000000836e-01
3.261800000000000033e+00
3.940700000000000092e+00
2.540900000000000158e+00
1.190399999999999903e+00
-9.369399999999999951e-02
-1.437500000000000000e+00
-1.649299999999999988e+00
-2.221999999999999975e+00
-2.901800000000000157e+00
-2.556799999999999962e+00
-1.534000000000000030e+00
-7.286199999999999344e-01
2.227699999999999680e-01
1.145599999999999952e+00
2.029799999999999827e+00
1.475400000000000045e+00
-2.267699999999999716e-01
-1.004099999999999993e+00
-8.328999999999999737e-01
-1.149000000000000021e+00
-1.691500000000000004e+00
-1.939100000000000046e+00
-5.862800000000000233e-01
1.478299999999999947e+00
1.219899999999999984e+00
1.531199999999999894e+00
2.084700000000000220e+00
1.684900000000000064e+00
1.188900000000000068e+00
9.540799999999999281e-01
1.096700000000000008e+00
4.073599999999999999e-01
-8.066699999999999982e-01
-1.131499999999999950e+00
-1.779100000000000126e-02
9.376799999999999580e-01
8.177699999999999969e-01
4.190699999999999981e-01
1.280099999999999849e-01
-7.047499999999999876e-01
-1.293500000000000094e+00
-1.206800000000000095e+00
-1.303399999999999892e+00
-8.484399999999999720e-01
-8.364299999999999513e-02
3.168300000000000005e-01
7.191300000000000470e-01
6.190100000000000602e-01
4.216500000000000248e-01
6.927100000000000271e-04
-5.214100000000000401e-01
-4.338500000000000134e-01
-2.336199999999999943e-01
-1.408599999999999852e-01
-8.876399999999999568e-02
-1.344200000000000117e-01
-2.981899999999999828e-02
-3.687499999999999806e-02
-4.288600000000000051e-02
1.541399999999999992e-01
2.110100000000000031e-01
-3.876999999999999891e-02
-3.881300000000000305e-01
-4.194600000000000550e-01
-2.045099999999999973e-01
-8.113099999999999479e-02
2.414000000000000035e-01
4.974000000000000088e-01
5.849900000000000100e-01
4.516199999999999659e-01
2.387300000000000255e-01
2.294500000000000012e-02
-1.215700000000000114e-01
-1.129700000000000010e-01
-3.910699999999999593e-02
-3.998700000000000171e-02
-8.956400000000000472e-02
-2.373800000000000077e-01
-2.273499999999999965e-01
-1.617999999999999994e-01
-5.582100000000000256e-02
9.594999999999999363e-02
2.296300000000000285e-01
2.652999999999999803e-01
2.322800000000000142e-01
1.190599999999999853e-01
2.150399999999999881e-02
-5.004399999999999821e-02
-8.956100000000000172e-02
-1.343000000000000027e-01
-8.574299999999999977e-02
-2.409100000000000130e-02
2.541399999999999909e-02
2.434400000000000105e-02
2.538199999999999831e-02
-9.487999999999999906e-03
-1.602400000000000005e-02
-7.516600000000000234e-04
3.032799999999999732e-02
1.177800000000000027e-02
9.736200000000000193e-04
-1.210600000000000044e-02
8.732099999999999584e-03
-5.910200000000000002e-03
-8.237299999999999484e-03
-1.982400000000000134e-02
4.475999999999999836e-04
6.602199999999999042e-03
2.665599999999999914e-02
2.010900000000000187e-02
2.023799999999999905e-02
-1.922799999999999900e-03
7.343200000000000248e-03
4.698499999999999552e-03
1.511299999999999970e-02
-2.823200000000000102e-03
-6.865100000000000716e-03
-2.376800000000000093e-02
-1.286100000000000090e-02
-1.443899999999999871e-02
4.416300000000000607e-03
-1.119299999999999939e-03
9.577500000000000943e-03
-1.309199999999999947e-03
8.219000000000000611e-03
-1.518599999999999941e-03
6.092899999999999185e-03
-5.770799999999999541e-03
3.632500000000000312e-03
-5.129100000000000152e-03
4.545999999999999694e-03
-5.302899999999999281e-03
4.584000000000000401e-03
-4.966799999999999514e-03
5.363500000000000212e-03
-3.930100000000000607e-03
5.341499999999999894e-03
-4.802499999999999478e-03
4.463700000000000133e-03
-5.345799999999999511e-03
4.252200000000000250e-03
-5.403400000000000043e-03
4.343999999999999771e-03
-5.256399999999999614e-03
4.516700000000000229e-03
-5.141300000000000557e-03
4.627000000000000036e-03
-4.970999999999999724e-03
4.858299999999999425e-03
-4.803299999999999931e-03
4.896300000000000131e-03
-4.854100000000000081e-03
4.769600000000000575e-03
-4.934000000000000018e-03
4.744500000000000453e-03
-4.915899999999999957e-03
4.803299999999999931e-03
-4.906100000000000912e-03
4.797199999999999728e-03
-4.934299999999999971e-03
4.783699999999999238e-03
-4.955199999999999882e-03
4.800800000000000033e-03
-4.917600000000000270e-03
4.803199999999999657e-03
-4.919600000000000535e-03
4.819200000000000046e-03
-4.911900000000000294e-03
4.818300000000000187e-03
-4.900500000000000342e-03
4.819200000000000046e-03
-4.912200000000000247e-03
4.844900000000000075e-03
-4.904900000000000232e-03
4.842400000000000176e-03
-4.890199999999999929e-03
4.851100000000000551e-03
-4.902399999999999466e-03
4.857100000000000480e-03
-4.893999999999999913e-03
4.893800000000000233e-03
-4.879200000000000204e-03
4.862100000000000276e-03
-4.879200000000000204e-03
4.889000000000000117e-03
-4.893600000000000554e-03
4.886500000000000218e-03
-4.904900000000000232e-03
4.889000000000000117e-03
-4.913499999999999465e-03
