6.938300000000000023e-02
1.299399999999999999e-01
1.104900000000000049e-01
1.177900000000000058e-01
1.150499999999999995e-01
1.168000000000000010e-01
1.156500000000000028e-01
1.176200000000000023e-01
1.168799999999999978e-01
1.190099999999999908e-01
1.191200000000000037e-01
1.215299999999999991e-01
1.226400000000000129e-01
1.256500000000000117e-01
1.279399999999999982e-01
1.319099999999999995e-01
1.355900000000000161e-01
1.408000000000000085e-01
1.460200000000000109e-01
1.525700000000000112e-01
1.592800000000000049e-01
1.670000000000000095e-01
1.748500000000000054e-01
1.833299999999999930e-01
1.917500000000000038e-01
2.002799999999999858e-01
2.084000000000000019e-01
2.160300000000000276e-01
2.228199999999999903e-01
2.284899999999999987e-01
2.328599999999999837e-01
2.353999999999999981e-01
2.360099999999999976e-01
2.341199999999999948e-01
2.299400000000000055e-01
2.229900000000000215e-01
2.137900000000000078e-01
2.020200000000000051e-01
1.884900000000000186e-01
1.728599999999999859e-01
1.562400000000000178e-01
1.382500000000000118e-01
1.199500000000000011e-01
1.008099999999999968e-01
8.194700000000000595e-02
6.268500000000000461e-02
4.413799999999999668e-02
2.562599999999999947e-02
8.308700000000000460e-03
-8.470999999999999364e-03
-2.396399999999999919e-02
-4.055199999999999777e-02
-5.775599999999999484e-02
-7.645199999999999219e-02
-9.538099999999999357e-02
-1.155099999999999877e-01
-1.354599999999999971e-01
-1.562099999999999878e-01
-1.763299999999999867e-01
-1.968999999999999917e-01
-2.164900000000000158e-01
-2.363400000000000223e-01
-2.550800000000000289e-01
-2.740699999999999803e-01
-2.920699999999999963e-01
-3.105499999999999927e-01
-3.282499999999999862e-01
-3.467600000000000127e-01
-3.648500000000000076e-01
-3.841300000000000270e-01
-4.032800000000000273e-01
-4.238999999999999990e-01
-4.445600000000000107e-01
-4.667999999999999927e-01
-4.890600000000000502e-01
-5.127800000000000136e-01
-5.362799999999999789e-01
-5.609600000000000142e-01
-5.850199999999999845e-01
-6.098100000000000742e-01
-6.334800000000000431e-01
-6.573999999999999844e-01
-6.796699999999999964e-01
-7.017600000000000504e-01
-7.218200000000000172e-01
-7.414199999999999680e-01
-7.587699999999999445e-01
-7.755999999999999561e-01
-7.902200000000000335e-01
-8.044700000000000184e-01
-8.166899999999999160e-01
-8.288200000000001122e-01
-8.392700000000000715e-01
-8.499600000000000488e-01
-8.592799999999999327e-01
-8.691299999999999581e-01
-8.778500000000000192e-01
-8.872799999999999576e-01
-8.957299999999999152e-01
-9.050899999999999501e-01
-9.134100000000000552e-01
-9.225999999999999757e-01
-9.307499999999999662e-01
-9.396499999999999853e-01
-9.473000000000000309e-01
-9.555600000000000760e-01
-9.622200000000000752e-01
-9.691400000000000015e-01
-9.741499999999999604e-01
-9.790700000000001069e-01
-9.817100000000000826e-01
-9.839499999999999913e-01
-9.836299999999998933e-01
-9.827100000000000835e-01
-9.791799999999999393e-01
-9.750900000000000123e-01
-9.685600000000000875e-01
-9.617100000000000648e-01
-9.527600000000000513e-01
-9.439700000000000868e-01
-9.335299999999999709e-01
-9.237400000000000055e-01
-9.127799999999999248e-01
-9.028299999999999104e-01
-8.919500000000000206e-01
-8.823299999999999477e-01
-8.718299999999998828e-01
-8.625599999999999934e-01
-8.522499999999999520e-01
-8.428799999999999626e-01
-8.322000000000000508e-01
-8.221299999999999164e-01
-8.103399999999999492e-01
-7.988199999999999745e-01
-7.852399999999999380e-01
-7.716600000000000126e-01
-7.557899999999999618e-01
-7.398200000000000331e-01
-7.215899999999999537e-01
-7.033599999999999852e-01
-6.829899999999999860e-01
-6.629099999999999993e-01
-6.410799999999999832e-01
-6.199500000000000011e-01
-5.975000000000000311e-01
-5.762800000000000145e-01
-5.543000000000000149e-01
-5.340500000000000247e-01
-5.135399999999999965e-01
-4.952399999999999580e-01
-4.770100000000000451e-01
-4.612800000000000233e-01
-4.458100000000000396e-01
-4.329100000000000170e-01
-4.201799999999999979e-01
-4.098199999999999621e-01
-3.993200000000000083e-01
-3.907499999999999862e-01
-3.815199999999999703e-01
-3.736900000000000222e-01
-3.646499999999999742e-01
-3.564700000000000091e-01
-3.465300000000000047e-01
-3.370199999999999863e-01
-3.253499999999999726e-01
-3.137800000000000034e-01
-2.997599999999999709e-01
-2.855900000000000105e-01
-2.687700000000000089e-01
-2.516300000000000203e-01
-2.317099999999999993e-01
-2.114199999999999691e-01
-1.883099999999999774e-01
-1.648900000000000088e-01
-1.388500000000000012e-01
-1.127599999999999852e-01
-8.434400000000000230e-02
-5.630000000000000282e-02
-2.638899999999999926e-02
2.651800000000000164e-03
3.312799999999999773e-02
6.239500000000000601e-02
9.292799999999999672e-02
1.223599999999999965e-01
1.534099999999999908e-01
1.840200000000000169e-01
2.173400000000000054e-01
2.515699999999999603e-01
2.900499999999999745e-01
3.310500000000000109e-01
3.779699999999999727e-01
4.287600000000000300e-01
4.863300000000000400e-01
5.483299999999999841e-01
6.166899999999999604e-01
6.886999999999999789e-01
7.655899999999999928e-01
8.427399999999999336e-01
9.254799999999999693e-01
9.972299999999999498e-01
1.054200000000000026e+00
1.118000000000000105e+00
1.187599999999999989e+00
1.247500000000000053e+00
1.304100000000000037e+00
1.354200000000000070e+00
1.401200000000000001e+00
1.444099999999999939e+00
1.487000000000000099e+00
1.529099999999999904e+00
1.574799999999999978e+00
1.622900000000000009e+00
1.677200000000000024e+00
1.735800000000000010e+00
1.801199999999999912e+00
1.870200000000000085e+00
1.944499999999999895e+00
2.019800000000000040e+00
2.096799999999999997e+00
2.170199999999999907e+00
2.240899999999999892e+00
2.305699999999999861e+00
2.366299999999999848e+00
2.418200000000000127e+00
2.463600000000000012e+00
2.500100000000000211e+00
2.531400000000000095e+00
2.556799999999999962e+00
2.578100000000000058e+00
2.592699999999999783e+00
2.605999999999999872e+00
2.616400000000000059e+00
2.627400000000000180e+00
2.636400000000000077e+00
2.646100000000000119e+00
2.653000000000000025e+00
2.660200000000000120e+00
2.662300000000000111e+00
2.659899999999999931e+00
2.649700000000000166e+00
2.634799999999999809e+00
2.613599999999999923e+00
2.590300000000000047e+00
2.563000000000000167e+00
2.536300000000000221e+00
2.506800000000000139e+00
2.478099999999999969e+00
2.449600000000000222e+00
2.425399999999999778e+00
2.403200000000000003e+00
2.386899999999999800e+00
2.369200000000000195e+00
2.350600000000000023e+00
2.325200000000000156e+00
2.290500000000000203e+00
2.222399999999999931e+00
2.087400000000000144e+00
1.918299999999999894e+00
1.810499999999999998e+00
1.809600000000000097e+00
1.921899999999999942e+00
2.073399999999999910e+00
2.151199999999999779e+00
2.076299999999999812e+00
1.847699999999999898e+00
1.552000000000000046e+00
1.273400000000000087e+00
1.009200000000000097e+00
8.034100000000000685e-01
7.417000000000000259e-01
8.224899999999999434e-01
9.666500000000000092e-01
1.067399999999999904e+00
9.821600000000000330e-01
7.450899999999999190e-01
4.817000000000000171e-01
1.689499999999999891e-01
-1.726800000000000002e-01
-4.218000000000000083e-01
-5.299699999999999411e-01
-4.928800000000000403e-01
-3.982900000000000329e-01
-3.439200000000000035e-01
-4.094900000000000206e-01
-5.725000000000000089e-01
-7.520000000000000018e-01
-9.818799999999999750e-01
-1.253900000000000015e+00
-1.377099999999999991e+00
-1.290999999999999925e+00
-1.082999999999999963e+00
-7.333800000000000319e-01
-3.035800000000000165e-01
-2.414099999999999926e-02
1.632000000000000117e-01
2.129199999999999704e-01
-1.435500000000000109e-01
-7.432300000000000573e-01
-1.253800000000000026e+00
-1.384100000000000108e+00
-8.863100000000000422e-01
-1.213700000000000057e-01
3.947400000000000353e-01
6.031800000000000495e-01
7.149600000000000399e-01
7.574699999999999767e-01
4.332699999999999885e-01
-4.698399999999999799e-01
-1.898400000000000087e+00
-2.761499999999999844e+00
-2.267599999999999838e+00
-1.460399999999999920e+00
-9.800399999999999112e-01
-5.634500000000000064e-01
-2.291300000000000281e-01
-2.050500000000000239e-02
-2.191900000000000098e-02
-6.299299999999999899e-01
-2.067400000000000126e+00
-3.668000000000000149e+00
-4.494600000000000151e+00
-4.702700000000000102e+00
-4.614600000000000257e+00
-4.035599999999999632e+00
-3.115400000000000169e+00
-2.187399999999999789e+00
-1.544000000000000039e+00
-1.580899999999999972e+00
-2.154500000000000082e+00
-3.084999999999999964e+00
-4.426999999999999602e+00
-5.503000000000000114e+00
-5.753999999999999559e+00
-5.417099999999999582e+00
-4.678099999999999703e+00
-3.573199999999999932e+00
-2.325699999999999878e+00
-1.499200000000000088e+00
-1.211699999999999999e+00
-1.215999999999999970e+00
-1.388400000000000079e+00
-1.700399999999999912e+00
-2.486800000000000122e+00
-3.438899999999999846e+00
-3.508100000000000218e+00
-2.968399999999999928e+00
-2.608900000000000219e+00
-2.393200000000000216e+00
-2.878099999999999881e+00
-3.576299999999999812e+00
-3.320600000000000218e+00
-3.529999999999999805e+00
-4.757100000000000328e+00
-5.705700000000000216e+00
-6.586999999999999744e+00
-7.158500000000000085e+00
-6.509800000000000253e+00
-5.445500000000000007e+00
-4.760600000000000165e+00
-4.365000000000000213e+00
-4.334100000000000286e+00
-4.911299999999999777e+00
-5.979800000000000004e+00
-6.936700000000000088e+00
-7.214599999999999902e+00
-6.541900000000000048e+00
-5.010699999999999932e+00
-3.176099999999999923e+00
-1.645100000000000007e+00
-7.688899999999999624e-01
-4.104999999999999760e-01
-8.255500000000000060e-01
-2.845400000000000151e+00
-5.079500000000000348e+00
-6.192300000000000360e+00
-7.790600000000000414e+00
-9.149300000000000210e+00
-7.893200000000000216e+00
-4.713899999999999757e+00
-1.188199999999999923e+00
1.850400000000000045e+00
3.724299999999999944e+00
4.223499999999999588e+00
3.851399999999999935e+00
3.000900000000000123e+00
1.277300000000000102e+00
-1.848899999999999988e+00
-5.219199999999999839e+00
-5.678600000000000314e+00
-2.019400000000000084e+00
2.722599999999999909e+00
4.892500000000000071e+00
4.595299999999999940e+00
3.976799999999999891e+00
3.308300000000000018e+00
9.320599999999999996e-01
-3.380399999999999849e+00
-7.955599999999999561e+00
-1.034799999999999898e+01
-1.060799999999999876e+01
-9.904999999999999361e+00
-6.751800000000000246e+00
-2.179100000000000037e+00
2.464199999999999946e+00
7.618900000000000006e+00
1.194900000000000162e+01
1.307300000000000040e+01
9.904700000000000060e+00
4.222299999999999720e+00
-1.818899999999999961e+00
-6.692800000000000082e+00
-8.988799999999999457e+00
-9.298000000000000043e+00
-6.100500000000000256e+00
1.627699999999999925e+00
7.725900000000000212e+00
1.011200000000000010e+01
1.140499999999999936e+01
1.023700000000000010e+01
7.042200000000000237e+00
3.488300000000000178e+00
-1.239600000000000035e+00
-5.613100000000000200e+00
-6.265299999999999869e+00
-4.629999999999999893e+00
-2.899199999999999999e+00
1.744400000000000117e-01
3.687600000000000211e+00
7.530800000000000161e+00
1.226700000000000124e+01
1.445500000000000007e+01
1.123599999999999888e+01
4.709699999999999775e+00
-7.615499999999999492e-01
-4.219000000000000306e+00
-7.192800000000000082e+00
-7.623199999999999754e+00
-4.530499999999999972e+00
-1.716799999999999993e-01
5.589599999999999902e+00
1.168799999999999883e+01
1.431200000000000117e+01
1.266000000000000014e+01
8.813399999999999679e+00
3.549199999999999910e+00
-3.564999999999999836e-01
-7.637000000000000455e-01
-6.588000000000000522e-01
-2.767000000000000015e-01
2.450699999999999878e+00
7.080400000000000027e+00
1.291400000000000148e+01
1.742599999999999838e+01
1.947200000000000131e+01
2.026000000000000156e+01
1.803300000000000125e+01
1.374599999999999866e+01
9.685999999999999943e+00
5.996800000000000352e+00
3.805699999999999861e+00
4.258000000000000007e+00
6.722699999999999676e+00
7.948699999999999655e+00
7.864099999999999646e+00
7.620599999999999596e+00
4.266600000000000392e+00
-6.356899999999999773e-01
-1.958199999999999941e+00
6.727100000000000302e-01
4.921000000000000263e+00
9.330999999999999517e+00
1.288599999999999923e+01
1.578299999999999947e+01
1.858999999999999986e+01
1.872700000000000031e+01
1.382200000000000095e+01
6.424299999999999677e+00
-1.639899999999999913e+00
-1.056299999999999883e+01
-1.453999999999999915e+01
-1.113799999999999990e+01
-5.983200000000000074e+00
2.181999999999999940e+00
1.253900000000000148e+01
1.689199999999999946e+01
1.509500000000000064e+01
1.203900000000000148e+01
9.162000000000000810e+00
4.972900000000000098e+00
-4.967600000000000349e-01
-3.550899999999999945e+00
-4.387999999999999901e+00
-5.877100000000000435e+00
-4.717299999999999827e+00
1.715600000000000014e+00
9.241099999999999426e+00
1.360799999999999876e+01
1.484099999999999930e+01
1.509599999999999831e+01
1.130400000000000027e+01
1.131399999999999961e+00
-9.432100000000000151e+00
-1.528700000000000081e+01
-1.510900000000000176e+01
-9.609099999999999753e+00
-1.368700000000000028e+00
6.717399999999999594e+00
1.352500000000000036e+01
1.847899999999999920e+01
1.698099999999999810e+01
9.569499999999999673e+00
3.078899999999999970e+00
1.173700000000000090e-02
-1.375199999999999978e+00
-3.253000000000000114e+00
-5.070999999999999730e+00
-4.832399999999999807e+00
-2.165999999999999925e+00
1.253200000000000092e+00
5.396600000000000286e+00
1.115499999999999936e+01
1.319999999999999929e+01
8.657400000000000873e+00
3.695399999999999796e+00
9.770100000000000451e-01
-2.336399999999999810e+00
-4.708300000000000374e+00
-3.206399999999999917e+00
-1.615800000000000014e-01
2.686100000000000154e+00
7.266200000000000436e+00
1.111500000000000021e+01
1.049000000000000021e+01
7.947499999999999787e+00
5.232000000000000206e+00
9.526100000000000678e-01
-3.096600000000000019e+00
-4.977100000000000080e+00
-4.602800000000000225e+00
-8.994400000000000173e-01
5.592900000000000205e+00
1.055700000000000038e+01
1.129700000000000060e+01
1.055199999999999960e+01
9.210100000000000620e+00
3.698399999999999910e+00
-5.284399999999999764e+00
-1.156200000000000117e+01
-1.246599999999999930e+01
-1.038000000000000078e+01
-6.151699999999999946e+00
-3.625400000000000289e-01
4.652700000000000280e+00
6.059400000000000119e+00
3.838400000000000034e+00
1.824799999999999978e+00
6.920399999999999885e-01
-1.120100000000000096e+00
-4.171299999999999564e+00
-7.345699999999999896e+00
-7.255799999999999805e+00
-2.856799999999999784e+00
3.309800000000000075e+00
7.674999999999999822e+00
8.688000000000000611e+00
7.249500000000000277e+00
3.998800000000000132e+00
-9.283000000000000140e-01
-6.176700000000000301e+00
-9.842800000000000438e+00
-1.213000000000000078e+01
-1.471499999999999986e+01
-1.966400000000000148e+01
-2.272400000000000020e+01
-1.809400000000000119e+01
-1.320700000000000074e+01
-1.155499999999999972e+01
-6.588300000000000267e+00
-3.425899999999999945e+00
-9.022100000000000009e+00
-1.526500000000000057e+01
-1.741900000000000048e+01
-1.912699999999999889e+01
-1.923300000000000054e+01
-1.502799999999999869e+01
-1.300099999999999945e+01
-1.609600000000000009e+01
-1.434599999999999831e+01
-5.108600000000000030e+00
2.091299999999999937e+00
-5.957399999999999363e-01
-1.200000000000000000e+01
-2.111800000000000210e+01
-1.764199999999999946e+01
-1.169900000000000162e+01
-1.510400000000000098e+01
-1.982499999999999929e+01
-2.199099999999999966e+01
-1.982600000000000051e+01
-9.965199999999999392e+00
-4.752500000000000391e+00
-1.207799999999999940e+01
-2.291699999999999804e+01
-3.010599999999999810e+01
-3.341100000000000136e+01
-3.411299999999999955e+01
-3.565200000000000102e+01
-3.846600000000000108e+01
-4.314899999999999380e+01
-4.288800000000000523e+01
-2.935800000000000054e+01
-1.803000000000000114e+01
-2.936400000000000077e+01
-5.006700000000000017e+01
-5.034899999999999665e+01
-3.816499999999999915e+01
-3.515200000000000102e+01
-3.422999999999999687e+01
-2.530300000000000082e+01
-1.438499999999999979e+01
-3.295199999999999907e+00
6.061200000000000365e+00
5.656500000000000306e+00
-5.019700000000000273e+00
-1.604599999999999937e+01
-1.632799999999999940e+01
-1.050799999999999912e+01
-1.138900000000000112e+01
-1.408799999999999919e+01
-5.456699999999999662e+00
4.411699999999999733e+00
-2.737899999999999778e+00
-1.727200000000000202e+01
-1.456299999999999883e+01
8.654299999999999216e+00
2.285199999999999676e+01
-2.361699999999999910e+00
-2.805400000000000205e+01
-1.377799999999999869e+01
-9.763700000000000045e+00
-3.226599999999999824e+01
-3.891199999999999903e+01
-2.361300000000000310e+01
-1.890800000000000036e+00
-4.594100000000000072e+00
-2.699199999999999733e+01
-2.098699999999999832e+01
1.137199999999999989e+01
2.448300000000000054e+01
1.648099999999999810e+01
2.387800000000000011e+01
2.671400000000000219e+01
2.987600000000000033e+00
-1.141699999999999982e+01
-8.850099999999999412e+00
-1.026900000000000013e+01
-1.347499999999999964e+01
-2.306699999999999662e+01
-3.284499999999999886e+01
-1.553400000000000070e+01
1.014000000000000057e+01
2.366199999999999903e+01
5.535899999999999466e+01
9.432799999999998875e+01
9.381299999999998818e+01
8.421700000000001296e+01
1.082000000000000028e+02
1.203100000000000023e+02
8.401399999999999579e+01
3.544400000000000261e+01
1.910600000000000076e+00
-2.487300000000000111e+01
-6.010600000000000165e+01
-9.393099999999999739e+01
-9.451100000000000989e+01
-7.533899999999999864e+01
-6.334000000000000341e+01
-5.242699999999999960e+01
-3.705599999999999739e+01
-1.656599999999999895e+01
-1.067500000000000071e+01
-1.501500000000000057e+01
7.494499999999999496e-01
2.523699999999999832e+01
3.117599999999999838e+01
3.408899999999999864e+01
5.131499999999999773e+01
7.233700000000000330e+01
8.897499999999999432e+01
8.522700000000000387e+01
6.187800000000000011e+01
3.723199999999999932e+01
3.300600000000000023e+01
4.227100000000000080e+01
3.850500000000000256e+01
3.529699999999999704e+01
5.363399999999999324e+01
9.135700000000001353e+01
1.197099999999999937e+02
1.210300000000000011e+02
1.419900000000000091e+02
1.806599999999999966e+02
1.977899999999999920e+02
2.241500000000000057e+02
2.485300000000000011e+02
2.333300000000000125e+02
2.156299999999999955e+02
2.249199999999999875e+02
2.210399999999999920e+02
1.731699999999999875e+02
1.025100000000000051e+02
3.540899999999999892e+01
-1.963200000000000145e+01
-4.517999999999999972e+01
-3.163199999999999790e+01
-1.555599999999999916e+01
-1.429599999999999937e+01
3.014400000000000190e+00
3.111100000000000065e+01
3.167900000000000205e+01
1.953800000000000026e+01
1.512400000000000055e+01
-1.197599999999999909e+01
-4.547399999999999665e+01
-6.086500000000000199e+01
-9.536799999999999500e+01
-1.262500000000000000e+02
-1.385399999999999920e+02
-1.916699999999999875e+02
-2.545099999999999909e+02
-2.655000000000000000e+02
-2.608000000000000114e+02
-2.727900000000000205e+02
-2.935600000000000023e+02
-3.028000000000000114e+02
-2.973600000000000136e+02
-2.497500000000000000e+02
-1.590300000000000011e+02
-1.338300000000000125e+02
-1.717299999999999898e+02
-1.488700000000000045e+02
-6.727800000000000580e+01
-1.153099999999999881e+01
1.121499999999999986e+01
4.399000000000000199e+01
7.523799999999999955e+01
6.461799999999999500e+01
3.356499999999999773e+01
1.526700000000000124e+01
1.588599999999999923e+01
2.721499999999999986e+01
2.300900000000000034e+01
-8.555599999999999872e-01
-2.056699999999999662e+01
-2.493800000000000239e+01
8.145999999999999908e-01
4.535000000000000142e+01
7.165800000000000125e+01
7.060800000000000409e+01
4.671899999999999409e+01
2.160399999999999920e+01
3.237800000000000011e+01
6.543699999999999761e+01
7.085999999999999943e+01
6.210000000000000142e+01
6.782300000000000750e+01
7.276600000000000534e+01
6.162100000000000222e+01
3.201500000000000057e+01
1.158699999999999974e+01
1.747999999999999998e+00
-1.964999999999999858e+01
-2.391800000000000281e+01
-1.243200000000000038e+01
-3.652899999999999814e+00
5.110000000000000320e+00
1.360400000000000054e+00
7.867899999999999672e+00
4.098199999999999932e+01
7.724899999999999523e+01
9.118200000000000216e+01
7.555299999999999727e+01
4.784300000000000352e+01
4.026299999999999990e+00
-3.145599999999999952e+01
-2.453300000000000125e+01
3.467699999999999783e+00
3.289900000000000091e+01
3.603800000000000381e+01
3.498000000000000220e+00
-2.171099999999999852e+01
-3.015699999999999648e+01
-3.848300000000000409e+01
-2.496099999999999852e+01
1.250400000000000134e+01
4.221600000000000108e+01
6.721300000000000807e+01
1.040999999999999943e+02
1.112800000000000011e+02
6.729300000000000637e+01
3.253699999999999903e+01
3.598900000000000432e+01
4.585800000000000409e+01
3.339500000000000313e+01
1.282400000000000162e+01
-5.382500000000000284e+00
-3.139300000000000068e+01
-3.955100000000000193e+01
-4.275100000000000477e+01
-5.773699999999999477e+01
-3.965999999999999659e+01
4.264000000000000012e-01
2.518900000000000006e+01
2.328000000000000114e+01
4.280100000000000016e+00
-1.016699999999999982e+01
-3.985000000000000142e+01
-6.563200000000000500e+01
-6.578699999999999193e+01
-7.465399999999999636e+01
-8.407399999999999807e+01
-9.011599999999999966e+01
-9.991299999999999670e+01
-8.848000000000000398e+01
-4.623199999999999932e+01
2.066199999999999815e+00
1.518900000000000006e+01
2.047099999999999920e+00
1.519600000000000062e+00
-5.547200000000000131e+00
-4.066799999999999926e+01
-4.243399999999999750e+01
9.647100000000000009e+00
4.127199999999999847e+01
4.319899999999999807e+01
5.511199999999999477e+01
7.196800000000000352e+01
9.948899999999999011e+01
1.305300000000000011e+02
1.184500000000000028e+02
9.035799999999998988e+01
8.637200000000001410e+01
8.025700000000000500e+01
6.577199999999999136e+01
5.966799999999999926e+01
4.187800000000000011e+01
1.203700000000000081e+01
1.203500000000000014e+01
1.699900000000000233e+01
1.084700000000000131e+01
3.256199999999999761e+01
6.660200000000000387e+01
8.878000000000000114e+01
9.888799999999999102e+01
1.016599999999999966e+02
1.025100000000000051e+02
8.889499999999999602e+01
6.460999999999999943e+01
1.536500000000000021e+01
-3.818699999999999761e+01
-1.832099999999999795e+01
-4.094299999999999606e+00
-6.690200000000000102e+01
-1.077399999999999949e+02
-1.207600000000000051e+02
-1.483199999999999932e+02
-1.858499999999999943e+02
-2.146399999999999864e+02
-1.878000000000000114e+02
-1.439000000000000057e+02
-1.183799999999999955e+02
-7.938899999999999579e+01
-6.447499999999999432e+01
-1.074899999999999949e+02
-1.436100000000000136e+02
-1.331299999999999955e+02
-1.279800000000000040e+02
-1.259300000000000068e+02
-8.497899999999999920e+01
-3.520900000000000318e+01
-1.165700000000000003e+01
-2.115199999999999747e+01
-3.915999999999999659e+01
-4.023499999999999943e+01
-2.956599999999999895e+01
-1.453500000000000014e+01
-2.047200000000000131e+01
-5.393399999999999750e+01
-8.193399999999999750e+01
-8.573000000000000398e+01
-8.109899999999998954e+01
-6.970699999999999363e+01
-4.876399999999999579e+01
-4.054200000000000159e+01
-3.133599999999999852e+01
-2.420300000000000296e+01
-4.485000000000000142e+01
-5.570399999999999352e+01
-1.608800000000000097e+01
3.811299999999999955e+01
6.125999999999999801e+01
7.271899999999999409e+01
8.852799999999999159e+01
8.826000000000000512e+01
6.295600000000000307e+01
3.635000000000000142e+01
4.068500000000000227e+01
7.278699999999999193e+01
1.066099999999999994e+02
1.090600000000000023e+02
8.132399999999999807e+01
7.349800000000000466e+01
9.154200000000000159e+01
1.015100000000000051e+02
9.515999999999999659e+01
8.200399999999999068e+01
7.119400000000000261e+01
5.922600000000000620e+01
5.819600000000000506e+01
9.323000000000000398e+01
1.432500000000000000e+02
1.511399999999999864e+02
1.004399999999999977e+02
4.714899999999999380e+01
4.980899999999999750e+01
7.585800000000000409e+01
6.687699999999999534e+01
3.950300000000000011e+01
2.516600000000000037e+01
2.199099999999999966e+01
1.256200000000000117e+01
-1.905199999999999960e+01
-4.996500000000000341e+01
-5.981300000000000239e+01
-6.366300000000000381e+01
-6.846999999999999886e+01
-8.646299999999999386e+01
-1.047800000000000011e+02
-9.430299999999999727e+01
-7.030700000000000216e+01
-4.484000000000000341e+01
-2.426999999999999957e+01
-2.232099999999999795e+01
-3.229099999999999682e+01
-4.235800000000000409e+01
-6.157100000000000506e+01
-7.534999999999999432e+01
-5.372200000000000131e+01
-1.977899999999999991e+01
2.912900000000000045e+00
2.040200000000000102e+01
2.441800000000000281e+01
5.959100000000000286e+00
-2.587400000000000255e-01
1.171900000000000119e+01
1.035200000000000031e+01
9.955899999999999750e-01
-1.383200000000000074e+01
-1.779700000000000060e+01
-7.116399999999999615e+00
-7.716700000000000337e+00
-4.585300000000000153e+00
-1.136200000000000010e+01
-2.452499999999999858e+01
1.136099999999999888e+01
4.521600000000000108e+01
1.452400000000000091e+01
-1.493200000000000038e+01
1.225999999999999979e+01
5.310499999999999687e+01
7.223199999999999932e+01
9.248999999999999488e+01
1.104200000000000017e+02
1.104099999999999966e+02
1.091500000000000057e+02
1.031700000000000017e+02
8.568899999999999295e+01
6.680500000000000682e+01
5.075300000000000011e+01
5.265500000000000114e+01
6.619599999999999795e+01
5.354200000000000159e+01
2.069300000000000139e+01
1.231099999999999994e+01
2.607999999999999829e+01
2.361400000000000077e+01
7.261599999999999611e+00
-2.498899999999999899e+00
-1.019399999999999906e+01
-2.227800000000000225e+01
-3.886599999999999966e+01
-4.867300000000000182e+01
-3.564099999999999824e+01
-4.626599999999999824e+00
1.365700000000000003e+01
-6.762299999999999756e+00
-2.645899999999999963e+01
-9.548999999999999488e+00
1.259500000000000064e+01
1.668599999999999994e+01
3.255500000000000060e+00
-2.296699999999999964e+00
2.345499999999999918e+00
-1.499000000000000021e+01
-3.399800000000000466e+01
-4.778300000000000125e+01
-7.180199999999999250e+01
-7.676800000000000068e+01
-4.886500000000000199e+01
-1.267400000000000126e+01
2.540599999999999969e+00
-7.598600000000000243e+00
-3.542999999999999972e+01
-4.897299999999999898e+01
-2.921599999999999753e+01
-2.510099999999999909e+01
-5.097699999999999676e+01
-6.390299999999999869e+01
-5.620899999999999608e+01
-4.658500000000000085e+01
-3.137000000000000099e+01
-1.112400000000000055e+01
-4.741200000000000081e+00
-6.615000000000000213e+00
2.774700000000000166e+00
1.846799999999999997e+01
2.225600000000000023e+01
3.216600000000000126e+00
-1.930700000000000216e+01
-2.590900000000000247e+01
-3.627199999999999847e+01
-4.848199999999999932e+01
-2.634699999999999775e+01
1.193999999999999950e+01
2.171900000000000119e+01
1.334700000000000131e+01
1.543999999999999950e+01
1.979200000000000159e+01
1.246900000000000119e+01
-5.830799999999999983e+00
-2.862000000000000099e+01
-3.892000000000000171e+01
-2.883199999999999719e+01
-2.105800000000000338e+01
-2.772599999999999909e+01
-2.114699999999999847e+01
-8.375000000000000000e+00
-1.077900000000000169e+01
-9.717000000000000526e+00
-6.546700000000000408e+00
-5.057900000000000063e+00
4.175500000000000433e+00
8.926500000000000767e+00
6.497600000000000264e+00
8.194000000000000838e+00
1.988700000000000045e+01
3.080900000000000105e+01
2.963100000000000023e+01
2.371099999999999852e+01
1.336999999999999922e+01
8.405499999999999972e+00
1.803900000000000148e+01
2.605999999999999872e+01
1.741000000000000014e+01
-5.309999999999999609e+00
-1.591799999999999926e+01
-7.290300000000000225e+00
-2.264899999999999913e+00
-7.245000000000000107e+00
-2.317699999999999960e+01
-4.585899999999999466e+01
-5.552799999999999869e+01
-4.763000000000000256e+01
-3.048999999999999844e+01
-1.118700000000000117e+01
-3.640600000000000058e+00
-1.472700000000000031e+01
-3.353199999999999648e+01
-4.255600000000000449e+01
-2.930199999999999960e+01
-9.096399999999999153e+00
5.899399999999999977e+00
1.814700000000000202e+01
2.162300000000000111e+01
2.184300000000000352e+01
1.239400000000000013e+01
-7.460700000000000109e-01
7.899799999999999933e+00
1.707999999999999829e+01
8.535500000000000753e+00
-5.211200000000000276e-01
-4.826600000000000001e+00
-4.940900000000000070e+00
3.735599999999999810e+00
9.662599999999999412e+00
-1.426199999999999912e+00
-1.138900000000000112e+01
-6.653100000000000236e+00
-5.912099999999999689e+00
-1.173700000000000010e+01
-7.639199999999999768e+00
7.167399999999999771e+00
1.472700000000000031e+01
7.588499999999999801e+00
-5.651899999999999702e-01
6.769899999999999807e-01
1.842100000000000071e+00
-2.532599999999999962e+00
-3.960100000000000176e+00
-1.038299999999999912e+01
-1.405000000000000071e+01
1.144700000000000095e+01
4.490699999999999648e+01
5.192300000000000182e+01
4.637500000000000000e+01
4.335600000000000165e+01
3.576300000000000523e+01
3.263800000000000523e+01
3.330199999999999960e+01
2.719000000000000128e+01
2.146900000000000119e+01
1.840200000000000102e+01
1.350300000000000011e+01
9.941900000000000404e+00
1.284500000000000064e+01
1.994200000000000017e+01
2.884900000000000020e+01
3.486999999999999744e+01
3.160599999999999810e+01
2.170699999999999719e+01
9.010899999999999466e+00
4.915700000000000180e+00
1.683399999999999963e+01
2.962199999999999989e+01
2.933099999999999952e+01
1.615200000000000102e+01
2.361000000000000210e+00
2.087699999999999889e+00
8.711199999999999832e+00
1.227599999999999980e+01
1.111400000000000077e+01
-3.553100000000000147e+00
-1.703400000000000247e+01
-1.136299999999999955e+01
-2.950099999999999945e+00
1.451799999999999979e+00
3.211500000000000021e+00
-3.112499999999999989e-02
-2.185700000000000198e+00
-6.491699999999999804e+00
-1.700799999999999912e+01
-2.151399999999999935e+01
-1.202200000000000024e+01
8.495899999999999563e-01
5.319399999999999906e+00
3.893400000000000194e+00
2.565599999999999881e+00
4.016000000000000014e+00
1.304599999999999937e+01
1.675499999999999901e+01
4.332600000000000229e+00
3.929400000000000115e-01
8.554299999999999571e+00
7.083199999999999719e+00
3.550600000000000200e+00
7.096099999999999852e+00
3.224099999999999966e+00
-7.891200000000000436e+00
-1.409700000000000131e+01
-1.411299999999999955e+01
-8.672200000000000131e+00
-4.738100000000000200e+00
-4.341199999999999726e+00
-5.456500000000000128e+00
-1.133000000000000007e+01
-1.381700000000000017e+01
-5.805299999999999905e+00
4.347299999999999720e+00
7.744299999999999962e+00
4.762100000000000222e+00
-1.170099999999999918e+00
-7.247499999999999609e+00
-1.111999999999999922e+01
-9.878000000000000114e+00
-4.741900000000000226e+00
-3.590599999999999792e+00
-2.894800000000000040e+00
-1.064899999999999958e+00
-4.848700000000000010e+00
-1.051599999999999824e+01
-1.195199999999999996e+01
-4.935200000000000031e+00
1.952199999999999935e+00
1.372700000000000031e+00
5.485899999999999999e+00
1.111700000000000088e+01
4.744100000000000428e+00
-7.324300000000000033e+00
-1.455199999999999960e+01
-1.460999999999999943e+01
-1.197400000000000020e+01
-7.742300000000000182e+00
-1.834400000000000031e+00
2.691999999999999948e-01
-3.340899999999999981e+00
-9.560000000000000497e+00
-1.049099999999999966e+01
-6.019000000000000128e+00
-2.397499999999999964e+00
1.240399999999999947e+00
4.152499999999999858e+00
5.309700000000000308e+00
3.931099999999999817e+00
-1.914800000000000058e+00
-6.762400000000000411e+00
-9.716300000000000381e+00
-1.134099999999999930e+01
-9.382400000000000517e+00
-7.953599999999999781e+00
-1.014000000000000057e+01
-1.471799999999999997e+01
-1.470500000000000007e+01
-7.969999999999999751e+00
-6.392600000000000504e-01
2.818400000000000016e+00
-3.386800000000000033e+00
-1.219500000000000028e+01
-1.057900000000000063e+01
-4.722900000000000098e+00
-2.149199999999999999e+00
5.262999999999999901e-01
1.317199999999999926e+00
1.539199999999999902e+00
3.530600000000000183e+00
2.739300000000000068e+00
2.845099999999999962e+00
2.206700000000000106e+00
-1.675200000000000022e+00
-1.362800000000000011e+00
-2.152899999999999814e+00
-6.574799999999999756e+00
-8.573700000000000543e+00
-1.252599999999999980e+01
-1.408999999999999986e+01
-7.887900000000000134e+00
-2.044700000000000184e+00
-1.639499999999999957e+00
-5.654200000000000337e+00
-8.908899999999999153e+00
-6.197899999999999743e+00
4.878899999999999904e-01
3.476999999999999869e+00
-1.743700000000000028e+00
-8.576000000000000512e+00
-1.067300000000000004e+01
-1.043999999999999950e+01
-9.506299999999999528e+00
-9.357599999999999696e+00
-1.099799999999999933e+01
-1.113599999999999923e+01
-7.955199999999999605e+00
-4.407300000000000217e+00
-2.500000000000000000e+00
-4.979000000000000092e+00
-9.152900000000000702e+00
-5.372700000000000031e+00
3.157400000000000206e-01
5.108800000000000008e-01
9.987200000000000522e-01
1.357399999999999940e+00
2.318099999999999827e+00
4.421499999999999986e+00
2.137599999999999945e+00
-2.556000000000000050e+00
-5.047200000000000131e+00
-2.425399999999999778e+00
6.286400000000000432e+00
1.235400000000000098e+01
9.259399999999999409e+00
2.780100000000000016e+00
-1.492299999999999960e+00
3.810699999999999643e-01
4.869699999999999918e+00
7.139700000000000379e+00
7.980100000000000193e+00
4.350799999999999557e+00
9.662299999999999223e-01
-9.121799999999999353e-02
-3.743199999999999861e+00
-3.655499999999999972e+00
-2.466399999999999981e-01
1.214399999999999924e+00
5.212299999999999933e+00
9.804199999999999804e+00
1.145500000000000007e+01
1.250200000000000067e+01
9.714999999999999858e+00
3.931900000000000173e+00
-1.784700000000000175e-01
-3.594399999999999817e+00
-2.165099999999999802e+00
4.771399999999999864e+00
5.451399999999999579e+00
-1.137199999999999989e+00
-2.098100000000000076e+00
3.696899999999999853e+00
7.379299999999999748e+00
7.820500000000000007e+00
7.255499999999999616e+00
4.116600000000000037e+00
-7.204699999999999438e-01
-5.250099999999999767e+00
-7.546599999999999753e+00
-3.537900000000000045e+00
3.771599999999999842e+00
9.238799999999999457e+00
1.026599999999999824e+01
4.435100000000000264e+00
-1.695999999999999952e+00
-2.275900000000000034e+00
3.689699999999999647e-01
4.803700000000000081e+00
7.995300000000000296e+00
6.157799999999999940e+00
2.239700000000000024e+00
1.647699999999999942e+00
2.254300000000000193e+00
-7.364899999999999780e-01
-2.831500000000000128e+00
1.965300000000000047e+00
5.929199999999999804e+00
3.328100000000000058e+00
1.794899999999999940e+00
9.903799999999999271e-01
-2.209900000000000198e+00
-3.430699999999999861e+00
-2.337800000000000100e+00
-3.032799999999999940e-01
5.722599999999999909e-01
5.755200000000000315e-01
3.123200000000000198e+00
5.309199999999999697e+00
5.496400000000000396e+00
5.851700000000000124e+00
5.400199999999999889e+00
4.994600000000000151e+00
5.970200000000000173e+00
6.578899999999999970e+00
5.538199999999999790e+00
2.243900000000000006e+00
-2.214599999999999902e-01
1.216499999999999915e+00
2.441500000000000004e+00
2.008199999999999985e+00
2.328899999999999970e+00
1.687899999999999956e+00
5.184499999999999664e-01
1.786200000000000010e+00
2.367500000000000160e+00
1.411999999999999922e+00
2.097399999999999931e+00
3.679800000000000182e+00
4.155199999999999783e+00
1.684199999999999919e+00
-1.032299999999999995e+00
-3.612000000000000210e-01
1.655100000000000016e+00
2.679199999999999804e+00
3.371599999999999930e+00
5.323699999999999655e+00
6.784799999999999720e+00
4.793199999999999683e+00
1.673300000000000010e+00
4.780800000000000050e-01
-2.582400000000000251e-01
5.423000000000000043e-01
3.761000000000000121e+00
4.836800000000000210e+00
2.536900000000000155e+00
3.987399999999999833e-01
-5.048600000000000310e-02
-4.070900000000000074e-01
-9.921399999999999109e-01
-9.038200000000000678e-01
-2.061900000000000122e-01
1.162600000000000078e+00
2.483000000000000096e+00
3.061900000000000066e+00
3.269099999999999895e+00
3.445600000000000218e+00
3.946299999999999919e+00
3.225000000000000089e+00
6.995500000000000052e-01
-3.025199999999999556e-01
5.118399999999999617e-01
4.679100000000000481e-01
2.546300000000000230e-01
7.895800000000000596e-01
5.917999999999999927e-01
-4.843399999999999372e-01
-1.091699999999999893e+00
-8.502700000000000813e-01
-8.571100000000000385e-01
-1.419100000000000028e+00
-1.347900000000000098e+00
-8.754799999999999249e-01
-1.318200000000000038e+00
-1.956599999999999895e+00
-1.763800000000000034e+00
-1.771300000000000097e+00
-2.124299999999999855e+00
-2.006400000000000183e+00
-1.953699999999999992e+00
-2.529199999999999893e+00
-3.659299999999999997e+00
-4.312400000000000233e+00
-3.788699999999999957e+00
-2.861800000000000122e+00
-2.546600000000000197e+00
-2.892199999999999882e+00
-3.408599999999999852e+00
-4.009900000000000020e+00
-4.081500000000000128e+00
-3.358299999999999841e+00
-2.956900000000000084e+00
-3.151600000000000179e+00
-3.240000000000000213e+00
-2.977899999999999991e+00
-2.892599999999999838e+00
-3.357200000000000184e+00
-3.778099999999999792e+00
-4.416400000000000325e+00
-5.062500000000000000e+00
-4.246299999999999741e+00
-3.323300000000000143e+00
-3.770500000000000185e+00
-4.342200000000000060e+00
-4.153400000000000425e+00
-3.627400000000000180e+00
-3.336399999999999810e+00
-3.046800000000000175e+00
-2.451700000000000212e+00
-2.301400000000000112e+00
-2.606700000000000017e+00
-2.645900000000000141e+00
-2.742500000000000160e+00
-3.225000000000000089e+00
-3.593100000000000183e+00
-3.379799999999999915e+00
-2.768100000000000005e+00
-2.511200000000000099e+00
-3.019299999999999873e+00
-3.361099999999999977e+00
-2.758999999999999897e+00
-2.219899999999999984e+00
-2.231500000000000039e+00
-2.309000000000000163e+00
-2.532599999999999962e+00
-3.031000000000000139e+00
-3.404599999999999849e+00
-3.006099999999999994e+00
-2.209799999999999986e+00
-2.062500000000000000e+00
-2.341400000000000148e+00
-2.269099999999999895e+00
-2.158100000000000129e+00
-2.136800000000000033e+00
-2.063200000000000145e+00
-2.309200000000000141e+00
-2.542899999999999938e+00
-2.374600000000000044e+00
-2.198199999999999932e+00
-2.225000000000000089e+00
-1.850999999999999979e+00
-1.368900000000000006e+00
-1.506599999999999939e+00
-1.744699999999999918e+00
-1.707899999999999974e+00
-1.677599999999999980e+00
-1.490299999999999958e+00
-1.135899999999999910e+00
-9.493700000000000472e-01
-9.003200000000001202e-01
-9.481500000000000483e-01
-1.277099999999999902e+00
-1.765500000000000069e+00
-1.582300000000000040e+00
-5.604100000000000747e-01
-5.537199999999999935e-03
-2.028000000000000080e-01
-3.485300000000000065e-01
-1.490100000000000036e-01
5.224999999999999645e-01
1.340799999999999992e+00
1.698199999999999932e+00
1.720900000000000096e+00
1.659899999999999931e+00
1.547600000000000087e+00
1.747300000000000075e+00
2.169299999999999784e+00
2.386000000000000121e+00
2.607600000000000140e+00
2.784100000000000019e+00
2.557900000000000063e+00
2.309299999999999908e+00
2.659100000000000019e+00
3.195699999999999985e+00
3.029799999999999827e+00
2.600099999999999856e+00
2.690700000000000092e+00
2.733200000000000074e+00
2.510899999999999910e+00
2.388399999999999856e+00
2.268499999999999961e+00
2.256099999999999994e+00
2.470899999999999874e+00
2.580499999999999794e+00
2.321400000000000130e+00
1.717000000000000082e+00
1.244599999999999929e+00
1.372600000000000042e+00
1.608600000000000030e+00
1.432800000000000074e+00
1.496799999999999908e+00
1.801500000000000101e+00
1.447799999999999976e+00
8.230700000000000793e-01
8.117900000000000116e-01
1.312699999999999978e+00
1.830799999999999983e+00
2.138100000000000112e+00
2.113300000000000178e+00
1.676199999999999912e+00
1.251800000000000024e+00
1.260699999999999932e+00
1.886700000000000044e+00
2.658199999999999896e+00
2.735799999999999788e+00
2.398600000000000065e+00
2.340100000000000069e+00
2.528200000000000003e+00
2.708400000000000141e+00
2.666399999999999881e+00
2.396700000000000053e+00
2.291900000000000048e+00
2.392799999999999816e+00
2.276299999999999990e+00
2.265400000000000080e+00
2.858699999999999797e+00
3.092999999999999972e+00
2.379199999999999982e+00
1.831599999999999895e+00
1.866700000000000026e+00
2.127499999999999947e+00
2.403500000000000192e+00
2.501399999999999846e+00
2.275700000000000056e+00
1.703400000000000025e+00
1.125199999999999978e+00
9.767799999999999816e-01
1.417200000000000015e+00
1.655100000000000016e+00
1.268699999999999939e+00
1.372500000000000053e+00
1.817800000000000082e+00
1.349599999999999911e+00
7.018699999999999939e-01
5.149699999999999278e-01
9.113200000000000467e-02
-1.012600000000000132e-02
4.887500000000000178e-02
-6.729500000000000481e-01
-1.152900000000000036e+00
-9.775700000000000500e-01
-1.108300000000000063e+00
-1.554899999999999949e+00
-1.153399999999999981e+00
2.883399999999999852e-01
1.128400000000000070e+00
1.181000000000000050e+00
1.082999999999999963e+00
5.422000000000000153e-01
5.021200000000000108e-01
1.094700000000000006e+00
1.137100000000000000e+00
7.937800000000000411e-01
-3.109099999999999642e-01
-8.643499999999999517e-01
1.504699999999999926e+00
4.341099999999999959e+00
4.684300000000000352e+00
3.246100000000000207e+00
2.172499999999999876e+00
2.490200000000000191e+00
3.957599999999999785e+00
5.278200000000000003e+00
4.770699999999999719e+00
3.402800000000000047e+00
1.973600000000000021e+00
1.907000000000000084e-01
-1.527400000000000091e+00
-2.706599999999999895e+00
-2.401100000000000012e+00
-1.983000000000000096e+00
-2.038499999999999979e+00
-2.251599999999999990e-01
1.767099999999999893e+00
8.706599999999999895e-01
-1.669200000000000017e+00
-4.170700000000000074e+00
-5.945000000000000284e+00
-5.861299999999999955e+00
-3.519400000000000084e+00
-1.874500000000000055e+00
-2.891099999999999781e+00
-2.964700000000000113e+00
-3.634600000000000053e-01
2.600699999999999790e+00
4.497099999999999653e+00
4.433600000000000207e+00
2.966000000000000192e+00
1.207100000000000062e+00
-2.863900000000000112e+00
-7.357499999999999929e+00
-8.622600000000000264e+00
-8.865600000000000591e+00
-8.273799999999999599e+00
-6.570899999999999963e+00
-4.857999999999999652e+00
-9.650700000000000944e-01
2.654300000000000104e+00
2.534499999999999975e+00
8.909500000000000197e-01
-1.779400000000000093e+00
-3.667499999999999982e+00
-2.303999999999999826e+00
-1.811199999999999921e+00
-4.352400000000000269e+00
-5.153299999999999770e+00
-2.797899999999999832e+00
-1.163499999999999979e+00
-1.082200000000000051e+00
-6.844299999999999828e-01
-4.676500000000000101e-01
-2.011000000000000121e+00
-4.239099999999999646e+00
-5.498199999999999754e+00
-5.238599999999999923e+00
-3.445899999999999963e+00
-2.359700000000000131e+00
-2.959799999999999986e+00
-2.593999999999999861e+00
-1.829099999999999948e+00
-1.877599999999999936e+00
-1.258199999999999985e+00
6.278400000000000647e-02
2.801899999999999835e+00
5.368100000000000094e+00
5.475100000000000300e+00
5.172900000000000276e+00
5.061099999999999710e+00
4.565400000000000347e+00
4.049000000000000377e+00
3.053700000000000081e+00
1.771800000000000042e+00
8.572899999999999965e-01
3.460599999999999787e-01
1.542199999999999960e-01
-5.308300000000000241e-01
8.782100000000001017e-02
4.029399999999999871e+00
7.296899999999999942e+00
6.220299999999999940e+00
3.427799999999999958e+00
3.412900000000000045e+00
5.059300000000000352e+00
4.622799999999999798e+00
2.506400000000000183e+00
-1.713299999999999823e-01
-2.546600000000000197e+00
-4.562599999999999767e+00
-6.367700000000000138e+00
-6.544599999999999973e+00
-5.517199999999999882e+00
-4.656799999999999606e+00
-4.956599999999999895e+00
-4.660000000000000142e+00
-1.435100000000000042e+00
1.841299999999999881e-01
-1.205899999999999972e+00
-1.858400000000000052e+00
-2.467099999999999849e+00
-2.980599999999999916e+00
-2.534400000000000208e+00
-2.064299999999999802e+00
-1.308499999999999996e+00
-2.848199999999999621e-01
1.097500000000000003e-01
4.123800000000000243e-01
3.916999999999999649e-02
-2.585300000000000153e+00
-4.777700000000000280e+00
-3.902800000000000047e+00
-1.380300000000000082e+00
3.303599999999999870e-01
-4.391300000000000064e-02
-1.207000000000000073e+00
-1.035900000000000043e+00
-9.129099999999999715e-02
-5.637800000000000589e-01
-1.347900000000000098e+00
-3.924500000000000210e-01
-4.935600000000000542e-01
-2.320100000000000051e+00
-2.601100000000000190e+00
-1.138400000000000079e+00
1.553499999999999881e-01
1.050300000000000011e+00
7.333399999999999919e-01
-6.081100000000000394e-01
-1.677900000000000225e-01
1.407699999999999951e+00
2.092499999999999805e+00
9.633599999999999941e-01
-1.602400000000000047e+00
-3.584099999999999842e+00
-3.432599999999999874e+00
-4.800399999999999667e-01
2.471000000000000085e+00
2.979099999999999859e+00
3.108200000000000074e+00
3.499800000000000022e+00
3.592600000000000016e+00
3.462600000000000122e+00
2.202700000000000102e+00
1.528299999999999992e+00
2.560900000000000176e+00
2.944700000000000095e+00
1.196199999999999930e+00
-3.185499999999999998e-01
5.663199999999999346e-01
1.560100000000000042e+00
1.238299999999999956e+00
9.836600000000000898e-01
1.473600000000000021e+00
2.242399999999999949e+00
2.788499999999999979e+00
3.286700000000000177e+00
2.880599999999999827e+00
1.485899999999999999e+00
1.431100000000000039e+00
3.453599999999999781e+00
4.554599999999999760e+00
2.920300000000000118e+00
3.241200000000000081e+00
5.700999999999999623e+00
4.484799999999999898e+00
3.561699999999999866e-01
-3.921400000000000219e+00
-5.628899999999999793e+00
-3.079899999999999860e+00
-9.819700000000001205e-01
-2.462600000000000122e+00
-5.121599999999999930e+00
-6.467800000000000438e+00
-5.212200000000000166e+00
-1.959500000000000020e+00
-4.755300000000000082e-01
-2.186300000000000132e+00
-4.173799999999999955e+00
-4.677900000000000169e+00
-3.740600000000000147e+00
-3.003099999999999881e+00
-2.555699999999999861e+00
-1.153100000000000014e+00
-1.205599999999999866e-01
8.524899999999999700e-01
2.319700000000000095e+00
1.721700000000000008e+00
-3.442899999999999849e-01
-1.247200000000000086e+00
-2.513599999999999834e+00
-4.757799999999999585e+00
-5.361699999999999910e+00
-3.885899999999999910e+00
-8.714700000000000779e-01
1.893799999999999928e+00
1.399999999999999911e+00
-9.127399999999999958e-01
-2.163199999999999790e+00
-1.284999999999999920e+00
6.347000000000000419e-01
1.112700000000000022e+00
4.874600000000000599e-01
5.988499999999999934e-01
1.371099999999999985e+00
1.098999999999999977e+00
1.407299999999999995e+00
4.010699999999999932e+00
4.791000000000000369e+00
3.112299999999999844e+00
2.564200000000000035e+00
1.606200000000000072e+00
-8.650200000000001221e-01
-2.380700000000000038e+00
-3.013999999999999790e+00
-3.021599999999999842e+00
-1.203300000000000036e+00
1.891599999999999948e+00
3.710500000000000131e+00
3.200400000000000134e+00
2.059299999999999908e+00
1.267500000000000071e+00
1.389599999999999946e+00
2.848199999999999843e+00
4.079200000000000159e+00
3.979600000000000026e+00
3.761899999999999800e+00
3.402299999999999880e+00
2.384300000000000086e+00
1.699400000000000022e+00
1.452800000000000091e+00
1.044999999999999929e+00
1.237200000000000077e+00
1.718699999999999894e+00
5.967299999999999827e-01
-1.288599999999999968e+00
-1.644099999999999895e+00
-5.803399999999999670e-01
2.346699999999999897e-01
3.629600000000000048e-01
-2.914700000000000069e-01
-1.230099999999999971e+00
-1.232499999999999929e+00
5.588499999999999718e-03
1.869699999999999918e+00
2.239900000000000002e+00
8.498299999999999743e-01
4.101000000000000201e-01
1.120400000000000063e+00
1.063099999999999934e+00
9.164100000000000579e-01
1.075299999999999923e+00
1.102999999999999953e-01
-1.661899999999999933e+00
-2.920799999999999841e+00
-2.703800000000000203e+00
-2.082800000000000207e+00
-1.706900000000000084e+00
-6.560500000000000220e-01
-2.461900000000000199e-01
-1.477500000000000036e+00
-3.129000000000000004e+00
-2.509900000000000020e+00
1.559599999999999875e-01
7.255699999999999372e-01
-3.851999999999999869e-01
1.344200000000000117e-01
1.007500000000000062e+00
3.344400000000000150e-02
-1.241700000000000026e+00
-1.070100000000000051e+00
1.095300000000000024e-01
9.865500000000000380e-01
4.793499999999999983e-01
-3.563699999999999646e-01
1.203499999999999986e-01
9.774000000000000465e-01
2.217500000000000027e-01
-1.451999999999999957e+00
-2.618100000000000094e+00
-2.749099999999999877e+00
-7.554999999999999494e-01
1.949400000000000022e+00
2.858499999999999819e+00
2.078599999999999781e+00
-4.257899999999999463e-01
-3.131400000000000183e+00
-2.847999999999999865e+00
-7.835199999999999942e-01
9.489600000000000257e-01
2.503699999999999815e+00
3.634700000000000042e+00
4.136899999999999800e+00
3.076700000000000212e+00
6.837699999999999889e-01
-4.117500000000000049e-01
-2.666499999999999981e-01
-1.559099999999999930e-01
4.821100000000000385e-01
9.918600000000000749e-01
1.190199999999999925e+00
1.632600000000000051e+00
1.135199999999999987e+00
-1.067599999999999973e-02
-5.591699999999999449e-01
-1.080500000000000016e+00
-8.764700000000000824e-01
7.423100000000000254e-01
8.949899999999999523e-01
-9.938100000000000822e-01
-7.402100000000000346e-01
1.655899999999999928e+00
2.537300000000000111e+00
1.839199999999999946e+00
9.350600000000000023e-01
6.359899999999999443e-01
9.093700000000001227e-01
9.350799999999999113e-01
7.226299999999999946e-01
7.849899999999999656e-01
7.811100000000000820e-01
6.401499999999999968e-01
7.203300000000000258e-01
9.311899999999999622e-01
1.208499999999999908e+00
1.057299999999999907e+00
1.104000000000000092e+00
1.152400000000000091e+00
2.721800000000000330e-01
-2.480499999999999927e-01
1.255799999999999972e-01
5.173300000000000676e-01
3.684100000000000152e-01
1.614799999999999847e-01
3.347900000000000320e-01
-2.330099999999999949e-01
-1.264000000000000012e+00
-1.282799999999999940e+00
-1.106600000000000028e+00
-9.369600000000000151e-01
4.227299999999999947e-01
1.731100000000000083e+00
1.139899999999999913e+00
-9.287999999999999590e-01
-2.698999999999999844e+00
-3.129100000000000215e+00
-2.790200000000000014e+00
-2.657200000000000006e+00
-2.442800000000000082e+00
-1.911899999999999933e+00
-2.218100000000000183e+00
-3.460500000000000131e+00
-3.490099999999999980e+00
-1.447899999999999965e+00
1.901400000000000035e-01
-2.028900000000000148e-01
-1.134500000000000064e+00
-1.164600000000000080e+00
-1.112900000000000000e+00
-1.770399999999999974e+00
-1.733200000000000074e+00
-5.461500000000000243e-01
9.294100000000000694e-01
2.520999999999999908e+00
3.255300000000000082e+00
2.606500000000000039e+00
2.125599999999999934e+00
2.267500000000000071e+00
1.910700000000000065e+00
1.308000000000000052e+00
1.271800000000000042e+00
1.357499999999999929e+00
1.575800000000000090e+00
2.027800000000000047e+00
1.556899999999999951e+00
8.373299999999999077e-01
5.729600000000000248e-01
-1.760099999999999998e-01
-8.257700000000001150e-01
-1.847599999999999909e+00
-3.130900000000000016e+00
-2.439799999999999969e+00
-9.385899999999999244e-01
-8.029899999999999816e-01
-1.311299999999999910e+00
-1.523800000000000043e+00
-1.677000000000000046e+00
-2.004399999999999959e+00
-1.809500000000000108e+00
-1.002099999999999991e+00
-9.314000000000000057e-01
-1.693100000000000049e+00
-2.250700000000000145e+00
-2.525599999999999845e+00
-2.393899999999999917e+00
-2.370499999999999829e+00
-2.786900000000000155e+00
-2.588200000000000056e+00
-1.833599999999999897e+00
-1.236299999999999955e+00
-3.544100000000000028e-01
9.510700000000000820e-01
1.585299999999999931e+00
1.162800000000000056e+00
7.569100000000000827e-01
7.486500000000000377e-01
9.070500000000000229e-01
1.225200000000000067e+00
1.149699999999999944e+00
8.161500000000000421e-01
9.488900000000000112e-01
1.248699999999999921e+00
1.160800000000000054e+00
7.088600000000000456e-01
5.262399999999999300e-01
8.310600000000000209e-01
7.966800000000000548e-01
4.950699999999999545e-01
1.036499999999999977e+00
1.449699999999999989e+00
8.896799999999999153e-01
1.127099999999999991e+00
1.461400000000000032e+00
5.468100000000000183e-01
-1.082599999999999951e-01
-1.456599999999999839e-01
3.655800000000000022e-02
5.931699999999999751e-01
1.416400000000000103e+00
2.011800000000000033e+00
2.048999999999999932e+00
1.852100000000000080e+00
1.394500000000000073e+00
8.038999999999999480e-01
1.235200000000000076e+00
2.639299999999999979e+00
2.739199999999999857e+00
1.291299999999999892e+00
2.281300000000000272e-01
-4.861600000000000366e-01
-1.138700000000000045e+00
-1.009600000000000053e+00
-4.752600000000000158e-01
-3.977999999999999869e-01
-8.626799999999998914e-01
-1.533900000000000041e+00
-2.182799999999999851e+00
-2.570699999999999985e+00
-2.399199999999999999e+00
-2.100699999999999790e+00
-1.590500000000000025e+00
-2.692199999999999593e-01
8.322599999999999998e-01
4.214600000000000568e-01
-8.055100000000000593e-01
-1.614000000000000101e+00
-1.984599999999999920e+00
-1.859599999999999920e+00
-9.542799999999999061e-01
-2.985900000000000221e-01
-6.187799999999999967e-01
-7.646100000000000119e-01
-1.411400000000000154e-01
1.912699999999999956e-01
1.244099999999999928e-01
9.162599999999999911e-02
2.819300000000000139e-01
8.410700000000000953e-01
1.127999999999999892e+00
4.912600000000000300e-01
-6.795399999999999219e-01
-1.074200000000000044e+00
-4.697500000000000009e-01
2.105300000000000227e-01
6.703200000000000269e-01
8.680999999999999828e-01
7.115899999999999448e-01
2.327899999999999969e-01
-2.682700000000000085e-01
-4.468899999999999539e-01
-5.807200000000000140e-01
-8.011000000000000343e-01
-8.430100000000000371e-01
-8.379100000000000437e-01
-8.487299999999998734e-01
-8.454500000000000348e-01
-9.229399999999999826e-01
-1.169300000000000006e+00
-1.375599999999999934e+00
-1.298399999999999999e+00
-1.368800000000000017e+00
-1.330999999999999961e+00
-6.874700000000000255e-01
-3.340199999999999836e-01
-6.211399999999999144e-01
-7.788399999999999768e-01
-4.538600000000000412e-01
1.402899999999999980e-02
-1.227099999999999858e-01
-7.881899999999999462e-01
-1.080699999999999994e+00
-9.213899999999999313e-01
-6.238199999999999301e-01
-2.256199999999999872e-01
2.997500000000000164e-02
-2.665800000000000392e-01
-1.072699999999999987e+00
-1.580200000000000049e+00
-1.273099999999999898e+00
-7.103199999999999514e-01
-4.408199999999999896e-01
9.563599999999999879e-02
7.032000000000000473e-01
4.488800000000000012e-01
1.333900000000000086e-01
4.189100000000000601e-01
6.480199999999999294e-01
8.520299999999999541e-01
1.352500000000000036e+00
1.622200000000000086e+00
1.252299999999999969e+00
5.115100000000000202e-01
-9.224199999999999067e-02
4.299899999999999729e-03
7.540200000000000236e-01
1.087199999999999944e+00
1.040100000000000025e+00
1.322300000000000031e+00
1.415499999999999980e+00
1.272299999999999986e+00
1.031500000000000083e+00
4.110399999999999610e-01
1.750099999999999989e-01
7.936600000000000321e-01
1.472599999999999909e+00
1.766799999999999926e+00
1.552000000000000046e+00
1.087800000000000100e+00
1.097499999999999920e+00
1.365099999999999980e+00
1.435599999999999987e+00
1.514599999999999946e+00
1.599900000000000100e+00
1.588200000000000056e+00
1.862800000000000011e+00
2.157500000000000195e+00
1.843099999999999961e+00
1.379199999999999982e+00
1.126800000000000024e+00
7.663100000000000467e-01
4.437899999999999623e-01
6.474800000000000555e-01
1.202900000000000080e+00
1.363399999999999945e+00
1.192900000000000071e+00
1.228499999999999925e+00
1.116300000000000070e+00
5.258599999999999941e-01
-1.177300000000000013e-01
-3.698699999999999766e-01
-3.361300000000000399e-01
-5.160200000000000342e-01
-9.017100000000000115e-01
-9.302099999999999813e-01
-3.836100000000000065e-01
-8.407599999999999796e-02
-3.585300000000000153e-01
-4.932199999999999918e-01
-6.070600000000000440e-01
-6.188600000000000767e-01
-8.782399999999999929e-02
2.069699999999999873e-01
-8.591499999999999138e-02
-2.993199999999999750e-01
-1.163900000000000073e-01
1.537199999999999955e-01
2.104800000000000282e-01
1.118099999999999927e-01
5.400800000000000739e-02
1.916700000000000070e-01
2.549300000000000455e-01
-2.248600000000000251e-02
-4.505000000000000115e-01
-7.767399999999999860e-01
-6.109799999999999676e-01
-2.315399999999999958e-01
-4.754700000000000037e-01
-8.646599999999999842e-01
-6.557399999999999896e-01
-5.164800000000000502e-01
-8.082899999999999530e-01
-9.460899999999999865e-01
-7.946900000000000075e-01
-6.415699999999999736e-01
-4.978000000000000203e-01
-3.569100000000000050e-01
-2.757900000000000351e-01
-3.280300000000000438e-01
-5.999100000000000543e-01
-8.486399999999999499e-01
-9.057899999999999840e-01
-1.098999999999999977e+00
-1.357299999999999951e+00
-1.146500000000000075e+00
-5.918899999999999162e-01
-1.503099999999999992e-01
-3.207499999999999934e-02
-4.415000000000000036e-01
-9.753700000000000703e-01
-8.508299999999999752e-01
-3.331000000000000072e-01
-1.954899999999999971e-01
-3.199899999999999967e-01
-3.581599999999999784e-01
-3.403199999999999559e-01
-2.116500000000000048e-01
-3.155299999999999772e-02
-2.901499999999999913e-02
2.620600000000000013e-02
3.684600000000000097e-01
6.824000000000000066e-01
7.014000000000000234e-01
5.406600000000000295e-01
4.181399999999999562e-01
3.965599999999999681e-01
2.710599999999999676e-01
4.146499999999999492e-02
-7.350299999999999889e-02
2.729499999999999982e-02
2.854900000000000215e-01
4.179499999999999882e-01
1.992299999999999904e-01
-2.034200000000000175e-01
-3.585499999999999798e-01
-1.543200000000000127e-01
7.464400000000000202e-02
1.015999999999999959e-01
-2.955699999999999994e-02
-2.121399999999999952e-01
-3.342699999999999561e-01
-3.234699999999999798e-01
-3.160999999999999921e-01
-4.188100000000000156e-01
-5.690100000000000158e-01
-7.005899999999999350e-01
-6.679800000000000182e-01
-5.174300000000000566e-01
-4.770800000000000041e-01
-4.973399999999999488e-01
-4.855600000000000471e-01
-4.670699999999999852e-01
-4.874899999999999789e-01
-5.280799999999999939e-01
-4.622499999999999942e-01
-3.318599999999999883e-01
-3.183199999999999918e-01
-3.250300000000000411e-01
-2.697400000000000353e-01
-2.399999999999999911e-01
-1.365299999999999847e-01
3.810600000000000358e-03
-3.154499999999999665e-02
-1.603200000000000180e-01
-3.002500000000000169e-01
-4.357699999999999907e-01
-4.126000000000000223e-01
-3.033600000000000185e-01
-2.306300000000000294e-01
-7.783999999999999253e-02
1.081400000000000139e-01
1.796200000000000019e-01
9.671599999999999642e-02
-4.909399999999999875e-02
-1.302999999999999992e-01
-1.781099999999999905e-01
-1.814099999999999879e-01
-1.108999999999999986e-01
-1.073999999999999955e-01
-1.178700000000000025e-01
-2.999499999999999736e-02
-2.281800000000000148e-02
-1.307699999999999974e-01
-2.097600000000000020e-01
-2.644299999999999984e-01
-3.044999999999999929e-01
-2.458400000000000030e-01
-2.173399999999999985e-02
2.127900000000000069e-01
2.261699999999999822e-01
8.565899999999999903e-02
-6.206699999999999717e-02
-1.799999999999999933e-01
-1.647900000000000198e-01
6.793899999999999419e-03
1.805700000000000083e-01
2.739500000000000268e-01
3.160300000000000331e-01
3.143599999999999728e-01
3.091200000000000059e-01
3.370099999999999763e-01
3.623600000000000154e-01
3.592000000000000193e-01
3.398900000000000254e-01
2.903600000000000070e-01
2.353699999999999681e-01
2.597800000000000109e-01
3.422000000000000042e-01
3.918400000000000216e-01
4.149300000000000210e-01
4.220700000000000007e-01
4.300800000000000178e-01
4.615399999999999503e-01
4.670600000000000307e-01
4.181000000000000272e-01
3.476599999999999691e-01
2.925499999999999767e-01
2.702400000000000357e-01
2.546499999999999875e-01
2.131099999999999939e-01
1.683800000000000019e-01
1.428000000000000103e-01
1.427700000000000080e-01
1.916899999999999993e-01
2.500900000000000345e-01
2.393800000000000094e-01
1.797700000000000131e-01
1.508700000000000041e-01
1.632299999999999862e-01
1.915400000000000158e-01
2.112999999999999878e-01
1.826599999999999890e-01
1.168000000000000010e-01
8.370700000000000363e-02
9.761599999999999444e-02
1.042099999999999971e-01
8.847999999999998921e-02
6.821499999999999786e-02
3.211699999999999972e-02
2.206300000000000448e-03
4.023599999999999573e-03
-2.177699999999999862e-03
-4.185400000000000231e-02
-6.404999999999999583e-02
-4.960299999999999432e-02
-4.198099999999999749e-02
-6.511599999999999333e-02
-1.092900000000000121e-01
-1.422400000000000053e-01
-1.377799999999999858e-01
-1.194000000000000061e-01
-1.229999999999999982e-01
-1.576400000000000023e-01
-1.783599999999999908e-01
-1.565999999999999892e-01
-1.150499999999999995e-01
-7.340499999999999803e-02
-5.454600000000000420e-02
-5.096799999999999942e-02
-1.254399999999999959e-02
4.476700000000000124e-02
6.011100000000000471e-02
5.423500000000000543e-02
5.778500000000000303e-02
4.968800000000000300e-02
3.000199999999999742e-02
2.625500000000000056e-02
5.607300000000000478e-02
1.102299999999999947e-01
1.652599999999999902e-01
2.090899999999999981e-01
2.495499999999999940e-01
2.780099999999999794e-01
2.967800000000000438e-01
3.178900000000000059e-01
3.242900000000000227e-01
3.047699999999999854e-01
2.778400000000000314e-01
2.721600000000000130e-01
2.849700000000000011e-01
2.769199999999999995e-01
2.496199999999999808e-01
2.417800000000000227e-01
2.392400000000000082e-01
1.967599999999999905e-01
1.417100000000000026e-01
1.083400000000000057e-01
7.659400000000000930e-02
4.753899999999999793e-02
2.576000000000000165e-02
-2.821499999999999789e-03
-4.939199999999999841e-02
-9.713499999999999912e-02
-1.258900000000000019e-01
-1.455200000000000105e-01
-1.702500000000000124e-01
-1.917599999999999860e-01
-2.085400000000000031e-01
-2.228199999999999903e-01
-2.251599999999999990e-01
-2.236599999999999977e-01
-2.592300000000000160e-01
-3.064999999999999947e-01
-3.274699999999999833e-01
-3.347300000000000275e-01
-3.229099999999999748e-01
-3.003899999999999904e-01
-2.785299999999999998e-01
-2.379800000000000249e-01
-1.854599999999999860e-01
-1.634099999999999997e-01
-1.679400000000000059e-01
-1.716300000000000048e-01
-1.733099999999999918e-01
-1.646900000000000031e-01
-1.381300000000000028e-01
-1.108299999999999980e-01
-9.170700000000001073e-02
-7.079299999999999482e-02
-4.420899999999999830e-02
-1.383799999999999961e-02
1.999000000000000082e-02
4.584900000000000087e-02
5.067900000000000182e-02
4.621000000000000107e-02
5.494199999999999778e-02
6.058499999999999996e-02
4.361500000000000099e-02
2.562599999999999947e-02
1.822899999999999868e-02
1.017500000000000002e-02
3.040699999999999480e-03
2.206399999999999854e-03
6.719200000000000042e-04
-1.590799999999999853e-03
1.509699999999999931e-02
2.325699999999999990e-02
1.010499999999999940e-02
8.315700000000000522e-03
1.600899999999999893e-02
2.512400000000000050e-02
3.430199999999999916e-02
3.894299999999999845e-02
3.159100000000000102e-02
2.003500000000000072e-02
1.421399999999999920e-02
1.159099999999999887e-02
2.219699999999999798e-03
-4.502100000000000199e-03
3.256999999999999913e-03
1.262199999999999954e-02
1.488499999999999893e-02
8.299400000000000180e-03
-6.872299999999999590e-03
-1.610800000000000079e-02
-2.727599999999999816e-02
-4.353299999999999531e-02
-5.507700000000000096e-02
-5.932599999999999679e-02
-5.448500000000000565e-02
-4.481299999999999867e-02
-3.965699999999999781e-02
-3.648200000000000054e-02
-3.990599999999999703e-02
-4.803999999999999937e-02
-5.357100000000000056e-02
-5.777100000000000291e-02
-6.030200000000000143e-02
-6.324600000000001054e-02
-7.200800000000000256e-02
-7.853999999999999870e-02
-7.020700000000000551e-02
-4.272200000000000303e-02
-1.722599999999999826e-02
-3.952000000000000651e-03
8.103499999999999592e-03
1.814699999999999994e-02
2.108300000000000105e-02
1.801900000000000029e-02
1.021500000000000012e-02
5.945399999999999123e-03
5.194399999999999192e-03
4.547400000000000053e-03
4.221599999999999832e-03
2.539899999999999883e-03
-6.189300000000000010e-03
-1.268099999999999956e-02
-9.945499999999999480e-03
-7.275399999999998708e-03
-7.114199999999999344e-03
-8.200299999999998909e-03
-1.132999999999999979e-02
-8.442200000000000398e-03
4.859899999999999463e-03
9.251100000000001683e-03
7.169900000000000318e-04
-1.453099999999999921e-03
1.632700000000000167e-03
5.392400000000000318e-03
1.882599999999999899e-02
5.578999999999999931e-02
1.073599999999999971e-01
1.421000000000000041e-01
1.532900000000000096e-01
1.628400000000000125e-01
1.707400000000000029e-01
1.689799999999999913e-01
1.596200000000000119e-01
1.492099999999999815e-01
1.405599999999999905e-01
1.371099999999999819e-01
1.389900000000000024e-01
1.393900000000000139e-01
1.363599999999999812e-01
1.357500000000000095e-01
1.356099999999999806e-01
1.338900000000000090e-01
1.295599999999999807e-01
1.255599999999999772e-01
1.176999999999999991e-01
1.028000000000000025e-01
8.640299999999999370e-02
7.333399999999999641e-02
6.152400000000000230e-02
5.182699999999999807e-02
4.437699999999999978e-02
3.708800000000000291e-02
2.948899999999999785e-02
2.472299999999999845e-02
2.017400000000000096e-02
1.490600000000000085e-02
1.022499999999999971e-02
5.260800000000000372e-03
-6.512500000000000060e-03
-2.136899999999999911e-02
-3.081499999999999864e-02
-3.452699999999999519e-02
-3.771599999999999953e-02
-4.292900000000000188e-02
-4.920100000000000168e-02
-5.654800000000000104e-02
-6.569099999999999939e-02
-7.146299999999999875e-02
-7.364900000000000613e-02
-7.590199999999999725e-02
-7.933500000000000274e-02
-8.334500000000000242e-02
-8.927400000000000613e-02
-9.401299999999999935e-02
-9.610199999999999299e-02
-9.727899999999999048e-02
-9.980900000000000882e-02
-1.053700000000000053e-01
-1.122099999999999903e-01
-1.120599999999999929e-01
-1.049500000000000016e-01
-9.670499999999999929e-02
-9.106200000000000405e-02
-8.569600000000000828e-02
-7.905199999999999727e-02
-7.284100000000000297e-02
-6.845400000000000096e-02
-6.235700000000000270e-02
-5.603799999999999754e-02
-5.115600000000000008e-02
-4.674800000000000483e-02
-4.327699999999999603e-02
-4.229299999999999726e-02
-3.958699999999999719e-02
-3.370199999999999585e-02
-2.838299999999999851e-02
-2.711000000000000215e-02
-2.727200000000000110e-02
-2.687499999999999958e-02
-2.391800000000000176e-02
-2.062299999999999897e-02
-1.883699999999999958e-02
-1.899299999999999947e-02
-1.976500000000000132e-02
-2.027800000000000089e-02
-1.859999999999999848e-02
-1.523099999999999975e-02
-1.166900000000000055e-02
-9.820999999999999869e-03
-8.283799999999999150e-03
-7.609899999999999304e-03
-7.246500000000000337e-03
-6.802400000000000113e-03
-6.448899999999998731e-03
-6.591699999999999816e-03
-5.587600000000000726e-03
-1.979900000000000149e-03
4.115999999999999867e-03
8.090699999999999281e-03
9.858399999999999802e-03
1.099300000000000103e-02
1.234799999999999960e-02
1.307100000000000102e-02
1.432199999999999966e-02
1.644199999999999828e-02
1.969900000000000123e-02
2.321399999999999852e-02
2.741700000000000040e-02
3.165199999999999958e-02
3.628500000000000475e-02
4.063999999999999557e-02
4.502899999999999958e-02
4.881900000000000128e-02
5.241599999999999732e-02
5.517299999999999982e-02
5.748400000000000037e-02
5.879800000000000304e-02
5.955299999999999483e-02
5.922799999999999593e-02
5.820599999999999385e-02
5.556900000000000728e-02
5.196200000000000124e-02
4.777400000000000396e-02
4.383700000000000097e-02
3.929499999999999660e-02
3.465000000000000024e-02
2.932900000000000090e-02
2.304799999999999904e-02
1.566899999999999890e-02
9.700799999999999007e-03
4.916600000000000137e-03
1.028199999999999947e-03
-2.601399999999999806e-03
-5.500500000000000181e-03
-8.259000000000000716e-03
-1.033400000000000117e-02
-1.233399999999999948e-02
-1.375200000000000033e-02
-1.514099999999999994e-02
-1.592700000000000018e-02
-1.653199999999999809e-02
-1.681699999999999862e-02
-1.754499999999999810e-02
-1.800900000000000070e-02
-1.869000000000000175e-02
-1.907599999999999921e-02
-1.965700000000000086e-02
-1.988899999999999696e-02
-2.028800000000000048e-02
-2.028300000000000242e-02
-2.038399999999999934e-02
-2.005099999999999938e-02
-1.981600000000000028e-02
-1.911299999999999805e-02
-1.847599999999999937e-02
-1.738999999999999921e-02
-1.642100000000000157e-02
-1.507100000000000106e-02
-1.389099999999999883e-02
-1.243400000000000061e-02
-1.127699999999999883e-02
-9.924200000000001076e-03
-8.973200000000000620e-03
-7.955600000000000172e-03
-7.438700000000000347e-03
-6.924699999999999779e-03
-6.971300000000000587e-03
-7.059000000000000170e-03
-7.716599999999999675e-03
-8.401100000000001622e-03
-9.616599999999999454e-03
-1.077000000000000006e-02
-1.237900000000000111e-02
-1.381500000000000089e-02
-1.557299999999999830e-02
-1.703899999999999859e-02
-1.869699999999999834e-02
-1.992199999999999874e-02
-2.121999999999999928e-02
-2.198999999999999913e-02
-2.273499999999999827e-02
-2.288499999999999909e-02
-2.297400000000000136e-02
-2.244399999999999867e-02
-2.184099999999999930e-02
-2.062599999999999850e-02
-1.939899999999999958e-02
-1.761800000000000171e-02
-1.587500000000000022e-02
-1.368199999999999972e-02
-1.159699999999999967e-02
-9.130700000000000274e-03
-6.962499999999999939e-03
-4.164899999999999158e-03
-2.502499999999999950e-03
-1.764199999999999839e-03
-1.874000000000000015e-04
2.394999999999999993e-03
4.306299999999999885e-03
6.483400000000000274e-03
8.261100000000000387e-03
1.017700000000000028e-02
1.170699999999999866e-02
1.336999999999999821e-02
1.462299999999999885e-02
1.600500000000000186e-02
1.695599999999999885e-02
1.801900000000000029e-02
1.864199999999999885e-02
1.934199999999999808e-02
1.957499999999999865e-02
1.988799999999999943e-02
1.969699999999999923e-02
1.957400000000000112e-02
1.893300000000000191e-02
1.834300000000000166e-02
1.725499999999999950e-02
1.623300000000000090e-02
1.472299999999999824e-02
1.332599999999999930e-02
1.147500000000000082e-02
9.808499999999999511e-03
7.740699999999999664e-03
5.923600000000000219e-03
3.797699999999999774e-03
1.984599999999999993e-03
-5.487799999999999872e-05
-1.687499999999999981e-03
-3.488699999999999961e-03
-4.819699999999999679e-03
-6.252399999999999104e-03
-7.150300000000000059e-03
-8.094999999999999765e-03
-8.487999999999999018e-03
-8.925000000000000641e-03
-8.769299999999998971e-03
-8.673000000000000154e-03
-7.998800000000000354e-03
-7.386600000000000110e-03
-6.236499999999999856e-03
-5.182800000000000427e-03
-3.622900000000000079e-03
-2.210500000000000225e-03
-3.498800000000000044e-04
1.304599999999999944e-03
3.353999999999999777e-03
5.139300000000000292e-03
7.257099999999999836e-03
9.063399999999999235e-03
1.112300000000000094e-02
1.279300000000000055e-02
1.469999999999999953e-02
1.615699999999999775e-02
1.777400000000000160e-02
1.891200000000000173e-02
2.016499999999999890e-02
2.089300000000000185e-02
2.170200000000000254e-02
2.196000000000000035e-02
2.229099999999999832e-02
2.206500000000000128e-02
2.191799999999999998e-02
2.120099999999999763e-02
2.058400000000000160e-02
1.943600000000000189e-02
1.841900000000000134e-02
1.691900000000000001e-02
1.555999999999999918e-02
1.378199999999999911e-02
1.221899999999999896e-02
1.028899999999999954e-02
8.643700000000000688e-03
6.689199999999999313e-03
5.052300000000000020e-03
3.180599999999999573e-03
1.692099999999999984e-03
-7.767200000000000783e-06
-1.274900000000000035e-03
-2.702599999999999881e-03
-3.642300000000000225e-03
-4.720600000000000143e-03
-5.290800000000000017e-03
-5.965400000000000043e-03
-6.121100000000000846e-03
-6.372999999999999325e-03
-6.084899999999999858e-03
-5.897699999999999644e-03
-5.191099999999999708e-03
-4.605399999999999078e-03
-3.510099999999999939e-03
-2.576800000000000184e-03
-1.147599999999999922e-03
7.128099999999999736e-05
1.695499999999999742e-03
3.126900000000000165e-03
4.864600000000000174e-03
6.335499999999999986e-03
8.129000000000000808e-03
9.523399999999999574e-03
1.113100000000000027e-02
1.233800000000000001e-02
1.370500000000000190e-02
1.457700000000000141e-02
1.559099999999999896e-02
1.607400000000000148e-02
1.666199999999999973e-02
1.668999999999999997e-02
1.682099999999999915e-02
1.639900000000000038e-02
1.608400000000000107e-02
1.525800000000000073e-02
1.456800000000000109e-02
1.338300000000000080e-02
1.241299999999999869e-02
1.101599999999999975e-02
9.878599999999999534e-03
8.379899999999999155e-03
7.203799999999999787e-03
5.733199999999999928e-03
4.648699999999999534e-03
3.311900000000000000e-03
2.415099999999999886e-03
1.315100000000000036e-03
7.037799999999999872e-04
-1.208400000000000018e-04
-4.496200000000000218e-04
-9.520200000000000363e-04
-9.520400000000000260e-04
-1.144199999999999948e-03
-8.804200000000000307e-04
-8.028500000000000263e-04
-2.878700000000000204e-04
-2.644999999999999917e-05
6.575300000000000285e-04
1.067799999999999826e-03
1.848299999999999986e-03
2.316099999999999756e-03
3.126000000000000306e-03
3.583299999999999767e-03
4.345600000000000677e-03
4.723300000000000588e-03
5.377499999999999468e-03
5.623600000000000300e-03
6.125699999999999548e-03
6.198500000000000017e-03
6.496899999999999030e-03
6.353300000000000093e-03
6.435899999999999607e-03
6.069600000000000516e-03
5.931200000000000187e-03
5.327300000000000091e-03
4.968100000000000467e-03
4.161999999999999901e-03
3.604999999999999698e-03
2.619300000000000187e-03
1.901900000000000205e-03
7.845299999999999713e-04
-2.856999999999999920e-05
-1.214499999999999868e-03
-2.062599999999999937e-03
-3.258899999999999905e-03
-4.070999999999999966e-03
-5.211900000000000213e-03
-5.934299999999999992e-03
-6.917600000000000311e-03
-7.462699999999999195e-03
-8.260099999999999387e-03
-8.590700000000001460e-03
-9.155299999999999896e-03
-9.235799999999998872e-03
-9.537200000000000885e-03
-9.370599999999999763e-03
-9.414900000000000352e-03
-8.989499999999999227e-03
-8.798700000000001312e-03
-8.168399999999999272e-03
-7.776100000000001067e-03
-6.979899999999998952e-03
-6.472800000000000775e-03
-5.563700000000000416e-03
-4.978199999999999466e-03
-4.021500000000000768e-03
-3.418000000000000031e-03
-2.473200000000000051e-03
-1.915999999999999951e-03
-1.037900000000000237e-03
-5.539300000000000040e-04
2.231599999999999979e-04
5.876100000000000203e-04
1.238599999999999857e-03
1.463099999999999947e-03
1.985999999999999918e-03
2.059899999999999926e-03
2.442800000000000180e-03
2.387400000000000026e-03
2.662099999999999710e-03
2.493099999999999830e-03
2.627699999999999741e-03
2.363599999999999989e-03
2.413800000000000234e-03
2.074499999999999955e-03
2.052000000000000005e-03
1.645299999999999931e-03
1.585799999999999840e-03
1.129699999999999975e-03
1.032400000000000158e-03
5.678099999999999727e-04
4.694499999999999997e-04
-6.376100000000000032e-07
-8.711700000000001311e-05
-5.334400000000000426e-04
-5.915700000000000298e-04
-9.877200000000000910e-04
-1.019399999999999950e-03
-1.360099999999999937e-03
-1.307200000000000115e-03
-1.598699999999999991e-03
-1.480699999999999942e-03
-1.688200000000000161e-03
-1.490800000000000024e-03
-1.635100000000000008e-03
-1.368000000000000075e-03
-1.444599999999999877e-03
-1.106599999999999901e-03
-1.119700000000000166e-03
-7.579499999999999649e-04
-7.156800000000000054e-04
-3.102800000000000176e-04
-2.764099999999999912e-04
1.551400000000000088e-04
1.822899999999999911e-04
6.179399999999999823e-04
6.364699999999999828e-04
1.031299999999999968e-03
1.020700000000000036e-03
1.379900000000000094e-03
1.320400000000000003e-03
1.626800000000000078e-03
1.529099999999999817e-03
1.777299999999999887e-03
1.629500000000000089e-03
1.847299999999999854e-03
1.665100000000000087e-03
1.839400000000000149e-03
1.611699999999999982e-03
1.752200000000000198e-03
1.500099999999999871e-03
1.626800000000000078e-03
1.350799999999999874e-03
1.451500000000000099e-03
1.161999999999999839e-03
1.260999999999999968e-03
9.659799999999999637e-04
1.065900000000000051e-03
7.812500000000000434e-04
8.828700000000000089e-04
5.998400000000000303e-04
7.024999999999999994e-04
4.251699999999999967e-04
5.295000000000000227e-04
2.694099999999999837e-04
3.988099999999999848e-04
1.565000000000000093e-04
2.989399999999999805e-04
5.502700000000000017e-05
2.191899999999999936e-04
-7.919900000000000185e-06
1.520799999999999940e-04
-5.678100000000000405e-05
1.307199999999999953e-04
-7.130499999999999577e-05
1.221399999999999927e-04
-6.206300000000000532e-05
1.307199999999999953e-04
-3.961400000000000392e-05
1.729799999999999871e-04
-2.641700000000000051e-06
2.046600000000000090e-04
2.344099999999999800e-05
2.297599999999999957e-04
5.842800000000000370e-05
2.630999999999999984e-04
7.790900000000000234e-05
2.786199999999999853e-04
1.003499999999999997e-04
2.957799999999999904e-04
8.450700000000000930e-05
2.819200000000000113e-04
7.460699999999999906e-05
2.673999999999999945e-04
5.644100000000000392e-05
2.370200000000000041e-04
3.036999999999999891e-05
2.142400000000000088e-04
-1.244399999999999893e-06
1.769399999999999966e-04
-3.763200000000000155e-05
1.498700000000000000e-04
-5.942300000000000349e-05
1.267600000000000129e-04
-7.922600000000000345e-05
1.135600000000000037e-04
-8.979299999999999901e-05
1.069600000000000059e-04
-9.243600000000000742e-05
1.036599999999999935e-04
-9.573100000000000890e-05
9.293200000000001080e-05
-1.095999999999999942e-04
9.639299999999999681e-05
-1.069600000000000059e-04
1.008499999999999983e-04
-1.026700000000000046e-04
1.003599999999999946e-04
-9.672399999999999076e-05
