3.060599999999999987e+00
3.159800000000000164e+00
3.858200000000000074e+00
4.511499999999999844e+00
3.692699999999999871e+00
2.916199999999999903e+00
1.223300000000000054e+00
-8.648000000000000131e-01
-2.144000000000000128e+00
-1.047199999999999909e+00
5.088999999999999774e-02
-1.545800000000000063e+00
-2.108600000000000030e+00
-3.579400000000000137e+00
-1.207000000000000028e+01
-1.696400000000000219e+01
-1.534200000000000053e+01
-1.176200000000000045e+01
5.706299999999999706e+00
3.096400000000000219e+01
5.004500000000000171e+01
7.121099999999999852e+01
8.845900000000000318e+01
1.051299999999999955e+02
1.267099999999999937e+02
1.383799999999999955e+02
1.403899999999999864e+02
1.445000000000000000e+02
1.183900000000000006e+02
8.536899999999999977e+01
5.765299999999999869e+01
4.746800000000000352e+00
-3.206499999999999773e+01
-8.457500000000000284e+01
-1.164699999999999989e+02
-1.292199999999999989e+02
-1.588199999999999932e+02
-1.592800000000000011e+02
-1.797599999999999909e+02
-1.985800000000000125e+02
-2.209499999999999886e+02
-2.601800000000000068e+02
-2.509399999999999977e+02
-2.187199999999999989e+02
-1.922700000000000102e+02
-1.599000000000000057e+02
-1.270699999999999932e+02
-7.768300000000000693e+01
-2.829100000000000037e+01
-1.138300000000000090e+00
2.734300000000000352e+01
5.876800000000000068e+01
9.259899999999998954e+01
1.036500000000000057e+02
1.086899999999999977e+02
1.244800000000000040e+02
1.240100000000000051e+02
1.090699999999999932e+02
1.042900000000000063e+02
1.129000000000000057e+02
9.771500000000000341e+01
8.623899999999999011e+01
7.894100000000000250e+01
5.871800000000000352e+01
6.035800000000000409e+01
6.744599999999999795e+01
7.203600000000000136e+01
9.389299999999998647e+01
1.170199999999999960e+02
1.290500000000000114e+02
1.406399999999999864e+02
1.509000000000000057e+02
1.539099999999999966e+02
1.527599999999999909e+02
1.377700000000000102e+02
8.787899999999999068e+01
4.097699999999999676e+01
-7.325499999999999901e+00
-6.170199999999999818e+01
-7.628000000000000114e+01
-7.708299999999999841e+01
-9.537399999999999523e+01
-1.232999999999999972e+02
-1.593100000000000023e+02
-2.041100000000000136e+02
-2.318799999999999955e+02
-2.451299999999999955e+02
-2.642200000000000273e+02
-2.816200000000000045e+02
-3.010799999999999841e+02
-3.221000000000000227e+02
-3.201399999999999864e+02
-2.910600000000000023e+02
-2.676499999999999773e+02
-2.314099999999999966e+02
-1.490200000000000102e+02
-5.910399999999999920e+01
2.583999999999999986e+01
1.130400000000000063e+02
1.684199999999999875e+02
1.690800000000000125e+02
1.763899999999999864e+02
1.812599999999999909e+02
1.529600000000000080e+02
1.086200000000000045e+02
8.545200000000001239e+01
7.460800000000000409e+01
3.778199999999999648e+01
2.406400000000000095e+00
-4.475000000000000000e+01
-7.473100000000000875e+01
-9.118099999999999739e+01
-1.016500000000000057e+02
-8.400399999999999068e+01
-7.336199999999999477e+01
-6.006100000000000705e+01
-6.187199999999999989e+01
-5.522500000000000142e+01
-3.058199999999999719e+01
-3.125400000000000134e+01
1.237500000000000000e+01
7.582999999999999829e+01
1.204300000000000068e+02
1.723000000000000114e+02
2.181200000000000045e+02
2.692799999999999727e+02
3.193100000000000023e+02
3.382500000000000000e+02
3.473399999999999750e+02
3.641000000000000227e+02
3.550199999999999818e+02
3.351200000000000045e+02
3.220899999999999750e+02
3.055400000000000205e+02
2.654900000000000091e+02
2.283000000000000114e+02
1.865800000000000125e+02
1.349099999999999966e+02
8.701600000000000534e+01
-1.096799999999999997e+01
-1.226299999999999955e+02
-1.672700000000000102e+02
-2.316100000000000136e+02
-3.399300000000000068e+02
-3.664700000000000273e+02
-4.112900000000000205e+02
-4.592900000000000205e+02
-4.415500000000000114e+02
-4.128700000000000045e+02
-3.627500000000000000e+02
-3.134300000000000068e+02
-2.469199999999999875e+02
-1.673300000000000125e+02
-9.458200000000000784e+01
-2.358199999999999719e+01
4.676100000000000279e+01
8.027800000000000580e+01
8.565899999999999181e+01
9.917900000000000205e+01
9.290000000000000568e+01
9.031900000000000261e+01
9.006399999999999295e+01
7.893399999999999750e+01
6.596800000000000352e+01
5.746699999999999875e+01
7.118099999999999739e+01
9.610999999999999943e+01
1.284600000000000080e+02
1.795900000000000034e+02
2.106800000000000068e+02
2.102800000000000011e+02
2.054600000000000080e+02
1.920900000000000034e+02
1.621299999999999955e+02
8.670600000000000307e+01
3.790400000000000347e+01
3.482300000000000040e+01
-1.283999999999999986e+01
-6.922100000000000364e+01
-9.698600000000000421e+01
-1.375500000000000114e+02
-1.852500000000000000e+02
-2.029000000000000057e+02
-2.192299999999999898e+02
-2.163799999999999955e+02
-1.867700000000000102e+02
-2.127500000000000000e+02
-2.325000000000000000e+02
-2.008899999999999864e+02
-1.961699999999999875e+02
-1.535200000000000102e+02
-3.074500000000000099e+01
6.170799999999999841e+01
1.144300000000000068e+02
1.655000000000000000e+02
2.017700000000000102e+02
2.275900000000000034e+02
2.507500000000000000e+02
2.721200000000000045e+02
2.784599999999999795e+02
2.798799999999999955e+02
2.865500000000000114e+02
2.822400000000000091e+02
2.908500000000000227e+02
3.157599999999999909e+02
3.274300000000000068e+02
3.275500000000000114e+02
3.261800000000000068e+02
3.233199999999999932e+02
2.793100000000000023e+02
1.982199999999999989e+02
1.090799999999999983e+02
3.377799999999999869e+01
-2.931800000000000139e+01
-1.174099999999999966e+02
-1.665399999999999920e+02
-1.568499999999999943e+02
-1.763400000000000034e+02
-1.981899999999999977e+02
-2.038600000000000136e+02
-2.232899999999999920e+02
-2.408199999999999932e+02
-2.572400000000000091e+02
-2.890000000000000000e+02
-3.264300000000000068e+02
-3.431299999999999955e+02
-3.571499999999999773e+02
-3.459399999999999977e+02
-3.266499999999999773e+02
-3.517099999999999795e+02
-3.716200000000000045e+02
-3.761600000000000250e+02
-3.679599999999999795e+02
-2.982300000000000182e+02
-1.928700000000000045e+02
-1.192000000000000028e+02
-3.312400000000000233e+01
2.521000000000000085e+01
1.737400000000000233e+01
4.214699999999999847e+01
6.454300000000000637e+01
4.666300000000000381e+01
2.539199999999999946e+01
4.212199999999999989e+01
4.984399999999999409e+01
3.442900000000000205e+01
4.825300000000000011e+01
5.014399999999999835e+01
5.206899999999999551e+01
6.248100000000000165e+01
6.165299999999999869e+01
6.817499999999999716e+01
8.949399999999999977e+01
1.476899999999999977e+02
1.930000000000000000e+02
2.152100000000000080e+02
2.564599999999999795e+02
2.946700000000000159e+02
3.323899999999999864e+02
3.468399999999999750e+02
3.509499999999999886e+02
3.518600000000000136e+02
3.446700000000000159e+02
3.524200000000000159e+02
3.418600000000000136e+02
3.260799999999999841e+02
3.009399999999999977e+02
2.090099999999999909e+02
1.218599999999999994e+02
7.239499999999999602e+01
-1.446599999999999930e+01
-8.618200000000000216e+01
-9.550399999999999068e+01
-1.220000000000000000e+02
-1.530900000000000034e+02
-1.550600000000000023e+02
-1.550000000000000000e+02
-1.277900000000000063e+02
-1.200000000000000000e+02
-1.174500000000000028e+02
-6.991899999999999693e+01
-4.526899999999999835e+01
-3.898300000000000409e+01
-2.450099999999999767e+01
-1.626999999999999957e+01
-3.674399999999999977e+01
-5.699899999999999523e+01
-7.079000000000000625e+01
-1.008299999999999983e+02
-1.238799999999999955e+02
-1.505699999999999932e+02
-1.686599999999999966e+02
-2.001399999999999864e+02
-2.448600000000000136e+02
-2.613399999999999750e+02
-2.584599999999999795e+02
-2.449699999999999989e+02
-2.198499999999999943e+02
-1.968400000000000034e+02
-2.011100000000000136e+02
-1.879300000000000068e+02
-1.266200000000000045e+02
-7.859000000000000341e+01
1.731000000000000094e+00
1.077199999999999989e+02
1.187699999999999960e+02
1.094200000000000017e+02
1.143799999999999955e+02
7.682699999999999818e+01
2.453599999999999781e+01
-1.019700000000000095e+01
-3.824800000000000466e+01
-6.021000000000000085e+01
-4.431499999999999773e+01
-1.364700000000000024e+01
1.524499999999999922e+01
6.346999999999999886e+01
1.075100000000000051e+02
1.256899999999999977e+02
1.402599999999999909e+02
1.560000000000000000e+02
1.636599999999999966e+02
1.695500000000000114e+02
1.776899999999999977e+02
1.844900000000000091e+02
1.883199999999999932e+02
2.000999999999999943e+02
2.149900000000000091e+02
2.017100000000000080e+02
1.897599999999999909e+02
1.898199999999999932e+02
1.845200000000000102e+02
1.772599999999999909e+02
1.564900000000000091e+02
1.400999999999999943e+02
1.388000000000000114e+02
1.176200000000000045e+02
8.954799999999998761e+01
8.246999999999999886e+01
6.418399999999999750e+01
5.765100000000000335e+01
4.816799999999999926e+01
3.111300000000000310e+01
2.642500000000000071e+01
7.085399999999999920e+00
-2.020200000000000173e+01
-8.472499999999999432e+01
-1.509499999999999886e+02
-1.814399999999999977e+02
-1.883899999999999864e+02
-1.817100000000000080e+02
-1.656800000000000068e+02
-1.352599999999999909e+02
-1.186500000000000057e+02
-1.150699999999999932e+02
-1.156400000000000006e+02
-1.384000000000000057e+02
-1.579300000000000068e+02
-1.663300000000000125e+02
-1.795099999999999909e+02
-1.587299999999999898e+02
-1.137800000000000011e+02
-6.349800000000000466e+01
-7.728799999999999670e+00
-2.474200000000000177e+00
-1.306599999999999895e+01
-1.307200000000000095e+01
-6.124199999999999733e+01
-1.214800000000000040e+02
-1.254800000000000040e+02
-1.314699999999999989e+02
-1.803700000000000045e+02
-1.898899999999999864e+02
-1.748700000000000045e+02
-1.768499999999999943e+02
-1.617599999999999909e+02
-1.366999999999999886e+02
-1.227699999999999960e+02
-1.022399999999999949e+02
-5.750999999999999801e+01
-2.829899999999999949e+01
-1.343599999999999905e+00
6.346300000000000097e+01
1.233100000000000023e+02
1.578700000000000045e+02
1.786500000000000057e+02
1.948700000000000045e+02
1.960399999999999920e+02
1.531899999999999977e+02
7.396999999999999886e+01
3.124900000000000233e+01
-1.568400000000000105e+01
-7.824099999999999966e+01
-1.003299999999999983e+02
-1.166200000000000045e+02
-1.079800000000000040e+02
-9.521399999999999864e+01
-8.983200000000000784e+01
-7.380700000000000216e+01
-5.666499999999999915e+01
-2.923099999999999810e+01
4.794100000000000250e+00
3.787100000000000222e+01
1.068199999999999932e+02
1.724699999999999989e+02
1.640900000000000034e+02
1.750200000000000102e+02
1.889300000000000068e+02
1.639199999999999875e+02
1.560600000000000023e+02
1.434399999999999977e+02
1.102300000000000040e+02
8.382999999999999829e+01
1.049599999999999937e+02
1.397100000000000080e+02
1.475999999999999943e+02
1.706899999999999977e+02
1.913199999999999932e+02
1.959000000000000057e+02
2.128799999999999955e+02
2.418700000000000045e+02
2.509699999999999989e+02
2.251899999999999977e+02
2.275999999999999943e+02
1.918199999999999932e+02
1.024000000000000057e+02
7.060500000000000398e+01
1.926900000000000190e+01
-5.805300000000000438e+01
-1.106899999999999977e+02
-1.847199999999999989e+02
-2.419699999999999989e+02
-2.901499999999999773e+02
-3.381899999999999977e+02
-3.670600000000000023e+02
-4.072400000000000091e+02
-4.381700000000000159e+02
-4.614100000000000250e+02
-4.873100000000000023e+02
-4.708199999999999932e+02
-4.433199999999999932e+02
-4.102599999999999909e+02
-3.632400000000000091e+02
-3.205099999999999909e+02
-2.412700000000000102e+02
-8.291599999999999682e+01
5.777000000000000313e+01
8.511399999999999011e+01
1.080799999999999983e+02
1.387599999999999909e+02
1.476899999999999977e+02
1.327199999999999989e+02
1.166500000000000057e+02
1.047300000000000040e+02
8.343200000000000216e+01
6.777899999999999636e+01
2.949399999999999977e+01
-6.443200000000000038e+00
-1.449699999999999989e+01
-2.723900000000000077e+01
-1.831200000000000117e+01
3.986699999999999733e+01
3.415299999999999869e+01
1.685099999999999909e+01
5.119500000000000028e+01
6.086100000000000421e+01
7.685600000000000875e+01
8.185500000000000398e+01
6.869599999999999795e+01
7.379399999999999693e+01
6.781900000000000261e+01
4.435699999999999932e+01
1.180900000000000105e+01
-1.890099999999999980e+01
-5.794699999999999562e+01
-1.004399999999999977e+02
-1.285500000000000114e+02
-1.480800000000000125e+02
-1.389499999999999886e+02
-1.141500000000000057e+02
-8.949600000000000932e+01
-4.809000000000000341e+01
3.875000000000000000e+00
2.307699999999999818e+01
2.905900000000000105e+01
6.023300000000000409e+01
6.349300000000000210e+01
5.566300000000000381e+01
7.397199999999999420e+01
1.169399999999999977e+02
1.806599999999999966e+02
2.018100000000000023e+02
1.988000000000000114e+02
2.192100000000000080e+02
2.125500000000000114e+02
1.890300000000000011e+02
1.864300000000000068e+02
1.823400000000000034e+02
1.451399999999999864e+02
9.056600000000000250e+01
5.424899999999999523e+01
2.319300000000000139e+01
-1.398000000000000043e+01
-8.825399999999999068e+01
-1.402899999999999920e+02
-1.488300000000000125e+02
-1.839300000000000068e+02
-2.008499999999999943e+02
-2.041200000000000045e+02
-2.184799999999999898e+02
-2.270699999999999932e+02
-2.229499999999999886e+02
-2.052400000000000091e+02
-1.905800000000000125e+02
-1.638300000000000125e+02
-1.096200000000000045e+02
-2.870100000000000051e+01
7.627700000000000102e+01
1.742800000000000011e+02
2.469900000000000091e+02
3.034300000000000068e+02
3.430299999999999727e+02
3.635000000000000000e+02
3.677500000000000000e+02
3.633700000000000045e+02
3.505899999999999750e+02
3.525199999999999818e+02
3.495099999999999909e+02
3.236499999999999773e+02
3.201899999999999977e+02
3.107500000000000000e+02
2.873899999999999864e+02
2.685699999999999932e+02
2.302199999999999989e+02
1.795200000000000102e+02
1.519799999999999898e+02
1.140499999999999972e+02
4.344300000000000495e+01
1.774500000000000099e+01
2.154599999999999937e+01
1.402900000000000169e+01
3.452799999999999869e+01
4.765200000000000102e+01
3.132499999999999929e+01
3.357399999999999807e+01
2.738599999999999923e+01
1.337900000000000134e+01
7.636999999999999567e+00
-6.971899999999999764e+00
-4.589100000000000534e+01
-1.011800000000000068e+02
-1.319499999999999886e+02
-1.719099999999999966e+02
-2.452100000000000080e+02
-2.820299999999999727e+02
-3.526999999999999886e+02
-4.416700000000000159e+02
-4.572599999999999909e+02
-5.141799999999999500e+02
-5.590199999999999818e+02
-5.623300000000000409e+02
-5.586900000000000546e+02
-5.247400000000000091e+02
-4.869700000000000273e+02
-3.990099999999999909e+02
-2.708799999999999955e+02
-1.403799999999999955e+02
-5.328399999999999892e+01
1.315900000000000070e+01
5.159300000000000352e+01
6.575399999999999068e+01
1.238400000000000034e+02
1.785300000000000011e+02
2.235500000000000114e+02
2.760799999999999841e+02
3.079900000000000091e+02
3.138100000000000023e+02
3.330199999999999818e+02
3.133999999999999773e+02
2.840899999999999750e+02
2.927699999999999818e+02
2.702599999999999909e+02
2.528700000000000045e+02
2.491899999999999977e+02
2.386699999999999875e+02
2.497899999999999920e+02
2.385699999999999932e+02
2.134000000000000057e+02
1.965200000000000102e+02
1.446100000000000136e+02
9.191299999999999670e+01
8.313700000000000045e+01
7.929500000000000171e+01
4.909499999999999886e+01
1.452400000000000091e+01
-3.883699999999999619e+01
-9.952100000000000080e+01
-1.204699999999999989e+02
-1.263299999999999983e+02
-1.459799999999999898e+02
-1.531399999999999864e+02
-1.539699999999999989e+02
-1.614199999999999875e+02
-1.816299999999999955e+02
-2.050500000000000114e+02
-2.117400000000000091e+02
-2.225099999999999909e+02
-2.592699999999999818e+02
-2.520200000000000102e+02
-1.959300000000000068e+02
-2.120999999999999943e+02
-2.253799999999999955e+02
-2.022800000000000011e+02
-1.943600000000000136e+02
-1.479099999999999966e+02
-4.663899999999999579e+01
6.109300000000000352e+01
1.334699999999999989e+02
1.635699999999999932e+02
1.708899999999999864e+02
1.882800000000000011e+02
1.758199999999999932e+02
1.535800000000000125e+02
1.517400000000000091e+02
1.177000000000000028e+02
7.489399999999999125e+01
6.560500000000000398e+01
7.292799999999999727e+01
7.571099999999999852e+01
6.921500000000000341e+01
6.044200000000000017e+01
7.130500000000000682e+01
6.835600000000000875e+01
4.262600000000000477e+01
4.284399999999999409e+01
2.072599999999999909e+01
2.183399999999999963e+01
4.224000000000000199e+01
3.691300000000000381e+01
4.007999999999999829e+01
3.567900000000000205e+01
5.500600000000000023e+01
7.999699999999999989e+01
1.039899999999999949e+02
1.196400000000000006e+02
1.079500000000000028e+02
1.228100000000000023e+02
1.316200000000000045e+02
1.033199999999999932e+02
7.384300000000000352e+01
9.234899999999999665e+00
-5.842100000000000648e+01
-7.106499999999999773e+01
-9.185200000000000387e+01
-1.242000000000000028e+02
-1.261700000000000017e+02
-1.117199999999999989e+02
-1.099200000000000017e+02
-1.124500000000000028e+02
-9.036799999999999500e+01
-7.458599999999999852e+01
-7.528600000000000136e+01
-6.486299999999999955e+01
-4.569300000000000495e+01
-5.139999999999999858e+01
-8.590700000000001069e+01
-9.620900000000000318e+01
-1.103100000000000023e+02
-1.434499999999999886e+02
-1.442800000000000011e+02
-1.037199999999999989e+02
-4.709399999999999409e+01
-8.249800000000000466e+00
3.718900000000000006e+01
5.702300000000000324e+01
4.893999999999999773e+01
4.941600000000000392e+01
4.358600000000000563e+01
3.132499999999999929e+01
3.401200000000000045e+01
4.222100000000000364e+01
7.841999999999999638e+00
-1.646099999999999852e+01
-3.189699999999999847e+01
-7.499600000000000932e+01
-1.026899999999999977e+02
-1.144800000000000040e+02
-1.200600000000000023e+02
-1.315600000000000023e+02
-1.258299999999999983e+02
-9.698700000000000898e+01
-9.103299999999998704e+01
-6.501800000000000068e+01
-4.946199999999999619e+01
-3.846600000000000108e+01
-1.168799999999999883e+01
-8.329599999999999227e+00
3.542800000000000171e+00
1.568400000000000105e+01
1.913400000000000034e+01
2.033699999999999974e+01
2.106900000000000261e+01
1.298700000000000010e+01
2.227199999999999847e+01
4.128499999999999659e+01
4.818899999999999295e+01
6.891400000000000148e+01
8.570799999999999841e+01
9.277200000000000557e+01
1.070300000000000011e+02
1.076700000000000017e+02
9.587600000000000477e+01
8.769899999999999807e+01
6.085899999999999466e+01
4.118299999999999983e+01
1.579900000000000126e+01
-4.747999999999999687e+01
-8.239799999999999613e+01
-9.481900000000000261e+01
-1.085100000000000051e+02
-1.409600000000000080e+02
-1.910200000000000102e+02
-1.822800000000000011e+02
-1.404499999999999886e+02
-1.137399999999999949e+02
-9.675600000000000023e+01
-8.627100000000000080e+01
-8.199299999999999500e+01
-7.885399999999999920e+01
-6.757399999999999807e+01
-6.329399999999999693e+01
-5.857800000000000296e+01
-4.564899999999999380e+01
-3.877799999999999869e+01
-1.811599999999999966e+01
3.167099999999999937e+01
5.008399999999999608e+01
4.770100000000000051e+01
5.948899999999999721e+01
8.217299999999998761e+01
1.040100000000000051e+02
9.941200000000000614e+01
1.158799999999999955e+02
1.147199999999999989e+02
8.701799999999998647e+01
8.895499999999999829e+01
6.975199999999999534e+01
3.685999999999999943e+01
3.115399999999999991e+01
3.784100000000000108e+01
5.571199999999999619e+01
8.708299999999999841e+01
1.447199999999999989e+02
1.890900000000000034e+02
1.831299999999999955e+02
1.696599999999999966e+02
1.564799999999999898e+02
1.360099999999999909e+02
8.825299999999998590e+01
4.471500000000000341e+01
2.282099999999999795e+01
-1.146499999999999986e+01
-1.206599999999999895e+01
3.143100000000000005e+00
5.297699999999999854e+00
2.129100000000000215e+00
-3.640800000000000036e+00
4.186899999999999622e+00
-6.303099999999999703e+00
-3.196800000000000352e+01
-2.955699999999999861e+01
-3.361599999999999966e+01
-4.749600000000000222e+01
-2.008200000000000074e+01
-7.092200000000000060e+00
-2.312199999999999989e+01
-3.779500000000000171e+01
-5.744399999999999551e+01
-9.631799999999999784e+01
-1.654900000000000091e+02
-1.765200000000000102e+02
-1.291800000000000068e+02
-1.070000000000000000e+02
-7.163600000000000989e+01
-2.309099999999999753e+01
3.523899999999999810e+00
2.751099999999999923e+01
4.253100000000000591e+01
4.538300000000000267e+01
3.350000000000000000e+01
1.474200000000000088e+01
5.045799999999999841e+00
-1.345900000000000141e+01
-3.297800000000000153e+01
-3.509900000000000375e+01
-4.454500000000000171e+01
-7.287500000000000000e+01
-9.298999999999999488e+01
-1.299399999999999977e+02
-1.669499999999999886e+02
-1.831399999999999864e+02
-1.952100000000000080e+02
-1.865000000000000000e+02
-1.673899999999999864e+02
-1.321200000000000045e+02
-1.105499999999999972e+02
-1.025900000000000034e+02
-7.872899999999999920e+01
-9.042100000000000648e+01
-1.105799999999999983e+02
-8.297599999999999909e+01
-5.429899999999999949e+01
-3.110399999999999920e+01
3.119500000000000028e+01
1.139599999999999937e+02
1.827199999999999989e+02
2.038199999999999932e+02
1.962199999999999989e+02
1.960999999999999943e+02
1.730900000000000034e+02
1.202300000000000040e+02
6.719499999999999318e+01
6.209300000000000352e+01
6.887399999999999523e+01
5.667199999999999704e+01
5.226899999999999835e+01
4.276399999999999579e+01
3.541300000000000381e+01
2.023499999999999943e+01
7.655899999999999928e+00
-8.414500000000000313e+00
-6.088099999999999845e+00
2.486499999999999844e+01
5.374100000000000321e+00
-1.366300000000000026e+01
-1.030700000000000038e+01
-3.194400000000000261e+01
-5.194500000000000028e+01
-7.694499999999999318e+01
-1.130400000000000063e+02
-1.308700000000000045e+02
-1.134099999999999966e+02
-8.350399999999999068e+01
-8.273799999999999955e+01
-8.549600000000000932e+01
-8.600000000000000000e+01
-1.136299999999999955e+02
-1.349900000000000091e+02
-1.281399999999999864e+02
-9.769400000000000261e+01
-6.590899999999999181e+01
-3.491900000000000404e+01
-1.448099999999999987e+01
-1.238799999999999990e+01
-1.381400000000000006e+01
-2.512500000000000000e+01
-3.348900000000000432e+01
-2.357199999999999918e+01
-1.919900000000000162e+01
-1.998799999999999955e+01
1.229800000000000004e+01
5.054399999999999693e+01
1.122699999999999960e+02
1.755200000000000102e+02
1.992500000000000000e+02
2.415500000000000114e+02
2.644399999999999977e+02
2.699800000000000182e+02
2.814300000000000068e+02
2.830400000000000205e+02
2.862099999999999795e+02
2.688799999999999955e+02
2.385200000000000102e+02
1.990699999999999932e+02
1.461200000000000045e+02
1.246099999999999994e+02
1.238799999999999955e+02
1.116500000000000057e+02
1.032600000000000051e+02
9.060799999999998988e+01
5.078199999999999648e+01
-8.281599999999999184e+00
-6.050100000000000477e+01
-1.190199999999999960e+02
-1.580600000000000023e+02
-1.489000000000000057e+02
-1.298899999999999864e+02
-1.113199999999999932e+02
-8.949200000000000443e+01
-5.231899999999999551e+01
-1.368999999999999950e+01
-3.358900000000000219e+00
1.593099999999999916e+01
3.434400000000000119e+01
2.484099999999999753e+01
1.495599999999999952e+01
2.224599999999999866e+01
9.442700000000000315e+00
-2.965599999999999881e+01
-8.292299999999998761e+01
-1.184099999999999966e+02
-1.363100000000000023e+02
-1.491699999999999875e+02
-1.147999999999999972e+02
-8.253200000000001069e+01
-7.407300000000000750e+01
-3.937699999999999534e+01
1.195900000000000141e+01
4.725899999999999324e+01
9.244599999999999795e+01
1.423199999999999932e+02
1.695399999999999920e+02
1.900399999999999920e+02
2.085399999999999920e+02
2.090800000000000125e+02
1.937199999999999989e+02
1.737899999999999920e+02
1.423899999999999864e+02
9.330599999999999739e+01
4.894800000000000040e+01
3.564099999999999824e+01
1.649900000000000233e+01
-1.077999999999999936e+01
-2.595400000000000063e+01
-4.572699999999999676e+01
-6.261600000000000676e+01
-6.581399999999999295e+01
-5.735800000000000409e+01
-5.332899999999999352e+01
-5.792399999999999949e+01
-6.321399999999999864e+01
-5.528999999999999915e+01
-5.424499999999999744e+01
-5.671399999999999864e+01
-3.852599999999999625e+01
-2.480499999999999972e+01
-2.387999999999999901e+01
-2.657999999999999829e+01
-3.116900000000000048e+01
-4.156199999999999761e+01
-5.711600000000000676e+01
-6.000100000000000477e+01
-2.929500000000000171e+01
-1.407100000000000017e+00
5.742999999999999972e+01
1.215400000000000063e+02
1.268900000000000006e+02
1.384300000000000068e+02
1.454900000000000091e+02
1.217600000000000051e+02
9.032999999999999829e+01
5.116600000000000392e+01
-3.049099999999999966e+01
-1.057800000000000011e+02
-1.581899999999999977e+02
-2.069499999999999886e+02
-2.381899999999999977e+02
-2.720299999999999727e+02
-2.508300000000000125e+02
-2.081200000000000045e+02
-2.041599999999999966e+02
-1.675300000000000011e+02
-1.054500000000000028e+02
-6.508199999999999363e+01
-2.962099999999999866e+01
-2.149500000000000188e+00
-1.967200000000000060e+01
5.331699999999999662e+00
5.181700000000000017e+01
1.626399999999999935e+01
-6.703199999999999825e+00
-8.732699999999999463e+00
-3.319899999999999807e+01
-5.667600000000000193e+01
-6.053999999999999915e+01
-5.140999999999999659e+01
-7.397299999999999898e+01
-9.035200000000000387e+01
-8.382500000000000284e+01
-9.199700000000001410e+01
-9.478299999999998704e+01
-7.783199999999999363e+01
-5.989500000000000313e+01
-3.324600000000000222e+01
4.018900000000000361e+00
-3.236400000000000166e+00
1.866000000000000014e+01
6.603399999999999181e+01
4.426699999999999591e+01
4.008200000000000074e+01
6.857200000000000273e+01
8.656799999999999784e+01
1.111299999999999955e+02
1.222199999999999989e+02
1.339199999999999875e+02
1.365800000000000125e+02
1.347700000000000102e+02
1.565999999999999943e+02
1.414900000000000091e+02
1.187099999999999937e+02
1.245699999999999932e+02
1.166200000000000045e+02
7.758400000000000318e+01
3.081599999999999895e+01
-1.047200000000000131e+01
-5.970799999999999841e+01
-9.449799999999999045e+01
-8.224099999999999966e+01
-4.446600000000000108e+01
-2.780000000000000071e+01
-1.265099999999999980e+01
2.169800000000000040e+01
5.294300000000000495e+01
8.266400000000000148e+01
1.214500000000000028e+02
1.390699999999999932e+02
1.276599999999999966e+02
1.317500000000000000e+02
1.346699999999999875e+02
1.338499999999999943e+02
1.418899999999999864e+02
1.240600000000000023e+02
9.927799999999999159e+01
5.032600000000000051e+01
3.305099999999999927e+00
-1.114700000000000024e+01
-4.308299999999999841e+01
-5.924100000000000676e+01
-6.257199999999999562e+01
-8.034799999999999898e+01
-8.028499999999999659e+01
-7.647299999999999898e+01
-8.797799999999999443e+01
-1.044800000000000040e+02
-1.193499999999999943e+02
-1.146200000000000045e+02
-9.883899999999999864e+01
-7.640999999999999659e+01
-4.608200000000000074e+01
-1.876699999999999946e+01
4.334699999999999775e+00
1.134200000000000053e+01
1.862300000000000111e+01
7.566799999999999748e+00
-3.831000000000000227e+01
-9.040299999999999159e+01
-1.594900000000000091e+02
-2.002899999999999920e+02
-1.956999999999999886e+02
-1.689199999999999875e+02
-1.187600000000000051e+02
-7.487600000000000477e+01
-6.173199999999999577e+00
6.090999999999999659e+01
7.954200000000000159e+01
1.025400000000000063e+02
1.194699999999999989e+02
1.101800000000000068e+02
1.013499999999999943e+02
8.990100000000001046e+01
7.910399999999999920e+01
7.064000000000000057e+01
6.747499999999999432e+01
6.674500000000000455e+01
4.938399999999999324e+01
2.793499999999999872e+01
1.795499999999999829e+01
1.456499999999999950e+01
1.583500000000000085e+01
1.570700000000000074e+01
-2.478699999999999903e+01
-7.310899999999999466e+01
-8.394899999999999807e+01
-1.146500000000000057e+02
-1.229200000000000017e+02
-1.052600000000000051e+02
-1.100199999999999960e+02
-9.401299999999999102e+01
-7.648899999999999011e+01
-5.665399999999999636e+01
-1.793400000000000105e+01
1.990200000000000102e+01
4.826100000000000279e+01
6.692699999999999250e+01
7.827400000000000091e+01
6.870399999999999352e+01
4.934499999999999886e+01
2.092000000000000171e+01
-3.462100000000000222e+01
-6.903600000000000136e+01
-8.269100000000000250e+01
-1.062699999999999960e+02
-1.082900000000000063e+02
-1.024000000000000057e+02
-7.930199999999999250e+01
-4.288499999999999801e+01
-1.458799999999999919e+01
2.524399999999999977e+01
4.789399999999999835e+01
6.076399999999999579e+01
8.623899999999999011e+01
8.871099999999999852e+01
6.441100000000000136e+01
2.698699999999999832e+01
-1.794099999999999895e+01
-2.827199999999999847e+01
-1.169800000000000040e+01
5.161200000000000010e+00
1.954599999999999937e+01
2.594900000000000162e+01
4.473799999999999955e+01
7.474800000000000466e+01
1.135300000000000011e+02
1.658499999999999943e+02
2.052400000000000091e+02
2.260800000000000125e+02
2.364099999999999966e+02
2.245999999999999943e+02
2.054000000000000057e+02
1.666399999999999864e+02
1.059000000000000057e+02
5.992699999999999960e+01
-5.158999999999999808e+00
-8.582899999999999352e+01
-1.656500000000000057e+02
-2.381800000000000068e+02
-2.784800000000000182e+02
-3.091299999999999955e+02
-3.264300000000000068e+02
-3.251000000000000227e+02
-2.979399999999999977e+02
-2.634300000000000068e+02
-2.270200000000000102e+02
-1.773000000000000114e+02
-1.350600000000000023e+02
-1.101899999999999977e+02
-9.278700000000000614e+01
-7.339799999999999613e+01
-5.542899999999999494e+01
-4.579800000000000182e+01
-5.029600000000000648e+01
-6.750399999999999068e+01
-8.692100000000000648e+01
-1.266899999999999977e+02
-1.827700000000000102e+02
-1.828600000000000136e+02
-1.498499999999999943e+02
-1.096099999999999994e+02
-7.221500000000000341e+01
-1.001500000000000057e+01
5.561100000000000421e+01
7.575900000000000034e+01
9.506200000000001182e+01
9.503000000000000114e+01
8.416200000000000614e+01
6.521600000000000819e+01
4.639199999999999591e+01
4.896199999999999619e+01
3.828499999999999659e+01
2.713100000000000023e+01
7.866299999999999848e+00
-6.202499999999999680e+00
6.742899999999999450e-01
-7.975500000000000256e+00
-1.567599999999999838e+01
-2.267699999999999960e+01
-3.034300000000000352e+01
-2.308800000000000097e+01
-1.697799999999999976e+00
2.438199999999999790e+01
5.892000000000000171e+01
8.734499999999999886e+01
1.112999999999999972e+02
1.395999999999999943e+02
1.732100000000000080e+02
2.269600000000000080e+02
2.652699999999999818e+02
2.860199999999999818e+02
2.827900000000000205e+02
2.678999999999999773e+02
2.141599999999999966e+02
9.403700000000000614e+01
3.988599999999999568e+01
9.119500000000000384e+00
-3.476400000000000290e+01
-4.639399999999999835e+01
-4.687100000000000222e+01
-2.845899999999999963e+01
-1.301499999999999879e-01
2.550499999999999901e+01
3.878300000000000125e+01
5.668500000000000227e+01
7.433700000000000330e+01
5.653100000000000591e+01
3.989399999999999835e+01
5.415399999999999636e+01
4.398199999999999932e+01
3.073900000000000077e+01
1.290000000000000036e+01
-2.569599999999999795e+01
-6.140500000000000114e+01
-1.034200000000000017e+02
-1.584300000000000068e+02
-2.284499999999999886e+02
-2.718600000000000136e+02
-2.888799999999999955e+02
-2.968000000000000114e+02
-2.777900000000000205e+02
-2.416299999999999955e+02
-1.780399999999999920e+02
-8.848499999999999943e+01
2.925900000000000034e+01
1.099699999999999989e+02
9.995299999999998875e+01
1.055300000000000011e+02
1.199200000000000017e+02
1.124699999999999989e+02
1.225499999999999972e+02
1.258799999999999955e+02
1.247399999999999949e+02
1.267999999999999972e+02
1.265400000000000063e+02
1.166599999999999966e+02
1.038599999999999994e+02
9.742399999999999238e+01
9.438500000000000512e+01
8.266299999999999670e+01
5.871199999999999619e+01
5.512300000000000466e+01
5.288100000000000023e+01
3.963300000000000267e+01
3.545199999999999818e+01
2.512199999999999989e+01
7.695500000000000007e+00
-3.679299999999999926e+01
-1.081500000000000057e+02
-1.400300000000000011e+02
-1.243100000000000023e+02
-1.104599999999999937e+02
-8.311200000000000898e+01
-3.320599999999999596e+01
-7.445700000000000429e+00
6.307500000000000107e+00
1.955199999999999960e+01
2.183599999999999852e+01
3.324000000000000199e+01
5.526500000000000057e+01
5.967300000000000182e+01
6.388600000000000279e+01
8.153799999999999670e+01
7.579999999999999716e+01
6.702500000000000568e+01
6.214600000000000080e+01
5.384399999999999409e+01
6.762999999999999545e+01
7.301699999999999591e+01
7.178100000000000591e+01
7.948000000000000398e+01
7.425499999999999545e+01
6.522299999999999898e+01
6.183800000000000097e+01
5.961699999999999733e+01
6.072899999999999920e+01
6.953499999999999659e+01
8.633100000000000307e+01
1.054399999999999977e+02
1.180799999999999983e+02
1.166200000000000045e+02
1.074399999999999977e+02
1.064599999999999937e+02
1.028100000000000023e+02
9.070600000000000307e+01
7.287199999999999989e+01
5.496500000000000341e+01
1.013000000000000078e+01
-4.110600000000000165e+01
-7.228399999999999181e+01
-1.131899999999999977e+02
-1.277999999999999972e+02
-1.363600000000000136e+02
-1.515000000000000000e+02
-1.526100000000000136e+02
-1.547599999999999909e+02
-1.706999999999999886e+02
-1.850500000000000114e+02
-1.878400000000000034e+02
-2.092899999999999920e+02
-1.858499999999999943e+02
-1.534000000000000057e+02
-1.601699999999999875e+02
-1.462700000000000102e+02
-1.264899999999999949e+02
-1.167000000000000028e+02
-1.276700000000000017e+02
-1.323799999999999955e+02
-1.307700000000000102e+02
-1.445500000000000114e+02
-1.594699999999999989e+02
-1.854600000000000080e+02
-2.131899999999999977e+02
-2.060200000000000102e+02
-1.725900000000000034e+02
-1.663799999999999955e+02
-1.505600000000000023e+02
-7.556399999999999295e+01
1.544099999999999895e+01
9.646399999999999864e+01
1.913100000000000023e+02
2.812699999999999818e+02
3.136399999999999864e+02
3.151600000000000250e+02
3.428000000000000114e+02
3.556999999999999886e+02
3.370899999999999750e+02
3.279800000000000182e+02
3.151999999999999886e+02
2.759100000000000250e+02
2.374199999999999875e+02
2.118799999999999955e+02
1.736599999999999966e+02
1.564600000000000080e+02
1.549600000000000080e+02
1.354199999999999875e+02
1.110199999999999960e+02
8.262600000000000477e+01
4.609399999999999409e+01
-7.276900000000000035e-02
-4.373699999999999477e+01
-6.167199999999999704e+01
-6.876899999999999125e+01
-8.581499999999999773e+01
-7.247599999999999909e+01
-4.965800000000000125e+01
-5.811899999999999977e+01
-4.705799999999999983e+01
-4.081700000000000017e+01
-6.515100000000001046e+01
-8.235899999999999466e+01
-8.638400000000000034e+01
-7.167600000000000193e+01
-6.090299999999999869e+01
-7.721999999999999886e+01
-7.481300000000000239e+01
-6.834699999999999420e+01
-9.312799999999998590e+01
-9.116299999999999670e+01
-7.589000000000000057e+01
-6.954600000000000648e+01
-3.811299999999999955e+01
8.018399999999999750e+00
5.441199999999999903e+01
8.565899999999999181e+01
9.386100000000000421e+01
8.590600000000000591e+01
7.208899999999999864e+01
5.276399999999999579e+01
-1.108099999999999952e+01
-7.001800000000000068e+01
-4.698199999999999932e+01
-6.222200000000000131e+01
-1.075999999999999943e+02
-9.011100000000000421e+01
-7.555899999999999750e+01
-6.203000000000000114e+01
-4.317300000000000182e+01
-3.167300000000000182e+01
-2.945400000000000063e+01
-2.580999999999999872e+01
-1.231099999999999994e+01
-2.029700000000000060e+01
-3.914900000000000091e+01
-4.808299999999999841e+01
-5.274000000000000199e+01
-5.568500000000000227e+01
-5.251899999999999835e+01
-5.150399999999999778e+01
-5.112199999999999989e+01
-2.396499999999999986e+01
-8.249100000000000321e+00
-1.534700000000000131e+01
-6.473600000000000243e+00
-7.391399999999999970e+00
-5.553600000000000314e+00
-1.180199999999999916e+00
-9.038299999999999557e+00
6.868800000000000239e+00
1.976800000000000068e+01
4.083899999999999864e+01
9.445200000000001239e+01
1.479099999999999966e+02
1.988600000000000136e+02
2.290600000000000023e+02
2.372599999999999909e+02
2.525099999999999909e+02
2.544499999999999886e+02
2.396699999999999875e+02
2.187599999999999909e+02
1.739600000000000080e+02
1.255400000000000063e+02
8.754799999999998761e+01
4.071500000000000341e+01
-7.254800000000000360e+00
-4.258200000000000074e+01
-6.330899999999999750e+01
-7.157899999999999352e+01
-8.466299999999999670e+01
-1.075100000000000051e+02
-1.231299999999999955e+02
-1.297199999999999989e+02
-1.464199999999999875e+02
-1.475200000000000102e+02
-1.351299999999999955e+02
-1.513000000000000114e+02
-1.716699999999999875e+02
-1.766100000000000136e+02
-1.751599999999999966e+02
-1.636500000000000057e+02
-1.471100000000000136e+02
-1.436200000000000045e+02
-1.481299999999999955e+02
-1.455500000000000114e+02
-1.478100000000000023e+02
-1.614600000000000080e+02
-1.666299999999999955e+02
-1.606399999999999864e+02
-1.628899999999999864e+02
-1.549000000000000057e+02
-1.133700000000000045e+02
-7.866199999999999193e+01
-6.025300000000000011e+01
-4.333200000000000074e+01
-3.528499999999999659e+01
-2.061199999999999832e+01
-1.740900000000000247e+01
-3.080900000000000105e+01
-1.293999999999999950e+01
2.720899999999999963e+01
5.109799999999999898e+01
7.410500000000000398e+01
9.222799999999999443e+01
1.082000000000000028e+02
1.165000000000000000e+02
1.259800000000000040e+02
1.384300000000000068e+02
1.393799999999999955e+02
1.446999999999999886e+02
1.454000000000000057e+02
1.425800000000000125e+02
1.328899999999999864e+02
1.175199999999999960e+02
9.195100000000000762e+01
5.307100000000000506e+01
1.910399999999999920e+01
-2.701099999999999834e+00
-2.510199999999999676e+01
-5.425300000000000011e+01
-8.996099999999999852e+01
-1.090100000000000051e+02
-9.734600000000000364e+01
-6.939600000000000080e+01
-5.799000000000000199e+01
-6.889100000000000534e+01
-5.035600000000000165e+01
-3.758099999999999596e+01
-6.210600000000000165e+01
-6.439100000000000534e+01
-5.415100000000000335e+01
-5.047699999999999676e+01
-5.145799999999999841e+01
-4.518299999999999983e+01
-3.155800000000000338e+01
-3.519899999999999807e+01
-1.739300000000000068e+01
2.414999999999999858e+01
5.013499999999999801e+01
6.173399999999999466e+01
6.714900000000000091e+01
7.536100000000000421e+01
7.450499999999999545e+01
5.796500000000000341e+01
4.183200000000000074e+01
1.943099999999999739e+01
-1.045099999999999874e+01
-3.662100000000000222e+01
-5.109499999999999886e+01
-6.885099999999999909e+01
-8.671700000000001296e+01
-8.810999999999999943e+01
-9.482700000000001239e+01
-9.346399999999999864e+01
-7.223600000000000421e+01
-5.325100000000000477e+01
-8.575100000000000833e+00
3.337699999999999534e+01
3.268199999999999505e+01
3.613700000000000045e+01
3.901899999999999835e+01
2.596699999999999875e+01
1.497200000000000131e+01
3.213000000000000078e+00
-9.065700000000000980e-01
-1.899900000000000233e+01
-3.544500000000000028e+01
-1.852700000000000014e+00
2.428900000000000148e+01
2.137599999999999767e+01
3.411099999999999710e+01
5.356800000000000495e+01
5.135000000000000142e+01
5.518399999999999750e+01
5.175999999999999801e+01
6.402800000000000580e+01
9.625600000000000023e+01
8.624099999999999966e+01
9.200600000000000023e+01
1.153599999999999994e+02
1.174200000000000017e+02
1.176800000000000068e+02
1.230000000000000000e+02
1.149800000000000040e+02
9.929799999999998761e+01
9.162999999999999545e+01
8.314299999999998647e+01
7.445999999999999375e+01
6.156100000000000705e+01
5.386100000000000421e+01
4.235899999999999466e+01
2.572500000000000142e+01
3.304400000000000404e+01
2.924199999999999733e+01
6.206000000000000405e+00
-6.119799999999999685e+00
-4.255899999999999750e+01
-8.831399999999999295e+01
-1.128400000000000034e+02
-1.271299999999999955e+02
-1.248199999999999932e+02
-1.109000000000000057e+02
-8.273799999999999955e+01
-5.507399999999999807e+01
-1.454599999999999937e+01
2.319400000000000261e+01
1.730000000000000071e+01
4.930699999999999505e+01
8.824799999999999045e+01
8.422399999999998954e+01
1.013100000000000023e+02
1.146800000000000068e+02
1.117600000000000051e+02
1.153400000000000034e+02
1.069800000000000040e+02
9.778900000000000148e+01
8.086899999999999977e+01
4.154699999999999704e+01
2.887799999999999923e+00
-6.203899999999999437e+01
-9.692200000000001125e+01
-9.517900000000000205e+01
-1.279800000000000040e+02
-1.441100000000000136e+02
-1.363400000000000034e+02
-1.390399999999999920e+02
-1.106700000000000017e+02
-6.770499999999999829e+01
-1.526500000000000057e+01
5.353000000000000114e+01
9.367600000000000193e+01
1.193400000000000034e+02
1.400000000000000000e+02
1.589799999999999898e+02
1.587299999999999898e+02
1.275499999999999972e+02
5.695300000000000296e+01
-1.272599999999999909e+01
-2.131599999999999895e+01
-2.869400000000000261e+01
-4.942000000000000171e+01
-5.575500000000000256e+01
-5.730799999999999983e+01
-6.110600000000000165e+01
-9.038700000000000045e+01
-8.443299999999999272e+01
-3.750000000000000000e+01
5.147800000000000153e+00
4.346000000000000085e+01
3.652000000000000313e+01
4.859300000000000352e+01
6.729000000000000625e+01
3.908899999999999864e+01
2.460699999999999932e+01
1.608699999999999974e+01
2.587899999999999867e+00
-1.776299999999999812e+01
-4.795600000000000307e+01
-6.785399999999999920e+01
-7.660099999999999909e+01
-8.784399999999999409e+01
-9.361399999999999011e+01
-7.459999999999999432e+01
-6.284799999999999898e+01
-4.129500000000000171e+01
-1.109999999999999964e+01
-9.768000000000000682e+00
-2.184099999999999753e+01
-3.926899999999999835e+01
-4.690399999999999636e+01
-5.507899999999999352e+01
-6.056100000000000705e+01
-4.702899999999999636e+01
-5.650300000000000011e+01
-8.676500000000000057e+01
-1.050400000000000063e+02
-1.200300000000000011e+02
-1.187300000000000040e+02
-1.009300000000000068e+02
-7.798399999999999466e+01
-4.819899999999999807e+01
-1.717699999999999960e+01
7.702600000000000335e+00
3.542199999999999704e+01
5.985699999999999932e+01
6.952299999999999613e+01
6.032999999999999829e+01
3.660000000000000142e+01
2.624099999999999966e+01
2.177199999999999847e+01
3.079500000000000171e+01
4.838700000000000045e+01
4.411399999999999721e+01
3.051399999999999935e+01
2.925099999999999767e+01
3.862800000000000011e+01
3.248199999999999932e+01
1.946000000000000085e+01
6.025199999999999889e+00
-4.874799999999999578e+00
-2.223900000000000077e+01
-4.596999999999999886e+01
-5.338499999999999801e+01
-8.478499999999999659e+01
-1.058599999999999994e+02
-7.987699999999999534e+01
-5.893199999999999505e+01
-3.088699999999999690e+01
9.071500000000000341e+00
5.257800000000000296e+01
9.060399999999999920e+01
1.221299999999999955e+02
1.509699999999999989e+02
1.565699999999999932e+02
1.634799999999999898e+02
1.527100000000000080e+02
1.279300000000000068e+02
8.439600000000000080e+01
3.128999999999999915e+01
1.984900000000000020e+01
1.755800000000000027e+00
-2.007499999999999929e+01
-4.291799999999999926e+01
-5.733399999999999608e+01
-6.199000000000000199e+01
-8.604200000000000159e+01
-1.040400000000000063e+02
-1.140199999999999960e+02
-1.193499999999999943e+02
-1.272099999999999937e+02
-1.256800000000000068e+02
-1.243900000000000006e+02
-1.450800000000000125e+02
-1.672199999999999989e+02
-1.766999999999999886e+02
-1.765399999999999920e+02
-1.714699999999999989e+02
-1.596100000000000136e+02
-1.561899999999999977e+02
-1.435900000000000034e+02
-1.163299999999999983e+02
-9.712600000000000477e+01
-6.208299999999999841e+01
-1.445299999999999940e+01
4.017099999999999937e+01
9.241899999999999693e+01
1.032000000000000028e+02
1.067199999999999989e+02
9.692700000000000671e+01
8.634600000000000364e+01
7.379300000000000637e+01
6.208300000000000374e+00
-3.238599999999999923e+00
2.636199999999999832e+01
2.170499999999999829e+01
3.149599999999999866e+01
3.796000000000000085e+01
3.171900000000000119e+01
4.442600000000000193e+01
4.486899999999999977e+01
3.739199999999999591e+01
6.407600000000000762e+01
6.825499999999999545e+01
9.379700000000001125e+01
1.588199999999999932e+02
1.869300000000000068e+02
2.084099999999999966e+02
2.415600000000000023e+02
2.532100000000000080e+02
2.535000000000000000e+02
2.550300000000000011e+02
2.369000000000000057e+02
2.078100000000000023e+02
1.725099999999999909e+02
1.438100000000000023e+02
1.438000000000000114e+02
1.406999999999999886e+02
1.258700000000000045e+02
1.144300000000000068e+02
9.275600000000000023e+01
7.203600000000000136e+01
5.482899999999999352e+01
2.890599999999999881e+01
-1.470900000000000096e+00
-1.310299999999999976e+01
5.748700000000000365e+00
3.839099999999999824e+01
5.144399999999999551e+01
4.957399999999999807e+01
6.697399999999998954e+01
7.641500000000000625e+01
6.196600000000000108e+01
4.352499999999999858e+01
9.144999999999999574e+00
-3.008300000000000196e+01
-1.680400000000000205e+01
-6.568900000000000183e+00
-2.925600000000000023e+01
-3.816199999999999903e+01
-5.317699999999999960e+01
-8.188600000000000989e+01
-9.652600000000001046e+01
-8.619599999999999795e+01
-6.194899999999999807e+01
-5.063600000000000279e+01
-4.867000000000000171e+01
-2.696900000000000119e+01
-1.527299999999999969e+01
-7.106300000000000061e+00
-1.286900000000000155e+01
-3.358699999999999619e+01
-5.018999999999999773e+01
-2.756500000000000128e+01
1.314700000000000024e+01
5.989300000000000068e+00
3.026000000000000156e+01
5.275899999999999324e+01
3.264099999999999824e+01
2.066199999999999903e+01
1.937000000000000111e-01
-6.273799999999999955e+01
-1.243400000000000034e+02
-1.418899999999999864e+02
-1.771299999999999955e+02
-1.962599999999999909e+02
-1.640000000000000000e+02
-1.540900000000000034e+02
-1.734799999999999898e+02
-1.727500000000000000e+02
-1.632100000000000080e+02
-1.714199999999999875e+02
-1.724900000000000091e+02
-1.718600000000000136e+02
-1.860500000000000114e+02
-1.995800000000000125e+02
-2.156899999999999977e+02
-2.472800000000000011e+02
-2.506999999999999886e+02
-2.311399999999999864e+02
-2.277500000000000000e+02
-1.992299999999999898e+02
-1.309799999999999898e+02
-7.457600000000000762e+01
-3.414300000000000068e+01
8.980999999999999872e+00
4.289000000000000057e+01
6.874800000000000466e+01
8.890200000000000102e+01
1.029399999999999977e+02
1.167800000000000011e+02
1.140600000000000023e+02
1.178700000000000045e+02
1.375500000000000114e+02
1.406500000000000057e+02
1.488899999999999864e+02
1.543700000000000045e+02
1.424300000000000068e+02
1.239200000000000017e+02
1.333000000000000114e+02
1.578899999999999864e+02
1.632100000000000080e+02
1.771599999999999966e+02
1.888499999999999943e+02
1.922700000000000102e+02
2.002599999999999909e+02
1.870800000000000125e+02
1.655999999999999943e+02
1.546599999999999966e+02
1.332800000000000011e+02
1.004800000000000040e+02
8.409799999999999898e+01
6.815899999999999181e+01
2.874399999999999977e+01
-1.206900000000000084e+01
-4.600399999999999778e+01
-4.749300000000000210e+01
-2.851199999999999690e+01
-1.811799999999999855e+01
-1.646900000000000119e+01
-2.432800000000000296e+01
-3.272400000000000375e+01
-4.387699999999999534e+01
-5.876899999999999835e+01
-7.926999999999999602e+01
-9.539799999999999613e+01
-1.011299999999999955e+02
-1.008799999999999955e+02
-8.699799999999999045e+01
-7.099699999999999989e+01
-6.120300000000000296e+01
-4.821000000000000085e+01
-4.418899999999999295e+01
-4.212199999999999989e+01
-4.338899999999999579e+01
-4.834000000000000341e+01
-4.652799999999999869e+01
-5.682999999999999829e+01
-5.413700000000000045e+01
-5.783800000000000097e+01
-6.661700000000000443e+01
-5.504999999999999716e+01
-6.271899999999999409e+01
-7.950900000000000034e+01
-9.687500000000000000e+01
-1.051400000000000006e+02
-1.007699999999999960e+02
-1.030499999999999972e+02
-1.037800000000000011e+02
-1.063100000000000023e+02
-9.803900000000000148e+01
-8.222700000000000387e+01
-7.148699999999999477e+01
-4.078199999999999648e+01
9.829499999999999904e-01
3.200699999999999790e+01
4.296399999999999864e+01
4.439199999999999591e+01
5.795499999999999829e+01
5.894500000000000028e+01
5.276399999999999579e+01
7.300900000000000034e+01
8.577899999999999636e+01
8.543999999999999773e+01
7.611299999999999955e+01
6.175899999999999324e+01
4.490800000000000125e+01
4.728399999999999892e+01
5.695000000000000284e+01
3.223499999999999943e+01
3.385000000000000142e+01
3.173099999999999810e+01
3.782999999999999918e+00
-1.576999999999999957e+01
-3.671500000000000341e+01
-5.426300000000000523e+01
-6.263000000000000256e+01
-5.600300000000000011e+01
-4.741899999999999693e+01
-3.855199999999999960e+01
-2.571099999999999852e+01
-1.338599999999999923e+01
3.224299999999999944e+00
2.232699999999999818e+01
2.612999999999999901e+01
3.624099999999999966e+01
5.125999999999999801e+01
4.311600000000000676e+01
3.101300000000000168e+01
2.220400000000000063e+01
4.459800000000000431e+00
-1.819699999999999918e+01
-4.531800000000000495e+01
-7.431199999999999761e+01
-8.708200000000000784e+01
-8.441599999999999682e+01
-1.022900000000000063e+02
-1.252000000000000028e+02
-1.320099999999999909e+02
-1.461699999999999875e+02
-1.473700000000000045e+02
-1.325800000000000125e+02
-1.124300000000000068e+02
-8.235200000000000387e+01
-5.041100000000000136e+01
-2.791300000000000026e+01
-1.986400000000000077e+01
-9.406599999999999184e+00
3.648699999999999832e+00
7.452200000000000379e+00
7.072499999999999787e+00
7.548399999999999999e+00
1.385500000000000043e+01
3.621100000000000207e+00
-1.054199999999999982e+01
-1.884499999999999886e+01
-2.540199999999999747e+01
-8.321999999999999176e+00
1.560200000000000031e+01
3.173199999999999932e+01
4.678300000000000125e+01
7.321099999999999852e+01
8.864200000000001012e+01
9.178299999999998704e+01
1.002099999999999937e+02
9.311299999999999955e+01
8.414700000000000557e+01
9.593600000000000705e+01
1.184899999999999949e+02
1.437800000000000011e+02
1.773700000000000045e+02
2.078499999999999943e+02
2.219000000000000057e+02
2.286100000000000136e+02
2.279499999999999886e+02
2.068400000000000034e+02
1.796599999999999966e+02
1.453799999999999955e+02
1.233199999999999932e+02
1.005999999999999943e+02
7.566100000000000136e+01
8.304899999999999238e+01
8.954299999999999216e+01
9.201700000000001012e+01
1.088799999999999955e+02
1.287700000000000102e+02
1.277000000000000028e+02
1.322899999999999920e+02
1.473499999999999943e+02
1.502899999999999920e+02
1.531200000000000045e+02
1.490600000000000023e+02
1.472599999999999909e+02
1.468100000000000023e+02
1.278599999999999994e+02
1.195600000000000023e+02
8.061799999999999500e+01
1.708900000000000219e+01
-3.129699999999999704e+01
-1.014500000000000028e+02
-1.215000000000000000e+02
-1.133299999999999983e+02
-1.226200000000000045e+02
-1.321800000000000068e+02
-1.563899999999999864e+02
-1.807299999999999898e+02
-1.994799999999999898e+02
-2.006800000000000068e+02
-1.953700000000000045e+02
-1.885900000000000034e+02
-1.731200000000000045e+02
-1.568000000000000114e+02
-1.402899999999999920e+02
-1.229899999999999949e+02
-1.031200000000000045e+02
-7.539199999999999591e+01
-3.723900000000000432e+01
-9.354300000000000281e+00
-1.274199999999999999e+00
9.975199999999999179e+00
8.835599999999999454e+00
-1.005000000000000071e+01
-2.570199999999999818e+01
-4.043599999999999994e+01
-6.410300000000000864e+01
-7.991400000000000148e+01
-7.833299999999999841e+01
-7.627199999999999136e+01
-7.563700000000000045e+01
-6.952100000000000080e+01
-6.964699999999999136e+01
-8.561599999999999966e+01
-9.264600000000000080e+01
-1.187000000000000028e+02
-1.578000000000000114e+02
-1.365900000000000034e+02
-1.056099999999999994e+02
-7.581999999999999318e+01
-3.874499999999999744e+01
-1.203200000000000003e+01
2.951000000000000156e+01
4.639899999999999380e+01
5.479899999999999949e+01
7.320900000000000318e+01
7.881600000000000250e+01
7.710899999999999466e+01
7.910699999999999932e+01
8.227700000000000102e+01
6.434399999999999409e+01
4.555199999999999960e+01
2.850300000000000011e+01
6.038599999999999746e+00
2.842499999999999805e+00
6.356799999999999784e+00
-2.970900000000000207e-01
-1.636100000000000065e+01
-4.649499999999999744e+01
-8.195200000000001239e+01
-1.146200000000000045e+02
-1.166500000000000057e+02
-9.433799999999999386e+01
-7.653300000000000125e+01
-4.335499999999999687e+01
-1.236400000000000077e+01
2.043200000000000216e+01
4.422899999999999920e+01
4.831700000000000017e+01
5.186699999999999733e+01
3.833699999999999619e+01
2.851500000000000057e+01
3.114499999999999957e+01
4.442300000000000182e+01
5.015899999999999892e+01
4.398100000000000165e+01
3.792900000000000205e+01
2.525600000000000023e+01
2.880499999999999972e+01
3.447800000000000153e+01
2.246999999999999886e+01
1.293200000000000038e+01
8.902899999999999148e-01
-2.195199999999999818e+01
-4.020300000000000296e+01
-4.999499999999999744e+01
-4.609799999999999898e+01
-2.245699999999999719e+01
-1.184099999999999930e+01
-1.130199999999999960e+01
1.002399999999999913e+01
1.908699999999999974e+01
2.158999999999999986e+01
2.973600000000000065e+01
1.192699999999999960e+01
-1.288099999999999845e+01
-4.019500000000000028e+01
-8.382700000000001239e+01
-9.612200000000001410e+01
-8.198999999999999488e+01
-7.349299999999999500e+01
-5.140999999999999659e+01
-1.709199999999999875e+01
1.871400000000000219e+01
4.453800000000000381e+01
5.626500000000000057e+01
6.697599999999999909e+01
7.416800000000000637e+01
7.033499999999999375e+01
6.849800000000000466e+01
6.621699999999999875e+01
4.806100000000000705e+01
2.081099999999999994e+01
-1.844800000000000040e+01
-3.397400000000000375e+01
-6.236399999999999721e+01
-1.044800000000000040e+02
-8.885600000000000875e+01
-6.699299999999999500e+01
-6.147699999999999676e+01
-4.832899999999999352e+01
-1.758900000000000219e+01
-7.132500000000000284e+00
-5.231099999999999639e+00
2.148099999999999810e+01
3.817699999999999960e+01
4.883100000000000307e+01
6.780899999999999750e+01
8.337299999999999045e+01
1.001700000000000017e+02
1.061200000000000045e+02
1.073599999999999994e+02
1.122099999999999937e+02
9.782399999999999807e+01
7.386499999999999488e+01
5.077000000000000313e+01
3.162999999999999901e+01
1.911499999999999844e+01
1.661100000000000065e+01
5.741799999999999571e+00
4.854300000000000281e+00
2.963300000000000267e+01
4.731499999999999773e+01
6.116499999999999915e+01
7.355899999999999750e+01
7.986299999999999955e+01
8.587999999999999545e+01
9.050600000000000023e+01
8.344400000000000261e+01
7.216299999999999670e+01
5.815800000000000125e+01
3.429800000000000182e+01
1.405099999999999838e+01
-2.710999999999999854e+00
-3.892900000000000205e+01
-6.427899999999999636e+01
-7.692199999999999704e+01
-9.890999999999999659e+01
-9.913100000000000023e+01
-9.723100000000000875e+01
-9.700700000000000500e+01
-8.931000000000000227e+01
-7.428799999999999670e+01
-5.309000000000000341e+01
-4.485100000000000620e+01
-4.260100000000000620e+01
-4.627700000000000102e+01
-3.708400000000000318e+01
-1.075099999999999945e+01
1.726000000000000156e+01
4.000999999999999801e+01
5.601100000000000279e+01
7.968000000000000682e+01
9.235700000000001353e+01
9.758799999999999386e+01
9.866299999999999670e+01
8.601999999999999602e+01
7.553100000000000591e+01
4.939300000000000068e+01
-4.949099999999999611e+00
-3.042800000000000082e+01
-2.782699999999999818e+01
-4.614199999999999591e+01
-5.412600000000000477e+01
-5.840500000000000114e+01
-6.791400000000000148e+01
-5.155699999999999505e+01
-3.406800000000000495e+01
-1.781400000000000006e+01
2.879999999999999893e+00
1.162599999999999945e+01
2.005400000000000205e+01
9.502800000000000580e+00
-1.153800000000000026e+01
-1.806500000000000128e+01
-4.427000000000000313e+01
-7.468899999999999295e+01
-8.321299999999999386e+01
-1.037399999999999949e+02
-1.223100000000000023e+02
-1.229800000000000040e+02
-1.530800000000000125e+02
-1.916500000000000057e+02
-1.775399999999999920e+02
-1.526100000000000136e+02
-1.182600000000000051e+02
-5.615100000000000335e+01
2.343399999999999928e+00
6.815800000000000125e+01
1.275100000000000051e+02
1.573199999999999932e+02
1.653700000000000045e+02
1.788700000000000045e+02
1.866899999999999977e+02
1.810000000000000000e+02
1.789399999999999977e+02
1.653700000000000045e+02
1.519399999999999977e+02
1.422700000000000102e+02
1.317199999999999989e+02
1.042800000000000011e+02
7.329200000000000159e+01
4.090999999999999659e+01
-2.931199999999999761e+01
-7.617699999999999250e+01
-9.791200000000000614e+01
-1.097900000000000063e+02
-9.914499999999999602e+01
-7.338899999999999579e+01
-3.846699999999999875e+01
-2.332199999999999918e+01
-1.239299999999999891e+01
-1.001299999999999990e+01
-1.102700000000000102e+01
-2.566699999999999982e+00
2.154599999999999849e+00
1.289299999999999891e+01
3.973199999999999932e+01
6.736599999999999966e+01
8.396500000000000341e+01
9.743500000000000227e+01
1.030400000000000063e+02
9.705400000000000205e+01
9.369499999999999318e+01
8.973399999999999466e+01
7.373300000000000409e+01
5.893600000000000705e+01
4.622999999999999687e+01
4.255199999999999960e+01
4.195000000000000284e+01
3.596099999999999852e+01
3.947699999999999676e+01
3.421500000000000341e+01
2.984099999999999753e+01
5.069300000000000495e+01
6.216499999999999915e+01
7.110399999999999920e+01
9.547100000000000364e+01
1.055100000000000051e+02
1.066500000000000057e+02
9.847899999999999920e+01
7.937199999999999989e+01
5.677600000000000335e+01
1.716799999999999926e+01
2.717400000000000038e+00
-1.711599999999999966e+01
-5.657000000000000028e+01
-7.884100000000000819e+01
-1.213400000000000034e+02
-1.381899999999999977e+02
-1.581899999999999977e+02
-2.131399999999999864e+02
-2.277400000000000091e+02
-2.163700000000000045e+02
-1.988499999999999943e+02
-1.897500000000000000e+02
-1.660500000000000114e+02
-1.129099999999999966e+02
-8.255500000000000682e+01
-4.354699999999999704e+01
-1.712599999999999767e+01
-1.724800000000000111e+01
-1.103900000000000148e+01
-1.433799999999999919e+01
-1.791900000000000048e+01
-2.460399999999999920e+01
-3.446099999999999852e+01
-4.973399999999999466e+01
-6.383299999999999841e+01
-7.565399999999999636e+01
-7.996500000000000341e+01
-7.739900000000000091e+01
-1.131099999999999994e+02
-1.219500000000000028e+02
-1.070600000000000023e+02
-1.083599999999999994e+02
-8.703799999999999670e+01
-9.492299999999998761e+01
-1.026899999999999977e+02
-9.004600000000000648e+01
-7.962199999999999989e+01
-4.568500000000000227e+01
-4.146499999999999631e+00
3.527100000000000080e+01
3.549300000000000210e+01
2.769699999999999918e+01
2.969199999999999662e+01
1.717500000000000071e+01
-1.235999999999999988e+00
-3.843599999999999994e+01
-5.107899999999999352e+01
-5.808399999999999608e+01
-6.084000000000000341e+01
-4.642499999999999716e+01
-2.782499999999999929e+01
-6.564799999999999969e+00
4.049599999999999866e+00
2.137999999999999901e+01
3.367300000000000182e+01
2.641900000000000048e+01
1.957300000000000040e+01
1.057300000000000040e+01
8.955500000000000682e+00
1.063400000000000034e+01
-3.309299999999999908e+00
5.878899999999999793e+00
9.838599999999999568e+00
3.011800000000000033e-01
1.969000000000000128e+01
3.258699999999999619e+01
2.916099999999999781e+01
5.800199999999999534e+01
9.317000000000000171e+01
9.998299999999998988e+01
1.142999999999999972e+02
1.259899999999999949e+02
1.214599999999999937e+02
1.278599999999999994e+02
1.295399999999999920e+02
1.227000000000000028e+02
1.091299999999999955e+02
8.450799999999999557e+01
5.975800000000000267e+01
9.789199999999999235e+00
-7.861699999999999910e+00
2.838699999999999690e+01
5.208800000000000097e+01
7.705500000000000682e+01
1.012699999999999960e+02
1.024000000000000057e+02
9.349799999999999045e+01
7.625600000000000023e+01
5.154299999999999926e+01
3.119699999999999918e+01
1.649099999999999966e+01
3.056099999999999817e+00
-3.677099999999999813e-01
7.648100000000000342e+00
1.075200000000000067e+01
8.183999999999999275e+00
8.150800000000000267e+00
2.351100000000000190e+00
5.105999999999999872e+00
2.085399999999999920e+01
2.896400000000000219e+01
4.170100000000000051e+01
4.508899999999999864e+01
3.241300000000000381e+01
1.672700000000000031e+01
2.498200000000000198e+00
-1.632499999999999929e+01
-5.732899999999999352e+01
-7.913200000000000500e+01
-8.077899999999999636e+01
-9.053799999999999670e+01
-8.962600000000000477e+01
-7.372100000000000364e+01
-6.247100000000000364e+01
-7.369100000000000250e+01
-8.170999999999999375e+01
-8.155199999999999250e+01
-8.928600000000000136e+01
-7.699399999999999977e+01
-6.032500000000000284e+01
-4.122100000000000364e+01
7.099400000000000155e+00
5.234499999999999886e+01
9.407700000000001239e+01
1.207199999999999989e+02
1.229699999999999989e+02
1.340300000000000011e+02
1.455000000000000000e+02
1.382100000000000080e+02
1.280300000000000011e+02
1.236599999999999966e+02
1.064200000000000017e+02
6.737999999999999545e+01
2.577400000000000091e+01
2.704000000000000181e+00
-2.936499999999999844e+01
-5.496999999999999886e+01
-5.646199999999999619e+01
-7.316199999999999193e+01
-8.314600000000000080e+01
-7.167799999999999727e+01
-6.619700000000000273e+01
-5.672500000000000142e+01
-4.820100000000000051e+01
-3.559199999999999875e+01
-1.388799999999999990e+01
7.307999999999999829e+00
3.629999999999999716e+01
5.033699999999999619e+01
5.914199999999999591e+01
7.013600000000000989e+01
6.807300000000000750e+01
7.852700000000000102e+01
7.589799999999999613e+01
5.336600000000000676e+01
3.859700000000000131e+01
-1.286500000000000021e+01
-8.140600000000000591e+01
-1.185699999999999932e+02
-1.682599999999999909e+02
-2.198300000000000125e+02
-2.149699999999999989e+02
-2.068600000000000136e+02
-2.019199999999999875e+02
-1.775300000000000011e+02
-1.567100000000000080e+02
-1.293300000000000125e+02
-1.022800000000000011e+02
-7.762500000000000000e+01
-6.618800000000000239e+01
-6.533599999999999852e+01
-6.378600000000000136e+01
-7.152100000000000080e+01
-7.579899999999999238e+01
-6.901999999999999602e+01
-6.468200000000000216e+01
-6.360800000000000409e+01
-6.471899999999999409e+01
-6.392999999999999972e+01
-4.694500000000000028e+01
-4.701100000000000279e+01
-5.560000000000000142e+01
-4.353000000000000114e+01
-4.486299999999999955e+01
-6.153300000000000125e+01
-5.513399999999999324e+01
-2.250099999999999767e+01
6.714699999999999669e+00
2.661100000000000065e+01
5.636199999999999477e+01
1.009099999999999966e+02
1.158299999999999983e+02
1.236599999999999966e+02
1.391200000000000045e+02
1.269200000000000017e+02
1.283400000000000034e+02
1.311200000000000045e+02
1.084300000000000068e+02
1.057999999999999972e+02
8.995600000000000307e+01
5.633299999999999841e+01
4.356399999999999295e+01
3.484700000000000131e+01
4.846899999999999409e+01
5.946100000000000563e+01
3.607300000000000040e+01
1.721799999999999997e+01
3.654500000000000171e+01
5.840600000000000591e+01
8.356200000000001182e+01
1.413899999999999864e+02
1.582400000000000091e+02
1.490200000000000102e+02
1.688899999999999864e+02
1.731899999999999977e+02
1.522199999999999989e+02
1.445099999999999909e+02
1.229899999999999949e+02
4.950600000000000023e+01
3.052200000000000024e+00
4.918800000000000061e+00
-1.330299999999999905e+01
-3.685000000000000142e+01
-3.688499999999999801e+01
-1.714499999999999957e+01
-1.024000000000000021e+01
-1.192300000000000004e+01
1.161299999999999999e+00
-9.328100000000000280e-01
4.482999999999999652e+00
6.825000000000000178e+00
6.980599999999999916e+00
2.830300000000000082e+01
1.851200000000000045e+01
8.938599999999999213e+00
6.366100000000000314e+00
-1.391400000000000148e+01
-1.854400000000000048e+01
-2.022500000000000142e+01
-3.097100000000000009e+01
-3.287599999999999767e+01
-3.097699999999999676e+01
-3.402000000000000313e+01
-4.831499999999999773e+01
-6.276699999999999591e+01
-7.940500000000000114e+01
-1.161700000000000017e+02
-1.349600000000000080e+02
-1.258299999999999983e+02
-9.760299999999999443e+01
-7.340000000000000568e+01
-7.153199999999999648e+01
-2.530400000000000205e+01
4.123499999999999943e+01
5.885100000000000620e+01
7.035099999999999909e+01
8.023699999999999477e+01
6.232999999999999829e+01
3.339699999999999847e+01
-1.004299999999999915e-01
-2.003500000000000014e+01
-4.887300000000000466e+01
-9.120799999999999841e+01
-1.083499999999999943e+02
-1.233499999999999943e+02
-1.396699999999999875e+02
-1.379300000000000068e+02
-1.275699999999999932e+02
-1.002000000000000028e+02
-7.896500000000000341e+01
-7.516500000000000625e+01
-6.056399999999999295e+01
-5.508500000000000085e+01
-6.215299999999999869e+01
-6.725799999999999557e+01
-5.024399999999999977e+01
-2.296400000000000219e+01
1.524599999999999955e+00
3.792999999999999972e+01
5.811399999999999721e+01
6.210199999999999676e+01
7.379200000000000159e+01
8.357700000000001239e+01
7.736499999999999488e+01
6.259600000000000364e+01
5.340500000000000114e+01
4.120199999999999818e+01
1.683200000000000074e+01
-2.658700000000000063e+00
-6.051999999999999602e+00
2.436400000000000077e+01
4.714399999999999835e+01
5.306499999999999773e+01
9.095999999999999375e+01
1.148499999999999943e+02
1.175100000000000051e+02
1.366999999999999886e+02
1.532400000000000091e+02
1.571699999999999875e+02
1.516599999999999966e+02
1.345399999999999920e+02
1.072199999999999989e+02
3.354899999999999949e+01
-1.420700000000000074e+01
-5.622899999999999565e+00
-2.039199999999999946e+01
-3.861500000000000199e+01
-4.853600000000000136e+01
-4.936500000000000199e+01
-2.278099999999999881e+01
-3.106300000000000061e+00
-1.172799999999999976e+01
-5.459000000000000519e-01
1.589599999999999902e+01
2.501999999999999957e+01
3.604400000000000404e+01
3.170100000000000051e+01
2.165199999999999747e+01
2.202899999999999991e+01
4.655100000000000193e+01
3.381000000000000227e+01
2.189400000000000190e+01
3.843099999999999739e+01
2.597500000000000142e+01
1.928400000000000247e+01
1.009200000000000053e+01
-1.272299999999999898e+01
-3.471999999999999886e+01
-4.448100000000000165e+01
-5.110800000000000409e+01
-5.798600000000000421e+01
-4.556600000000000250e+01
-5.038800000000000523e+01
-4.975699999999999790e+01
-4.015899999999999892e+01
-3.721399999999999864e+01
-6.828500000000000014e+00
-3.823999999999999844e+00
-1.491599999999999859e+01
-1.117999999999999972e+01
-1.772199999999999998e+00
4.783400000000000318e+00
3.481500000000000039e+00
-7.354000000000000536e-01
-1.474400000000000155e+01
-1.512800000000000011e+01
-8.794299999999999784e+00
-1.155299999999999905e+01
-2.552899999999999991e+01
-1.247799999999999976e+01
-1.118299999999999983e+01
-3.421999999999999886e+01
-2.208900000000000219e+01
-2.513400000000000034e+01
-3.739999999999999858e+01
-3.923799999999999955e+01
-3.696099999999999852e+01
-2.809199999999999875e+01
-2.952100000000000080e+01
-2.280599999999999739e+01
-2.173199999999999932e+01
-2.167099999999999937e+01
-1.536800000000000033e+01
-1.289900000000000091e+01
-1.647200000000000053e-01
3.126900000000000013e+00
1.142599999999999838e+01
2.793300000000000338e+01
2.643900000000000006e+01
2.760900000000000176e+01
4.050300000000000011e+01
4.414399999999999835e+01
3.089600000000000080e+01
3.523499999999999943e+01
4.549800000000000466e+01
3.605300000000000438e+01
2.657300000000000040e+01
1.839499999999999957e+01
1.516200000000000081e+01
1.103999999999999915e+01
-4.996599999999999930e+00
-1.887800000000000011e+01
-2.971800000000000352e+01
-4.312399999999999523e+01
-4.674000000000000199e+01
-4.725000000000000000e+01
-5.064399999999999835e+01
-4.611299999999999955e+01
-4.228300000000000125e+01
-3.474499999999999744e+01
-3.100800000000000267e+01
-2.736599999999999966e+01
-7.533800000000000274e+00
-9.785600000000000520e+00
2.283999999999999808e+00
2.027899999999999991e+01
9.475399999999999379e-01
5.730599999999999583e-02
5.472299999999999720e+00
-2.326299999999999812e+00
-6.571799999999999642e+00
-1.906200000000000117e+01
-3.509599999999999653e+01
-4.146800000000000352e+01
-7.657999999999999829e+01
-1.142600000000000051e+02
-1.320999999999999943e+02
-1.619799999999999898e+02
-1.632500000000000000e+02
-1.384699999999999989e+02
-1.046700000000000017e+02
-6.927800000000000580e+01
-5.879399999999999693e+01
-3.614099999999999824e+01
-9.176899999999999835e+00
4.287099999999999689e+00
2.526099999999999923e+01
3.324499999999999744e+01
3.589800000000000324e+01
4.274399999999999977e+01
4.588100000000000023e+01
4.325199999999999534e+01
3.519200000000000017e+01
3.107699999999999818e+01
3.772899999999999920e+01
4.292300000000000182e+01
4.422299999999999898e+01
5.144300000000000495e+01
5.226399999999999579e+01
6.258699999999999619e+01
5.399699999999999989e+01
5.120600000000000307e+01
5.742000000000000171e+01
2.886599999999999966e+01
3.922400000000000375e+01
5.097699999999999676e+01
3.364300000000000068e+01
3.826599999999999824e+01
4.270000000000000284e+01
2.872500000000000142e+01
3.315899999999999892e+01
3.553399999999999892e+01
1.746900000000000119e+01
1.338000000000000078e+01
3.744800000000000129e+00
-5.256599999999999717e+00
-2.420699999999999719e+01
-5.976300000000000523e+01
-8.587200000000001410e+01
-8.999399999999999977e+01
-5.282800000000000296e+01
-3.606900000000000261e+01
-6.813800000000000523e+01
-6.652500000000000568e+01
-5.369100000000000250e+01
-6.519499999999999318e+01
-5.844899999999999807e+01
-5.990899999999999892e+01
-6.951300000000000523e+01
-5.969200000000000017e+01
-2.835399999999999920e+01
1.777700000000000058e+00
4.406699999999999839e+00
1.318200000000000038e+01
2.531699999999999662e+01
1.390700000000000003e+01
-6.073800000000000310e-01
-5.395199999999999996e+00
-2.253699999999999903e+01
-4.113899999999999579e+01
-5.242499999999999716e+01
-6.744700000000000273e+01
-7.498399999999999466e+01
-6.237699999999999534e+01
-4.390600000000000591e+01
-8.227199999999999847e+00
3.176000000000000156e+01
4.053600000000000136e+01
7.497899999999999920e+01
8.942600000000000193e+01
8.739600000000000080e+01
1.111299999999999955e+02
1.003199999999999932e+02
7.988299999999999557e+01
6.977400000000000091e+01
3.092399999999999949e+01
-6.703100000000000724e-01
-2.287500000000000089e+00
-1.654799999999999827e+01
-1.829100000000000037e+01
1.231700000000000017e+01
2.147400000000000020e+01
4.233500000000000263e+00
9.206599999999999895e+00
7.114899999999999558e+00
-2.582300000000000040e+00
-3.533599999999999852e+00
-8.858100000000000307e+00
-1.364200000000000124e+01
-1.887300000000000111e+01
-6.800300000000000011e+00
-2.430400000000000116e+00
1.402900000000000036e+00
2.361499999999999844e+01
2.557900000000000063e+01
1.702200000000000202e+01
2.142599999999999838e+01
4.436600000000000676e+01
4.373100000000000165e+01
3.901099999999999568e+01
4.997299999999999898e+01
3.365299999999999869e+01
3.311299999999999955e+01
4.220600000000000307e+01
3.688400000000000034e+01
3.108399999999999963e+01
2.718599999999999994e+01
2.718499999999999872e+01
2.496699999999999875e+01
2.319199999999999662e+01
2.331800000000000139e+01
1.900799999999999912e+01
7.219500000000000028e+00
-2.603600000000000136e+00
-3.998699999999999921e+00
-1.188900000000000112e+01
-2.006400000000000006e+01
-2.323099999999999810e+01
-2.786100000000000065e+01
-2.633999999999999986e+01
-1.483599999999999852e+01
-7.262699999999999712e+00
-1.407699999999999996e+01
-2.301300000000000168e+01
-2.916000000000000014e+01
-3.524399999999999977e+01
-4.630100000000000193e+01
-3.340800000000000125e+01
-1.895799999999999841e+01
-2.212599999999999767e+01
5.156900000000000261e+00
3.760499999999999687e+01
4.793399999999999750e+01
6.117999999999999972e+01
6.155899999999999750e+01
5.246399999999999864e+01
5.443199999999999505e+01
5.053699999999999903e+01
5.591799999999999926e+01
6.330399999999999494e+01
6.241499999999999915e+01
6.799200000000000443e+01
6.735899999999999466e+01
7.499500000000000455e+01
7.734499999999999886e+01
7.439499999999999602e+01
7.195499999999999829e+01
5.662199999999999989e+01
4.568999999999999773e+01
4.695700000000000074e+01
4.565800000000000125e+01
1.901000000000000156e+01
2.249299999999999855e+00
1.362600000000000033e+00
-1.825000000000000000e+01
-3.517099999999999937e+01
-4.806600000000000250e+01
-5.700000000000000000e+01
-5.807699999999999818e+01
-6.422399999999998954e+01
-5.275300000000000011e+01
-5.199100000000000676e+01
-6.361999999999999744e+01
-6.121100000000000563e+01
-5.106800000000000495e+01
-5.461699999999999733e+01
-6.025600000000000023e+01
-5.990699999999999648e+01
-6.443800000000000239e+01
-5.907899999999999352e+01
-4.871699999999999875e+01
-3.762599999999999767e+01
-2.393499999999999872e+01
-2.830499999999999794e+00
-8.723200000000000287e+00
-6.123099999999999987e+00
1.672500000000000142e+01
1.270199999999999996e+01
1.368500000000000050e+01
2.369999999999999929e+01
2.268800000000000239e+01
1.273900000000000077e+01
1.166400000000000148e+01
8.813700000000000756e+00
3.460599999999999898e+00
1.499699999999999989e+01
8.692199999999999704e+00
-1.649699999999999989e+01
-2.657199999999999918e+01
-2.400300000000000011e+01
-3.350800000000000267e+01
-5.254999999999999716e+01
-5.330600000000000449e+01
-5.305100000000000193e+01
-7.691100000000000136e+01
-7.028600000000000136e+01
-4.319200000000000017e+01
-5.136600000000000676e+01
-5.060100000000000620e+01
-2.648499999999999943e+01
-2.321999999999999886e+01
-1.703900000000000148e+01
7.677699999999999747e+00
2.206800000000000139e+01
2.774099999999999966e+01
3.021699999999999875e+01
4.514399999999999835e+01
4.660300000000000153e+01
2.604100000000000037e+01
3.196800000000000352e+01
4.835399999999999920e+01
4.635999999999999943e+01
3.083599999999999852e+01
1.835399999999999920e+01
1.236800000000000033e+01
1.597399999999999931e+00
8.412499999999999645e+00
2.270599999999999952e+01
1.085799999999999876e+01
5.632100000000000328e+00
1.431799999999999962e+01
1.075499999999999901e+00
-1.596900000000000119e+01
-2.585199999999999676e+01
-2.369200000000000195e+00
3.698900000000000432e+01
4.500800000000000267e+01
6.199399999999999977e+01
7.961799999999999500e+01
8.168099999999999739e+01
7.911700000000000443e+01
7.275100000000000477e+01
6.400799999999999557e+01
4.322399999999999665e+01
1.718099999999999739e+01
-2.410699999999999787e-01
-8.539699999999999847e+00
1.440499999999999936e+01
3.151900000000000190e+01
1.808699999999999974e+01
3.488300000000000267e+01
4.407800000000000296e+01
4.126100000000000279e+01
4.183500000000000085e+01
3.407600000000000051e+01
2.571300000000000097e+01
1.500699999999999967e+01
3.160800000000000054e+00
-1.160200000000000031e+01
-1.920299999999999940e+01
-3.697599999999999909e+01
-5.490699999999999648e+01
-6.345899999999999608e+01
-7.527299999999999613e+01
-5.156600000000000250e+01
-2.839900000000000091e+01
-4.347800000000000153e+01
-2.566699999999999804e+01
-1.010000000000000009e+00
-4.903100000000000236e+00
1.056400000000000006e+01
2.862999999999999901e+01
1.165000000000000036e+01
-1.055799999999999983e+01
-2.319699999999999918e+01
-4.429500000000000171e+01
-5.462100000000000222e+01
-6.307699999999999818e+01
-7.185099999999999909e+01
-5.064800000000000324e+01
-2.722400000000000020e+01
-7.194799999999999862e+00
3.527000000000000313e+01
6.480599999999999739e+01
6.563600000000000989e+01
7.669800000000000750e+01
9.048799999999999955e+01
9.251899999999999125e+01
9.981399999999999295e+01
1.014699999999999989e+02
9.956999999999999318e+01
9.399899999999999523e+01
7.229699999999999704e+01
6.438100000000000023e+01
5.177399999999999380e+01
4.642199999999999704e+01
7.025799999999999557e+01
7.127600000000001046e+01
6.497700000000000387e+01
6.916500000000000625e+01
6.679300000000000637e+01
5.878100000000000591e+01
4.861399999999999721e+01
2.564699999999999847e+01
-1.715599999999999881e+01
-4.791799999999999926e+01
-6.340999999999999659e+01
-7.449399999999999977e+01
-7.229999999999999716e+01
-7.207500000000000284e+01
-6.139000000000000057e+01
-4.278300000000000125e+01
-3.121300000000000097e+01
-1.473000000000000043e+01
7.317999999999999505e-02
2.582300000000000040e+00
4.299199999999999910e+00
2.322199999999999775e+01
2.966099999999999781e+01
2.858800000000000097e+01
3.974699999999999989e+01
4.431700000000000017e+01
4.343999999999999773e+01
3.533099999999999596e+01
3.026500000000000057e+01
3.534100000000000108e+01
4.387199999999999989e+01
3.934700000000000131e+01
1.317699999999999960e+01
-1.270199999999999996e+01
-6.162100000000000222e+01
-1.007199999999999989e+02
-8.660899999999999466e+01
-7.215500000000000114e+01
-6.726899999999999125e+01
-6.545699999999999363e+01
-6.586299999999999955e+01
-6.791800000000000637e+01
-8.968099999999999739e+01
-1.092900000000000063e+02
-1.137800000000000011e+02
-1.329699999999999989e+02
-1.459600000000000080e+02
-1.356200000000000045e+02
-1.335000000000000000e+02
-1.348499999999999943e+02
-1.394699999999999989e+02
-1.606899999999999977e+02
-1.704799999999999898e+02
-1.590399999999999920e+02
-1.373899999999999864e+02
-1.018599999999999994e+02
-6.192499999999999716e+01
-3.289300000000000068e+01
-4.082200000000000273e+00
1.439599999999999902e+01
1.833500000000000085e+01
1.479299999999999926e+01
-3.811599999999999988e-01
-1.238400000000000034e+01
-2.600199999999999889e+01
-3.229800000000000182e+01
-3.225900000000000034e+01
-3.634199999999999875e+01
-4.910399999999999920e+01
-6.091600000000000392e+01
-6.990800000000000125e+01
-8.945200000000001239e+01
-9.182200000000000273e+01
-7.400900000000000034e+01
-6.864499999999999602e+01
-6.524699999999999989e+01
-4.866799999999999926e+01
-4.945300000000000296e+01
-5.483299999999999841e+01
-3.432399999999999807e+01
-1.983599999999999852e+01
-1.517200000000000060e+01
-4.708599999999999675e+00
2.684200000000000141e+00
1.618900000000000006e+01
2.516600000000000037e+01
1.141999999999999993e+01
-1.227599999999999980e+01
-4.408200000000000074e+01
-7.687000000000000455e+01
-8.836399999999999011e+01
-8.404700000000001125e+01
-8.765399999999999636e+01
-8.618899999999999295e+01
-6.409600000000000364e+01
-3.984599999999999653e+01
-4.984300000000000175e+00
2.984300000000000352e+01
4.882899999999999352e+01
7.108499999999999375e+01
7.970999999999999375e+01
7.135099999999999909e+01
7.038299999999999557e+01
6.883299999999999841e+01
6.047899999999999920e+01
4.033200000000000074e+01
1.549499999999999922e+01
-4.740499999999999936e+00
-2.732900000000000063e+01
-3.929500000000000171e+01
-5.224800000000000466e+01
-7.743300000000000693e+01
-8.573000000000000398e+01
-6.524699999999999989e+01
-5.053499999999999659e+01
-6.140500000000000114e+01
-3.427100000000000080e+01
3.002299999999999969e+00
-8.143800000000000594e+00
-1.163899999999999935e+00
1.912400000000000233e+01
1.878200000000000003e+01
1.878800000000000026e+01
1.394900000000000162e+01
2.228999999999999915e+01
3.931499999999999773e+01
3.564699999999999847e+01
2.263199999999999790e+01
1.820200000000000173e+01
3.700000000000000000e+01
2.930800000000000338e+01
1.432799999999999940e+01
3.841799999999999926e+01
4.584000000000000341e+01
2.937099999999999866e+01
2.481599999999999895e+01
4.456499999999999773e+01
4.425600000000000023e+01
2.664699999999999847e+01
3.625600000000000023e+01
1.956500000000000128e+01
1.865399999999999991e+01
5.110899999999999466e+01
3.498799999999999955e+01
2.824699999999999989e+01
4.485999999999999943e+01
4.645000000000000284e+01
4.715600000000000591e+01
4.792399999999999949e+01
4.777399999999999380e+01
5.075899999999999324e+01
4.509600000000000364e+01
3.882900000000000063e+01
3.734900000000000375e+01
2.477599999999999980e+01
1.318700000000000117e+01
6.382299999999999862e+00
-9.833800000000000097e+00
-1.458000000000000007e+01
1.375699999999999967e+01
2.608999999999999986e+01
1.424799999999999933e+01
1.412900000000000134e+01
1.961899999999999977e+01
1.880000000000000071e+01
1.643599999999999994e+01
3.719500000000000028e+01
8.118399999999999750e+01
1.007699999999999960e+02
1.153299999999999983e+02
1.308000000000000114e+02
1.340000000000000000e+02
1.415600000000000023e+02
1.282800000000000011e+02
1.176099999999999994e+02
1.219899999999999949e+02
1.294799999999999898e+02
1.328400000000000034e+02
1.295900000000000034e+02
1.347299999999999898e+02
1.426599999999999966e+02
1.432700000000000102e+02
1.412800000000000011e+02
1.385699999999999932e+02
1.398700000000000045e+02
1.355000000000000000e+02
1.302899999999999920e+02
1.309199999999999875e+02
1.196200000000000045e+02
1.145600000000000023e+02
1.062999999999999972e+02
8.830799999999999272e+01
8.035800000000000409e+01
6.544100000000000250e+01
4.076599999999999824e+01
2.765399999999999991e+01
5.227599999999999802e+00
-2.163599999999999923e+01
-2.774500000000000099e+01
-3.946099999999999852e+01
-5.146300000000000097e+01
-5.915600000000000591e+01
-7.049399999999999977e+01
-8.091199999999999193e+01
-8.533899999999999864e+01
-8.957799999999998875e+01
-1.012000000000000028e+02
-9.660099999999999909e+01
-8.359799999999999898e+01
-1.107199999999999989e+02
-1.186599999999999966e+02
-8.253600000000000136e+01
-9.254200000000000159e+01
-9.839499999999999602e+01
-8.165999999999999659e+01
-7.496600000000000819e+01
-6.634100000000000819e+01
-7.710899999999999466e+01
-7.444100000000000250e+01
-6.511799999999999500e+01
-6.989699999999999136e+01
-7.248899999999999011e+01
-7.542699999999999250e+01
-7.697899999999999920e+01
-7.620799999999999841e+01
-7.921500000000000341e+01
-8.414799999999999613e+01
-6.731900000000000261e+01
-5.013800000000000523e+01
-3.298900000000000432e+01
-2.626900000000000013e+00
7.234499999999999709e+00
1.120099999999999874e+01
2.961699999999999733e+01
3.231700000000000017e+01
2.671400000000000219e+01
2.256900000000000261e+01
1.107000000000000028e+01
3.471900000000000208e+00
2.938000000000000167e+00
-4.343700000000000117e+00
-2.084800000000000253e+01
-2.784400000000000119e+01
-4.663000000000000256e+01
-4.155499999999999972e+01
-1.125699999999999967e+01
-1.476900000000000013e+01
-6.208899999999999864e+00
1.508999999999999986e+01
1.395400000000000063e+01
1.028299999999999947e+01
1.725900000000000034e+01
1.726599999999999824e+01
4.151399999999999757e+00
4.347199999999999953e+00
4.223499999999999588e+00
-7.179999999999999716e+00
-8.537000000000000810e+00
6.105800000000000338e+00
1.510999999999999943e+01
2.328500000000000014e+01
3.796099999999999852e+01
3.926500000000000057e+01
4.626899999999999835e+01
6.697100000000000364e+01
7.527500000000000568e+01
7.173000000000000398e+01
7.173199999999999932e+01
6.483100000000000307e+01
6.153800000000000381e+01
5.846899999999999409e+01
6.534799999999999898e+01
7.359300000000000352e+01
6.317000000000000171e+01
8.224099999999999966e+01
9.292700000000000671e+01
7.648499999999999943e+01
6.584000000000000341e+01
6.337199999999999989e+01
5.725899999999999324e+01
4.557000000000000028e+01
5.026300000000000523e+01
4.617699999999999960e+01
4.675000000000000000e+01
6.931100000000000705e+01
7.916899999999999693e+01
8.579500000000000171e+01
9.365500000000000114e+01
7.825900000000000034e+01
5.268800000000000239e+01
7.568100000000000271e+00
-2.893599999999999994e+01
-3.134199999999999875e+01
-4.610600000000000165e+01
-6.987000000000000455e+01
-7.364000000000000057e+01
-7.256000000000000227e+01
-9.578600000000000136e+01
-1.141299999999999955e+02
-1.182199999999999989e+02
-1.246500000000000057e+02
-1.181200000000000045e+02
-9.980200000000000671e+01
-8.703700000000000614e+01
-6.970300000000000296e+01
-3.329599999999999937e+01
-4.175399999999999778e+00
-2.330399999999999833e-02
7.011000000000000121e+00
1.198599999999999888e+01
1.619900000000000162e+01
2.659199999999999875e+01
9.829900000000000304e+00
-8.181300000000000239e-01
-1.488700000000000045e+01
-4.172699999999999676e+01
-3.856000000000000227e+01
-5.348600000000000421e+01
-5.142699999999999960e+01
-1.641300000000000026e+01
-2.668300000000000338e+01
-3.561899999999999977e+01
-3.007699999999999818e+01
-2.767000000000000171e+01
-1.572400000000000020e+01
-1.113099999999999845e+01
-8.698100000000000165e+00
-1.043999999999999950e+01
-2.942300000000000182e+01
-3.624000000000000199e+01
-1.827599999999999980e+01
-2.309499999999999886e+01
-4.299699999999999989e+01
-4.093999999999999773e+01
-4.395300000000000296e+01
-4.721999999999999886e+01
-3.492900000000000205e+01
-3.347699999999999676e+01
-3.107300000000000040e+01
-2.572100000000000009e+01
-1.786599999999999966e+01
-1.039299999999999891e+01
-8.599899999999999212e-01
1.488400000000000034e+01
5.437400000000000233e+00
1.097700000000000031e+01
1.341200000000000081e+01
5.833599999999999675e+00
1.051799999999999891e+01
6.678600000000000314e+00
9.270799999999999486e+00
-1.571900000000000075e+00
-6.488400000000000389e+00
1.965700000000000003e+00
2.498200000000000198e+00
4.773699999999999832e+00
8.157199999999999562e+00
1.014700000000000024e+01
1.809400000000000119e+01
3.396099999999999852e+01
5.043199999999999505e+01
5.558899999999999864e+01
5.517000000000000171e+01
6.172299999999999898e+01
7.223399999999999466e+01
7.777299999999999613e+01
7.912500000000000000e+01
7.740800000000000125e+01
7.818800000000000239e+01
7.643800000000000239e+01
6.372299999999999898e+01
5.965899999999999892e+01
6.237500000000000000e+01
6.604200000000000159e+01
6.755100000000000193e+01
6.557699999999999818e+01
6.550300000000000011e+01
5.928399999999999892e+01
5.651800000000000068e+01
7.124200000000000443e+01
7.103900000000000148e+01
3.946800000000000352e+01
3.004699999999999704e+01
3.691199999999999903e+01
1.228200000000000003e+01
-1.849900000000000233e+01
-2.728900000000000148e+01
-3.515800000000000125e+01
-5.281800000000000495e+01
-4.760000000000000142e+01
-2.175900000000000034e+01
-2.237800000000000011e+01
-3.623400000000000176e+01
-1.866000000000000014e+01
-4.796299999999999564e+00
-1.542400000000000126e+01
-3.318299999999999983e+01
-4.374800000000000466e+01
-4.756399999999999295e+01
-5.353499999999999659e+01
-4.844699999999999562e+01
-5.448499999999999943e+01
-5.006199999999999761e+01
-3.163500000000000156e+01
-3.998499999999999943e+01
-5.878800000000000381e+01
-6.241799999999999926e+01
-6.303600000000000136e+01
-7.617000000000000171e+01
-7.653399999999999181e+01
-6.216700000000000159e+01
-5.495799999999999841e+01
-5.193199999999999505e+01
-4.687899999999999778e+01
-4.189199999999999591e+01
-3.332099999999999795e+01
-4.826300000000000523e+01
-4.555499999999999972e+01
-2.120699999999999719e+01
-2.081400000000000006e+01
-2.327100000000000168e+00
1.615900000000000247e+01
2.406099999999999994e+01
3.380100000000000193e+01
4.414500000000000313e+01
4.551899999999999835e+01
3.703699999999999903e+01
2.973000000000000043e+01
1.063400000000000034e+01
-2.249299999999999855e+00
-8.009399999999999409e+00
-2.662999999999999901e+01
-4.813300000000000267e+01
-5.911999999999999744e+01
-7.083199999999999363e+01
-8.371999999999999886e+01
-1.001599999999999966e+02
-1.132000000000000028e+02
-8.920799999999999841e+01
-7.671300000000000807e+01
-8.561399999999999011e+01
-6.475199999999999534e+01
-4.357600000000000051e+01
-3.282800000000000296e+01
-1.615399999999999991e+01
1.649299999999999855e+01
3.867900000000000205e+01
4.372500000000000142e+01
6.521300000000000807e+01
6.828900000000000148e+01
4.890600000000000591e+01
3.785600000000000165e+01
2.296800000000000352e+01
9.853500000000000369e+00
-1.209999999999999964e+01
-3.114000000000000057e+01
-1.557699999999999996e+01
-3.056799999999999962e+00
-4.161999999999999922e+00
4.872399999999999842e+00
2.037099999999999866e+01
2.544400000000000261e+01
4.135300000000000153e+01
6.670499999999999829e+01
6.594599999999999795e+01
8.372599999999999909e+01
1.020999999999999943e+02
1.002999999999999972e+02
1.197600000000000051e+02
1.165199999999999960e+02
9.817900000000000205e+01
9.009600000000000364e+01
3.949600000000000222e+01
-1.208999999999999986e+01
-2.682499999999999929e+01
-4.872200000000000131e+01
-7.195199999999999818e+01
-7.137999999999999545e+01
-6.884799999999999898e+01
-8.317100000000000648e+01
-7.845100000000000762e+01
-6.879099999999999682e+01
-7.224600000000000932e+01
-6.534399999999999409e+01
-5.713800000000000523e+01
-4.754200000000000159e+01
-4.887699999999999534e+01
-5.689899999999999380e+01
-5.116700000000000159e+01
-5.640200000000000102e+01
-6.914300000000000068e+01
-7.111199999999999477e+01
-7.809100000000000819e+01
-8.912200000000001410e+01
-9.432600000000000762e+01
-8.571299999999999386e+01
-7.948000000000000398e+01
-8.756700000000000728e+01
-7.585099999999999909e+01
-7.120100000000000762e+01
-7.504200000000000159e+01
-6.605299999999999727e+01
-6.640899999999999181e+01
-6.410399999999999920e+01
-4.589500000000000313e+01
-3.167800000000000082e+01
-2.604599999999999937e+01
4.331000000000000405e+00
2.504300000000000281e+01
2.772599999999999909e+01
3.053500000000000014e+01
2.944500000000000028e+01
3.516900000000000404e+01
3.081500000000000128e+01
2.997899999999999920e+01
2.679699999999999704e+01
7.740000000000000213e+00
9.659800000000000608e+00
2.580599999999999739e+01
8.395500000000000185e+00
9.173299999999999343e+00
4.160600000000000165e+01
5.331399999999999295e+01
6.309100000000000108e+01
7.340300000000000580e+01
7.491199999999999193e+01
5.920600000000000307e+01
3.700999999999999801e+01
2.729899999999999949e+01
1.710800000000000054e+01
4.477400000000000269e+00
-2.161000000000000032e+00
-5.827300000000000146e+00
-1.695000000000000062e+00
2.122700000000000031e+00
-7.341199999999999726e+00
-9.546699999999999520e+00
-8.965199999999999392e+00
-1.421400000000000041e+01
-2.323400000000000176e+01
-3.805300000000000438e+01
-4.948100000000000165e+01
-5.783899999999999864e+01
-6.879200000000000159e+01
-6.989399999999999125e+01
-6.484499999999999886e+01
-5.596500000000000341e+01
-3.146300000000000097e+01
-1.973199999999999932e+01
-2.233699999999999797e+00
1.694400000000000261e+01
2.217800000000000082e+01
3.159600000000000009e+01
3.752599999999999625e+01
4.469200000000000017e+01
4.381199999999999761e+01
4.216799999999999926e+01
4.163300000000000267e+01
3.853399999999999892e+01
3.017099999999999937e+01
1.166699999999999982e+01
-8.450599999999999667e+00
-2.828400000000000247e+01
-3.129199999999999804e+01
-2.476399999999999935e+01
-2.533300000000000196e+01
-2.203699999999999903e+01
-8.346700000000000230e+00
9.651300000000000878e+00
3.851800000000000068e+01
7.286499999999999488e+01
8.924700000000001410e+01
9.919599999999999795e+01
1.121899999999999977e+02
1.230499999999999972e+02
1.296399999999999864e+02
1.256400000000000006e+02
1.123299999999999983e+02
9.220900000000000318e+01
7.905199999999999250e+01
5.525300000000000011e+01
1.516400000000000148e+01
-8.436100000000000820e-01
-2.588199999999999790e+01
-3.745300000000000296e+01
-1.534299999999999997e+01
-1.351200000000000045e+01
1.468200000000000038e+01
5.285699999999999932e+01
6.653799999999999670e+01
9.869200000000000728e+01
1.171899999999999977e+02
1.247900000000000063e+02
1.386200000000000045e+02
1.363300000000000125e+02
1.258599999999999994e+02
1.012600000000000051e+02
6.385999999999999943e+01
5.614699999999999847e+01
4.045000000000000284e+01
3.334000000000000075e+00
2.718100000000000183e+00
-5.185200000000000031e+00
-1.819000000000000128e+01
-2.156300000000000239e+01
-4.965299999999999869e+01
-6.361100000000000421e+01
-7.081799999999999784e+01
-9.010200000000000387e+01
-9.224099999999999966e+01
-1.181099999999999994e+02
-1.287199999999999989e+02
-1.039500000000000028e+02
-1.012500000000000000e+02
-8.786100000000000421e+01
-6.351200000000000045e+01
-5.012699999999999534e+01
-3.683699999999999619e+01
-1.939900000000000091e+01
8.919500000000000206e-01
1.997799999999999798e+01
2.806900000000000261e+01
2.132900000000000063e+01
1.867699999999999960e+01
1.348900000000000077e+01
8.490899999999999892e+00
9.766299999999999315e+00
-4.041800000000000281e+00
-1.715299999999999869e+01
-1.907799999999999940e+01
-1.663299999999999912e+01
-1.748300000000000054e+01
-1.915700000000000003e+01
-2.149599999999999866e+01
-3.736699999999999733e+01
