  Time his fn  matched to spectrum:Sclrel_output/st06.h.freq.tgt                
   3000    1.00000E-02  0  0  0.  0.  0.  0.  0.
 -0.87995E-02 -0.16182E-01 -0.13976E-01 -0.14678E-01 -0.14550E-01 -0.14539E-01
 -0.14586E-01 -0.14576E-01 -0.14644E-01 -0.14621E-01 -0.14748E-01 -0.14704E-01
 -0.14891E-01 -0.14849E-01 -0.15099E-01 -0.15075E-01 -0.15389E-01 -0.15400E-01
 -0.15786E-01 -0.15840E-01 -0.16300E-01 -0.16410E-01 -0.16932E-01 -0.17091E-01
 -0.17686E-01 -0.17898E-01 -0.18550E-01 -0.18805E-01 -0.19509E-01 -0.19791E-01
 -0.20519E-01 -0.20806E-01 -0.21540E-01 -0.21816E-01 -0.22540E-01 -0.22783E-01
 -0.23473E-01 -0.23664E-01 -0.24294E-01 -0.24413E-01 -0.24983E-01 -0.25032E-01
 -0.25534E-01 -0.25513E-01 -0.25952E-01 -0.25869E-01 -0.26251E-01 -0.26110E-01
 -0.26442E-01 -0.26250E-01 -0.26542E-01 -0.26312E-01 -0.26569E-01 -0.26303E-01
 -0.26527E-01 -0.26219E-01 -0.26400E-01 -0.26030E-01 -0.26148E-01 -0.25722E-01
 -0.25783E-01 -0.25298E-01 -0.25307E-01 -0.24783E-01 -0.24771E-01 -0.24221E-01
 -0.24188E-01 -0.23616E-01 -0.23570E-01 -0.22980E-01 -0.22910E-01 -0.22293E-01
 -0.22186E-01 -0.21510E-01 -0.21332E-01 -0.20565E-01 -0.20280E-01 -0.19384E-01
 -0.18948E-01 -0.17894E-01 -0.17295E-01 -0.16067E-01 -0.15294E-01 -0.13889E-01
 -0.12953E-01 -0.11400E-01 -0.10333E-01 -0.86529E-02 -0.74805E-02 -0.57163E-02
 -0.44644E-02 -0.26198E-02 -0.12935E-02  0.62535E-03  0.20281E-02  0.40472E-02
  0.55686E-02  0.77258E-02  0.94119E-02  0.11760E-01  0.13660E-01  0.16246E-01
  0.18399E-01  0.21250E-01  0.23673E-01  0.26786E-01  0.29451E-01  0.32794E-01
  0.35647E-01  0.39134E-01  0.42088E-01  0.45627E-01  0.48581E-01  0.52050E-01
  0.54875E-01  0.58166E-01  0.60747E-01  0.63761E-01  0.66024E-01  0.68673E-01
  0.70553E-01  0.72807E-01  0.74276E-01  0.76113E-01  0.77175E-01  0.78615E-01
  0.79279E-01  0.80342E-01  0.80642E-01  0.81356E-01  0.81326E-01  0.81722E-01
  0.81385E-01  0.81490E-01  0.80878E-01  0.80721E-01  0.79846E-01  0.79431E-01
  0.78321E-01  0.77684E-01  0.76354E-01  0.75519E-01  0.74026E-01  0.73035E-01
  0.71380E-01  0.70276E-01  0.68548E-01  0.67371E-01  0.65584E-01  0.64378E-01
  0.62577E-01  0.61369E-01  0.59573E-01  0.58382E-01  0.56605E-01  0.55424E-01
  0.53644E-01  0.52446E-01  0.50626E-01  0.49365E-01  0.47470E-01  0.46104E-01
  0.44068E-01  0.42542E-01  0.40318E-01  0.38581E-01  0.36125E-01  0.34154E-01
  0.31463E-01  0.29257E-01  0.26341E-01  0.23928E-01  0.20840E-01  0.18292E-01
  0.15112E-01  0.12530E-01  0.93604E-02  0.68549E-02  0.38216E-02  0.15112E-02
 -0.12741E-02 -0.32908E-02 -0.57473E-02 -0.74019E-02 -0.94801E-02 -0.10761E-01
 -0.12479E-01 -0.13423E-01 -0.14851E-01 -0.15549E-01 -0.16799E-01 -0.17399E-01
 -0.18624E-01 -0.19273E-01 -0.20628E-01 -0.21475E-01 -0.23114E-01 -0.24330E-01
 -0.26465E-01 -0.28690E-01 -0.32123E-01 -0.34593E-01 -0.37206E-01 -0.39132E-01
 -0.41681E-01 -0.43587E-01 -0.46099E-01 -0.47943E-01 -0.50349E-01 -0.52056E-01
 -0.54307E-01 -0.55836E-01 -0.57908E-01 -0.59292E-01 -0.61240E-01 -0.62517E-01
 -0.64379E-01 -0.65567E-01 -0.67432E-01 -0.68802E-01 -0.70909E-01 -0.72473E-01
 -0.74748E-01 -0.76438E-01 -0.78771E-01 -0.80445E-01 -0.82688E-01 -0.84185E-01
 -0.86160E-01 -0.87287E-01 -0.88795E-01 -0.89392E-01 -0.90318E-01 -0.90296E-01
 -0.90601E-01 -0.89973E-01 -0.89723E-01 -0.88602E-01 -0.87953E-01 -0.86544E-01
 -0.85709E-01 -0.84228E-01 -0.83443E-01 -0.82096E-01 -0.81503E-01 -0.80384E-01
 -0.79994E-01 -0.78946E-01 -0.78366E-01 -0.76667E-01 -0.74356E-01 -0.69109E-01
 -0.59634E-01 -0.43580E-01 -0.37709E-01 -0.64578E-01 -0.11670E+00 -0.14525E+00
 -0.12387E+00 -0.81988E-01 -0.72841E-01 -0.11196E+00 -0.14239E+00 -0.93794E-01
 -0.10388E-01  0.17065E-01 -0.20906E-01 -0.76982E-01 -0.11624E+00 -0.11281E+00
 -0.74689E-01 -0.41102E-01 -0.33669E-01 -0.41558E-01 -0.66694E-01 -0.95443E-01
 -0.86604E-01 -0.40932E-01 -0.27503E-01 -0.84616E-01 -0.14580E+00 -0.11193E+00
 -0.17297E-01  0.22715E-01 -0.15421E-01 -0.69048E-01 -0.91909E-01 -0.64993E-01
 -0.17221E-01 -0.52442E-03 -0.16316E-01 -0.16020E-01  0.52036E-02  0.21285E-01
  0.38256E-01  0.65001E-01  0.79705E-01  0.79141E-01  0.65924E-01  0.49580E-01
  0.49057E-01  0.58160E-01  0.66131E-01  0.95448E-01  0.14216E+00  0.18204E+00
  0.20213E+00  0.19631E+00  0.17456E+00  0.16380E+00  0.15854E+00  0.15827E+00
  0.17805E+00  0.19649E+00  0.19786E+00  0.23339E+00  0.31821E+00  0.40779E+00
  0.48441E+00  0.54786E+00  0.57258E+00  0.56337E+00  0.55730E+00  0.58193E+00
  0.58362E+00  0.45933E+00  0.22939E+00 -0.11863E-01 -0.30187E+00 -0.62300E+00
 -0.81142E+00 -0.81445E+00 -0.67682E+00 -0.38876E+00  0.18735E-01  0.49297E+00
  0.10261E+01  0.15457E+01  0.18509E+01  0.17500E+01  0.12514E+01  0.64507E+00
  0.18512E+00 -0.23188E+00 -0.79250E+00 -0.13809E+01 -0.17690E+01 -0.18732E+01
 -0.17548E+01 -0.14832E+01 -0.10232E+01 -0.36432E+00  0.26612E+00  0.57811E+00
  0.62795E+00  0.68295E+00  0.77926E+00  0.80384E+00  0.72815E+00  0.57035E+00
  0.26767E+00 -0.21904E+00 -0.81574E+00 -0.13826E+01 -0.16949E+01 -0.15765E+01
 -0.11186E+01 -0.50908E+00  0.12253E+00  0.62028E+00  0.79490E+00  0.61667E+00
  0.25827E+00 -0.12430E+00 -0.45805E+00 -0.59387E+00 -0.36491E+00  0.30762E-01
  0.11917E+00 -0.16760E+00 -0.49902E+00 -0.58428E+00 -0.35214E+00 -0.15543E-01
  0.12332E+00  0.28764E-01 -0.14263E+00 -0.31800E+00 -0.44578E+00 -0.37823E+00
 -0.13049E+00  0.92742E-01  0.26511E+00  0.47313E+00  0.60363E+00  0.46338E+00
 -0.47454E-01 -0.79641E+00 -0.13817E+01 -0.14537E+01 -0.99296E+00 -0.24020E+00
  0.43150E+00  0.85142E+00  0.11560E+01  0.13313E+01  0.11451E+01  0.55697E+00
 -0.28461E+00 -0.11226E+01 -0.14804E+01 -0.10703E+01 -0.26659E+00  0.42268E+00
  0.86025E+00  0.10536E+01  0.10357E+01  0.91804E+00  0.80375E+00  0.74398E+00
  0.63982E+00  0.47866E+00  0.49733E+00  0.73492E+00  0.96184E+00  0.94742E+00
  0.44498E+00 -0.49037E+00 -0.13931E+01 -0.18628E+01 -0.17459E+01 -0.11360E+01
 -0.44946E+00 -0.76411E-02  0.43384E+00  0.12825E+01  0.22630E+01  0.26938E+01
  0.23830E+01  0.15726E+01  0.49250E+00 -0.60162E+00 -0.14038E+01 -0.15728E+01
 -0.11693E+01 -0.68593E+00 -0.90491E-01  0.79061E+00  0.13461E+01  0.10466E+01
  0.54924E+00  0.70740E+00  0.12290E+01  0.15321E+01  0.15058E+01  0.11597E+01
  0.66880E+00  0.17747E+00 -0.36255E+00 -0.75792E+00 -0.86491E+00 -0.74904E+00
 -0.49790E+00 -0.39334E+00 -0.42764E+00 -0.14017E+00  0.44929E+00  0.10708E+01
  0.20277E+01  0.33577E+01  0.43566E+01  0.43949E+01  0.31389E+01  0.99538E+00
 -0.90632E+00 -0.19632E+01 -0.23870E+01 -0.24140E+01 -0.19632E+01 -0.96809E+00
  0.15762E+00  0.94431E+00  0.14373E+01  0.16868E+01  0.17049E+01  0.16210E+01
  0.11320E+01  0.25879E+00 -0.36093E+00 -0.67493E+00 -0.74849E+00 -0.63576E-01
  0.13879E+01  0.26680E+01  0.29731E+01  0.24721E+01  0.15948E+01  0.29323E+00
 -0.15164E+01 -0.32769E+01 -0.41436E+01 -0.38953E+01 -0.28902E+01 -0.16640E+01
 -0.88391E+00 -0.61083E+00 -0.32755E+00  0.78505E-01  0.50773E+00  0.94994E+00
  0.11630E+01  0.74661E+00 -0.30539E+00 -0.13676E+01 -0.19301E+01 -0.20938E+01
 -0.21114E+01 -0.17886E+01 -0.84491E+00  0.32491E+00  0.93002E+00  0.52446E+00
 -0.52054E+00 -0.14156E+01 -0.18139E+01 -0.18008E+01 -0.16708E+01 -0.15719E+01
 -0.13537E+01 -0.90114E+00 -0.38378E+00 -0.34616E+00 -0.10929E+01 -0.20228E+01
 -0.24377E+01 -0.24283E+01 -0.21954E+01 -0.16602E+01 -0.10223E+01 -0.37192E+00
  0.62747E+00  0.18517E+01  0.26693E+01  0.28167E+01  0.22945E+01  0.14020E+01
  0.73411E+00  0.40310E+00  0.16672E+00 -0.83261E-01 -0.49799E+00 -0.12081E+01
 -0.20577E+01 -0.26369E+01 -0.26428E+01 -0.22812E+01 -0.19979E+01 -0.17617E+01
 -0.11141E+01  0.35456E+00  0.25194E+01  0.44443E+01  0.52371E+01  0.49931E+01
  0.40116E+01  0.23608E+01  0.51324E+00 -0.94662E+00 -0.19101E+01 -0.24350E+01
 -0.23312E+01 -0.16713E+01 -0.11829E+01 -0.13022E+01 -0.13149E+01 -0.47525E+00
  0.58843E+00  0.93937E+00  0.85234E+00  0.10651E+01  0.14417E+01  0.13641E+01
  0.10441E+01  0.13574E+01  0.21627E+01  0.25338E+01  0.20588E+01  0.95229E+00
 -0.62526E-01 -0.21551E+00  0.16894E+00 -0.97364E-01 -0.93029E+00 -0.12507E+01
 -0.59619E+00  0.86019E+00  0.20462E+01  0.22924E+01  0.22830E+01  0.23665E+01
  0.21241E+01  0.13987E+01  0.78011E+00  0.78458E+00  0.80560E+00  0.31454E+00
 -0.35151E+00 -0.88334E+00 -0.11417E+01 -0.97693E+00 -0.59417E+00 -0.35272E+00
 -0.93122E-01  0.19046E+00  0.35519E+00  0.82330E+00  0.13231E+01  0.10907E+01
  0.13773E+00 -0.12025E+01 -0.23824E+01 -0.28518E+01 -0.26337E+01 -0.21233E+01
 -0.18290E+01 -0.16095E+01 -0.11727E+01 -0.11806E+01 -0.17880E+01 -0.20533E+01
 -0.18846E+01 -0.18420E+01 -0.16188E+01 -0.95467E+00 -0.34262E+00 -0.55808E-01
 -0.41675E+00 -0.16672E+01 -0.30230E+01 -0.37180E+01 -0.38465E+01 -0.33769E+01
 -0.21448E+01 -0.68125E+00  0.30681E+00  0.81360E+00  0.90203E+00  0.17924E+00
 -0.96266E+00 -0.12395E+01 -0.52458E+00  0.22587E+00  0.44799E+00  0.23225E+00
  0.13495E+00  0.41165E+00  0.77348E+00  0.95928E+00  0.76224E+00  0.11189E+00
 -0.86024E+00 -0.17545E+01 -0.18627E+01 -0.85159E+00  0.55887E+00  0.12433E+01
  0.99003E+00  0.73175E+00  0.11487E+01  0.17527E+01  0.18976E+01  0.16418E+01
  0.12053E+01  0.92278E+00  0.11462E+01  0.15278E+01  0.16995E+01  0.19483E+01
  0.23583E+01  0.26321E+01  0.26294E+01  0.24577E+01  0.24544E+01  0.30464E+01
  0.42479E+01  0.53807E+01  0.54316E+01  0.40701E+01  0.22490E+01  0.11632E+01
  0.78938E+00  0.24316E+00 -0.83563E+00 -0.19126E+01 -0.24124E+01 -0.23334E+01
 -0.18370E+01 -0.10390E+01 -0.53072E+00 -0.80290E+00 -0.12560E+01 -0.11436E+01
 -0.73756E+00 -0.51620E+00 -0.99973E+00 -0.32498E+01 -0.70825E+01 -0.10412E+02
 -0.12270E+02 -0.13859E+02 -0.15897E+02 -0.17830E+02 -0.19026E+02 -0.18695E+02
 -0.15896E+02 -0.99938E+01 -0.19926E+01  0.52337E+01  0.97481E+01  0.11833E+02
  0.12376E+02  0.11164E+02  0.74571E+01  0.31911E+01  0.19086E+01  0.41513E+01
  0.78985E+01  0.10900E+02  0.11678E+02  0.10854E+02  0.10216E+02  0.10197E+02
  0.93462E+01  0.66148E+01  0.29523E+01 -0.73304E-02 -0.10976E+01 -0.25886E+00
  0.10827E+01  0.20821E+01  0.25956E+01  0.13695E+01 -0.22065E+01 -0.67921E+01
 -0.10310E+02 -0.10680E+02 -0.79525E+01 -0.47363E+01 -0.26629E+01 -0.10487E+01
  0.13577E+01  0.46144E+01  0.71607E+01  0.77572E+01  0.71916E+01  0.68844E+01
  0.65101E+01  0.50661E+01  0.34502E+01  0.29422E+01  0.33761E+01  0.46180E+01
  0.60617E+01  0.66365E+01  0.69807E+01  0.76196E+01  0.72893E+01  0.55961E+01
  0.34102E+01  0.54207E+00 -0.31409E+01 -0.56238E+01 -0.53730E+01 -0.37538E+01
 -0.21839E+01 -0.13172E+01 -0.28413E+01 -0.55782E+01 -0.59338E+01 -0.47966E+01
 -0.56605E+01 -0.10270E+02 -0.18315E+02 -0.26545E+02 -0.31874E+02 -0.34721E+02
 -0.35612E+02 -0.32191E+02 -0.23718E+02 -0.14281E+02 -0.69714E+01 -0.15150E+00
  0.81494E+01  0.16841E+02  0.22685E+02  0.23843E+02  0.23627E+02  0.26204E+02
  0.29090E+02  0.26900E+02  0.19328E+02  0.10393E+02  0.30997E+01 -0.17170E+01
 -0.32964E+01 -0.20240E+01 -0.78092E+00 -0.57472E+00  0.33023E+00  0.20447E+01
  0.32816E+01  0.12036E+01 -0.64334E+01 -0.14817E+02 -0.17981E+02 -0.16970E+02
 -0.15932E+02 -0.18505E+02 -0.25493E+02 -0.33422E+02 -0.38371E+02 -0.39360E+02
 -0.39016E+02 -0.38767E+02 -0.36242E+02 -0.31989E+02 -0.29227E+02 -0.28057E+02
 -0.25837E+02 -0.19682E+02 -0.11073E+02 -0.25723E+01  0.96429E+01  0.28035E+02
  0.48319E+02  0.65819E+02  0.76388E+02  0.78764E+02  0.78606E+02  0.80549E+02
  0.81568E+02  0.77901E+02  0.70386E+02  0.62112E+02  0.57253E+02  0.57106E+02
  0.56280E+02  0.48159E+02  0.31923E+02  0.13166E+02 -0.16526E+01 -0.10504E+02
 -0.16741E+02 -0.24979E+02 -0.34110E+02 -0.38917E+02 -0.36748E+02 -0.28177E+02
 -0.17653E+02 -0.10916E+02 -0.85813E+01 -0.88846E+01 -0.11441E+02 -0.13767E+02
 -0.11715E+02 -0.50433E+01  0.18001E+01  0.49058E+01  0.21110E+01 -0.61675E+01
 -0.13687E+02 -0.13570E+02 -0.62630E+01  0.20884E+01  0.72372E+01  0.91189E+01
  0.66679E+01 -0.18073E+01 -0.12313E+02 -0.18682E+02 -0.19453E+02 -0.17264E+02
 -0.17153E+02 -0.21749E+02 -0.26714E+02 -0.28455E+02 -0.30043E+02 -0.31882E+02
 -0.29368E+02 -0.24446E+02 -0.23964E+02 -0.27706E+02 -0.30250E+02 -0.29579E+02
 -0.27298E+02 -0.23814E+02 -0.17204E+02 -0.70406E+01  0.23374E+01  0.56351E+01
  0.34544E+01  0.19917E+00 -0.25402E+01 -0.38144E+01 -0.14010E+01  0.30671E+01
  0.60071E+01  0.80218E+01  0.88662E+01  0.65588E+01  0.60808E+01  0.10874E+02
  0.13979E+02  0.10007E+02  0.14566E+01 -0.76509E+01 -0.15153E+02 -0.18365E+02
 -0.15781E+02 -0.12724E+02 -0.15553E+02 -0.22369E+02 -0.28027E+02 -0.31730E+02
 -0.33538E+02 -0.30885E+02 -0.25190E+02 -0.22667E+02 -0.24361E+02 -0.23834E+02
 -0.16437E+02 -0.73320E+01 -0.45159E+01 -0.60535E+01 -0.42144E+01  0.97133E+00
  0.33511E+01  0.26279E+01  0.23131E+01  0.22674E+01  0.17834E+01  0.14592E+01
 -0.39169E+00 -0.54580E+01 -0.94224E+01 -0.42528E+01  0.10476E+02  0.22536E+02
  0.22491E+02  0.17172E+02  0.16659E+02  0.22848E+02  0.35066E+02  0.49964E+02
  0.59345E+02  0.58429E+02  0.49786E+02  0.37208E+02  0.25328E+02  0.20314E+02
  0.24705E+02  0.36097E+02  0.45701E+02  0.44633E+02  0.35438E+02  0.26545E+02
  0.21345E+02  0.18645E+02  0.19140E+02  0.26178E+02  0.37444E+02  0.44513E+02
  0.42917E+02  0.36027E+02  0.29335E+02  0.24984E+02  0.23704E+02  0.26317E+02
  0.30742E+02  0.32795E+02  0.29790E+02  0.22965E+02  0.18087E+02  0.19116E+02
  0.22366E+02  0.23679E+02  0.22884E+02  0.17995E+02  0.66763E+01 -0.84606E+01
 -0.20138E+02 -0.21643E+02 -0.15439E+02 -0.99407E+01 -0.81545E+01 -0.64407E+01
 -0.28896E+00  0.10476E+02  0.20198E+02  0.22040E+02  0.14468E+02 -0.15017E+01
 -0.25064E+02 -0.47778E+02 -0.58439E+02 -0.58325E+02 -0.58448E+02 -0.63834E+02
 -0.69784E+02 -0.72226E+02 -0.72236E+02 -0.70924E+02 -0.68195E+02 -0.63770E+02
 -0.55955E+02 -0.45290E+02 -0.36278E+02 -0.29887E+02 -0.22832E+02 -0.14230E+02
 -0.49586E+01  0.38750E+01  0.87992E+01  0.73358E+01  0.31568E+01  0.58876E+00
 -0.39407E+01 -0.14593E+02 -0.26901E+02 -0.33262E+02 -0.30886E+02 -0.23221E+02
 -0.14764E+02 -0.69745E+01  0.32584E+00  0.71491E+01  0.11966E+02  0.12961E+02
  0.10505E+02  0.77829E+01  0.84817E+01  0.13330E+02  0.21305E+02  0.29705E+02
  0.34294E+02  0.35999E+02  0.37269E+02  0.33339E+02  0.20288E+02  0.37873E+01
 -0.83759E+01 -0.15131E+02 -0.20015E+02 -0.23495E+02 -0.22244E+02 -0.16728E+02
 -0.10841E+02 -0.49122E+01 -0.58013E+00 -0.16687E+01 -0.36712E+01  0.87395E+00
  0.98879E+01  0.15373E+02  0.14185E+02  0.97588E+01  0.41230E+01 -0.32212E+01
 -0.91374E+01 -0.99629E+01 -0.82094E+01 -0.63159E+01 -0.30237E+01 -0.22937E+00
 -0.84873E+00 -0.27723E+01 -0.14008E+01  0.42600E+01  0.98100E+01  0.10186E+02
  0.41556E+01 -0.50554E+01 -0.13422E+02 -0.18653E+02 -0.19353E+02 -0.15659E+02
 -0.90042E+01 -0.92473E+00  0.73715E+01  0.14979E+02  0.18518E+02  0.15061E+02
  0.89788E+01  0.58944E+01  0.47421E+01  0.32848E+01  0.19494E+01  0.10657E+00
 -0.33011E+01 -0.72296E+01 -0.10769E+02 -0.12100E+02 -0.84282E+01 -0.82495E+00
  0.70363E+01  0.11873E+02  0.10737E+02  0.56278E+01  0.20863E+01  0.14597E+01
  0.33200E+01  0.10351E+02  0.23408E+02  0.38384E+02  0.50709E+02  0.57700E+02
  0.58277E+02  0.54709E+02  0.49641E+02  0.41358E+02  0.29857E+02  0.19548E+02
  0.10325E+02  0.16100E+01 -0.27135E+01 -0.46858E+01 -0.11239E+02 -0.24478E+02
 -0.39073E+02 -0.47744E+02 -0.49681E+02 -0.45262E+02 -0.32426E+02 -0.12645E+02
  0.89138E+01  0.28001E+02  0.43393E+02  0.53501E+02  0.55677E+02  0.53564E+02
  0.52179E+02  0.49796E+02  0.43305E+02  0.34223E+02  0.23988E+02  0.12156E+02
  0.38860E+01  0.34558E+01  0.74794E+01  0.14928E+02  0.25375E+02  0.35285E+02
  0.41765E+02  0.44916E+02  0.43160E+02  0.31002E+02  0.13151E+02 -0.52462E+01
 -0.26980E+02 -0.48302E+02 -0.64481E+02 -0.73256E+02 -0.75450E+02 -0.77031E+02
 -0.81779E+02 -0.91959E+02 -0.10283E+03 -0.11026E+03 -0.11576E+03 -0.11917E+03
 -0.12197E+03 -0.11306E+03 -0.99655E+02 -0.86042E+02 -0.56041E+02 -0.26574E+02
 -0.10821E+02 -0.38639E+00  0.13118E+02  0.29916E+02  0.46612E+02  0.56471E+02
  0.57159E+02  0.58961E+02  0.62242E+02  0.60591E+02  0.57710E+02  0.55512E+02
  0.54359E+02  0.52998E+02  0.45700E+02  0.34365E+02  0.28732E+02  0.28912E+02
  0.29192E+02  0.24509E+02  0.12562E+02  0.50090E+00 -0.49532E+01 -0.52345E+01
 -0.50050E+01 -0.61577E+01 -0.79240E+01 -0.10342E+02 -0.14742E+02 -0.23313E+02
 -0.31973E+02 -0.34295E+02 -0.32093E+02 -0.28586E+02 -0.21786E+02 -0.11850E+02
 -0.52520E+01 -0.55260E+01 -0.52085E+01  0.35203E+01  0.14742E+02  0.17980E+02
  0.14378E+02  0.11852E+02  0.14243E+02  0.19412E+02  0.22256E+02  0.21323E+02
  0.20298E+02  0.19319E+02  0.15411E+02  0.90864E+01  0.23319E+01 -0.21952E+01
 -0.18941E+01  0.16742E+01  0.51041E+01  0.79897E+01  0.10094E+02  0.10215E+02
  0.89969E+01  0.63110E+01  0.38283E+00 -0.85081E+01 -0.17376E+02 -0.23388E+02
 -0.23863E+02 -0.17471E+02 -0.76088E+01 -0.13137E+00  0.13942E+01 -0.16683E+01
 -0.52380E+01 -0.75672E+01 -0.91507E+01 -0.94744E+01 -0.80187E+01 -0.57362E+01
 -0.36775E+01 -0.26580E+01 -0.13190E+01  0.18209E+01  0.43684E+01  0.40835E+01
  0.26234E+01  0.30583E+01  0.46947E+01  0.36136E+01 -0.34820E+00 -0.34725E+01
 -0.28467E+01  0.17322E+00  0.18868E+01  0.31247E+01  0.77080E+01  0.15415E+02
  0.21362E+02  0.21391E+02  0.15629E+02  0.81388E+01  0.33139E+01  0.19468E+01
  0.25004E+01  0.28116E+01  0.23075E+01  0.24022E+01  0.31067E+01  0.27802E+01
  0.19150E+01  0.21429E+01  0.24291E+01  0.26626E+01  0.43457E+01  0.62213E+01
  0.59186E+01  0.35720E+01  0.22902E+00 -0.38528E+01 -0.73699E+01 -0.78919E+01
 -0.36632E+01  0.20412E+01  0.24238E+01 -0.21334E+01 -0.44812E+01 -0.21337E+01
  0.24990E+01  0.75655E+01  0.10587E+02  0.99513E+01  0.68151E+01  0.25884E+01
 -0.11600E+01 -0.28119E+01 -0.29744E+01 -0.44400E+01 -0.80798E+01 -0.11474E+02
 -0.13186E+02 -0.12777E+02 -0.88581E+01 -0.23370E+01  0.31466E+01  0.55903E+01
  0.54026E+01  0.22947E+01 -0.26922E+01 -0.66304E+01 -0.88107E+01 -0.90192E+01
 -0.62244E+01 -0.21404E+01  0.24852E+00  0.73011E+00  0.94088E+00  0.16708E+01
  0.22724E+01  0.36150E+01  0.75132E+01  0.11879E+02  0.13622E+02  0.13382E+02
  0.12478E+02  0.10641E+02  0.88634E+01  0.84988E+01  0.86026E+01  0.77665E+01
  0.61920E+01  0.49311E+01  0.45507E+01  0.51732E+01  0.63385E+01  0.61749E+01
  0.29654E+01 -0.26013E+01 -0.89988E+01 -0.15579E+02 -0.20602E+02 -0.21109E+02
 -0.16741E+02 -0.10914E+02 -0.74143E+01 -0.78094E+01 -0.10853E+02 -0.13129E+02
 -0.13339E+02 -0.13646E+02 -0.14028E+02 -0.12500E+02 -0.10004E+02 -0.83221E+01
 -0.64487E+01 -0.29816E+01  0.13996E+01  0.56164E+01  0.88563E+01  0.10335E+02
  0.10050E+02  0.76956E+01  0.32688E+01 -0.16964E+01 -0.57283E+01 -0.77946E+01
 -0.67863E+01 -0.34960E+01 -0.16000E+01 -0.24571E+01 -0.35807E+01 -0.43515E+01
 -0.50691E+01 -0.44620E+01 -0.32674E+01 -0.31617E+01 -0.35945E+01 -0.33099E+01
 -0.27956E+01 -0.38442E+01 -0.56700E+01 -0.52139E+01 -0.20708E+01  0.12152E+01
  0.29767E+01  0.28398E+01  0.15131E+01  0.11774E+01  0.28166E+01  0.45910E+01
  0.46367E+01  0.34610E+01  0.29968E+01  0.53094E+01  0.92940E+01  0.11714E+02
  0.12933E+02  0.14733E+02  0.15946E+02  0.14880E+02  0.11487E+02  0.67382E+01
  0.29681E+01  0.10916E+01 -0.99112E-01 -0.92052E+00 -0.17297E+01 -0.33219E+01
 -0.56391E+01 -0.90854E+01 -0.12971E+02 -0.14246E+02 -0.12799E+02 -0.10846E+02
 -0.81067E+01 -0.51795E+01 -0.46523E+01 -0.57344E+01 -0.55421E+01 -0.41638E+01
 -0.31155E+01 -0.24294E+01 -0.15511E+01 -0.33262E+00  0.16726E+01  0.49396E+01
  0.83950E+01  0.99397E+01  0.89213E+01  0.62668E+01  0.32651E+01  0.11969E+01
  0.14416E+01  0.41165E+01  0.68824E+01  0.78356E+01  0.71526E+01  0.54293E+01
  0.30660E+01  0.85611E+00 -0.58204E+00 -0.13068E+01 -0.13921E+01 -0.11597E+01
 -0.89272E+00 -0.62245E+00 -0.77661E+00 -0.15440E+01 -0.19425E+01 -0.95475E+00
  0.11872E+01  0.34165E+01  0.46052E+01  0.40907E+01  0.23664E+01  0.72980E+00
 -0.15757E+00 -0.48727E+00 -0.64115E+00 -0.45966E+00 -0.18738E+00 -0.57965E+00
 -0.27435E+00  0.15270E+01  0.27392E+01  0.28735E+01  0.29736E+01  0.23463E+01
  0.88701E+00 -0.88852E-01  0.51026E-02  0.14345E+01  0.38581E+01  0.54030E+01
  0.44984E+01  0.18254E+01 -0.40884E+00 -0.81201E+00 -0.48716E+00 -0.66900E+00
 -0.39653E+00  0.34753E+00 -0.56514E+00 -0.33236E+01 -0.50867E+01 -0.45201E+01
 -0.29972E+01 -0.14965E+01  0.13242E+00  0.18816E+01  0.32760E+01  0.38420E+01
  0.30541E+01  0.15359E+01  0.95149E+00  0.16318E+01  0.23941E+01  0.18213E+01
 -0.30885E+00 -0.25244E+01 -0.36892E+01 -0.41592E+01 -0.42453E+01 -0.38746E+01
 -0.29564E+01 -0.14601E+01 -0.25572E+00 -0.68337E+00 -0.27098E+01 -0.43229E+01
 -0.37177E+01 -0.15573E+01  0.36113E+00  0.13253E+01  0.13287E+01  0.48054E+00
 -0.90153E-01  0.49012E+00  0.14257E+01  0.18645E+01  0.15943E+01  0.70812E+00
 -0.51200E-01 -0.15312E+00 -0.13972E+00 -0.53013E+00 -0.10459E+01 -0.10337E+01
 -0.37677E+00  0.23860E+00  0.42656E+00  0.38371E+00  0.31956E+00  0.17324E+00
 -0.18043E+00 -0.44950E+00 -0.35759E+00 -0.11451E+00  0.17696E-01  0.10239E+00
  0.26563E+00  0.46835E+00  0.80279E+00  0.12549E+01  0.13664E+01  0.97248E+00
  0.52343E+00  0.35525E+00  0.47439E+00  0.69540E+00  0.78449E+00  0.70094E+00
  0.49768E+00  0.18227E+00 -0.15390E+00 -0.28690E+00 -0.15941E+00  0.14258E-01
  0.85928E-01  0.80724E-01  0.10559E+00  0.17579E+00  0.19566E+00  0.23150E+00
  0.41881E+00  0.66269E+00  0.85321E+00  0.95122E+00  0.79087E+00  0.41400E+00
  0.21046E+00  0.16251E+00 -0.17295E+00 -0.82116E+00 -0.13935E+01 -0.16261E+01
 -0.15528E+01 -0.13826E+01 -0.12753E+01 -0.12864E+01 -0.14053E+01 -0.15429E+01
 -0.16261E+01 -0.17079E+01 -0.17473E+01 -0.15681E+01 -0.11333E+01 -0.61942E+00
 -0.27149E+00 -0.16748E+00 -0.20270E+00 -0.26499E+00 -0.24123E+00 -0.16989E+00
 -0.23218E+00 -0.43313E+00 -0.68400E+00 -0.88408E+00 -0.85054E+00 -0.61318E+00
 -0.33026E+00  0.73308E-01  0.58431E+00  0.92306E+00  0.99159E+00  0.92610E+00
  0.70678E+00  0.21150E+00 -0.33660E+00 -0.71086E+00 -0.90395E+00 -0.86631E+00
 -0.65794E+00 -0.35071E+00  0.37532E-01  0.37931E+00  0.64924E+00  0.95001E+00
  0.11984E+01  0.11771E+01  0.95748E+00  0.87321E+00  0.95837E+00  0.90252E+00
  0.60959E+00  0.19765E+00 -0.17146E+00 -0.31787E+00 -0.14437E+00  0.35106E+00
  0.98675E+00  0.15312E+01  0.19147E+01  0.20713E+01  0.18781E+01  0.14406E+01
  0.10236E+01  0.70900E+00  0.49479E+00  0.48035E+00  0.54305E+00  0.23293E+00
 -0.38827E+00 -0.75881E+00 -0.81124E+00 -0.76283E+00 -0.62860E+00 -0.57778E+00
 -0.77016E+00 -0.10724E+01 -0.12951E+01 -0.12418E+01 -0.96969E+00 -0.69814E+00
 -0.28602E+00  0.26679E+00  0.58831E+00  0.63769E+00  0.63505E+00  0.55207E+00
  0.33908E+00  0.18969E+00  0.22840E+00  0.26909E+00  0.15292E+00 -0.22888E-01
 -0.42302E-01  0.22184E+00  0.64659E+00  0.10021E+01  0.11382E+01  0.10576E+01
  0.82732E+00  0.44174E+00  0.49591E-01 -0.13997E+00 -0.20541E+00 -0.31041E+00
 -0.41115E+00 -0.33776E+00 -0.88922E-01  0.20441E+00  0.48609E+00  0.69477E+00
  0.75720E+00  0.70801E+00  0.60839E+00  0.45964E+00  0.29242E+00  0.14158E+00
  0.26683E-01  0.84746E-01  0.37761E+00  0.51440E+00  0.29874E+00  0.28785E+00
  0.62025E+00  0.69263E+00  0.29884E+00 -0.42667E+00 -0.13065E+01 -0.20330E+01
 -0.25510E+01 -0.29766E+01 -0.31488E+01 -0.27971E+01 -0.20999E+01 -0.15944E+01
 -0.14636E+01 -0.14401E+01 -0.13045E+01 -0.11158E+01 -0.10385E+01 -0.11285E+01
 -0.11404E+01 -0.88415E+00 -0.54711E+00 -0.23217E+00  0.95994E-01  0.41418E+00
  0.70969E+00  0.79280E+00  0.48436E+00 -0.59091E-01 -0.52328E+00 -0.65825E+00
 -0.43127E+00 -0.14603E+00  0.24294E-01  0.26315E+00  0.45726E+00  0.42942E+00
  0.31420E+00  0.21277E+00  0.15780E+00  0.62098E-01 -0.18823E+00 -0.49384E+00
 -0.70886E+00 -0.67057E+00 -0.27115E+00  0.23876E+00  0.63360E+00  0.92025E+00
  0.10059E+01  0.84163E+00  0.56287E+00  0.36476E+00  0.38116E+00  0.57566E+00
  0.67366E+00  0.30841E+00 -0.31411E+00 -0.52325E+00 -0.29107E+00 -0.20085E-01
  0.17569E+00  0.43281E+00  0.85780E+00  0.10752E+01  0.72750E+00  0.86245E-01
 -0.48217E+00 -0.10035E+01 -0.16881E+01 -0.21611E+01 -0.17376E+01 -0.82724E+00
 -0.39468E+00 -0.43060E+00 -0.24457E+00  0.40844E+00  0.11358E+01  0.15962E+01
  0.18282E+01  0.20081E+01  0.23299E+01  0.26549E+01  0.24987E+01  0.18951E+01
  0.13365E+01  0.87468E+00  0.47548E+00  0.25785E+00 -0.88245E-01 -0.67768E+00
 -0.12958E+01 -0.21764E+01 -0.32826E+01 -0.39235E+01 -0.37234E+01 -0.30063E+01
 -0.23256E+01 -0.19425E+01 -0.16366E+01 -0.10605E+01 -0.22551E+00  0.57960E+00
  0.14486E+01  0.24793E+01  0.30388E+01  0.25710E+01  0.14876E+01  0.49606E+00
 -0.36053E+00 -0.11578E+01 -0.17108E+01 -0.20241E+01 -0.20459E+01 -0.16501E+01
 -0.97335E+00 -0.25004E+00  0.19073E+00  0.13775E+00 -0.10205E-01  0.37012E-01
  0.68221E-01  0.10072E-01  0.14983E+00  0.65941E+00  0.12475E+01  0.16188E+01
  0.17003E+01  0.14910E+01  0.11726E+01  0.10275E+01  0.83159E+00  0.19692E+00
 -0.43177E+00 -0.50804E+00 -0.30735E+00 -0.13927E+00  0.15424E+00  0.43141E+00
  0.30569E+00  0.73639E-02 -0.10943E+00 -0.16189E+00 -0.12122E+00  0.19636E+00
  0.66736E+00  0.12240E+01  0.18581E+01  0.22008E+01  0.20643E+01  0.16970E+01
  0.12757E+01  0.93260E+00  0.78988E+00  0.59959E+00  0.90704E-01 -0.31194E+00
 -0.15936E+00  0.59515E-01 -0.26696E+00 -0.92264E+00 -0.13434E+01 -0.12758E+01
 -0.77067E+00 -0.14310E+00  0.24856E+00  0.42417E+00  0.56194E+00  0.62301E+00
  0.49902E+00  0.30365E+00  0.28929E+00  0.49632E+00  0.75810E+00  0.79916E+00
  0.31025E+00 -0.48387E+00 -0.87813E+00 -0.76347E+00 -0.53458E+00 -0.31094E+00
 -0.11389E+00  0.22975E-01  0.13714E+00  0.25541E+00  0.30152E+00  0.14489E+00
 -0.12685E+00 -0.38643E+00 -0.70869E+00 -0.10436E+01 -0.11249E+01 -0.95232E+00
 -0.77220E+00 -0.64644E+00 -0.60955E+00 -0.68163E+00 -0.58879E+00 -0.22998E+00
 -0.52292E-01 -0.34352E+00 -0.81012E+00 -0.10299E+01 -0.73869E+00  0.41003E-02
  0.55429E+00  0.27814E+00 -0.50968E+00 -0.10542E+01 -0.12201E+01 -0.13196E+01
 -0.13068E+01 -0.10366E+01 -0.83139E+00 -0.90965E+00 -0.98834E+00 -0.64985E+00
  0.25123E+00  0.14195E+01  0.24346E+01  0.32417E+01  0.38053E+01  0.38249E+01
  0.34739E+01  0.31485E+01  0.26870E+01  0.18340E+01  0.80469E+00  0.22397E+00
  0.44547E+00  0.10723E+01  0.18232E+01  0.25698E+01  0.27691E+01  0.21725E+01
  0.11456E+01  0.27834E+00 -0.52969E-01 -0.13018E+00 -0.39855E+00 -0.76691E+00
 -0.10863E+01 -0.13118E+01 -0.12140E+01 -0.82646E+00 -0.80922E+00 -0.16284E+01
 -0.26698E+01 -0.29536E+01 -0.24446E+01 -0.20164E+01 -0.22362E+01 -0.26924E+01
 -0.27299E+01 -0.24735E+01 -0.22894E+01 -0.20705E+01 -0.18344E+01 -0.15746E+01
 -0.97734E+00 -0.29982E+00 -0.88324E-01 -0.68167E-02  0.71096E+00  0.17665E+01
  0.23227E+01  0.25595E+01  0.27474E+01  0.27430E+01  0.26846E+01  0.24380E+01
  0.19218E+01  0.15116E+01  0.12056E+01  0.71282E+00 -0.45828E-01 -0.10191E+01
 -0.21192E+01 -0.32639E+01 -0.42312E+01 -0.44774E+01 -0.38015E+01 -0.26731E+01
 -0.13618E+01  0.28193E+00  0.18795E+01  0.27241E+01  0.28709E+01  0.24959E+01
  0.16231E+01  0.71335E+00  0.81968E-01 -0.16417E+00 -0.37446E-01 -0.11317E+00
 -0.69502E+00 -0.12461E+01 -0.13632E+01 -0.12475E+01 -0.97412E+00 -0.42879E-01
  0.15836E+01  0.30454E+01  0.38298E+01  0.38555E+01  0.31265E+01  0.20911E+01
  0.11139E+01  0.27531E+00 -0.35675E+00 -0.99698E+00 -0.17349E+01 -0.21004E+01
 -0.18456E+01 -0.15360E+01 -0.17105E+01 -0.20853E+01 -0.22724E+01 -0.23720E+01
 -0.25050E+01 -0.26638E+01 -0.28114E+01 -0.27235E+01 -0.21683E+01 -0.14040E+01
 -0.92785E+00 -0.74993E+00 -0.43821E+00  0.15194E+00  0.71615E+00  0.10101E+01
  0.84033E+00  0.29430E+00 -0.27681E-01  0.17876E+00  0.70950E+00  0.13430E+01
  0.18046E+01  0.17936E+01  0.13725E+01  0.76813E+00  0.17896E+00 -0.79649E-01
  0.46315E-01  0.18553E+00 -0.88294E-01 -0.77436E+00 -0.14772E+01 -0.18300E+01
 -0.16182E+01 -0.92225E+00 -0.13112E+00  0.36847E+00  0.50207E+00  0.35371E+00
  0.23512E-01 -0.28901E+00 -0.47479E+00 -0.40475E+00 -0.10052E-01  0.44258E+00
  0.55895E+00  0.28471E+00 -0.76745E-02 -0.85087E-01 -0.50569E-01 -0.26037E-01
 -0.46123E-01 -0.12137E+00 -0.68373E-01  0.24025E+00  0.52289E+00  0.59537E+00
  0.67849E+00  0.99082E+00  0.14835E+01  0.19098E+01  0.18776E+01  0.12348E+01
  0.40173E+00 -0.80483E-01 -0.81697E-01  0.10724E+00  0.22858E+00  0.34138E+00
  0.52927E+00  0.59386E+00  0.37753E+00  0.77006E-01 -0.13730E+00 -0.28495E+00
 -0.37189E+00 -0.41259E+00 -0.45356E+00 -0.47311E+00 -0.33395E+00  0.12782E+00
  0.80204E+00  0.12589E+01  0.12510E+01  0.10130E+01  0.89460E+00  0.84629E+00
  0.51275E+00 -0.80207E-01 -0.48510E+00 -0.51644E+00 -0.33642E+00 -0.16685E+00
 -0.22194E+00 -0.49257E+00 -0.72100E+00 -0.78368E+00 -0.77035E+00 -0.74869E+00
 -0.75174E+00 -0.73322E+00 -0.50920E+00 -0.84971E-01  0.18174E+00  0.16689E+00
  0.26057E+00  0.63031E+00  0.88069E+00  0.72439E+00  0.39438E+00  0.22666E+00
  0.30352E+00  0.52181E+00  0.68239E+00  0.62319E+00  0.41428E+00  0.34450E+00
  0.54828E+00  0.74573E+00  0.62869E+00  0.31271E+00  0.67058E-01 -0.75559E-01
 -0.14162E+00 -0.11209E+00 -0.33151E-01  0.48611E-02 -0.15468E+00 -0.53395E+00
 -0.83769E+00 -0.90293E+00 -0.95359E+00 -0.11037E+01 -0.11477E+01 -0.91645E+00
 -0.46920E+00  0.88550E-01  0.67632E+00  0.10720E+01  0.11269E+01  0.10174E+01
  0.85847E+00  0.55065E+00  0.12160E+00 -0.24510E+00 -0.33178E+00 -0.12459E+00
  0.14542E-01 -0.61749E-01 -0.10056E-01  0.27351E+00  0.51219E+00  0.61945E+00
  0.66132E+00  0.61871E+00  0.52639E+00  0.47302E+00  0.37419E+00  0.65745E-01
 -0.35256E+00 -0.51986E+00 -0.25877E+00  0.13963E+00  0.28262E+00  0.12652E+00
 -0.45794E-01 -0.20734E-01  0.77742E-01  0.90335E-01  0.98023E-01  0.18869E+00
  0.32334E+00  0.46667E+00  0.52145E+00  0.41604E+00  0.29766E+00  0.33884E+00
  0.46014E+00  0.42937E+00  0.18663E+00 -0.94684E-01 -0.19793E+00 -0.54795E-01
  0.17851E+00  0.29056E+00  0.26973E+00  0.18913E+00 -0.20770E-01 -0.36233E+00
 -0.64907E+00 -0.77457E+00 -0.78388E+00 -0.65315E+00 -0.39204E+00 -0.23828E+00
 -0.38931E+00 -0.72447E+00 -0.97224E+00 -0.99784E+00 -0.83218E+00 -0.52810E+00
 -0.17932E+00  0.24317E-01  0.10125E+00  0.31865E+00  0.68301E+00  0.94400E+00
  0.94277E+00  0.65494E+00  0.25296E+00 -0.63007E-02 -0.86765E-01 -0.10171E+00
 -0.73311E-01  0.56609E-01  0.26987E+00  0.41707E+00  0.36548E+00  0.15437E+00
 -0.73774E-01 -0.20094E+00 -0.22910E+00 -0.28473E+00 -0.44609E+00 -0.58748E+00
 -0.50739E+00 -0.23187E+00  0.27658E-01  0.15713E+00  0.16573E+00  0.89736E-01
 -0.46889E-01 -0.23042E+00 -0.46235E+00 -0.70145E+00 -0.80042E+00 -0.61961E+00
 -0.26609E+00 -0.35902E-01 -0.11461E-01  0.35359E-01  0.20437E+00  0.28986E+00
  0.21756E+00  0.15650E+00  0.22023E+00  0.37014E+00  0.46021E+00  0.39576E+00
  0.23036E+00  0.10436E-01 -0.26321E+00 -0.50247E+00 -0.67172E+00 -0.80838E+00
 -0.85720E+00 -0.79993E+00 -0.72491E+00 -0.67950E+00 -0.70129E+00 -0.80881E+00
 -0.85304E+00 -0.70407E+00 -0.49278E+00 -0.41128E+00 -0.44848E+00 -0.51087E+00
 -0.53945E+00 -0.46715E+00 -0.28655E+00 -0.84116E-01 -0.96009E-02 -0.11886E+00
 -0.23184E+00 -0.17755E+00 -0.63686E-01 -0.48125E-01 -0.12237E+00 -0.22158E+00
 -0.29029E+00 -0.28547E+00 -0.22541E+00 -0.13919E+00  0.28013E-01  0.27435E+00
  0.39223E+00  0.23006E+00 -0.45126E-01 -0.22886E+00 -0.31785E+00 -0.27256E+00
 -0.38651E-01  0.22517E+00  0.30506E+00  0.24236E+00  0.22845E+00  0.26105E+00
  0.24831E+00  0.25394E+00  0.35441E+00  0.47662E+00  0.50570E+00  0.45835E+00
  0.37905E+00  0.22816E+00  0.53447E-01  0.32646E-02  0.62909E-01  0.93810E-01
  0.63729E-01 -0.31030E-01 -0.18022E+00 -0.25361E+00 -0.17492E+00 -0.32747E-01
  0.70112E-01  0.10325E+00  0.83867E-01  0.82086E-01  0.15582E+00  0.27436E+00
  0.38321E+00  0.47043E+00  0.51848E+00  0.48390E+00  0.32812E+00  0.69964E-01
 -0.14216E+00 -0.19199E+00 -0.13553E+00 -0.54920E-01  0.99117E-03  0.12904E-01
  0.11941E-01  0.40879E-01  0.11025E+00  0.18481E+00  0.23601E+00  0.33345E+00
  0.50569E+00  0.59057E+00  0.47095E+00  0.29532E+00  0.26645E+00  0.33771E+00
  0.34785E+00  0.28815E+00  0.20035E+00  0.11192E+00  0.74131E-01  0.73216E-01
  0.46588E-01 -0.76022E-02 -0.30786E-01  0.33021E-01  0.16668E+00  0.26499E+00
  0.22618E+00  0.99386E-01  0.63538E-01  0.15708E+00  0.22724E+00  0.19881E+00
  0.13628E+00  0.12095E+00  0.16771E+00  0.22459E+00  0.24816E+00  0.23964E+00
  0.21649E+00  0.19731E+00  0.20792E+00  0.24088E+00  0.22729E+00  0.15775E+00
  0.14365E+00  0.22248E+00  0.28893E+00  0.29397E+00  0.27399E+00  0.25110E+00
  0.22019E+00  0.17475E+00  0.12842E+00  0.97291E-01  0.78009E-01  0.59529E-01
  0.28583E-01 -0.11794E-01 -0.41442E-01 -0.54491E-01 -0.59836E-01 -0.57223E-01
 -0.48568E-01 -0.44894E-01 -0.54299E-01 -0.66658E-01 -0.63333E-01 -0.40253E-01
 -0.13713E-01  0.56451E-02  0.21619E-01  0.39511E-01  0.56209E-01  0.60526E-01
  0.44667E-01  0.21187E-01  0.86708E-02  0.91424E-02  0.11184E-01  0.81602E-02
 -0.13949E-02 -0.14498E-01 -0.26981E-01 -0.38261E-01 -0.55785E-01 -0.84478E-01
 -0.11838E+00 -0.14553E+00 -0.15962E+00 -0.15866E+00 -0.14497E+00 -0.12745E+00
 -0.11948E+00 -0.12144E+00 -0.12185E+00 -0.11751E+00 -0.11649E+00 -0.11943E+00
 -0.11931E+00 -0.11585E+00 -0.11703E+00 -0.12526E+00 -0.14238E+00 -0.16726E+00
 -0.18930E+00 -0.19995E+00 -0.20388E+00 -0.20687E+00 -0.21004E+00 -0.21544E+00
 -0.22489E+00 -0.23115E+00 -0.22878E+00 -0.21549E+00 -0.18928E+00 -0.15368E+00
 -0.12074E+00 -0.96574E-01 -0.77279E-01 -0.56857E-01 -0.32091E-01 -0.27781E-02
  0.21700E-01  0.32183E-01  0.30061E-01  0.23500E-01  0.16534E-01  0.80739E-02
 -0.47629E-02 -0.19290E-01 -0.33001E-01 -0.45539E-01 -0.55291E-01 -0.59680E-01
 -0.61679E-01 -0.62700E-01 -0.63311E-01 -0.64883E-01 -0.66853E-01 -0.69404E-01
 -0.77606E-01 -0.91022E-01 -0.10481E+00 -0.11482E+00 -0.11836E+00 -0.11263E+00
 -0.10155E+00 -0.93681E-01 -0.95554E-01 -0.10491E+00 -0.11668E+00 -0.12849E+00
 -0.13804E+00 -0.13963E+00 -0.13322E+00 -0.12338E+00 -0.11096E+00 -0.88345E-01
 -0.56041E-01 -0.24968E-01 -0.35198E-02  0.68029E-02  0.88555E-02  0.10219E-01
  0.14476E-01  0.19862E-01  0.21552E-01  0.19071E-01  0.16461E-01  0.16517E-01
  0.13607E-01  0.17026E-02 -0.17300E-01 -0.35379E-01 -0.48702E-01 -0.55589E-01
 -0.56606E-01 -0.53680E-01 -0.49035E-01 -0.43268E-01 -0.37648E-01 -0.31519E-01
 -0.26127E-01 -0.24264E-01 -0.25581E-01 -0.22444E-01 -0.10935E-01  0.10220E-02
  0.34665E-02  0.14595E-02  0.32532E-02  0.93962E-02  0.16849E-01  0.24314E-01
  0.30554E-01  0.36191E-01  0.41523E-01  0.46772E-01  0.50808E-01  0.54958E-01
  0.59717E-01  0.64062E-01  0.66289E-01  0.66730E-01  0.65441E-01  0.65612E-01
  0.71096E-01  0.81814E-01  0.91254E-01  0.94931E-01  0.93216E-01  0.89299E-01
  0.83697E-01  0.77719E-01  0.71527E-01  0.63991E-01  0.54581E-01  0.45185E-01
  0.36226E-01  0.28757E-01  0.21859E-01  0.14442E-01  0.63103E-02 -0.10957E-02
 -0.90646E-02 -0.17758E-01 -0.25296E-01 -0.30162E-01 -0.34374E-01 -0.38309E-01
 -0.42564E-01 -0.47184E-01 -0.51064E-01 -0.51933E-01 -0.51038E-01 -0.48467E-01
 -0.42782E-01 -0.32818E-01 -0.21558E-01 -0.11067E-01 -0.10682E-02  0.10266E-01
  0.21572E-01  0.31776E-01  0.40259E-01  0.46567E-01  0.48744E-01  0.47591E-01
  0.44438E-01  0.41443E-01  0.39519E-01  0.39181E-01  0.38801E-01  0.37202E-01
  0.33373E-01  0.28755E-01  0.23914E-01  0.19573E-01  0.16396E-01  0.15435E-01
  0.15070E-01  0.15278E-01  0.16241E-01  0.17820E-01  0.18732E-01  0.19671E-01
  0.20092E-01  0.19757E-01  0.18336E-01  0.17006E-01  0.15266E-01  0.12795E-01
  0.99012E-02  0.93087E-02  0.11637E-01  0.16345E-01  0.21720E-01  0.27950E-01
  0.33926E-01  0.38102E-01  0.40387E-01  0.43108E-01  0.45700E-01  0.48228E-01
  0.50946E-01  0.54010E-01  0.54937E-01  0.53848E-01  0.51753E-01  0.49804E-01
  0.47359E-01  0.44430E-01  0.40527E-01  0.36975E-01  0.34028E-01  0.31752E-01
  0.27304E-01  0.19257E-01  0.89910E-02 -0.94558E-03 -0.10533E-01 -0.18068E-01
 -0.26151E-01 -0.39799E-01 -0.56032E-01 -0.66923E-01 -0.73457E-01 -0.77880E-01
 -0.81131E-01 -0.82277E-01 -0.81721E-01 -0.78981E-01 -0.74214E-01 -0.68064E-01
 -0.63321E-01 -0.59992E-01 -0.56866E-01 -0.52674E-01 -0.48573E-01 -0.43941E-01
 -0.38975E-01 -0.33301E-01 -0.28073E-01 -0.23621E-01 -0.20440E-01 -0.17599E-01
 -0.15469E-01 -0.13328E-01 -0.11300E-01 -0.84632E-02 -0.53590E-02 -0.18315E-02
  0.19555E-02  0.67049E-02  0.11444E-01  0.16582E-01  0.21611E-01  0.26705E-01
  0.30893E-01  0.34456E-01  0.36811E-01  0.38819E-01  0.40346E-01  0.41818E-01
  0.42394E-01  0.42567E-01  0.41819E-01  0.40642E-01  0.38664E-01  0.36443E-01
  0.33286E-01  0.29655E-01  0.25262E-01  0.21244E-01  0.17555E-01  0.14837E-01
  0.12726E-01  0.11671E-01  0.10716E-01  0.10129E-01  0.90726E-02  0.78111E-02
  0.59963E-02  0.43569E-02  0.25273E-02  0.12323E-02 -0.16594E-03 -0.13245E-02
 -0.28088E-02 -0.41391E-02 -0.58053E-02 -0.71515E-02 -0.85585E-02 -0.94156E-02
 -0.10363E-01 -0.11023E-01 -0.11955E-01 -0.12534E-01 -0.13170E-01 -0.13234E-01
 -0.13476E-01 -0.13762E-01 -0.14858E-01 -0.16097E-01 -0.17589E-01 -0.18339E-01
 -0.18710E-01 -0.18316E-01 -0.18017E-01 -0.17551E-01 -0.17644E-01 -0.17879E-01
 -0.18787E-01 -0.19557E-01 -0.20489E-01 -0.20893E-01 -0.21073E-01 -0.20332E-01
 -0.19215E-01 -0.17294E-01 -0.15305E-01 -0.12822E-01 -0.10340E-01 -0.74864E-02
 -0.50445E-02 -0.22941E-02  0.14198E-03  0.24057E-02  0.38190E-02  0.50465E-02
  0.56187E-02  0.61461E-02  0.62709E-02  0.68477E-02  0.75036E-02  0.87286E-02
  0.97665E-02  0.10920E-01  0.11526E-01  0.12201E-01  0.12449E-01  0.12933E-01
  0.13198E-01  0.13794E-01  0.14100E-01  0.14646E-01  0.14737E-01  0.14696E-01
  0.13903E-01  0.13235E-01  0.12408E-01  0.11921E-01  0.11000E-01  0.10104E-01
  0.87470E-02  0.75398E-02  0.58726E-02  0.43393E-02  0.25816E-02  0.13022E-02
 -0.12283E-03 -0.13470E-02 -0.31236E-02 -0.49139E-02 -0.71270E-02 -0.88635E-02
 -0.10487E-01 -0.11459E-01 -0.12408E-01 -0.12792E-01 -0.13256E-01 -0.13342E-01
 -0.13635E-01 -0.13406E-01 -0.13058E-01 -0.12066E-01 -0.11241E-01 -0.10281E-01
 -0.98953E-02 -0.94733E-02 -0.94462E-02 -0.90629E-02 -0.88072E-02 -0.81583E-02
 -0.77160E-02 -0.68323E-02 -0.61369E-02 -0.51880E-02 -0.45648E-02 -0.36252E-02
 -0.29250E-02 -0.19303E-02 -0.12001E-02 -0.54794E-04  0.96088E-03  0.23228E-02
  0.32864E-02  0.43885E-02  0.50824E-02  0.58695E-02  0.61492E-02  0.65825E-02
  0.65924E-02  0.67110E-02  0.63675E-02  0.61732E-02  0.55348E-02  0.50277E-02
  0.41620E-02  0.36697E-02  0.30342E-02  0.28093E-02  0.23044E-02  0.20710E-02
  0.15694E-02  0.14169E-02  0.10279E-02  0.98466E-03  0.69332E-03  0.73336E-03
  0.50734E-03  0.58321E-03  0.36088E-03  0.41515E-03  0.14745E-03  0.14228E-03
 -0.18611E-03 -0.25841E-03 -0.64853E-03 -0.76813E-03 -0.11949E-02 -0.13276E-02
 -0.17446E-02 -0.18438E-02 -0.21985E-02 -0.22136E-02 -0.24659E-02 -0.23581E-02
 -0.24803E-02 -0.22354E-02 -0.22317E-02 -0.18660E-02 -0.17544E-02 -0.12960E-02
 -0.11127E-02 -0.61192E-03 -0.40039E-03  0.10115E-03  0.28765E-03  0.74179E-03
  0.87455E-03  0.12581E-02  0.13087E-02  0.16163E-02  0.15795E-02  0.18176E-02
  0.17101E-02  0.18755E-02  0.17101E-02  0.18302E-02  0.16245E-02  0.17180E-02
  0.14941E-02  0.15700E-02  0.13339E-02  0.13993E-02  0.11656E-02  0.12261E-02
  0.98663E-03  0.10429E-02  0.79852E-03  0.84781E-03  0.59262E-03  0.64116E-03
  0.38103E-03  0.42502E-03  0.16732E-03  0.22391E-03 -0.23180E-04  0.46888E-04
 -0.17781E-03 -0.77544E-04 -0.27290E-03 -0.13961E-03 -0.30095E-03 -0.12868E-03
 -0.25953E-03 -0.58874E-04 -0.15779E-03  0.61457E-04 -0.26078E-04  0.20204E-03
  0.11485E-03  0.33876E-03  0.24058E-03  0.44425E-03  0.32295E-03  0.50418E-03
  0.35772E-03  0.50629E-03  0.33296E-03  0.45835E-03  0.26500E-03  0.37037E-03
  0.15436E-03  0.24761E-03  0.31874E-04  0.13001E-03 -0.85939E-04  0.13335E-04
 -0.19328E-03 -0.82186E-04 -0.27975E-03 -0.15700E-03 -0.34034E-03 -0.20125E-03
 -0.37195E-03 -0.22127E-03 -0.37827E-03 -0.22127E-03 -0.37511E-03 -0.20652E-03
 -0.35140E-03 -0.17807E-03 -0.31946E-03 -0.13922E-03 -0.27949E-03 -0.99506E-04
 -0.24129E-03 -0.59269E-04 -0.19928E-03 -0.14488E-04 -0.15463E-03  0.21732E-04
 -0.11511E-03  0.62562E-04 -0.85215E-04  0.84557E-04 -0.61113E-04  0.10589E-03
 -0.47415E-04  0.11511E-03 -0.42674E-04  0.11893E-03 -0.45769E-04  0.11169E-03
 -0.50576E-04  0.10747E-03 -0.57952E-04  0.95884E-04 -0.73757E-04  0.89562E-04
 -0.76918E-04  0.82186E-04 -0.80079E-04  0.76918E-04 -0.85347E-04  0.75864E-04
 -0.83767E-04  0.81659E-04 -0.79025E-04  0.79552E-04 -0.80342E-04  0.79289E-04
