ffal       fn  New Hampshire, 19 Jan 82, Franklin Falls                         
   3847    5.00000E-03  0  0  0.  0.  0.  0.  0.
 -0.94551E+00 -0.95436E+00 -0.97482E+00 -0.99397E+00 -0.10181E+01 -0.10560E+01
 -0.10624E+01 -0.93180E+00 -0.61933E+00 -0.27323E+00 -0.15662E+00 -0.35292E+00
 -0.59849E+00 -0.58400E+00 -0.49264E+00 -0.10911E+01 -0.30576E+01 -0.61341E+01
 -0.90947E+01 -0.10669E+02 -0.10506E+02 -0.91964E+01 -0.74844E+01 -0.55663E+01
 -0.31598E+01 -0.27061E+00  0.22313E+01  0.30971E+01  0.19875E+01  0.24742E+00
  0.21494E+00  0.36052E+01  0.10463E+02  0.19323E+02  0.27986E+02  0.34252E+02
  0.36377E+02  0.33571E+02  0.26707E+02  0.18494E+02  0.12273E+02  0.99893E+01
  0.11215E+02  0.14070E+02  0.16754E+02  0.18310E+02  0.18598E+02  0.17869E+02
  0.16327E+02  0.13824E+02  0.10075E+02  0.54180E+01  0.91923E+00 -0.26811E+01
 -0.57656E+01 -0.93176E+01 -0.13756E+02 -0.18347E+02 -0.21749E+02 -0.23091E+02
 -0.22496E+02 -0.20860E+02 -0.19318E+02 -0.18747E+02 -0.19677E+02 -0.22628E+02
 -0.27999E+02 -0.35121E+02 -0.41637E+02 -0.44507E+02 -0.41743E+02 -0.33188E+02
 -0.20287E+02 -0.55635E+01  0.80849E+01  0.17964E+02  0.21952E+02  0.19295E+02
  0.11531E+02  0.21553E+01 -0.51067E+01 -0.80787E+01 -0.66576E+01 -0.21427E+01
  0.34999E+01  0.81264E+01  0.10039E+02  0.87618E+01  0.52065E+01  0.63219E+00
 -0.42921E+01 -0.90877E+01 -0.12920E+02 -0.15132E+02 -0.15819E+02 -0.15322E+02
 -0.13480E+02 -0.98711E+01 -0.47734E+01  0.46923E+00  0.41818E+01  0.52843E+01
  0.36304E+01 -0.64561E-01 -0.42887E+01 -0.69314E+01 -0.60338E+01 -0.78632E+00
  0.81671E+01  0.19219E+02  0.30228E+02  0.38679E+02  0.42409E+02  0.41119E+02
  0.36836E+02  0.32088E+02  0.28151E+02  0.25465E+02  0.24731E+02  0.26769E+02
  0.31446E+02  0.37197E+02  0.41777E+02  0.43550E+02  0.42040E+02  0.37484E+02
  0.30346E+02  0.21104E+02  0.98295E+01 -0.40312E+01 -0.20717E+02 -0.38708E+02
 -0.54698E+02 -0.65546E+02 -0.70103E+02 -0.68937E+02 -0.63024E+02 -0.53449E+02
 -0.42205E+02 -0.32451E+02 -0.27120E+02 -0.26897E+02 -0.29802E+02 -0.32859E+02
 -0.33929E+02 -0.32127E+02 -0.27349E+02 -0.20103E+02 -0.11771E+02 -0.46337E+01
 -0.13909E+01 -0.42359E+01 -0.13632E+02 -0.27518E+02 -0.41778E+02 -0.51989E+02
 -0.55112E+02 -0.49877E+02 -0.36171E+02 -0.14733E+02  0.12260E+02  0.40446E+02
  0.64023E+02  0.78337E+02  0.81987E+02  0.76564E+02  0.64758E+02  0.48774E+02
  0.29851E+02  0.88141E+01 -0.12812E+02 -0.31899E+02 -0.44036E+02 -0.45473E+02
 -0.35368E+02 -0.16367E+02  0.68485E+01  0.29233E+02  0.45420E+02  0.49507E+02
  0.37527E+02  0.11804E+02 -0.17538E+02 -0.37847E+02 -0.42006E+02 -0.30650E+02
 -0.89973E+01  0.15916E+02  0.36965E+02  0.48979E+02  0.50016E+02  0.40431E+02
  0.21062E+02 -0.75188E+01 -0.44471E+02 -0.87195E+02 -0.13003E+03 -0.16501E+03
 -0.18523E+03 -0.18762E+03 -0.17270E+03 -0.14306E+03 -0.10273E+03 -0.56860E+02
 -0.10984E+02  0.30517E+02  0.65660E+02  0.94394E+02  0.11670E+03  0.13136E+03
  0.13645E+03  0.13132E+03  0.11858E+03  0.10408E+03  0.93918E+02  0.91895E+02
  0.99116E+02  0.11438E+03  0.13390E+03  0.15239E+03  0.16624E+03  0.17483E+03
  0.17929E+03  0.18048E+03  0.17808E+03  0.16987E+03  0.15328E+03  0.12849E+03
  0.10096E+03  0.80206E+02  0.73801E+02  0.81958E+02  0.98521E+02  0.11515E+03
  0.12348E+03  0.11651E+03  0.90457E+02  0.45743E+02 -0.12813E+02 -0.76447E+02
 -0.13444E+03 -0.17807E+03 -0.20272E+03 -0.20717E+03 -0.19275E+03 -0.16388E+03
 -0.12780E+03 -0.92020E+02 -0.61912E+02 -0.40793E+02 -0.30335E+02 -0.30574E+02
 -0.40196E+02 -0.57143E+02 -0.79426E+02 -0.10539E+03 -0.13264E+03 -0.15745E+03
 -0.17613E+03 -0.18699E+03 -0.19079E+03 -0.18950E+03 -0.18501E+03 -0.17852E+03
 -0.17050E+03 -0.16097E+03 -0.14968E+03 -0.13681E+03 -0.12369E+03 -0.11239E+03
 -0.10365E+03 -0.95405E+02 -0.83660E+02 -0.65611E+02 -0.42017E+02 -0.15219E+02
  0.16171E+02  0.58944E+02  0.12033E+03  0.20196E+03  0.29822E+03  0.39706E+03
  0.48269E+03  0.54098E+03  0.56478E+03  0.55220E+03  0.50152E+03  0.41134E+03
  0.28525E+03  0.13590E+03 -0.15694E+02 -0.14678E+03 -0.24030E+03 -0.28861E+03
 -0.29334E+03 -0.26323E+03 -0.20990E+03 -0.14160E+03 -0.60841E+02  0.29554E+02
  0.11912E+03  0.18772E+03  0.21066E+03  0.17034E+03  0.67320E+02 -0.78951E+02
 -0.23689E+03 -0.36636E+03 -0.42659E+03 -0.39679E+03 -0.28766E+03 -0.13105E+03
  0.33241E+02  0.16663E+03  0.24394E+03  0.26264E+03  0.24002E+03  0.20002E+03
  0.16017E+03  0.12611E+03  0.94314E+02  0.59630E+02  0.21795E+02 -0.15351E+02
 -0.47281E+02 -0.69511E+02 -0.77190E+02 -0.66501E+02 -0.37245E+02  0.44619E+01
  0.45530E+02  0.69124E+02  0.60932E+02  0.15126E+02 -0.62335E+02 -0.15497E+03
 -0.24266E+03 -0.31034E+03 -0.35153E+03 -0.36602E+03 -0.35694E+03 -0.33024E+03
 -0.29328E+03 -0.25169E+03 -0.20778E+03 -0.16177E+03 -0.11345E+03 -0.64019E+02
 -0.17064E+02  0.22287E+02  0.49117E+02  0.60392E+02  0.56038E+02  0.39174E+02
  0.15608E+02 -0.74104E+01 -0.23840E+02 -0.31171E+02 -0.29729E+02 -0.20651E+02
 -0.53613E+01  0.13978E+02  0.34095E+02  0.50399E+02  0.57605E+02  0.51580E+02
  0.31040E+02 -0.14143E+01 -0.39031E+02 -0.72611E+02 -0.94337E+02 -0.10050E+03
 -0.91514E+02 -0.70855E+02 -0.42747E+02 -0.10325E+02  0.23726E+02  0.55966E+02
  0.82427E+02  0.10033E+03  0.10979E+03  0.11295E+03  0.11164E+03  0.10672E+03
  0.99199E+02  0.90721E+02  0.84288E+02  0.84511E+02  0.95829E+02  0.11925E+03
  0.15134E+03  0.18602E+03  0.21709E+03  0.23999E+03  0.25244E+03  0.25389E+03
  0.24444E+03  0.22398E+03  0.19242E+03  0.15039E+03  0.10028E+03  0.46819E+02
 -0.40396E+01 -0.47328E+02 -0.80225E+02 -0.10194E+03 -0.11331E+03 -0.11671E+03
 -0.11546E+03 -0.11252E+03 -0.10923E+03 -0.10581E+03 -0.10226E+03 -0.97977E+02
 -0.91150E+02 -0.79832E+02 -0.64252E+02 -0.47765E+02 -0.35224E+02 -0.29862E+02
 -0.31362E+02 -0.36612E+02 -0.42023E+02 -0.45967E+02 -0.49718E+02 -0.55931E+02
 -0.65953E+02 -0.78366E+02 -0.89904E+02 -0.97442E+02 -0.99254E+02 -0.95335E+02
 -0.86902E+02 -0.75275E+02 -0.61093E+02 -0.44522E+02 -0.25761E+02 -0.53401E+01
  0.15737E+02  0.35813E+02  0.52412E+02  0.63152E+02  0.67249E+02  0.66118E+02
  0.62523E+02  0.59719E+02  0.60696E+02  0.67328E+02  0.79562E+02  0.95006E+02
  0.10926E+03  0.11732E+03  0.11549E+03  0.10273E+03  0.81135E+02  0.55186E+02
  0.29750E+02  0.78802E+01 -0.98775E+01 -0.24843E+02 -0.38973E+02 -0.53325E+02
 -0.67427E+02 -0.80246E+02 -0.91235E+02 -0.10023E+03 -0.10648E+03 -0.10835E+03
 -0.10416E+03 -0.93755E+02 -0.78840E+02 -0.61711E+02 -0.43579E+02 -0.24445E+02
 -0.44802E+01  0.14961E+02  0.31550E+02  0.42952E+02  0.48099E+02  0.48003E+02
  0.45375E+02  0.43148E+02  0.42885E+02  0.44333E+02  0.46221E+02  0.47506E+02
  0.48441E+02  0.50378E+02  0.54047E+02  0.58305E+02  0.60775E+02  0.59436E+02
  0.53927E+02  0.45944E+02  0.38425E+02  0.33926E+02  0.33552E+02  0.37006E+02
  0.42918E+02  0.49278E+02  0.54355E+02  0.57467E+02  0.58901E+02  0.59142E+02
  0.58226E+02  0.55778E+02  0.51505E+02  0.45646E+02  0.38911E+02  0.31922E+02
  0.24774E+02  0.17167E+02  0.89556E+01  0.62796E+00 -0.67783E+01 -0.12429E+02
 -0.16465E+02 -0.19971E+02 -0.24118E+02 -0.29405E+02 -0.35613E+02 -0.42311E+02
 -0.49266E+02 -0.56388E+02 -0.63398E+02 -0.69808E+02 -0.75313E+02 -0.80198E+02
 -0.85225E+02 -0.91024E+02 -0.97545E+02 -0.10400E+03 -0.10929E+03 -0.11230E+03
 -0.11225E+03 -0.10864E+03 -0.10117E+03 -0.89902E+02 -0.75488E+02 -0.59210E+02
 -0.42873E+02 -0.28040E+02 -0.15282E+02 -0.41762E+01  0.59198E+01  0.15125E+02
  0.23035E+02  0.29147E+02  0.33262E+02  0.35687E+02  0.37182E+02  0.38828E+02
  0.41709E+02  0.46372E+02  0.52590E+02  0.59688E+02  0.66718E+02  0.72287E+02
  0.74801E+02  0.73246E+02  0.67654E+02  0.58896E+02  0.48336E+02  0.37675E+02
  0.28874E+02  0.23819E+02  0.23662E+02  0.28303E+02  0.36380E+02  0.45554E+02
  0.52979E+02  0.56228E+02  0.54514E+02  0.49000E+02  0.41799E+02  0.34749E+02
  0.28878E+02  0.24426E+02  0.21384E+02  0.19965E+02  0.20498E+02  0.23325E+02
  0.28545E+02  0.35609E+02  0.42804E+02  0.47747E+02  0.48577E+02  0.45080E+02
  0.38598E+02  0.30800E+02  0.22486E+02  0.13420E+02  0.31162E+01 -0.81473E+01
 -0.19060E+02 -0.28067E+02 -0.34526E+02 -0.39176E+02 -0.43699E+02 -0.49754E+02
 -0.58042E+02 -0.67751E+02 -0.76880E+02 -0.83478E+02 -0.86353E+02 -0.85274E+02
 -0.80599E+02 -0.73010E+02 -0.63365E+02 -0.52524E+02 -0.41326E+02 -0.30491E+02
 -0.20344E+02 -0.10796E+02 -0.15946E+01  0.71856E+01  0.14679E+02  0.19311E+02
  0.19824E+02  0.16374E+02  0.10583E+02  0.44618E+01 -0.74389E+00 -0.48365E+01
 -0.82210E+01 -0.11427E+02 -0.14813E+02 -0.18488E+02 -0.22437E+02 -0.26541E+02
 -0.30441E+02 -0.33531E+02 -0.35121E+02 -0.34577E+02 -0.31350E+02 -0.25026E+02
 -0.15510E+02 -0.33679E+01  0.99370E+01  0.22354E+02  0.32149E+02  0.38740E+02
  0.42815E+02  0.45816E+02  0.48963E+02  0.52288E+02  0.54514E+02  0.53882E+02
  0.49435E+02  0.41796E+02  0.32803E+02  0.24421E+02  0.17999E+02  0.14146E+02
  0.12917E+02  0.13905E+02  0.16199E+02  0.18538E+02  0.19493E+02  0.17754E+02
  0.12640E+02  0.46549E+01 -0.44079E+01 -0.12189E+02 -0.17069E+02 -0.19011E+02
 -0.19189E+02 -0.18916E+02 -0.18814E+02 -0.18509E+02 -0.16947E+02 -0.13203E+02
 -0.72048E+01  0.10885E+00  0.73044E+01  0.13377E+02  0.18290E+02  0.22726E+02
  0.27504E+02  0.33153E+02  0.39423E+02  0.44971E+02  0.48124E+02  0.48144E+02
  0.45548E+02  0.41520E+02  0.37120E+02  0.32693E+02  0.27920E+02  0.22351E+02
  0.15755E+02  0.80037E+01 -0.11463E+01 -0.12044E+02 -0.24856E+02 -0.39235E+02
 -0.54111E+02 -0.67903E+02 -0.79118E+02 -0.86840E+02 -0.90735E+02 -0.90834E+02
 -0.87373E+02 -0.80778E+02 -0.71691E+02 -0.60930E+02 -0.49421E+02 -0.38282E+02
 -0.28845E+02 -0.22280E+02 -0.19071E+02 -0.18823E+02 -0.20660E+02 -0.23787E+02
 -0.27619E+02 -0.31523E+02 -0.34628E+02 -0.35817E+02 -0.34071E+02 -0.29106E+02
 -0.21765E+02 -0.13823E+02 -0.72959E+01 -0.36126E+01 -0.28963E+01 -0.38297E+01
 -0.43883E+01 -0.30172E+01  0.59188E+00  0.57948E+01  0.11985E+02  0.19246E+02
  0.28100E+02  0.38778E+02  0.50729E+02  0.62593E+02  0.72476E+02  0.78586E+02
  0.80085E+02  0.77523E+02  0.72538E+02  0.67216E+02  0.63449E+02  0.62300E+02
  0.63684E+02  0.66541E+02  0.69390E+02  0.71061E+02  0.71155E+02  0.69818E+02
  0.67157E+02  0.62913E+02  0.56524E+02  0.47333E+02  0.34891E+02  0.19245E+02
  0.10634E+01 -0.18305E+02 -0.36936E+02 -0.52723E+02 -0.63932E+02 -0.69629E+02
 -0.69883E+02 -0.65732E+02 -0.58707E+02 -0.50289E+02 -0.41595E+02 -0.33454E+02
 -0.26802E+02 -0.22962E+02 -0.23301E+02 -0.28359E+02 -0.37176E+02 -0.47515E+02
 -0.56871E+02 -0.63577E+02 -0.67211E+02 -0.68283E+02 -0.67594E+02 -0.65757E+02
 -0.63112E+02 -0.59835E+02 -0.56062E+02 -0.51986E+02 -0.47940E+02 -0.44454E+02
 -0.41994E+02 -0.40630E+02 -0.40054E+02 -0.39893E+02 -0.39773E+02 -0.39066E+02
 -0.36748E+02 -0.31748E+02 -0.23623E+02 -0.12980E+02 -0.12098E+01  0.10150E+02
  0.19873E+02  0.27234E+02  0.32058E+02  0.34694E+02  0.35978E+02  0.37049E+02
  0.38894E+02  0.41919E+02  0.45881E+02  0.50251E+02  0.54649E+02  0.59065E+02
  0.63753E+02  0.68799E+02  0.73738E+02  0.77698E+02  0.79931E+02  0.80144E+02
  0.78451E+02  0.75042E+02  0.69957E+02  0.63188E+02  0.54883E+02  0.45452E+02
  0.35580E+02  0.26140E+02  0.17958E+02  0.11461E+02  0.65471E+01  0.27174E+01
 -0.63925E+00 -0.38820E+01 -0.69014E+01 -0.91903E+01 -0.10119E+02 -0.93810E+01
 -0.74200E+01 -0.54772E+01 -0.50863E+01 -0.72842E+01 -0.12156E+02 -0.19004E+02
 -0.26798E+02 -0.34493E+02 -0.41327E+02 -0.47164E+02 -0.52531E+02 -0.58143E+02
 -0.64177E+02 -0.69875E+02 -0.73864E+02 -0.75013E+02 -0.73076E+02 -0.68683E+02
 -0.62897E+02 -0.56728E+02 -0.50817E+02 -0.45324E+02 -0.40048E+02 -0.34760E+02
 -0.29515E+02 -0.24626E+02 -0.20374E+02 -0.16810E+02 -0.13986E+02 -0.12179E+02
 -0.11625E+02 -0.11964E+02 -0.12137E+02 -0.10894E+02 -0.74172E+01 -0.16643E+01
  0.57431E+01  0.13897E+02  0.21955E+02  0.29295E+02  0.35405E+02  0.39696E+02
  0.41595E+02  0.40995E+02  0.38554E+02  0.35483E+02  0.33063E+02  0.32224E+02
  0.33259E+02  0.35686E+02  0.38408E+02  0.40176E+02  0.40135E+02  0.38160E+02
  0.34882E+02  0.31434E+02  0.29039E+02  0.28544E+02  0.30044E+02  0.32715E+02
  0.35163E+02  0.36108E+02  0.34984E+02  0.32059E+02  0.28137E+02  0.24062E+02
  0.20299E+02  0.16848E+02  0.13375E+02  0.94157E+01  0.46714E+01 -0.65974E+00
 -0.58245E+01 -0.98430E+01 -0.11985E+02 -0.12176E+02 -0.11102E+02 -0.99179E+01
 -0.97906E+01 -0.11431E+02 -0.14734E+02 -0.18712E+02 -0.21927E+02 -0.23258E+02
 -0.22364E+02 -0.19617E+02 -0.15756E+02 -0.11551E+02 -0.75746E+01 -0.41217E+01
 -0.11809E+01  0.15995E+01  0.46252E+01  0.78262E+01  0.10480E+02  0.11680E+02
  0.11080E+02  0.91669E+01  0.68504E+01  0.48550E+01  0.34789E+01  0.27351E+01
  0.25336E+01  0.26698E+01  0.27997E+01  0.26005E+01  0.19880E+01  0.10989E+01
  0.40322E-01 -0.12876E+01 -0.31325E+01 -0.56667E+01 -0.87893E+01 -0.12160E+02
 -0.15426E+02 -0.18373E+02 -0.20941E+02 -0.23127E+02 -0.24821E+02 -0.25737E+02
 -0.25698E+02 -0.24909E+02 -0.23829E+02 -0.22797E+02 -0.21798E+02 -0.20635E+02
 -0.19340E+02 -0.18327E+02 -0.18049E+02 -0.18499E+02 -0.19023E+02 -0.18564E+02
 -0.16149E+02 -0.11309E+02 -0.43225E+01  0.37654E+01  0.11494E+02  0.17685E+02
  0.21845E+02  0.23962E+02  0.24203E+02  0.22914E+02  0.20614E+02  0.17821E+02
  0.14985E+02  0.12600E+02  0.11261E+02  0.11381E+02  0.12744E+02  0.14456E+02
  0.15586E+02  0.15909E+02  0.16085E+02  0.17169E+02  0.19938E+02  0.24496E+02
  0.30332E+02  0.36700E+02  0.42973E+02  0.48768E+02  0.53839E+02  0.57904E+02
  0.60641E+02  0.61850E+02  0.61479E+02  0.59449E+02  0.55577E+02  0.49792E+02
  0.42402E+02  0.34208E+02  0.26398E+02  0.20186E+02  0.16193E+02  0.13993E+02
  0.12338E+02  0.10075E+02  0.69282E+01  0.33602E+01 -0.25103E+00 -0.40991E+01
 -0.87139E+01 -0.14458E+02 -0.21201E+02 -0.28423E+02 -0.35599E+02 -0.42493E+02
 -0.49088E+02 -0.55328E+02 -0.60892E+02 -0.65277E+02 -0.68221E+02 -0.69943E+02
 -0.70848E+02 -0.71145E+02 -0.70792E+02 -0.69634E+02 -0.67560E+02 -0.64620E+02
 -0.61095E+02 -0.57353E+02 -0.53583E+02 -0.49577E+02 -0.44769E+02 -0.38612E+02
 -0.31168E+02 -0.23366E+02 -0.16559E+02 -0.11761E+02 -0.91803E+01 -0.82654E+01
 -0.80737E+01 -0.76282E+01 -0.61370E+01 -0.31452E+01  0.14432E+01  0.75187E+01
  0.14829E+02  0.22768E+02  0.30226E+02  0.35915E+02  0.39000E+02  0.39606E+02
  0.38735E+02  0.37634E+02  0.37081E+02  0.37097E+02  0.37240E+02  0.37307E+02
  0.37819E+02  0.39784E+02  0.43855E+02  0.49759E+02  0.56532E+02  0.63079E+02
  0.68529E+02  0.72286E+02  0.73875E+02  0.72855E+02  0.69008E+02  0.62671E+02
  0.54764E+02  0.46369E+02  0.38281E+02  0.30825E+02  0.23890E+02  0.17140E+02
  0.10373E+02  0.37773E+01 -0.21673E+01 -0.69629E+01 -0.10333E+02 -0.12338E+02
 -0.13383E+02 -0.14093E+02 -0.15094E+02 -0.16771E+02 -0.19256E+02 -0.22581E+02
 -0.26824E+02 -0.32036E+02 -0.38042E+02 -0.44355E+02 -0.50219E+02 -0.54843E+02
 -0.57631E+02 -0.58391E+02 -0.57431E+02 -0.55436E+02 -0.53178E+02 -0.51317E+02
 -0.50347E+02 -0.50545E+02 -0.51872E+02 -0.53867E+02 -0.55712E+02 -0.56576E+02
 -0.55934E+02 -0.53585E+02 -0.49552E+02 -0.43966E+02 -0.37017E+02 -0.29125E+02
 -0.21120E+02 -0.14117E+02 -0.90276E+01 -0.60924E+01 -0.48012E+01 -0.42949E+01
 -0.38954E+01 -0.33297E+01 -0.26120E+01 -0.17607E+01 -0.64204E+00  0.93127E+00
  0.30229E+01  0.54799E+01  0.79745E+01  0.10176E+02  0.11912E+02  0.13218E+02
  0.14251E+02  0.15149E+02  0.16058E+02  0.17227E+02  0.18985E+02  0.21588E+02
  0.25017E+02  0.28907E+02  0.32622E+02  0.35425E+02  0.36719E+02  0.36293E+02
  0.34431E+02  0.31789E+02  0.29037E+02  0.26501E+02  0.24144E+02  0.21833E+02
  0.19527E+02  0.17310E+02  0.15372E+02  0.13984E+02  0.13480E+02  0.14150E+02
  0.16058E+02  0.18951E+02  0.22375E+02  0.25889E+02  0.29223E+02  0.32236E+02
  0.34726E+02  0.36314E+02  0.36575E+02  0.35236E+02  0.32336E+02  0.28228E+02
  0.23335E+02  0.17903E+02  0.11973E+02  0.55487E+01 -0.11484E+01 -0.75364E+01
 -0.12918E+02 -0.16945E+02 -0.19810E+02 -0.22000E+02 -0.24042E+02 -0.26379E+02
 -0.29156E+02 -0.32003E+02 -0.34272E+02 -0.35562E+02 -0.36047E+02 -0.36278E+02
 -0.36739E+02 -0.37549E+02 -0.38400E+02 -0.38795E+02 -0.38420E+02 -0.37342E+02
 -0.35859E+02 -0.34179E+02 -0.32222E+02 -0.29674E+02 -0.26262E+02 -0.22019E+02
 -0.17305E+02 -0.12634E+02 -0.84400E+01 -0.49250E+01 -0.20647E+01  0.19730E+00
  0.17487E+01  0.22670E+01  0.14524E+01 -0.63073E+00 -0.34287E+01 -0.62225E+01
 -0.85213E+01 -0.10180E+02 -0.11218E+02 -0.11613E+02 -0.11201E+02 -0.97750E+01
 -0.72881E+01 -0.40135E+01 -0.45536E+00  0.28864E+01  0.57088E+01  0.80204E+01
  0.10053E+02  0.12025E+02  0.14055E+02  0.16209E+02  0.18518E+02  0.20911E+02
  0.23219E+02  0.25198E+02  0.26649E+02  0.27534E+02  0.27924E+02  0.27876E+02
  0.27436E+02  0.26707E+02  0.25782E+02  0.24659E+02  0.23332E+02  0.21954E+02
  0.20890E+02  0.20576E+02  0.21252E+02  0.22728E+02  0.24396E+02  0.25529E+02
  0.25681E+02  0.24892E+02  0.23448E+02  0.21455E+02  0.18774E+02  0.15353E+02
  0.11467E+02  0.76049E+01  0.42292E+01  0.16532E+01  0.35267E-02 -0.80328E+00
 -0.93530E+00 -0.54907E+00  0.17069E+00  0.94801E+00  0.14914E+01  0.16234E+01
  0.13113E+01  0.61539E+00 -0.37067E+00 -0.16189E+01 -0.32331E+01 -0.53708E+01
 -0.81155E+01 -0.11377E+02 -0.14823E+02 -0.17983E+02 -0.20503E+02 -0.22317E+02
 -0.23530E+02 -0.24233E+02 -0.24466E+02 -0.24309E+02 -0.23860E+02 -0.23179E+02
 -0.22326E+02 -0.21475E+02 -0.20957E+02 -0.21055E+02 -0.21700E+02 -0.22409E+02
 -0.22589E+02 -0.21947E+02 -0.20649E+02 -0.19112E+02 -0.17689E+02 -0.16604E+02
 -0.15961E+02 -0.15669E+02 -0.15484E+02 -0.15144E+02 -0.14449E+02 -0.13263E+02
 -0.11498E+02 -0.91186E+01 -0.61192E+01 -0.24944E+01  0.17084E+01  0.62791E+01
  0.10860E+02  0.15031E+02  0.18405E+02  0.20781E+02  0.22174E+02  0.22712E+02
  0.22551E+02  0.21879E+02  0.20860E+02  0.19571E+02  0.17979E+02  0.15977E+02
  0.13524E+02  0.10912E+02  0.89015E+01  0.84622E+01  0.10186E+02  0.13828E+02
  0.18301E+02  0.22101E+02  0.24020E+02  0.23690E+02  0.21536E+02  0.18287E+02
  0.14618E+02  0.11123E+02  0.83407E+01  0.66382E+01  0.61009E+01  0.65337E+01
  0.75519E+01  0.87101E+01  0.95891E+01  0.98620E+01  0.93515E+01  0.81473E+01
  0.66489E+01  0.54164E+01  0.48210E+01  0.47517E+01  0.46683E+01  0.40425E+01
  0.28454E+01  0.15825E+01  0.82801E+00  0.79266E+00  0.12707E+01  0.18858E+01
  0.23708E+01  0.26682E+01  0.27849E+01  0.26319E+01  0.20326E+01  0.82858E+00
 -0.10197E+01 -0.34860E+01 -0.65487E+01 -0.10068E+02 -0.13611E+02 -0.16531E+02
 -0.18355E+02 -0.19165E+02 -0.19519E+02 -0.20000E+02 -0.20867E+02 -0.22031E+02
 -0.23199E+02 -0.24016E+02 -0.24146E+02 -0.23358E+02 -0.21666E+02 -0.19370E+02
 -0.16932E+02 -0.14811E+02 -0.13272E+02 -0.12283E+02 -0.11585E+02 -0.10861E+02
 -0.98804E+01 -0.85546E+01 -0.69537E+01 -0.53104E+01 -0.39280E+01 -0.29826E+01
 -0.23638E+01 -0.17225E+01 -0.70568E+00  0.91854E+00  0.32131E+01  0.59652E+01
  0.86409E+01  0.10642E+02  0.11659E+02  0.11839E+02  0.11628E+02  0.11380E+02
  0.11131E+02  0.10734E+02  0.10121E+02  0.93874E+01  0.87278E+01  0.83468E+01
  0.84422E+01  0.91459E+01  0.10407E+02  0.11942E+02  0.13329E+02  0.14123E+02
  0.13972E+02  0.12782E+02  0.10852E+02  0.87953E+01  0.72549E+01  0.66160E+01
  0.68830E+01  0.77015E+01  0.85148E+01  0.88280E+01  0.84160E+01  0.73631E+01
  0.59361E+01  0.44922E+01  0.33616E+01  0.26170E+01  0.19877E+01  0.10903E+01
 -0.26164E+00 -0.19085E+01 -0.33948E+01 -0.41613E+01 -0.38644E+01 -0.25322E+01
 -0.45963E+00  0.19438E+01  0.43081E+01  0.64388E+01  0.82887E+01  0.98383E+01
  0.11021E+02  0.11767E+02  0.12034E+02  0.11782E+02  0.10935E+02  0.94332E+01
  0.73454E+01  0.48956E+01  0.23794E+01  0.47804E-01 -0.19894E+01 -0.37745E+01
 -0.54015E+01 -0.69110E+01 -0.82676E+01 -0.93510E+01 -0.99872E+01 -0.10135E+02
 -0.10079E+02 -0.10348E+02 -0.11368E+02 -0.13121E+02 -0.15045E+02 -0.16286E+02
 -0.16230E+02 -0.14859E+02 -0.12695E+02 -0.10513E+02 -0.89993E+01 -0.84987E+01
 -0.89435E+01 -0.10002E+02 -0.11289E+02 -0.12506E+02 -0.13356E+02 -0.13485E+02
 -0.12684E+02 -0.11079E+02 -0.90354E+01 -0.68922E+01 -0.48665E+01 -0.31417E+01
 -0.19566E+01 -0.15730E+01 -0.21961E+01 -0.38877E+01 -0.65052E+01 -0.96851E+01
 -0.12848E+02 -0.15313E+02 -0.16525E+02 -0.16181E+02 -0.14257E+02 -0.10974E+02
 -0.67366E+01 -0.20662E+01  0.24628E+01  0.63342E+01  0.91655E+01  0.10754E+02
  0.11111E+02  0.10540E+02  0.95742E+01  0.87762E+01  0.85188E+01  0.89496E+01
  0.10112E+02  0.12059E+02  0.14800E+02  0.18088E+02  0.21322E+02  0.23707E+02
  0.24633E+02  0.24024E+02  0.22391E+02  0.20435E+02  0.18528E+02  0.16562E+02
  0.14242E+02  0.11532E+02  0.88629E+01  0.69233E+01  0.61942E+01  0.65966E+01
  0.75674E+01  0.83726E+01  0.84371E+01  0.75549E+01  0.58153E+01  0.33966E+01
  0.54802E+00 -0.23278E+01 -0.47645E+01 -0.64276E+01 -0.72485E+01 -0.73929E+01
 -0.71179E+01 -0.66061E+01 -0.59070E+01 -0.50105E+01 -0.39152E+01 -0.26750E+01
 -0.14552E+01 -0.56638E+00 -0.43486E+00 -0.13711E+01 -0.32251E+01 -0.52940E+01
 -0.67571E+01 -0.72073E+01 -0.67505E+01 -0.57374E+01 -0.45543E+01 -0.34650E+01
 -0.25069E+01 -0.15895E+01 -0.77329E+00 -0.45721E+00 -0.12320E+01 -0.35114E+01
 -0.72444E+01 -0.11878E+02 -0.16552E+02 -0.20388E+02 -0.22714E+02 -0.23216E+02
 -0.22013E+02 -0.19608E+02 -0.16700E+02 -0.13877E+02 -0.11423E+02 -0.93473E+01
 -0.75746E+01 -0.60786E+01 -0.49473E+01 -0.43875E+01 -0.46113E+01 -0.56521E+01
 -0.73128E+01 -0.92890E+01 -0.11299E+02 -0.13111E+02 -0.14488E+02 -0.15119E+02
 -0.14682E+02 -0.13031E+02 -0.10338E+02 -0.70400E+01 -0.36409E+01 -0.51055E+00
  0.21630E+01  0.43091E+01  0.59340E+01  0.71672E+01  0.82045E+01  0.91464E+01
  0.98870E+01  0.10241E+02  0.10211E+02  0.10137E+02  0.10506E+02  0.11552E+02
  0.13051E+02  0.14495E+02  0.15458E+02  0.15917E+02  0.16287E+02  0.17160E+02
  0.18900E+02  0.21355E+02  0.23918E+02  0.25877E+02  0.26816E+02  0.26714E+02
  0.25829E+02  0.24488E+02  0.22825E+02  0.20647E+02  0.17599E+02  0.13501E+02
  0.85800E+01  0.34381E+01 -0.12031E+01 -0.47335E+01 -0.67937E+01 -0.73321E+01
 -0.66440E+01 -0.53232E+01 -0.40217E+01 -0.31963E+01 -0.30558E+01 -0.36684E+01
 -0.49928E+01 -0.68559E+01 -0.90175E+01 -0.11286E+02 -0.13570E+02 -0.15778E+02
 -0.17651E+02 -0.18759E+02 -0.18793E+02 -0.17898E+02 -0.16657E+02 -0.15737E+02
 -0.15507E+02 -0.15868E+02 -0.16348E+02 -0.16396E+02 -0.15720E+02 -0.14444E+02
 -0.13003E+02 -0.11839E+02 -0.11197E+02 -0.11123E+02 -0.11548E+02 -0.12372E+02
 -0.13518E+02 -0.14880E+02 -0.16162E+02 -0.16861E+02 -0.16510E+02 -0.15024E+02
 -0.12769E+02 -0.10268E+02 -0.78371E+01 -0.54306E+01 -0.28249E+01  0.61508E-01
  0.30427E+01  0.58122E+01  0.81452E+01  0.10000E+02  0.11454E+02  0.12570E+02
  0.13272E+02  0.13350E+02  0.12714E+02  0.11684E+02  0.10894E+02  0.10836E+02
  0.11507E+02  0.12460E+02  0.13160E+02  0.13418E+02  0.13552E+02  0.14105E+02
  0.15349E+02  0.16988E+02  0.18312E+02  0.18735E+02  0.18237E+02  0.17253E+02
  0.16222E+02  0.15261E+02  0.14203E+02  0.12854E+02  0.11272E+02  0.98390E+01
  0.90536E+01  0.92388E+01  0.10363E+02  0.12041E+02  0.13752E+02  0.15073E+02
  0.15760E+02  0.15741E+02  0.15127E+02  0.14111E+02  0.12754E+02  0.10875E+02
  0.82145E+01  0.46987E+01  0.62722E+00 -0.33743E+01 -0.67550E+01 -0.94533E+01
 -0.11860E+02 -0.14427E+02 -0.17284E+02 -0.20172E+02 -0.22597E+02 -0.24151E+02
 -0.24830E+02 -0.25014E+02 -0.25040E+02 -0.24833E+02 -0.24045E+02 -0.22514E+02
 -0.20515E+02 -0.18583E+02 -0.17188E+02 -0.16476E+02 -0.16211E+02 -0.15982E+02
 -0.15461E+02 -0.14500E+02 -0.13122E+02 -0.11437E+02 -0.94818E+01 -0.71390E+01
 -0.42567E+01 -0.84740E+00  0.27558E+01  0.59431E+01  0.80695E+01  0.87794E+01
  0.83181E+01  0.75460E+01  0.74101E+01  0.82358E+01  0.95315E+01  0.10442E+02
  0.10410E+02  0.95598E+01  0.85527E+01  0.80525E+01  0.82815E+01  0.90381E+01
  0.10088E+02  0.11517E+02  0.13735E+02  0.17053E+02  0.21241E+02  0.25556E+02
  0.29152E+02  0.31407E+02  0.32016E+02  0.30966E+02  0.28468E+02  0.24862E+02
  0.20499E+02  0.15725E+02  0.10872E+02  0.62154E+01  0.20514E+01 -0.12365E+01
 -0.33346E+01 -0.42914E+01 -0.46157E+01 -0.50639E+01 -0.62521E+01 -0.83195E+01
 -0.10923E+02 -0.13597E+02 -0.16156E+02 -0.18731E+02 -0.21441E+02 -0.24077E+02
 -0.26133E+02 -0.27153E+02 -0.27061E+02 -0.26152E+02 -0.24768E+02 -0.23015E+02
 -0.20777E+02 -0.17975E+02 -0.14841E+02 -0.11934E+02 -0.98354E+01 -0.88635E+01
 -0.90187E+01 -0.10082E+02 -0.11710E+02 -0.13520E+02 -0.15082E+02 -0.15950E+02
 -0.15780E+02 -0.14475E+02 -0.12121E+02 -0.88616E+01 -0.49094E+01 -0.64064E+00
  0.34478E+01  0.69019E+01  0.94078E+01  0.10801E+02  0.11089E+02  0.10531E+02
  0.96525E+01  0.91060E+01  0.93924E+01  0.10635E+02  0.12565E+02  0.14684E+02
  0.16485E+02  0.17659E+02  0.18202E+02  0.18342E+02  0.18309E+02  0.18198E+02
  0.18083E+02  0.18145E+02  0.18577E+02  0.19404E+02  0.20401E+02  0.21207E+02
  0.21480E+02  0.21027E+02  0.19804E+02  0.17831E+02  0.15085E+02  0.11518E+02
  0.72208E+01  0.25903E+01 -0.17059E+01 -0.50034E+01 -0.69652E+01 -0.77533E+01
 -0.79341E+01 -0.81669E+01 -0.88592E+01 -0.99769E+01 -0.11103E+02 -0.11743E+02
 -0.11707E+02 -0.11291E+02 -0.11006E+02 -0.11083E+02 -0.11336E+02 -0.11470E+02
 -0.11332E+02 -0.10921E+02 -0.10329E+02 -0.96452E+01 -0.89431E+01 -0.83139E+01
 -0.78569E+01 -0.76490E+01 -0.77332E+01 -0.81433E+01 -0.89132E+01 -0.10069E+02
 -0.11593E+02 -0.13285E+02 -0.14682E+02 -0.15186E+02 -0.14286E+02 -0.11804E+02
 -0.80525E+01 -0.37462E+01  0.30973E+00  0.34825E+01  0.53988E+01  0.59327E+01
  0.51742E+01  0.34733E+01  0.14083E+01 -0.47165E+00 -0.18745E+01 -0.27396E+01
 -0.30138E+01 -0.24496E+01 -0.62699E+00  0.27108E+01  0.72974E+01  0.12319E+02
  0.16739E+02  0.19701E+02  0.20787E+02  0.20074E+02  0.18016E+02  0.15232E+02
  0.12331E+02  0.98376E+01  0.81363E+01  0.73770E+01  0.74701E+01  0.82502E+01
  0.96261E+01  0.11549E+02  0.13865E+02  0.16221E+02  0.18114E+02  0.18987E+02
  0.18343E+02  0.15930E+02  0.11981E+02  0.72279E+01  0.26184E+01 -0.11087E+01
 -0.36845E+01 -0.53184E+01 -0.65427E+01 -0.79214E+01 -0.97603E+01 -0.12001E+02
 -0.14295E+02 -0.16153E+02 -0.17131E+02 -0.17063E+02 -0.16119E+02 -0.14601E+02
 -0.12724E+02 -0.10601E+02 -0.84062E+01 -0.64353E+01 -0.49631E+01 -0.40398E+01
 -0.34539E+01 -0.29512E+01 -0.25324E+01 -0.25265E+01 -0.34000E+01 -0.54613E+01
 -0.86343E+01 -0.12442E+02 -0.16189E+02 -0.19177E+02 -0.20896E+02 -0.21212E+02
 -0.20372E+02 -0.18818E+02 -0.16981E+02 -0.15150E+02 -0.13361E+02 -0.11406E+02
 -0.90477E+01 -0.62729E+01 -0.33192E+01 -0.48740E+00  0.20071E+01  0.40272E+01
  0.54441E+01  0.62191E+01  0.66018E+01  0.71047E+01  0.82091E+01  0.10092E+02
  0.12550E+02  0.15133E+02  0.17380E+02  0.19020E+02  0.19986E+02  0.20257E+02
  0.19734E+02  0.18366E+02  0.16381E+02  0.14300E+02  0.12682E+02  0.11770E+02
  0.11420E+02  0.11288E+02  0.11093E+02  0.10836E+02  0.10832E+02  0.11343E+02
  0.12148E+02  0.12533E+02  0.11694E+02  0.91855E+01  0.51480E+01  0.26325E+00
 -0.45213E+01 -0.83400E+01 -0.10629E+02 -0.11167E+02 -0.10061E+02 -0.77683E+01
 -0.50417E+01 -0.26749E+01 -0.12128E+01 -0.82094E+00 -0.13908E+01 -0.27678E+01
 -0.48519E+01 -0.74305E+01 -0.10059E+02 -0.12208E+02 -0.13475E+02 -0.13685E+02
 -0.12872E+02 -0.11224E+02 -0.90221E+01 -0.65936E+01 -0.43317E+01 -0.26492E+01
 -0.18619E+01 -0.20767E+01 -0.31124E+01 -0.45220E+01 -0.57993E+01 -0.66467E+01
 -0.70965E+01 -0.73829E+01 -0.76604E+01 -0.78717E+01 -0.78647E+01 -0.75617E+01
 -0.70239E+01 -0.63635E+01 -0.56006E+01 -0.46310E+01 -0.32955E+01 -0.14744E+01
  0.78743E+00  0.31874E+01  0.52411E+01  0.65059E+01  0.68541E+01  0.66086E+01
  0.63088E+01  0.62268E+01  0.61999E+01  0.58683E+01  0.50215E+01  0.38158E+01
  0.27441E+01  0.23082E+01  0.26440E+01  0.34462E+01  0.42536E+01  0.48679E+01
  0.55345E+01  0.66991E+01  0.85858E+01  0.10994E+02  0.13409E+02  0.15261E+02
  0.16125E+02  0.15823E+02  0.14408E+02  0.12102E+02  0.92981E+01  0.65508E+01
  0.44673E+01  0.34943E+01  0.36771E+01  0.45562E+01  0.53586E+01  0.54265E+01
  0.45717E+01  0.30889E+01  0.14980E+01  0.24679E+00 -0.40962E+00 -0.35885E+00
  0.38135E+00  0.15575E+01  0.26758E+01  0.31605E+01  0.25372E+01  0.62112E+00
 -0.23185E+01 -0.56535E+01 -0.87816E+01 -0.11385E+02 -0.13348E+02 -0.14614E+02
 -0.15186E+02 -0.15187E+02 -0.14761E+02 -0.13988E+02 -0.12902E+02 -0.11569E+02
 -0.10203E+02 -0.91612E+01 -0.86759E+01 -0.86622E+01 -0.89651E+01 -0.96766E+01
 -0.11063E+02 -0.13159E+02 -0.15439E+02 -0.16979E+02 -0.17031E+02 -0.15442E+02
 -0.12629E+02 -0.93002E+01 -0.61150E+01 -0.34144E+01 -0.11640E+01  0.86832E+00
  0.28469E+01  0.47549E+01  0.64517E+01  0.77736E+01  0.86312E+01  0.90492E+01
  0.91609E+01  0.92065E+01  0.94822E+01  0.10174E+02  0.11197E+02  0.12248E+02
  0.12993E+02  0.13178E+02  0.12682E+02  0.11625E+02  0.10287E+02  0.88017E+01
  0.70425E+01  0.47940E+01  0.19756E+01 -0.11406E+01 -0.38439E+01 -0.52177E+01
 -0.45126E+01 -0.13538E+01  0.42154E+01  0.11706E+02  0.20114E+02  0.27982E+02
  0.33767E+02  0.36315E+02  0.35145E+02  0.30540E+02  0.23422E+02  0.15082E+02
  0.68756E+01 -0.15487E+00 -0.55586E+01 -0.94173E+01 -0.12105E+02 -0.14103E+02
 -0.15829E+02 -0.17520E+02 -0.19226E+02 -0.20848E+02 -0.22149E+02 -0.22804E+02
 -0.22567E+02 -0.21414E+02 -0.19632E+02 -0.17768E+02 -0.16439E+02 -0.16075E+02
 -0.16788E+02 -0.18364E+02 -0.20360E+02 -0.22238E+02 -0.23472E+02 -0.23734E+02
 -0.23026E+02 -0.21614E+02 -0.19746E+02 -0.17453E+02 -0.14564E+02 -0.10933E+02
 -0.66771E+01 -0.22690E+01  0.16330E+01  0.45586E+01  0.65115E+01  0.79451E+01
  0.94790E+01  0.11548E+02  0.14170E+02  0.17000E+02  0.19549E+02  0.21390E+02
  0.22207E+02  0.21837E+02  0.20261E+02  0.17601E+02  0.14168E+02  0.10509E+02
  0.73439E+01  0.53600E+01  0.49829E+01  0.61855E+01  0.84174E+01  0.10714E+02
  0.12043E+02  0.11798E+02  0.10093E+02  0.75774E+01  0.50363E+01  0.30990E+01
  0.21606E+01  0.23852E+01  0.36818E+01  0.56981E+01  0.79039E+01  0.97448E+01
  0.10820E+02  0.11026E+02  0.10507E+02  0.94460E+01  0.79904E+01  0.64259E+01
  0.52867E+01  0.50878E+01  0.58688E+01  0.70279E+01  0.76321E+01  0.69355E+01
  0.47333E+01  0.13251E+01 -0.27542E+01 -0.70569E+01 -0.11421E+02 -0.15829E+02
 -0.20045E+02 -0.23510E+02 -0.25608E+02 -0.25998E+02 -0.24798E+02 -0.22531E+02
 -0.19848E+02 -0.17239E+02 -0.14922E+02 -0.12934E+02 -0.11328E+02 -0.10261E+02
 -0.99161E+01 -0.10269E+02 -0.10942E+02 -0.11366E+02 -0.11118E+02 -0.10121E+02
 -0.84603E+01 -0.61839E+01 -0.33312E+01  0.56732E-03  0.36357E+01  0.73160E+01
  0.10783E+02  0.13840E+02  0.16290E+02  0.17808E+02  0.17954E+02  0.16318E+02
  0.12677E+02  0.70730E+01 -0.12770E+00 -0.81875E+01 -0.16025E+02 -0.22444E+02
 -0.26462E+02 -0.27555E+02 -0.25758E+02 -0.21642E+02 -0.16107E+02 -0.10046E+02
 -0.40966E+01  0.14063E+01  0.63166E+01  0.10568E+02  0.14136E+02  0.16949E+02
  0.18833E+02  0.19604E+02  0.19211E+02  0.17831E+02  0.15769E+02  0.13270E+02
  0.10454E+02  0.74041E+01  0.42921E+01  0.15267E+01 -0.22556E+00 -0.25243E+00
  0.18279E+01  0.58492E+01  0.11124E+02  0.16573E+02  0.21025E+02  0.23542E+02
  0.23641E+02  0.21408E+02  0.17486E+02  0.12828E+02  0.83283E+01  0.45622E+01
  0.16603E+01 -0.56499E+00 -0.23243E+01 -0.36401E+01 -0.43803E+01 -0.44635E+01
 -0.40429E+01 -0.35503E+01 -0.35440E+01 -0.43968E+01 -0.60571E+01 -0.80221E+01
 -0.96160E+01 -0.10372E+02 -0.10164E+02 -0.90451E+01 -0.71118E+01 -0.45484E+01
 -0.17518E+01  0.65577E+00  0.20447E+01  0.19523E+01  0.16264E+00 -0.31523E+01
 -0.73772E+01 -0.11610E+02 -0.15001E+02 -0.17089E+02 -0.17793E+02 -0.17118E+02
 -0.15034E+02 -0.11667E+02 -0.75020E+01 -0.32631E+01  0.37187E+00  0.30358E+01
  0.47522E+01  0.58108E+01  0.65125E+01  0.69632E+01  0.70885E+01  0.67867E+01
  0.60199E+01  0.48541E+01  0.34526E+01  0.20070E+01  0.73893E+00 -0.48854E-01
 -0.38815E-01  0.94915E+00  0.28152E+01  0.51079E+01  0.71720E+01  0.84578E+01
  0.87231E+01  0.80684E+01  0.68862E+01  0.56554E+01  0.46589E+01  0.39469E+01
  0.35309E+01  0.34736E+01  0.37920E+01  0.43857E+01  0.50076E+01  0.52854E+01
  0.48450E+01  0.35375E+01  0.15661E+01 -0.57227E+00 -0.22790E+01 -0.31311E+01
 -0.30717E+01 -0.23214E+01 -0.12035E+01 -0.30413E-01  0.92376E+00  0.14533E+01
  0.13739E+01  0.56992E+00 -0.85313E+00 -0.25532E+01 -0.41755E+01 -0.55683E+01
 -0.67750E+01 -0.78587E+01 -0.87258E+01 -0.90938E+01 -0.86455E+01 -0.72374E+01
 -0.49923E+01 -0.22567E+01  0.50318E+00  0.28220E+01  0.43385E+01  0.48496E+01
  0.43616E+01  0.31411E+01  0.16178E+01  0.16758E+00 -0.10105E+01 -0.18639E+01
 -0.23950E+01 -0.25824E+01 -0.24344E+01 -0.20354E+01 -0.15645E+01 -0.11874E+01
 -0.91380E+00 -0.60133E+00 -0.12298E+00  0.47398E+00  0.93133E+00  0.88361E+00
  0.65838E-01 -0.15153E+01 -0.35285E+01 -0.53691E+01 -0.63604E+01 -0.60274E+01
 -0.42426E+01 -0.12176E+01  0.25312E+01  0.63147E+01  0.95145E+01  0.11761E+02
  0.12903E+02  0.12843E+02  0.11433E+02  0.85509E+01  0.43291E+01 -0.61380E+00
 -0.52172E+01 -0.84141E+01 -0.96294E+01 -0.89491E+01 -0.70269E+01 -0.48436E+01
 -0.33020E+01 -0.28728E+01 -0.35188E+01 -0.47943E+01 -0.60211E+01 -0.65423E+01
 -0.59705E+01 -0.43479E+01 -0.21480E+01 -0.74245E-01  0.12940E+01  0.18091E+01
  0.18011E+01  0.18441E+01  0.23833E+01  0.33976E+01  0.43440E+01  0.45009E+01
  0.34124E+01  0.10962E+01 -0.19411E+01 -0.48514E+01 -0.68355E+01 -0.75451E+01
 -0.71675E+01 -0.62316E+01 -0.53373E+01 -0.49205E+01 -0.51608E+01 -0.60722E+01
 -0.75879E+01 -0.95586E+01 -0.11789E+02 -0.14103E+02 -0.16341E+02 -0.18346E+02
 -0.19965E+02 -0.21014E+02 -0.21214E+02 -0.20256E+02 -0.17955E+02 -0.14378E+02
 -0.98817E+01 -0.50774E+01 -0.62636E+00  0.30234E+01  0.57544E+01  0.77327E+01
  0.93044E+01  0.10819E+02  0.12425E+02  0.14054E+02  0.15619E+02  0.17190E+02
  0.18912E+02  0.20804E+02  0.22662E+02  0.24202E+02  0.25255E+02  0.25816E+02
  0.25953E+02  0.25723E+02  0.25152E+02  0.24216E+02  0.22847E+02  0.20985E+02
  0.18735E+02  0.16395E+02  0.14213E+02  0.12179E+02  0.10059E+02  0.76290E+01
  0.48338E+01  0.18760E+01 -0.85489E+00 -0.29951E+01 -0.44447E+01 -0.54625E+01
 -0.65344E+01 -0.80634E+01 -0.10125E+02 -0.12401E+02 -0.14328E+02 -0.15387E+02
 -0.15374E+02 -0.14418E+02 -0.12829E+02 -0.11006E+02 -0.94532E+01 -0.86725E+01
 -0.90368E+01 -0.10676E+02 -0.13389E+02 -0.16670E+02 -0.19952E+02 -0.22827E+02
 -0.25113E+02 -0.26804E+02 -0.27970E+02 -0.28610E+02 -0.28545E+02 -0.27494E+02
 -0.25236E+02 -0.21794E+02 -0.17497E+02 -0.12863E+02 -0.83598E+01 -0.43019E+01
 -0.94463E+00  0.14589E+01  0.27357E+01  0.29245E+01  0.23807E+01  0.17536E+01
  0.17440E+01  0.27878E+01  0.49350E+01  0.79795E+01  0.11657E+02  0.15731E+02
  0.19972E+02  0.24051E+02  0.27448E+02  0.29572E+02  0.30093E+02  0.29179E+02
  0.27433E+02  0.25622E+02  0.24279E+02  0.23514E+02  0.23117E+02  0.22792E+02
  0.22288E+02  0.21415E+02  0.20066E+02  0.18219E+02  0.15952E+02  0.13415E+02
  0.10753E+02  0.80484E+01  0.53659E+01  0.28117E+01  0.53591E+00 -0.12613E+01
 -0.23598E+01 -0.26668E+01 -0.23543E+01 -0.18144E+01 -0.14906E+01 -0.17069E+01
 -0.25858E+01 -0.40381E+01 -0.58343E+01 -0.77188E+01 -0.94717E+01 -0.10885E+02
 -0.11780E+02 -0.12105E+02 -0.12040E+02 -0.11967E+02 -0.12280E+02 -0.13177E+02
 -0.14596E+02 -0.16308E+02 -0.18005E+02 -0.19428E+02 -0.20512E+02 -0.21390E+02
 -0.22310E+02 -0.23464E+02 -0.24832E+02 -0.26124E+02 -0.26836E+02 -0.26433E+02
 -0.24555E+02 -0.21155E+02 -0.16519E+02 -0.11223E+02 -0.60270E+01 -0.16695E+01
  0.14735E+01  0.35823E+01  0.51905E+01  0.67870E+01  0.85739E+01  0.10486E+02
  0.12348E+02  0.14024E+02  0.15447E+02  0.16549E+02  0.17250E+02  0.17473E+02
  0.17170E+02  0.16294E+02  0.14833E+02  0.12872E+02  0.10661E+02  0.86334E+01
  0.73066E+01  0.70421E+01  0.78197E+01  0.92129E+01  0.10584E+02  0.11381E+02
  0.11420E+02  0.10922E+02  0.10243E+02  0.95134E+01  0.86145E+01  0.74320E+01
  0.60255E+01  0.45922E+01  0.33638E+01  0.25365E+01  0.22532E+01  0.26364E+01
  0.37496E+01  0.55014E+01  0.76363E+01  0.98358E+01  0.11783E+02  0.13188E+02
  0.13819E+02  0.13504E+02  0.12156E+02  0.98708E+01  0.68934E+01  0.34934E+01
 -0.35139E-01 -0.33306E+01 -0.61054E+01 -0.83534E+01 -0.10341E+02 -0.12346E+02
 -0.14403E+02 -0.16322E+02 -0.17819E+02 -0.18631E+02 -0.18654E+02 -0.18040E+02
 -0.17117E+02 -0.16206E+02 -0.15492E+02 -0.15042E+02 -0.14892E+02 -0.15138E+02
 -0.15958E+02 -0.17483E+02 -0.19527E+02 -0.21484E+02 -0.22504E+02 -0.21825E+02
 -0.19049E+02 -0.14244E+02 -0.78574E+01 -0.61404E+00  0.65616E+01  0.12681E+02
  0.16938E+02  0.18933E+02  0.18740E+02  0.16754E+02  0.13548E+02  0.97644E+01
  0.60212E+01  0.28302E+01  0.46184E+00 -0.11245E+01 -0.22148E+01 -0.31804E+01
 -0.42615E+01 -0.53638E+01 -0.60633E+01 -0.58929E+01 -0.46485E+01 -0.24904E+01
  0.18808E+00  0.29606E+01  0.55574E+01  0.79342E+01  0.10144E+02  0.12139E+02
  0.13733E+02  0.14739E+02  0.15087E+02  0.14880E+02  0.14304E+02  0.13511E+02
  0.12629E+02  0.11780E+02  0.11007E+02  0.10265E+02  0.95493E+01  0.89966E+01
  0.87724E+01  0.89141E+01  0.93165E+01  0.97744E+01  0.10045E+02  0.99830E+01
  0.96094E+01  0.90494E+01  0.84317E+01  0.77916E+01  0.69819E+01  0.57216E+01
  0.37327E+01  0.85490E+00 -0.28470E+01 -0.69528E+01 -0.10777E+02 -0.13659E+02
 -0.15195E+02 -0.15292E+02 -0.14071E+02 -0.11756E+02 -0.86393E+01 -0.51534E+01
 -0.19541E+01  0.26807E+00  0.11604E+01  0.90440E+00  0.11385E+00 -0.48648E+00
 -0.43345E+00  0.28215E+00  0.12636E+01  0.19156E+01  0.17056E+01  0.42074E+00
 -0.17451E+01 -0.42822E+01 -0.66088E+01 -0.83123E+01 -0.92033E+01 -0.91882E+01
 -0.82877E+01 -0.68142E+01 -0.53780E+01 -0.45862E+01 -0.47479E+01 -0.58065E+01
 -0.74243E+01 -0.91156E+01 -0.10487E+02 -0.11485E+02 -0.12306E+02 -0.13047E+02
 -0.13533E+02 -0.13432E+02 -0.12479E+02 -0.10632E+02 -0.81203E+01 -0.53016E+01
 -0.24855E+01  0.14353E+00  0.24734E+01  0.43741E+01  0.56406E+01  0.60245E+01
  0.53224E+01  0.34676E+01  0.63568E+00 -0.26566E+01 -0.56010E+01 -0.73526E+01
 -0.73416E+01 -0.54703E+01 -0.21236E+01  0.20034E+01  0.61343E+01  0.96968E+01
  0.12514E+02  0.14758E+02  0.16710E+02  0.18486E+02  0.19966E+02  0.20944E+02
  0.21282E+02  0.20959E+02  0.20017E+02  0.18499E+02  0.16466E+02  0.14045E+02
  0.11491E+02  0.91647E+01  0.73227E+01  0.59174E+01  0.46582E+01  0.32244E+01
  0.14540E+01 -0.50791E+00 -0.22445E+01 -0.33252E+01 -0.35440E+01 -0.29939E+01
 -0.19898E+01 -0.93478E+00 -0.23828E+00 -0.23616E+00 -0.10826E+01 -0.27132E+01
 -0.49123E+01 -0.73313E+01 -0.94430E+01 -0.10680E+02 -0.10795E+02 -0.10069E+02
 -0.90655E+01 -0.81940E+01 -0.75136E+01 -0.68268E+01 -0.59087E+01 -0.47540E+01
 -0.36625E+01 -0.30796E+01 -0.33264E+01 -0.44263E+01 -0.61466E+01 -0.81505E+01
 -0.10082E+02 -0.11617E+02 -0.12552E+02 -0.12840E+02 -0.12522E+02 -0.11632E+02
 -0.10203E+02 -0.83174E+01 -0.61151E+01 -0.37750E+01 -0.15258E+01  0.46329E+00
  0.21970E+01  0.38076E+01  0.53791E+01  0.68198E+01  0.78746E+01  0.82411E+01
  0.77932E+01  0.66992E+01  0.53271E+01  0.39971E+01  0.27946E+01  0.15883E+01
  0.22840E+00 -0.12692E+01 -0.26705E+01 -0.36193E+01 -0.38144E+01 -0.31743E+01
 -0.18865E+01 -0.27175E+00  0.14165E+01  0.30367E+01  0.44797E+01  0.56616E+01
  0.65432E+01  0.70823E+01  0.71964E+01  0.67657E+01  0.56900E+01  0.39846E+01
  0.18035E+01 -0.60217E+00 -0.28717E+01 -0.45326E+01 -0.51419E+01 -0.44222E+01
 -0.22982E+01  0.10587E+01  0.52336E+01  0.96716E+01  0.13791E+02  0.17068E+02
  0.19110E+02  0.19691E+02  0.18786E+02  0.16583E+02  0.13429E+02  0.97002E+01
  0.56815E+01  0.16165E+01 -0.21475E+01 -0.51510E+01 -0.69850E+01 -0.74298E+01
 -0.65681E+01 -0.48248E+01 -0.28557E+01 -0.12953E+01 -0.49193E+00 -0.43352E+00
 -0.86217E+00 -0.14813E+01 -0.21687E+01 -0.30469E+01 -0.43488E+01 -0.62574E+01
 -0.88145E+01 -0.11861E+02 -0.14995E+02 -0.17605E+02 -0.19096E+02 -0.19129E+02
 -0.17731E+02 -0.15258E+02 -0.12327E+02 -0.96790E+01 -0.78935E+01 -0.71242E+01
 -0.71594E+01 -0.77245E+01 -0.86593E+01 -0.98633E+01 -0.11168E+02 -0.12295E+02
 -0.12933E+02 -0.12882E+02 -0.12163E+02 -0.11023E+02 -0.97753E+01 -0.85481E+01
 -0.72239E+01 -0.57015E+01 -0.41274E+01 -0.27700E+01 -0.17323E+01 -0.83609E+00
  0.28284E+00  0.19452E+01  0.42391E+01  0.69876E+01  0.98143E+01  0.12311E+02
  0.14245E+02  0.15521E+02  0.16022E+02  0.15741E+02  0.14876E+02  0.13753E+02
  0.12666E+02  0.11746E+02  0.10891E+02  0.98882E+01  0.85802E+01  0.69581E+01
  0.51766E+01  0.34997E+01  0.22106E+01  0.15002E+01  0.13572E+01  0.15950E+01
  0.20130E+01  0.25295E+01  0.31512E+01  0.38089E+01  0.42571E+01  0.41610E+01
  0.32797E+01  0.16024E+01 -0.62183E+00 -0.29689E+01 -0.50115E+01 -0.64571E+01
 -0.71527E+01 -0.70453E+01 -0.61709E+01 -0.46409E+01 -0.25959E+01 -0.18081E+00
  0.24085E+01  0.48712E+01  0.68446E+01  0.80433E+01  0.83691E+01  0.79083E+01
  0.68475E+01  0.54235E+01  0.38714E+01  0.23635E+01  0.98416E+00 -0.17126E+00
 -0.95275E+00 -0.12784E+01 -0.12000E+01 -0.84640E+00 -0.39526E+00 -0.22616E-01
  0.14073E+00  0.27588E-01 -0.37405E+00 -0.10503E+01 -0.20386E+01 -0.33562E+01
 -0.48773E+01 -0.63448E+01 -0.74894E+01 -0.81346E+01 -0.82512E+01 -0.79502E+01
 -0.73842E+01 -0.66232E+01 -0.56234E+01 -0.43438E+01 -0.28744E+01 -0.14673E+01
 -0.45256E+00 -0.93349E-01 -0.43629E+00 -0.12362E+01 -0.20562E+01 -0.25515E+01
 -0.26876E+01 -0.26721E+01 -0.27306E+01 -0.29821E+01 -0.34144E+01 -0.38591E+01
 -0.40468E+01 -0.38052E+01 -0.31917E+01 -0.24264E+01 -0.17456E+01 -0.12670E+01
 -0.95035E+00 -0.68893E+00 -0.42624E+00 -0.17048E+00  0.41019E-01  0.16901E+00
  0.20365E+00  0.13683E+00 -0.12770E+00 -0.74600E+00 -0.18193E+01 -0.32596E+01
 -0.46828E+01 -0.54815E+01 -0.51145E+01 -0.34238E+01 -0.68803E+00  0.26014E+01
  0.59623E+01  0.89943E+01  0.11403E+02  0.13009E+02  0.13715E+02  0.13488E+02
  0.12443E+02  0.10876E+02  0.91283E+01  0.74076E+01  0.57876E+01  0.43238E+01
  0.31528E+01  0.24861E+01  0.24897E+01  0.31866E+01  0.44704E+01  0.61361E+01
  0.79076E+01  0.95401E+01  0.10932E+02  0.12119E+02  0.13158E+02  0.13985E+02
  0.14350E+02  0.13891E+02  0.12398E+02  0.10091E+02  0.76168E+01  0.56687E+01
  0.45613E+01  0.41150E+01  0.38479E+01  0.32764E+01  0.21971E+01  0.77980E+00
 -0.58053E+00 -0.15826E+01 -0.22815E+01 -0.30013E+01 -0.40904E+01 -0.57639E+01
 -0.79780E+01 -0.10369E+02 -0.12408E+02 -0.13681E+02 -0.14102E+02 -0.13910E+02
 -0.13447E+02 -0.12922E+02 -0.12363E+02 -0.11729E+02 -0.11082E+02 -0.10629E+02
 -0.10598E+02 -0.11066E+02 -0.11904E+02 -0.12808E+02 -0.13407E+02 -0.13441E+02
 -0.12869E+02 -0.11818E+02 -0.10476E+02 -0.90144E+01 -0.75526E+01 -0.61680E+01
 -0.49092E+01 -0.37691E+01 -0.26778E+01 -0.15522E+01 -0.33319E+00  0.99723E+00
  0.23910E+01  0.37511E+01  0.50374E+01  0.63656E+01  0.79715E+01  0.10086E+02
  0.12894E+02  0.16500E+02  0.20787E+02  0.25267E+02  0.29146E+02  0.31556E+02
  0.31857E+02  0.29975E+02  0.26463E+02  0.22216E+02  0.18074E+02  0.14579E+02
  0.11932E+02  0.10167E+02  0.92937E+01  0.92408E+01  0.97842E+01  0.10579E+02
  0.11220E+02  0.11346E+02  0.10752E+02  0.93821E+01  0.72952E+01  0.46369E+01
  0.15933E+01 -0.16810E+01 -0.50550E+01 -0.83175E+01 -0.11153E+02 -0.13291E+02
 -0.14632E+02 -0.15243E+02 -0.15328E+02 -0.15175E+02 -0.15029E+02 -0.14985E+02
 -0.15000E+02 -0.14965E+02 -0.14794E+02 -0.14484E+02 -0.14010E+02 -0.13240E+02
 -0.12079E+02 -0.10668E+02 -0.93396E+01 -0.83446E+01 -0.76445E+01 -0.69904E+01
 -0.61348E+01 -0.49801E+01 -0.36465E+01 -0.24486E+01 -0.17441E+01 -0.17317E+01
 -0.23240E+01 -0.32289E+01 -0.41821E+01 -0.50497E+01 -0.57807E+01 -0.64078E+01
 -0.70048E+01 -0.75334E+01 -0.77808E+01 -0.74829E+01 -0.65275E+01 -0.50048E+01
 -0.31252E+01 -0.10909E+01  0.97778E+00  0.30249E+01  0.49867E+01  0.67389E+01
  0.80653E+01  0.87526E+01  0.87251E+01  0.80963E+01  0.70875E+01  0.59245E+01
  0.47949E+01  0.37481E+01  0.26725E+01  0.14640E+01  0.14220E+00 -0.12125E+01
 -0.25157E+01 -0.36589E+01 -0.44997E+01 -0.48469E+01 -0.44436E+01 -0.30935E+01
 -0.86345E+00  0.18846E+01  0.46011E+01  0.67078E+01  0.78161E+01  0.78774E+01
  0.71251E+01  0.59043E+01  0.45908E+01  0.35333E+01  0.29429E+01  0.28973E+01
  0.33914E+01  0.42885E+01  0.53199E+01  0.62237E+01  0.68384E+01  0.71354E+01
  0.72312E+01  0.72324E+01  0.70340E+01  0.63378E+01  0.48925E+01  0.26686E+01
 -0.12726E+00 -0.31664E+01 -0.61709E+01 -0.89852E+01 -0.11492E+02 -0.13528E+02
 -0.14864E+02 -0.15298E+02 -0.14801E+02 -0.13585E+02 -0.11989E+02 -0.10353E+02
 -0.89409E+01 -0.79126E+01 -0.73420E+01 -0.72444E+01 -0.75730E+01 -0.81548E+01
 -0.86536E+01 -0.86800E+01 -0.79244E+01 -0.62573E+01 -0.37990E+01 -0.92412E+00
  0.18612E+01  0.41018E+01  0.55142E+01  0.60058E+01  0.56349E+01  0.45553E+01
  0.29827E+01  0.11865E+01 -0.51661E+00 -0.17473E+01 -0.21063E+01 -0.13475E+01
  0.46457E+00  0.29999E+01  0.58539E+01  0.86763E+01  0.11168E+02  0.13033E+02
  0.13998E+02  0.13916E+02  0.12894E+02  0.11241E+02  0.92841E+01  0.73647E+01
  0.58828E+01  0.51483E+01  0.52650E+01  0.62090E+01  0.78521E+01  0.98729E+01
  0.11783E+02  0.13124E+02  0.13572E+02  0.12933E+02  0.11211E+02  0.86266E+01
  0.55172E+01  0.22245E+01 -0.93451E+00 -0.37228E+01 -0.60285E+01 -0.77747E+01
 -0.88538E+01 -0.92039E+01 -0.88664E+01 -0.79692E+01 -0.66947E+01 -0.52389E+01
 -0.37999E+01 -0.26051E+01 -0.18472E+01 -0.15844E+01 -0.17426E+01 -0.21894E+01
 -0.28428E+01 -0.37327E+01 -0.49378E+01 -0.64780E+01 -0.82453E+01 -0.99981E+01
 -0.11436E+02 -0.12283E+02 -0.12312E+02 -0.11404E+02 -0.96004E+01 -0.71104E+01
 -0.42822E+01 -0.15456E+01  0.69008E+00  0.21718E+01  0.28969E+01  0.30676E+01
  0.29371E+01  0.26681E+01  0.22841E+01  0.17408E+01  0.10351E+01  0.24622E+00
 -0.45891E+00 -0.82993E+00 -0.61582E+00  0.29636E+00  0.18327E+01  0.37915E+01
  0.59164E+01  0.79506E+01  0.96466E+01  0.10736E+02  0.10965E+02  0.10241E+02
  0.87305E+01  0.67968E+01  0.48268E+01  0.30596E+01  0.15302E+01  0.18737E+00
 -0.93269E+00 -0.17345E+01 -0.21913E+01 -0.23865E+01 -0.24339E+01 -0.24463E+01
 -0.25059E+01 -0.26425E+01 -0.28222E+01 -0.29284E+01 -0.27702E+01 -0.22049E+01
 -0.13035E+01 -0.35206E+00  0.36077E+00  0.77033E+00  0.10830E+01  0.16111E+01
  0.25162E+01  0.36748E+01  0.47619E+01  0.54423E+01  0.55181E+01  0.49836E+01
  0.40246E+01  0.29506E+01  0.20194E+01  0.13299E+01  0.85418E+00  0.46916E+00
 -0.42868E-03 -0.67755E+00 -0.15723E+01 -0.25719E+01 -0.34761E+01 -0.41192E+01
 -0.44822E+01 -0.46730E+01 -0.47854E+01 -0.48138E+01 -0.46926E+01 -0.43324E+01
 -0.36252E+01 -0.25176E+01 -0.10823E+01  0.46104E+00  0.17818E+01  0.25296E+01
  0.24718E+01  0.16112E+01  0.25852E+00 -0.10305E+01 -0.17053E+01 -0.15118E+01
 -0.58527E+00  0.65372E+00  0.16941E+01  0.21573E+01  0.19033E+01  0.98683E+00
 -0.41617E+00 -0.20714E+01 -0.37181E+01 -0.50382E+01 -0.56618E+01 -0.52793E+01
 -0.37731E+01 -0.12936E+01  0.17318E+01  0.47238E+01  0.71780E+01  0.88038E+01
  0.95173E+01  0.93940E+01  0.86189E+01  0.74151E+01  0.59289E+01  0.41828E+01
  0.21736E+01 -0.21570E-01 -0.22120E+01 -0.40664E+01 -0.52194E+01 -0.55002E+01
 -0.50309E+01 -0.41634E+01 -0.33485E+01 -0.29426E+01 -0.30436E+01 -0.34894E+01
 -0.40174E+01 -0.44229E+01 -0.46145E+01 -0.46086E+01 -0.44891E+01 -0.43732E+01
 -0.43943E+01 -0.46405E+01 -0.50628E+01 -0.54529E+01 -0.55392E+01 -0.51437E+01
 -0.42866E+01 -0.31420E+01 -0.19045E+01 -0.68314E+00  0.53103E+00  0.18481E+01
  0.33822E+01  0.50983E+01  0.67345E+01  0.79040E+01  0.83136E+01  0.79425E+01
  0.70546E+01  0.60154E+01  0.50587E+01  0.42110E+01  0.33446E+01  0.22717E+01
  0.87654E+00 -0.81267E+00 -0.26606E+01 -0.44846E+01 -0.60651E+01 -0.71778E+01
 -0.76845E+01 -0.75805E+01 -0.69079E+01 -0.56814E+01 -0.39355E+01 -0.18180E+01
  0.39223E+00  0.23749E+01  0.38966E+01  0.49386E+01  0.57102E+01  0.64094E+01
  0.69638E+01  0.71208E+01  0.67345E+01  0.58768E+01  0.47795E+01  0.37379E+01
  0.29795E+01  0.25762E+01  0.24719E+01  0.25587E+01  0.27041E+01  0.27603E+01
  0.26113E+01  0.22348E+01  0.16312E+01  0.68491E+00 -0.78114E+00 -0.28165E+01
 -0.52924E+01 -0.80012E+01 -0.10732E+02 -0.13274E+02 -0.15431E+02 -0.17069E+02
 -0.18113E+02 -0.18525E+02 -0.18330E+02 -0.17571E+02 -0.16237E+02 -0.14302E+02
 -0.11877E+02 -0.92405E+01 -0.67771E+01 -0.49196E+01 -0.39478E+01 -0.37168E+01
 -0.36876E+01 -0.32813E+01 -0.21280E+01 -0.13167E+00  0.25170E+01  0.54102E+01
  0.81041E+01  0.10253E+02  0.11640E+02  0.12193E+02  0.12015E+02  0.11358E+02
  0.10561E+02  0.99475E+01  0.96776E+01  0.96924E+01  0.97894E+01  0.96710E+01
  0.90525E+01  0.77985E+01  0.59959E+01  0.39061E+01  0.18574E+01  0.13354E+00
 -0.11018E+01 -0.18555E+01 -0.23162E+01 -0.27295E+01 -0.31895E+01 -0.35523E+01
 -0.35569E+01 -0.30324E+01 -0.19941E+01 -0.57311E+00  0.11268E+01  0.31066E+01
  0.54236E+01  0.80498E+01  0.10763E+02  0.13168E+02  0.14848E+02  0.15520E+02
  0.15131E+02  0.13838E+02  0.11871E+02  0.94711E+01  0.68889E+01  0.43750E+01
  0.21416E+01  0.27790E+00 -0.12806E+01 -0.27347E+01 -0.43370E+01 -0.62017E+01
 -0.81465E+01 -0.98017E+01 -0.10902E+02 -0.11414E+02 -0.11466E+02 -0.11201E+02
 -0.10701E+02 -0.10028E+02 -0.92637E+01 -0.84481E+01 -0.75478E+01 -0.64655E+01
 -0.50775E+01 -0.32958E+01 -0.11635E+01  0.10686E+01  0.29732E+01  0.41381E+01
  0.43833E+01  0.38154E+01  0.27057E+01  0.13587E+01  0.10726E+00 -0.70181E+00
 -0.89810E+00 -0.65026E+00 -0.31997E+00 -0.19799E+00 -0.39202E+00 -0.85829E+00
 -0.15013E+01 -0.22490E+01 -0.30351E+01 -0.38139E+01 -0.45886E+01 -0.53095E+01
 -0.57890E+01 -0.58172E+01 -0.53206E+01 -0.44008E+01 -0.32633E+01 -0.21251E+01
 -0.11393E+01 -0.29635E+00  0.59573E+00  0.17504E+01  0.32414E+01  0.50099E+01
  0.69282E+01  0.88452E+01  0.10635E+02  0.12185E+02  0.13368E+02  0.14074E+02
  0.14252E+02  0.13928E+02  0.13177E+02  0.12028E+02  0.10424E+02  0.83871E+01
  0.61788E+01  0.41759E+01  0.26547E+01  0.17757E+01  0.15974E+01  0.19809E+01
  0.25866E+01  0.30172E+01  0.29076E+01  0.19672E+01  0.67891E-01 -0.26043E+01
 -0.55363E+01 -0.81169E+01 -0.99184E+01 -0.10708E+02 -0.10397E+02 -0.91143E+01
 -0.71679E+01 -0.49215E+01 -0.27342E+01 -0.87423E+00  0.51637E+00  0.13852E+01
  0.17464E+01  0.16398E+01  0.10703E+01  0.99676E-02 -0.15681E+01 -0.36493E+01
 -0.60759E+01 -0.84827E+01 -0.10417E+02 -0.11551E+02 -0.11775E+02 -0.11110E+02
 -0.96617E+01 -0.76471E+01 -0.54028E+01 -0.33629E+01 -0.19175E+01 -0.12506E+01
 -0.13450E+01 -0.20413E+01 -0.30622E+01 -0.40819E+01 -0.47724E+01 -0.47793E+01
 -0.37967E+01 -0.17389E+01  0.11708E+01  0.44817E+01  0.76840E+01  0.10358E+02
  0.12268E+02  0.13386E+02  0.13759E+02  0.13348E+02  0.12077E+02  0.10020E+02
  0.74922E+01  0.49332E+01  0.27974E+01  0.14820E+01  0.11661E+01  0.16973E+01
  0.27033E+01  0.38053E+01  0.47990E+01  0.56733E+01  0.64147E+01  0.68683E+01
  0.68715E+01  0.64000E+01  0.55219E+01  0.43592E+01  0.30920E+01  0.18538E+01
  0.67543E+00 -0.38989E+00 -0.11886E+01 -0.15771E+01 -0.15523E+01 -0.12772E+01
 -0.10140E+01 -0.97107E+00 -0.11867E+01 -0.15747E+01 -0.20727E+01 -0.27141E+01
 -0.35611E+01 -0.46000E+01 -0.57252E+01 -0.68046E+01 -0.77184E+01 -0.83234E+01
 -0.84351E+01 -0.79439E+01 -0.69317E+01 -0.56484E+01 -0.43875E+01 -0.33734E+01
 -0.27237E+01 -0.25005E+01 -0.27202E+01 -0.33032E+01 -0.40583E+01 -0.47309E+01
 -0.50657E+01 -0.49370E+01 -0.45051E+01 -0.41358E+01 -0.40897E+01 -0.42839E+01
 -0.43176E+01 -0.37393E+01 -0.23665E+01 -0.40525E+00  0.16642E+01  0.33056E+01
  0.41453E+01  0.40747E+01  0.32257E+01  0.18794E+01  0.35595E+00 -0.10337E+01
 -0.20334E+01 -0.25498E+01 -0.26582E+01 -0.24307E+01 -0.18338E+01 -0.83856E+00
  0.43529E+00  0.17482E+01  0.28768E+01  0.36571E+01  0.40183E+01  0.40172E+01
  0.36937E+01  0.29772E+01  0.18743E+01  0.58570E+00 -0.65400E+00 -0.16848E+01
 -0.23970E+01 -0.27209E+01 -0.26296E+01 -0.21363E+01 -0.12779E+01 -0.11250E+00
  0.12318E+01  0.25379E+01  0.35703E+01  0.41596E+01  0.42384E+01  0.38686E+01
  0.32393E+01
