  Time his fn  matched to spectrum:Sclrel_output/sta2.h.freq.tgt                
   3752    5.00000E-03  0  0  0.  0.  0.  0.  0.
  0.97276E-01  0.97467E-01  0.97806E-01  0.98386E-01  0.99122E-01  0.99652E-01
  0.99610E-01  0.98733E-01  0.96873E-01  0.93889E-01  0.89364E-01  0.82915E-01
  0.74910E-01  0.65626E-01  0.52177E-01  0.29754E-01  0.60755E-03 -0.24254E-01
 -0.48204E-01 -0.10913E+00 -0.23897E+00 -0.38965E+00 -0.46627E+00 -0.50020E+00
 -0.70360E+00 -0.12023E+01 -0.17721E+01 -0.20638E+01 -0.20803E+01 -0.21847E+01
 -0.26049E+01 -0.31054E+01 -0.31496E+01 -0.23643E+01 -0.10578E+01 -0.20040E+00
 -0.41027E+00 -0.10325E+01 -0.93791E+00 -0.23059E+00 -0.23420E+00 -0.15056E+01
 -0.27633E+01 -0.24460E+01 -0.81417E+00  0.30187E+00 -0.19227E+00 -0.13074E+01
 -0.13465E+01 -0.21014E+00  0.41907E+00 -0.74025E+00 -0.29241E+01 -0.42995E+01
 -0.40802E+01 -0.30648E+01 -0.23400E+01 -0.21333E+01 -0.19740E+01 -0.14515E+01
 -0.63611E+00  0.80639E-03  0.73631E-01 -0.16603E+00 -0.10396E-01  0.68693E+00
  0.10363E+01  0.19176E+00 -0.12957E+01 -0.18583E+01 -0.77978E+00  0.80670E+00
  0.11514E+01 -0.11775E+00 -0.16644E+01 -0.20486E+01 -0.12132E+01 -0.29191E+00
 -0.28532E+00 -0.10327E+01 -0.14102E+01 -0.70235E+00  0.28786E+00  0.69437E-01
 -0.15178E+01 -0.29042E+01 -0.27246E+01 -0.14274E+01 -0.51381E+00 -0.71964E+00
 -0.14387E+01 -0.16441E+01 -0.96792E+00  0.59417E-01  0.64199E+00  0.55736E+00
  0.25177E+00  0.40936E-01 -0.33486E+00 -0.95640E+00 -0.11205E+01 -0.31572E+00
  0.68024E+00  0.75429E+00  0.13965E+00 -0.11555E+00 -0.74436E-01 -0.75151E+00
 -0.19864E+01 -0.21836E+01 -0.72491E+00  0.83038E+00  0.85009E+00 -0.18316E+00
 -0.63674E+00 -0.13087E+00  0.23094E+00 -0.20189E+00 -0.67479E+00 -0.41294E+00
 -0.31538E-01 -0.61773E+00 -0.18235E+01 -0.21209E+01 -0.11287E+01 -0.41472E+00
 -0.13432E+01 -0.31563E+01 -0.40708E+01 -0.35194E+01 -0.23999E+01 -0.16065E+01
 -0.11805E+01 -0.67966E+00  0.25695E+00  0.16242E+01  0.28977E+01  0.32791E+01
  0.24702E+01  0.11377E+01  0.26255E+00  0.71991E-01 -0.24324E-01 -0.48670E+00
 -0.10896E+01 -0.13711E+01 -0.11931E+01 -0.77421E+00 -0.55352E+00 -0.10170E+01
 -0.21699E+01 -0.31999E+01 -0.32773E+01 -0.27433E+01 -0.27703E+01 -0.36517E+01
 -0.42930E+01 -0.38597E+01 -0.31161E+01 -0.33838E+01 -0.46653E+01 -0.55931E+01
 -0.50919E+01 -0.35145E+01 -0.21082E+01 -0.16777E+01 -0.18166E+01 -0.13996E+01
  0.21357E-01  0.13422E+01  0.90891E+00 -0.13647E+01 -0.35801E+01 -0.43521E+01
 -0.50719E+01 -0.81571E+01 -0.13144E+02 -0.16372E+02 -0.15120E+02 -0.10510E+02
 -0.57381E+01 -0.30256E+01 -0.29754E+01 -0.52553E+01 -0.86834E+01 -0.11577E+02
 -0.13153E+02 -0.14368E+02 -0.16824E+02 -0.20657E+02 -0.23330E+02 -0.20862E+02
 -0.11693E+02  0.21220E-02  0.64328E+01  0.33554E+01 -0.58302E+01 -0.14532E+02
 -0.19991E+02 -0.23510E+02 -0.24933E+02 -0.21073E+02 -0.11325E+02 -0.16457E+01
  0.82307E+00 -0.37742E+01 -0.83670E+01 -0.77691E+01 -0.39245E+01 -0.15257E+01
 -0.12495E+01  0.19232E+00  0.41057E+01  0.68893E+01  0.49358E+01  0.97368E+00
  0.19489E+01  0.92511E+01  0.14431E+02  0.88842E+01 -0.35034E+01 -0.90468E+01
 -0.10310E+01  0.11322E+02  0.13902E+02  0.45536E+01 -0.46573E+01 -0.14533E+01
  0.12484E+02  0.23158E+02  0.20649E+02  0.10889E+02  0.75915E+01  0.14860E+02
  0.23327E+02  0.23048E+02  0.14917E+02  0.81855E+01  0.10339E+02  0.20497E+02
  0.30435E+02  0.32085E+02  0.26165E+02  0.22432E+02  0.29172E+02  0.44070E+02
  0.57045E+02  0.59229E+02  0.48799E+02  0.32957E+02  0.23954E+02  0.26703E+02
  0.31718E+02  0.28044E+02  0.20476E+02  0.23509E+02  0.39336E+02  0.52966E+02
  0.51410E+02  0.39544E+02  0.33148E+02  0.40425E+02  0.53892E+02  0.59483E+02
  0.51494E+02  0.37381E+02  0.28151E+02  0.26610E+02  0.27647E+02  0.27960E+02
  0.29910E+02  0.35201E+02  0.41084E+02  0.45455E+02  0.49720E+02  0.53294E+02
  0.51265E+02  0.41491E+02  0.29172E+02  0.21172E+02  0.19997E+02  0.25030E+02
  0.34418E+02  0.43069E+02  0.43409E+02  0.32203E+02  0.14699E+02 -0.10479E+00
 -0.66814E+01 -0.50127E+01  0.10585E+01  0.57398E+01  0.47810E+01 -0.49476E+00
 -0.48145E+01 -0.56009E+01 -0.44020E+01 -0.11745E+01  0.64959E+01  0.15965E+02
  0.18665E+02  0.11512E+02  0.25017E+01 -0.10133E+01 -0.35985E+01 -0.14038E+02
 -0.30786E+02 -0.42508E+02 -0.41252E+02 -0.30007E+02 -0.18922E+02 -0.17336E+02
 -0.27241E+02 -0.41392E+02 -0.49046E+02 -0.45579E+02 -0.36110E+02 -0.29480E+02
 -0.30061E+02 -0.35731E+02 -0.41215E+02 -0.41718E+02 -0.35800E+02 -0.27350E+02
 -0.23090E+02 -0.26113E+02 -0.33362E+02 -0.40244E+02 -0.45097E+02 -0.48548E+02
 -0.51388E+02 -0.53611E+02 -0.53343E+02 -0.47610E+02 -0.36935E+02 -0.27985E+02
 -0.28187E+02 -0.37616E+02 -0.48565E+02 -0.53456E+02 -0.51493E+02 -0.47272E+02
 -0.44525E+02 -0.42902E+02 -0.40437E+02 -0.36840E+02 -0.32378E+02 -0.25178E+02
 -0.13594E+02 -0.14172E+01  0.39887E+01  0.86323E+00 -0.41964E+01 -0.58444E+01
 -0.72531E+01 -0.12512E+02 -0.16731E+02 -0.11531E+02  0.24820E+01  0.16669E+02
  0.25732E+02  0.30249E+02  0.29307E+02  0.19121E+02  0.14188E+01 -0.12629E+02
 -0.12030E+02  0.14623E+01  0.14827E+02  0.17852E+02  0.11058E+02  0.17963E+00
 -0.97687E+01 -0.13752E+02 -0.88373E+01 -0.44986E+00  0.12657E+01 -0.48896E+01
 -0.83304E+01 -0.18172E+01  0.68653E+01  0.41239E+01 -0.11481E+02 -0.25654E+02
 -0.23088E+02 -0.37519E+01  0.16233E+02  0.20120E+02  0.63972E+01 -0.11816E+02
 -0.21330E+02 -0.19442E+02 -0.10842E+02  0.33660E+00  0.12097E+02  0.21129E+02
  0.22490E+02  0.13665E+02 -0.25106E+01 -0.18721E+02 -0.26389E+02 -0.21099E+02
 -0.79424E+01  0.12722E+01  0.50667E+00 -0.28962E+01  0.19728E+01  0.14096E+02
  0.21046E+02  0.14356E+02 -0.11420E+01 -0.13071E+02 -0.12580E+02 -0.10423E+01
  0.11035E+02  0.13117E+02  0.42058E+01 -0.81459E+01 -0.17262E+02 -0.21934E+02
 -0.22673E+02 -0.18637E+02 -0.10308E+02 -0.23533E+01 -0.36065E+00 -0.48147E+01
 -0.10718E+02 -0.13352E+02 -0.12366E+02 -0.10182E+02 -0.81431E+01 -0.46634E+01
  0.24225E+01  0.10596E+02  0.12121E+02  0.25526E+01 -0.12298E+02 -0.22236E+02
 -0.23844E+02 -0.22460E+02 -0.24193E+02 -0.27837E+02 -0.25532E+02 -0.13412E+02
  0.40993E-01  0.24890E+01 -0.58718E+01 -0.12900E+02 -0.11878E+02 -0.83771E+01
 -0.81664E+01 -0.84985E+01 -0.49201E+01  0.12077E+01  0.57176E+01  0.70081E+01
  0.60804E+01  0.46842E+01  0.49889E+01  0.88417E+01  0.15694E+02  0.21613E+02
  0.21413E+02  0.12729E+02 -0.14983E+01 -0.14113E+02 -0.17228E+02 -0.70985E+01
  0.11142E+02  0.24806E+02  0.24596E+02  0.14797E+02  0.83347E+01  0.11116E+02
  0.15943E+02  0.12874E+02  0.70909E+00 -0.13368E+02 -0.20980E+02 -0.17763E+02
 -0.55520E+01  0.91055E+01  0.21190E+02  0.31002E+02  0.38940E+02  0.40390E+02
  0.31287E+02  0.15646E+02  0.19795E+01 -0.52404E+01 -0.66823E+01 -0.42539E+01
  0.40447E+00  0.60601E+01  0.12160E+02  0.17178E+02  0.17535E+02  0.10882E+02
 -0.19177E+00 -0.98006E+01 -0.13787E+02 -0.12636E+02 -0.10546E+02 -0.11653E+02
 -0.15575E+02 -0.16712E+02 -0.99585E+01  0.26170E+01  0.12678E+02  0.13853E+02
  0.73398E+01 -0.13265E+01 -0.88490E+01 -0.15448E+02 -0.21097E+02 -0.23950E+02
 -0.23408E+02 -0.21969E+02 -0.21927E+02 -0.22020E+02 -0.19815E+02 -0.16404E+02
 -0.16047E+02 -0.20921E+02 -0.27885E+02 -0.30716E+02 -0.24973E+02 -0.11777E+02
  0.16415E+01  0.62213E+01 -0.11380E+01 -0.13656E+02 -0.20844E+02 -0.19086E+02
 -0.13640E+02 -0.10153E+02 -0.83392E+01 -0.56173E+01 -0.24688E+01 -0.72026E+00
  0.13414E+00  0.84485E+00 -0.66871E+00 -0.54102E+01 -0.81886E+01 -0.23356E+01
  0.10551E+02  0.20990E+02  0.22226E+02  0.15875E+02  0.73573E+01  0.14267E+01
  0.25052E+01  0.12559E+02  0.25670E+02  0.30203E+02  0.21221E+02  0.82799E+01
  0.61378E+01  0.17923E+02  0.31679E+02  0.34415E+02  0.25148E+02  0.12300E+02
  0.36040E+01  0.19385E+01  0.60136E+01  0.11298E+02  0.14326E+02  0.17956E+02
  0.27122E+02  0.38654E+02  0.42435E+02  0.34853E+02  0.25034E+02  0.24411E+02
  0.33473E+02  0.41593E+02  0.38817E+02  0.26009E+02  0.13372E+02  0.10138E+02
  0.16101E+02  0.22387E+02  0.20472E+02  0.11675E+02  0.69735E+01  0.14736E+02
  0.29130E+02  0.34609E+02  0.22945E+02  0.26218E+01 -0.10428E+02 -0.93506E+01
 -0.12740E+01  0.37646E+01  0.51392E+01  0.92472E+01  0.16857E+02  0.19802E+02
  0.12155E+02 -0.13178E+01 -0.10869E+02 -0.11515E+02 -0.52627E+01  0.18085E+01
  0.30758E+01 -0.38983E+01 -0.14195E+02 -0.19469E+02 -0.16145E+02 -0.84881E+01
 -0.36826E+01 -0.53351E+01 -0.11523E+02 -0.17534E+02 -0.19878E+02 -0.18192E+02
 -0.13918E+02 -0.85390E+01 -0.38975E+01 -0.22234E+01 -0.33366E+01 -0.34761E+01
  0.90490E-01  0.48338E+01  0.64684E+01  0.49589E+01  0.35978E+01  0.39824E+01
  0.55855E+01  0.84777E+01  0.12045E+02  0.12170E+02  0.49284E+01 -0.59166E+01
 -0.98127E+01 -0.13574E+01  0.11057E+02  0.13367E+02  0.27321E+01 -0.90304E+01
 -0.11121E+02 -0.69841E+01 -0.66841E+01 -0.10795E+02 -0.97151E+01  0.14694E+01
  0.14202E+02  0.15591E+02  0.34634E+01 -0.11065E+02 -0.15819E+02 -0.96667E+01
 -0.13641E+01  0.11161E+01 -0.28251E+01 -0.93243E+01 -0.14852E+02 -0.16219E+02
 -0.10284E+02  0.16730E+01  0.11577E+02  0.11169E+02  0.46351E+00 -0.12762E+02
 -0.20438E+02 -0.19904E+02 -0.14402E+02 -0.93598E+01 -0.76236E+01 -0.85414E+01
 -0.11032E+02 -0.14897E+02 -0.19037E+02 -0.21266E+02 -0.20247E+02 -0.15988E+02
 -0.95411E+01 -0.38187E+01 -0.22572E+01 -0.42646E+01 -0.45017E+01  0.39499E+00
  0.63795E+01  0.65412E+01  0.19164E+00 -0.56165E+01 -0.40518E+01  0.40633E+01
  0.11725E+02  0.13480E+02  0.10505E+02  0.82057E+01  0.96621E+01  0.12283E+02
  0.11371E+02  0.60859E+01  0.13110E+00 -0.31540E+01 -0.36760E+01 -0.22394E+01
  0.13203E+01  0.61910E+01  0.97955E+01  0.10944E+02  0.11468E+02  0.12940E+02
  0.13719E+02  0.10937E+02  0.40712E+01 -0.43237E+01 -0.10134E+02 -0.97536E+01
 -0.25220E+01  0.80578E+01  0.16373E+02  0.18446E+02  0.14083E+02  0.67882E+01
  0.18809E+01  0.26305E+01  0.72621E+01  0.11664E+02  0.15506E+02  0.22369E+02
  0.32088E+02  0.37098E+02  0.31225E+02  0.20254E+02  0.17158E+02  0.24999E+02
  0.30910E+02  0.22325E+02  0.43337E+01 -0.65436E+01 -0.31652E+01  0.59374E+01
  0.10392E+02  0.10273E+02  0.12613E+02  0.20395E+02  0.27990E+02  0.27113E+02
  0.16209E+02  0.23016E+01 -0.68865E+01 -0.10055E+02 -0.10211E+02 -0.88963E+01
 -0.55678E+01 -0.87689E+00  0.21882E+01  0.63555E+00 -0.53979E+01 -0.11810E+02
 -0.13660E+02 -0.96266E+01 -0.27164E+01  0.31123E+01  0.56913E+01  0.46564E+01
  0.10256E+01 -0.30221E+01 -0.59273E+01 -0.87295E+01 -0.13581E+02 -0.19941E+02
 -0.24047E+02 -0.23042E+02 -0.18328E+02 -0.13943E+02 -0.12504E+02 -0.14009E+02
 -0.17909E+02 -0.23879E+02 -0.29516E+02 -0.29773E+02 -0.21460E+02 -0.76206E+01
  0.41664E+01  0.71303E+01 -0.12594E+01 -0.17618E+02 -0.31995E+02 -0.33390E+02
 -0.21367E+02 -0.91851E+01 -0.89302E+01 -0.16053E+02 -0.16170E+02 -0.52336E+01
  0.61063E+01  0.82629E+01  0.34901E+01 -0.15730E+01 -0.56904E+01 -0.10423E+02
 -0.13889E+02 -0.13347E+02 -0.10731E+02 -0.99063E+01 -0.99747E+01 -0.65619E+01
  0.98213E-01  0.29582E+01 -0.37560E+01 -0.16467E+02 -0.24629E+02 -0.20964E+02
 -0.82837E+01  0.35731E+01  0.66622E+01  0.77089E+00 -0.84350E+01 -0.15616E+02
 -0.19197E+02 -0.19177E+02 -0.14323E+02 -0.42955E+01  0.66030E+01  0.11683E+02
  0.87752E+01  0.22401E+01 -0.28256E+01 -0.60620E+01 -0.10045E+02 -0.14707E+02
 -0.15955E+02 -0.10214E+02  0.11114E+01  0.12785E+02  0.20200E+02  0.21175E+02
  0.14731E+02  0.18931E+01 -0.11287E+02 -0.15491E+02 -0.68133E+01  0.78137E+01
  0.17506E+02  0.18561E+02  0.14810E+02  0.86509E+01 -0.13400E+01 -0.12290E+02
 -0.13950E+02 -0.12350E+00  0.20107E+02  0.29499E+02  0.21115E+02  0.49642E+01
 -0.39761E+01 -0.36841E+00  0.88676E+01  0.12487E+02  0.45285E+01 -0.11145E+02
 -0.24483E+02 -0.28016E+02 -0.22268E+02 -0.13435E+02 -0.77397E+01 -0.79881E+01
 -0.13088E+02 -0.19283E+02 -0.22347E+02 -0.19791E+02 -0.12380E+02 -0.43496E+01
 -0.94752E+00 -0.37477E+01 -0.83434E+01 -0.86017E+01 -0.42093E+01 -0.22076E+01
 -0.88042E+01 -0.20830E+02 -0.28173E+02 -0.24387E+02 -0.12537E+02 -0.93523E+00
  0.45048E+01  0.35619E+01 -0.66401E-01 -0.19428E+01  0.73044E+00  0.71056E+01
  0.12208E+02  0.11026E+02  0.47170E+01  0.21842E+00  0.14195E+01  0.33638E+01
 -0.10213E+01 -0.96031E+01 -0.11163E+02  0.15004E+01  0.21977E+02  0.36287E+02
  0.35840E+02  0.22353E+02  0.44517E+01 -0.70944E+01 -0.57823E+01  0.42970E+01
  0.12618E+02  0.15681E+02  0.20305E+02  0.29954E+02  0.35680E+02  0.28132E+02
  0.13009E+02  0.52854E+01  0.10145E+02  0.18275E+02  0.19940E+02  0.15874E+02
  0.12475E+02  0.12622E+02  0.14519E+02  0.15830E+02  0.15647E+02  0.14193E+02
  0.13075E+02  0.14810E+02  0.19815E+02  0.24370E+02  0.23800E+02  0.17835E+02
  0.10867E+02  0.65865E+01  0.44341E+01  0.19580E+01 -0.14849E+01 -0.46810E+01
 -0.66771E+01 -0.72956E+01 -0.60661E+01 -0.22090E+01  0.34945E+01  0.73762E+01
  0.50743E+01 -0.38759E+01 -0.14506E+02 -0.20631E+02 -0.19944E+02 -0.13862E+02
 -0.35383E+01  0.11204E+02  0.27923E+02  0.39188E+02  0.38051E+02  0.26343E+02
  0.14396E+02  0.10925E+02  0.15046E+02  0.19060E+02  0.17117E+02  0.10133E+02
  0.41234E+01  0.47968E+01  0.12232E+02  0.19989E+02  0.21064E+02  0.15348E+02
  0.92802E+01  0.77191E+01  0.88962E+01  0.85957E+01  0.63129E+01  0.47562E+01
  0.50021E+01  0.51047E+01  0.36750E+01  0.29156E+01  0.65446E+01  0.14394E+02
  0.20316E+02  0.17659E+02  0.72305E+01 -0.24463E+01 -0.39642E+01  0.18977E+01
  0.88398E+01  0.11926E+02  0.99686E+01  0.40382E+01 -0.29465E+01 -0.64488E+01
 -0.38327E+01  0.17314E+01  0.34209E+01 -0.18215E+01 -0.96138E+01 -0.13225E+02
 -0.10892E+02 -0.62614E+01 -0.29443E+01 -0.14722E+01 -0.10891E+01 -0.12493E+01
 -0.87915E+00  0.58945E+00  0.54476E+00 -0.48155E+01 -0.13894E+02 -0.18538E+02
 -0.12712E+02 -0.57628E+00  0.70634E+01  0.39892E+01 -0.58158E+01 -0.13993E+02
 -0.17022E+02 -0.17485E+02 -0.17257E+02 -0.13797E+02 -0.56687E+01  0.18637E+01
  0.16731E+01 -0.58819E+01 -0.13137E+02 -0.14460E+02 -0.11087E+02 -0.67160E+01
 -0.29025E+01  0.13457E+00  0.16550E+01  0.95064E+00 -0.15356E+01 -0.37436E+01
 -0.23614E+01  0.43375E+01  0.12858E+02  0.16418E+02  0.12709E+02  0.70632E+01
  0.51458E+01  0.53227E+01  0.24279E+01 -0.27827E+01 -0.35084E+01  0.28460E+01
  0.89684E+01  0.53865E+01 -0.82251E+01 -0.22730E+02 -0.29907E+02 -0.30013E+02
 -0.28404E+02 -0.27690E+02 -0.25833E+02 -0.20848E+02 -0.14536E+02 -0.10635E+02
 -0.10196E+02 -0.96907E+01 -0.47150E+01  0.37846E+01  0.83684E+01  0.26945E+01
 -0.99408E+01 -0.18653E+02 -0.16541E+02 -0.78723E+01 -0.24946E+01 -0.52126E+01
 -0.12432E+02 -0.17717E+02 -0.18000E+02 -0.14473E+02 -0.99369E+01 -0.63789E+01
 -0.35456E+01  0.72175E+00  0.71168E+01  0.11688E+02  0.88869E+01 -0.10078E+01
 -0.10559E+02 -0.13538E+02 -0.11861E+02 -0.11298E+02 -0.13167E+02 -0.14366E+02
 -0.13587E+02 -0.12915E+02 -0.13955E+02 -0.15569E+02 -0.14918E+02 -0.94363E+01
  0.30837E+00  0.88381E+01  0.94776E+01  0.53733E+00 -0.13822E+02 -0.26990E+02
 -0.31797E+02 -0.23670E+02 -0.72041E+01  0.44400E+01  0.27122E+01 -0.66976E+01
 -0.12420E+02 -0.12098E+02 -0.12440E+02 -0.16446E+02 -0.17734E+02 -0.10069E+02
  0.20618E+01  0.73370E+01  0.10707E+01 -0.94998E+01 -0.14088E+02 -0.10274E+02
 -0.40589E+01 -0.16818E+01 -0.34390E+01 -0.56055E+01 -0.59350E+01 -0.48441E+01
 -0.24764E+01  0.16512E+01  0.56796E+01  0.58826E+01  0.16515E+01 -0.31181E+01
 -0.50931E+01 -0.45906E+01 -0.20098E+01  0.44549E+01  0.14338E+02  0.21943E+02
  0.22104E+02  0.16516E+02  0.10731E+02  0.69608E+01  0.32833E+01 -0.18803E+01
 -0.76334E+01 -0.11424E+02 -0.98520E+01 -0.12580E+01  0.98989E+01  0.14705E+02
  0.10007E+02  0.41081E+01  0.71588E+01  0.17709E+02  0.24175E+02  0.19309E+02
  0.85777E+01  0.34172E+01  0.89222E+01  0.19187E+02  0.23574E+02  0.17220E+02
  0.56399E+01 -0.13688E+01 -0.11321E-01  0.48032E+01  0.69067E+01  0.62172E+01
  0.71214E+01  0.11750E+02  0.17462E+02  0.20568E+02  0.20582E+02  0.20073E+02
  0.20873E+02  0.21479E+02  0.19343E+02  0.15299E+02  0.13275E+02  0.14677E+02
  0.15651E+02  0.12145E+02  0.56163E+01  0.11837E+01  0.15841E+01  0.53390E+01
  0.95464E+01  0.11875E+02  0.10617E+02  0.54082E+01 -0.17829E+01 -0.79573E+01
 -0.11657E+02 -0.13472E+02 -0.14347E+02 -0.14380E+02 -0.13058E+02 -0.10028E+02
 -0.62325E+01 -0.47060E+01 -0.85566E+01 -0.16797E+02 -0.23986E+02 -0.26108E+02
 -0.25215E+02 -0.25798E+02 -0.28172E+02 -0.28828E+02 -0.26646E+02 -0.24986E+02
 -0.26802E+02 -0.30716E+02 -0.33648E+02 -0.35047E+02 -0.36434E+02 -0.38248E+02
 -0.39716E+02 -0.41247E+02 -0.44465E+02 -0.49537E+02 -0.54322E+02 -0.56732E+02
 -0.56524E+02 -0.54519E+02 -0.51554E+02 -0.48758E+02 -0.47327E+02 -0.47215E+02
 -0.46991E+02 -0.45526E+02 -0.43084E+02 -0.40536E+02 -0.38366E+02 -0.36619E+02
 -0.34849E+02 -0.31821E+02 -0.26234E+02 -0.18336E+02 -0.10149E+02 -0.35168E+01
  0.15971E+01  0.64266E+01  0.11460E+02  0.15543E+02  0.16680E+02  0.13824E+02
  0.84023E+01  0.38291E+01  0.26657E+01  0.44771E+01  0.72502E+01  0.10164E+02
  0.13404E+02  0.15954E+02  0.15978E+02  0.13732E+02  0.12141E+02  0.13675E+02
  0.17729E+02  0.21469E+02  0.22512E+02  0.20677E+02  0.17829E+02  0.16292E+02
  0.17145E+02  0.19609E+02  0.21877E+02  0.22799E+02  0.23075E+02  0.24257E+02
  0.25968E+02  0.25134E+02  0.19540E+02  0.11482E+02  0.59437E+01  0.53927E+01
  0.84764E+01  0.13600E+02  0.20696E+02  0.28268E+02  0.31739E+02  0.27843E+02
  0.19658E+02  0.14387E+02  0.15898E+02  0.21372E+02  0.25613E+02  0.26844E+02
  0.27406E+02  0.30049E+02  0.34614E+02  0.37952E+02  0.36419E+02  0.28684E+02
  0.16803E+02  0.54228E+01  0.20507E+00  0.53330E+01  0.19525E+02  0.34019E+02
  0.38043E+02  0.28828E+02  0.14229E+02  0.37017E+01 -0.41294E+00 -0.47022E+00
  0.32859E+01  0.11607E+02  0.20456E+02  0.23007E+02  0.18147E+02  0.11943E+02
  0.96195E+01  0.10268E+02  0.10396E+02  0.88361E+01  0.65928E+01  0.46238E+01
  0.37093E+01  0.51374E+01  0.96056E+01  0.15291E+02  0.18218E+02  0.15601E+02
  0.87031E+01  0.16525E+01 -0.23620E+01 -0.29974E+01 -0.14827E+01  0.10095E+01
  0.34248E+01  0.44543E+01  0.29790E+01 -0.11533E+01 -0.68795E+01 -0.12274E+02
 -0.15337E+02 -0.14971E+02 -0.11680E+02 -0.73504E+01 -0.39407E+01 -0.20167E+01
 -0.67671E+00  0.10281E+01  0.30519E+01  0.48229E+01  0.58461E+01  0.54012E+01
  0.26519E+01 -0.20380E+01 -0.64440E+01 -0.79537E+01 -0.56520E+01 -0.73335E+00
  0.47240E+01  0.90556E+01  0.11636E+02  0.12915E+02  0.14054E+02  0.16329E+02
  0.20194E+02  0.24236E+02  0.25430E+02  0.21657E+02  0.14135E+02  0.67587E+01
  0.31364E+01  0.44876E+01  0.91278E+01  0.12824E+02  0.11056E+02  0.31259E+01
 -0.61515E+01 -0.10598E+02 -0.90508E+01 -0.65782E+01 -0.84813E+01 -0.13708E+02
 -0.15941E+02 -0.11692E+02 -0.51364E+01 -0.29769E+01 -0.59913E+01 -0.84372E+01
 -0.55386E+01  0.95644E+00  0.55031E+01  0.53974E+01  0.30612E+01  0.20097E+01
  0.23716E+01  0.15679E+01 -0.17142E+01 -0.59694E+01 -0.85054E+01 -0.65810E+01
  0.18493E+01  0.15003E+02  0.25487E+02  0.26115E+02  0.18173E+02  0.10242E+02
  0.86094E+01  0.12249E+02  0.16364E+02  0.16745E+02  0.11238E+02  0.13244E+01
 -0.74511E+01 -0.96101E+01 -0.46072E+01  0.35210E+01  0.10000E+02  0.11749E+02
  0.82900E+01  0.24425E+01 -0.12247E+01 -0.60033E+00  0.18719E+01  0.26189E+01
  0.14282E+01  0.48727E+00 -0.31261E+00 -0.38188E+01 -0.10430E+02 -0.15676E+02
 -0.15271E+02 -0.10355E+02 -0.53551E+01 -0.25855E+01 -0.14008E+01 -0.92833E+00
 -0.96263E+00 -0.11973E+01 -0.18769E+01 -0.43929E+01 -0.91160E+01 -0.13357E+02
 -0.13651E+02 -0.97336E+01 -0.44517E+01 -0.88594E-01  0.35370E+01  0.74102E+01
  0.11142E+02  0.13056E+02  0.12212E+02  0.97567E+01  0.75827E+01  0.60646E+01
  0.46173E+01  0.42604E+01  0.71434E+01  0.12786E+02  0.17362E+02  0.18047E+02
  0.15870E+02  0.12956E+02  0.92543E+01  0.38055E+01 -0.22516E+01 -0.57297E+01
 -0.38520E+01  0.39132E+01  0.14997E+02  0.23829E+02  0.24876E+02  0.17736E+02
  0.81849E+01  0.22055E+01 -0.18951E+00 -0.31186E+01 -0.79540E+01 -0.11310E+02
 -0.97791E+01 -0.37457E+01  0.38027E+01  0.95667E+01  0.10838E+02  0.70025E+01
  0.10264E+01 -0.28187E+01 -0.36001E+01 -0.43980E+01 -0.77290E+01 -0.12115E+02
 -0.14321E+02 -0.13674E+02 -0.12678E+02 -0.13716E+02 -0.16363E+02 -0.18048E+02
 -0.16645E+02 -0.12128E+02 -0.63849E+01 -0.19291E+01 -0.19491E+00 -0.23619E+00
  0.55544E+00  0.34610E+01  0.63988E+01  0.60663E+01  0.21889E+01 -0.17033E+01
 -0.24665E+01 -0.12665E+01 -0.18580E+01 -0.52274E+01 -0.78830E+01 -0.63647E+01
 -0.18454E+01  0.14443E+01  0.15761E+01  0.83298E+00  0.21128E+01  0.48475E+01
  0.55111E+01  0.20372E+01 -0.30493E+01 -0.47242E+01 -0.94384E+00  0.47831E+01
  0.72796E+01  0.56284E+01  0.36287E+01  0.42626E+01  0.57822E+01  0.45981E+01
  0.44080E+00 -0.34365E+01 -0.45383E+01 -0.35448E+01 -0.25026E+01 -0.25001E+01
 -0.36822E+01 -0.60385E+01 -0.90836E+01 -0.11431E+02 -0.11793E+02 -0.10517E+02
 -0.94631E+01 -0.99788E+01 -0.11477E+02 -0.12565E+02 -0.12978E+02 -0.13278E+02
 -0.12856E+02 -0.99930E+01 -0.47412E+01 -0.40298E+00 -0.62283E+00 -0.54357E+01
 -0.11333E+02 -0.15086E+02 -0.16500E+02 -0.17026E+02 -0.16597E+02 -0.13589E+02
 -0.82807E+01 -0.41630E+01 -0.40417E+01 -0.63367E+01 -0.73265E+01 -0.59881E+01
 -0.44786E+01 -0.41053E+01 -0.27677E+01  0.25372E+01  0.11079E+02  0.17685E+02
  0.17866E+02  0.12887E+02  0.80559E+01  0.65301E+01  0.70600E+01  0.75057E+01
  0.76024E+01  0.73627E+01  0.52411E+01 -0.57698E-01 -0.63966E+01 -0.81361E+01
 -0.68692E+00  0.13569E+02  0.24817E+02  0.24100E+02  0.12641E+02  0.67125E+00
 -0.33975E+01 -0.41791E+00  0.30497E+01  0.30229E+01  0.12332E+01  0.13545E+01
  0.41542E+01  0.70457E+01  0.75095E+01  0.56418E+01  0.30991E+01  0.71347E+00
 -0.19317E+01 -0.51535E+01 -0.82616E+01 -0.98108E+01 -0.85356E+01 -0.46801E+01
 -0.65994E+00  0.53952E+00 -0.17435E+01 -0.51331E+01 -0.67012E+01 -0.54126E+01
 -0.19779E+01  0.23018E+01  0.57013E+01  0.63886E+01  0.40599E+01  0.79217E+00
 -0.10045E+01 -0.13318E+01 -0.22741E+01 -0.48258E+01 -0.69999E+01 -0.59241E+01
 -0.18212E+01  0.10871E+01 -0.11720E+01 -0.76109E+01 -0.13516E+02 -0.16100E+02
 -0.16259E+02 -0.14294E+02 -0.75530E+01  0.50564E+01  0.18556E+02  0.25420E+02
  0.23124E+02  0.15406E+02  0.64158E+01 -0.26359E+01 -0.10146E+02 -0.12333E+02
 -0.84633E+01 -0.43157E+01 -0.57327E+01 -0.10872E+02 -0.13203E+02 -0.10481E+02
 -0.65208E+01 -0.49336E+01 -0.47868E+01 -0.28290E+01  0.18873E+01  0.59391E+01
  0.39056E+01 -0.58376E+01 -0.17109E+02 -0.19950E+02 -0.10999E+02  0.12381E+01
  0.43126E+01 -0.47422E+01 -0.16665E+02 -0.21237E+02 -0.17894E+02 -0.13420E+02
 -0.12577E+02 -0.14277E+02 -0.15268E+02 -0.14182E+02 -0.11375E+02 -0.66477E+01
  0.97320E+00  0.10402E+02  0.16523E+02  0.13571E+02  0.16417E+01 -0.12049E+02
 -0.20184E+02 -0.22032E+02 -0.21216E+02 -0.19191E+02 -0.14664E+02 -0.83385E+01
 -0.39288E+01 -0.36133E+01 -0.51982E+01 -0.51266E+01 -0.31061E+01 -0.25385E+01
 -0.62086E+01 -0.12264E+02 -0.15693E+02 -0.14127E+02 -0.10665E+02 -0.96184E+01
 -0.10550E+02 -0.87780E+01 -0.19745E+01  0.60965E+01  0.10023E+02  0.92576E+01
  0.79051E+01  0.89602E+01  0.11578E+02  0.14069E+02  0.16623E+02  0.19577E+02
  0.20998E+02  0.18464E+02  0.13024E+02  0.92789E+01  0.10274E+02  0.13252E+02
  0.12339E+02  0.55309E+01 -0.25818E+01 -0.56978E+01 -0.20450E+01  0.49073E+01
  0.10500E+02  0.12364E+02  0.10848E+02  0.79472E+01  0.63561E+01  0.81123E+01
  0.12373E+02  0.14650E+02  0.10300E+02  0.22124E+00 -0.79214E+01 -0.61522E+01
  0.56680E+01  0.19512E+02  0.27320E+02  0.27428E+02  0.22574E+02  0.15605E+02
  0.97977E+01  0.93425E+01  0.14850E+02  0.20373E+02  0.19184E+02  0.11681E+02
  0.44870E+01  0.25279E+01  0.50416E+01  0.91504E+01  0.14024E+02  0.19806E+02
  0.24443E+02  0.24417E+02  0.18959E+02  0.11510E+02  0.57911E+01  0.16150E+01
 -0.36354E+01 -0.98735E+01 -0.13385E+02 -0.12171E+02 -0.95551E+01 -0.97287E+01
 -0.11517E+02 -0.10196E+02 -0.47778E+01  0.35009E+00  0.13349E+01 -0.11463E+01
 -0.47346E+01 -0.89879E+01 -0.14371E+02 -0.19987E+02 -0.24434E+02 -0.27632E+02
 -0.30027E+02 -0.30819E+02 -0.28858E+02 -0.25050E+02 -0.22214E+02 -0.21985E+02
 -0.22703E+02 -0.21122E+02 -0.16057E+02 -0.96287E+01 -0.44954E+01 -0.81005E+00
  0.25709E+01  0.45124E+01  0.22128E+01 -0.35685E+01 -0.67999E+01 -0.23985E+01
  0.69567E+01  0.12701E+02  0.94068E+01  0.58569E+00 -0.53315E+01 -0.41637E+01
  0.25548E+00  0.15714E+01 -0.16139E+01 -0.51206E+01 -0.51190E+01 -0.27502E+01
 -0.21182E+01 -0.47415E+01 -0.77102E+01 -0.77758E+01 -0.56754E+01 -0.47815E+01
 -0.60660E+01 -0.64595E+01 -0.30006E+01  0.28035E+01  0.64941E+01  0.63106E+01
  0.53310E+01  0.68437E+01  0.90143E+01  0.63792E+01 -0.31966E+01 -0.14749E+02
 -0.20422E+02 -0.16825E+02 -0.75950E+01  0.45694E+00  0.27089E+01 -0.77124E+00
 -0.62298E+01 -0.97171E+01 -0.10234E+02 -0.88938E+01 -0.57674E+01 -0.35575E+00
  0.50639E+01  0.65538E+01  0.37703E+01  0.44334E+00 -0.11328E+01 -0.25249E+01
 -0.51880E+01 -0.75163E+01 -0.74627E+01 -0.55628E+01 -0.34797E+01 -0.13165E+01
  0.16901E+01  0.49155E+01  0.67743E+01  0.67421E+01  0.53691E+01  0.29857E+01
  0.19094E-01 -0.21063E+01 -0.21612E+01 -0.92045E+00 -0.34048E+00 -0.11191E+01
 -0.21337E+01 -0.19378E+01  0.24742E+00  0.46522E+01  0.10859E+02  0.17247E+02
  0.20972E+02  0.19351E+02  0.12539E+02  0.49273E+01  0.21004E+01  0.54360E+01
  0.10725E+02  0.12465E+02  0.87217E+01  0.21518E+01 -0.27487E+01 -0.36948E+01
 -0.22228E+01 -0.99836E+00 -0.37865E+00  0.11632E+01  0.41231E+01  0.72046E+01
  0.92424E+01  0.10569E+02  0.12345E+02  0.15219E+02  0.18749E+02  0.21707E+02
  0.22683E+02  0.20289E+02  0.13259E+02  0.20807E+01 -0.84884E+01 -0.11117E+02
 -0.35808E+01  0.69419E+01  0.11484E+02  0.97545E+01  0.80659E+01  0.84161E+01
  0.62452E+01 -0.65795E+00 -0.76655E+01 -0.10139E+02 -0.97669E+01 -0.10794E+02
 -0.13240E+02 -0.13514E+02 -0.10193E+02 -0.59996E+01 -0.43557E+01 -0.62077E+01
 -0.10110E+02 -0.13491E+02 -0.13860E+02 -0.10679E+02 -0.63161E+01 -0.35320E+01
 -0.22666E+01 -0.91302E+00 -0.26170E+00 -0.31012E+01 -0.92088E+01 -0.13720E+02
 -0.12411E+02 -0.68942E+01 -0.24428E+01 -0.14949E+01 -0.15765E+01  0.34471E+00
  0.38508E+01  0.66689E+01  0.85276E+01  0.11233E+02  0.15301E+02  0.18616E+02
  0.18923E+02  0.16139E+02  0.11702E+02  0.71571E+01  0.40043E+01  0.30324E+01
  0.27526E+01  0.36445E+00 -0.42815E+01 -0.74324E+01 -0.57966E+01 -0.71234E+00
  0.36821E+01  0.51152E+01  0.42608E+01  0.22906E+01 -0.30455E+00 -0.24155E+01
 -0.19860E+01  0.15688E+01  0.53426E+01  0.49813E+01 -0.75377E+00 -0.84628E+01
 -0.13762E+02 -0.15467E+02 -0.15289E+02 -0.14637E+02 -0.13464E+02 -0.11795E+02
 -0.10502E+02 -0.10027E+02 -0.93946E+01 -0.72277E+01 -0.35189E+01  0.99342E-02
  0.14580E+01  0.64495E+00 -0.65386E+00 -0.54165E+00  0.77743E+00  0.74791E+00
 -0.29464E+01 -0.92913E+01 -0.14261E+02 -0.14663E+02 -0.10719E+02 -0.47491E+01
  0.79268E+00  0.34191E+01  0.13334E+01 -0.38839E+01 -0.69351E+01 -0.40277E+01
  0.18208E+01  0.37308E+01 -0.90648E-01 -0.37624E+01 -0.19750E+01  0.25887E+01
  0.34224E+01 -0.56667E+00 -0.38848E+01 -0.17959E+01  0.42309E+01  0.86921E+01
  0.79023E+01  0.29718E+01 -0.23781E+01 -0.54513E+01 -0.50488E+01 -0.46004E+00
  0.65345E+01  0.10015E+02  0.54276E+01 -0.29944E+01 -0.55163E+01  0.98825E+00
  0.87291E+01  0.88697E+01  0.20018E+01 -0.41444E+01 -0.49512E+01 -0.30274E+01
 -0.25508E+01 -0.33564E+01 -0.24572E+01  0.60244E+00  0.23688E+01 -0.49208E+00
 -0.70289E+01 -0.12526E+02 -0.13032E+02 -0.90948E+01 -0.50191E+01 -0.46277E+01
 -0.77562E+01 -0.10764E+02 -0.10376E+02 -0.69057E+01 -0.35408E+01 -0.26210E+01
 -0.31445E+01 -0.22892E+01  0.87547E+00  0.38421E+01  0.32840E+01 -0.10211E+01
 -0.56575E+01 -0.70856E+01 -0.46747E+01  0.66613E-01  0.55943E+01  0.10305E+02
  0.11882E+02  0.89725E+01  0.33315E+01 -0.14886E+01 -0.37074E+01 -0.40758E+01
 -0.30125E+01  0.88000E+00  0.80669E+01  0.15174E+02  0.16969E+02  0.11627E+02
  0.29633E+01 -0.32244E+01 -0.43953E+01 -0.22557E+01  0.49216E+00  0.27598E+01
  0.48276E+01  0.74007E+01  0.10964E+02  0.14524E+02  0.15421E+02  0.12326E+02
  0.78972E+01  0.60139E+01  0.66723E+01  0.62497E+01  0.28530E+01 -0.12700E+01
 -0.31165E+01 -0.23359E+01 -0.45941E+00  0.12993E+01  0.24341E+01  0.27815E+01
  0.28587E+01  0.36456E+01  0.50649E+01  0.53635E+01  0.30676E+01 -0.66595E+00
 -0.25778E+01 -0.51470E+00  0.40430E+01  0.68689E+01  0.48681E+01 -0.61504E+00
 -0.48494E+01 -0.43561E+01  0.26325E+00  0.59891E+01  0.99249E+01  0.98224E+01
  0.49912E+01 -0.15888E+01 -0.44459E+01 -0.12637E+01  0.38821E+01  0.47652E+01
 -0.12912E+00 -0.60472E+01 -0.67862E+01 -0.60550E+00  0.80803E+01  0.12747E+02
  0.11034E+02  0.66485E+01  0.43774E+01  0.44935E+01  0.38907E+01  0.15781E+01
  0.19948E+00  0.20339E+01  0.59473E+01  0.90439E+01  0.97417E+01  0.86398E+01
  0.74888E+01  0.76245E+01  0.85942E+01  0.83396E+01  0.53637E+01  0.48020E+00
 -0.39163E+01 -0.57602E+01 -0.44119E+01 -0.85348E+00  0.29708E+01  0.58025E+01
  0.78130E+01  0.89284E+01  0.76318E+01  0.32577E+01 -0.16747E+01 -0.38224E+01
 -0.30740E+01 -0.21118E+01 -0.25961E+01 -0.39280E+01 -0.53621E+01 -0.72048E+01
 -0.96104E+01 -0.11611E+02 -0.11899E+02 -0.99562E+01 -0.61047E+01 -0.11042E+01
  0.37308E+01  0.64944E+01  0.59570E+01  0.32203E+01  0.12415E+01  0.21077E+01
  0.51815E+01  0.79504E+01  0.79067E+01  0.38964E+01 -0.27419E+01 -0.81511E+01
 -0.87644E+01 -0.48314E+01 -0.17529E+00  0.18734E+01  0.16867E+01  0.23057E+01
  0.52569E+01  0.77786E+01  0.55280E+01 -0.15493E+01 -0.80665E+01 -0.91926E+01
 -0.59099E+01 -0.27877E+01 -0.24501E+01 -0.40568E+01 -0.55454E+01 -0.52931E+01
 -0.27943E+01  0.30851E+00  0.88445E+00 -0.20338E+01 -0.52254E+01 -0.49254E+01
 -0.15209E+01  0.15608E+01  0.27000E+01  0.32892E+01  0.44607E+01  0.51085E+01
  0.36672E+01  0.25003E+00 -0.34980E+01 -0.55828E+01 -0.45893E+01 -0.88240E+00
  0.26249E+01  0.23907E+01 -0.19368E+01 -0.64846E+01 -0.71158E+01 -0.39900E+01
 -0.11437E+01 -0.17970E+01 -0.51521E+01 -0.79274E+01 -0.80585E+01 -0.63227E+01
 -0.48265E+01 -0.47151E+01 -0.55721E+01 -0.65245E+01 -0.71636E+01 -0.71688E+01
 -0.57735E+01 -0.26302E+01  0.82887E+00  0.20660E+01  0.22033E+00 -0.23689E+01
 -0.22617E+01  0.14597E+01  0.60731E+01  0.78293E+01  0.55544E+01  0.14899E+01
 -0.13169E+01 -0.17248E+01 -0.16023E+00  0.31252E+01  0.75702E+01  0.10620E+02
  0.92178E+01  0.38687E+01 -0.85648E+00 -0.12947E+01  0.12698E+01  0.28898E+01
  0.19935E+01  0.50650E+00  0.87300E+00  0.37941E+01  0.84584E+01  0.13126E+02
  0.15406E+02  0.13651E+02  0.87792E+01  0.38863E+01  0.16643E+01  0.25569E+01
  0.51015E+01  0.72271E+01  0.73334E+01  0.51005E+01  0.16296E+01 -0.16796E+01
 -0.45498E+01 -0.75670E+01 -0.10211E+02 -0.10016E+02 -0.50368E+01  0.26482E+01
  0.74289E+01  0.55032E+01 -0.86546E+00 -0.58852E+01 -0.67281E+01 -0.57022E+01
 -0.57699E+01 -0.62454E+01 -0.45965E+01 -0.10447E+01  0.10285E+01 -0.75547E+00
 -0.50403E+01 -0.86785E+01 -0.10068E+02 -0.98348E+01 -0.92017E+01 -0.87096E+01
 -0.82295E+01 -0.74416E+01 -0.61982E+01 -0.48838E+01 -0.45463E+01 -0.61169E+01
 -0.91160E+01 -0.11501E+02 -0.11175E+02 -0.75143E+01 -0.14920E+01  0.50631E+01
  0.10060E+02  0.11622E+02  0.89064E+01  0.30162E+01 -0.31257E+01 -0.65737E+01
 -0.64678E+01 -0.42372E+01 -0.17756E+01  0.21764E+00  0.20790E+01  0.37952E+01
  0.43036E+01  0.27413E+01  0.46867E+00  0.66228E+00  0.45712E+01  0.87872E+01
  0.81095E+01  0.13970E+01 -0.68413E+01 -0.10941E+02 -0.88743E+01 -0.25993E+01
  0.44038E+01  0.91587E+01  0.10191E+02  0.78908E+01  0.39631E+01  0.43169E+00
 -0.97729E+00  0.60310E+00  0.44589E+01  0.87159E+01  0.12054E+02  0.14290E+02
  0.14947E+02  0.12789E+02  0.79141E+01  0.30235E+01  0.98151E+00  0.16324E+01
  0.23269E+01  0.13338E+01 -0.42334E+00 -0.11331E+01 -0.60776E+00 -0.27507E+00
 -0.10088E+01 -0.19547E+01 -0.18857E+01 -0.97277E+00 -0.43138E+00 -0.73823E+00
 -0.10862E+01 -0.80889E+00 -0.64164E+00 -0.18771E+01 -0.43834E+01 -0.62016E+01
 -0.55569E+01 -0.29662E+01 -0.84795E+00 -0.10276E+01 -0.29404E+01 -0.43088E+01
 -0.32266E+01  0.50742E+00  0.55292E+01  0.98141E+01  0.11681E+02  0.10570E+02
  0.71749E+01  0.28764E+01 -0.91202E+00 -0.30207E+01 -0.27209E+01 -0.18597E+00
  0.31934E+01  0.54379E+01  0.55332E+01  0.45759E+01  0.50555E+01  0.82690E+01
  0.11941E+02  0.11324E+02  0.45458E+01 -0.34140E+01 -0.49372E+01  0.12395E+01
  0.82070E+01  0.93101E+01  0.53566E+01  0.17393E+01  0.12881E+01  0.24220E+01
  0.26695E+01  0.14354E+01 -0.58725E+00 -0.29588E+01 -0.53730E+01 -0.64410E+01
 -0.41552E+01  0.12602E+01  0.58487E+01  0.53327E+01  0.19806E+00 -0.46060E+01
 -0.56704E+01 -0.47860E+01 -0.54538E+01 -0.77594E+01 -0.88077E+01 -0.71492E+01
 -0.44638E+01 -0.29355E+01 -0.29047E+01 -0.35779E+01 -0.44656E+01 -0.52121E+01
 -0.50466E+01 -0.35016E+01 -0.13807E+01 -0.25442E+00 -0.70781E+00 -0.11831E+01
  0.84319E+00  0.56910E+01  0.98743E+01  0.92767E+01  0.41621E+01 -0.76714E+00
 -0.19334E+01 -0.66366E+00 -0.37413E+00 -0.17511E+01 -0.25577E+01 -0.14269E+01
  0.15918E+00  0.54237E-01 -0.16274E+01 -0.25028E+01 -0.45530E+00  0.40291E+01
  0.77306E+01  0.71777E+01  0.20882E+01 -0.37967E+01 -0.62747E+01 -0.49430E+01
 -0.27902E+01 -0.18995E+01 -0.14762E+01 -0.47058E+00  0.65835E-01 -0.12487E+01
 -0.34177E+01 -0.39415E+01 -0.17941E+01  0.18284E+01  0.50092E+01  0.59645E+01
  0.33025E+01 -0.25948E+01 -0.87183E+01 -0.11717E+02 -0.11070E+02 -0.87297E+01
 -0.60354E+01 -0.27041E+01  0.10699E+01  0.33320E+01  0.22042E+01 -0.17392E+01
 -0.57910E+01 -0.75124E+01 -0.61544E+01 -0.22041E+01  0.29274E+01  0.63680E+01
  0.48517E+01 -0.18515E+01 -0.93731E+01 -0.12403E+02 -0.97522E+01 -0.46890E+01
 -0.91818E+00  0.41358E+00  0.18045E+00 -0.56788E+00 -0.14274E+01 -0.23583E+01
 -0.30930E+01 -0.28804E+01 -0.10880E+01  0.16703E+01  0.34479E+01  0.27195E+01
  0.11993E+00 -0.21717E+01 -0.26968E+01 -0.17577E+01 -0.33863E+00  0.11243E+01
  0.26121E+01  0.38206E+01  0.41509E+01  0.32615E+01  0.13779E+01 -0.86258E+00
 -0.27494E+01 -0.38290E+01 -0.41020E+01 -0.39058E+01 -0.35017E+01 -0.27919E+01
 -0.16469E+01 -0.61348E+00 -0.91054E+00 -0.31932E+01 -0.64251E+01 -0.84745E+01
 -0.78271E+01 -0.45137E+01  0.73440E-01  0.36612E+01  0.41257E+01  0.12818E+01
 -0.24170E+01 -0.39104E+01 -0.24892E+01 -0.38324E+00 -0.47242E+00 -0.35654E+01
 -0.76088E+01 -0.93649E+01 -0.72411E+01 -0.27532E+01  0.98690E+00  0.22577E+01
  0.18833E+01  0.14728E+01  0.12169E+01 -0.21996E-01 -0.27431E+01 -0.57064E+01
 -0.70497E+01 -0.61105E+01 -0.38590E+01 -0.18509E+01 -0.10269E+01 -0.13024E+01
 -0.19972E+01 -0.25943E+01 -0.30119E+01 -0.31464E+01 -0.25791E+01 -0.11218E+01
  0.62374E+00  0.16951E+01  0.16839E+01  0.10292E+01  0.55511E+00  0.82060E+00
  0.16833E+01  0.23957E+01  0.23328E+01  0.16442E+01  0.96888E+00  0.68444E+00
  0.93105E+00  0.21459E+01  0.45433E+01  0.68432E+01  0.68554E+01  0.42322E+01
  0.14847E+01  0.10654E+01  0.24382E+01  0.33866E+01  0.33093E+01  0.35840E+01
  0.50356E+01  0.65086E+01  0.60939E+01  0.29009E+01 -0.24038E+01 -0.79210E+01
 -0.11141E+02 -0.10217E+02 -0.56538E+01 -0.56979E+00  0.17900E+01  0.12949E+01
  0.10254E+01  0.35036E+01  0.73484E+01  0.85740E+01  0.50702E+01 -0.10952E+01
 -0.59812E+01 -0.74950E+01 -0.64048E+01 -0.45799E+01 -0.32208E+01 -0.24836E+01
 -0.19443E+01 -0.12449E+01 -0.50488E+00 -0.58832E-01  0.10597E+00  0.30172E+00
  0.56017E+00  0.52849E+00  0.26801E-01 -0.63241E+00 -0.10271E+01 -0.11087E+01
 -0.10908E+01 -0.93501E+00 -0.31393E+00  0.68604E+00  0.11992E+01  0.54143E+00
 -0.54657E+00 -0.29946E+00  0.22905E+01  0.65284E+01  0.10702E+02  0.13095E+02
  0.12614E+02  0.94996E+01  0.55325E+01  0.26357E+01  0.10049E+01 -0.56978E+00
 -0.24466E+01 -0.33225E+01 -0.21686E+01  0.88886E-01  0.17403E+01  0.25417E+01
  0.37717E+01  0.60562E+01  0.79763E+01  0.74475E+01  0.43218E+01  0.92087E+00
 -0.33480E+00  0.71846E+00  0.23674E+01  0.30905E+01  0.26868E+01  0.19649E+01
  0.19389E+01  0.28671E+01  0.36711E+01  0.29067E+01  0.68445E+00 -0.11786E+01
 -0.13967E+01 -0.49328E+00  0.10843E+01  0.45908E+01  0.10401E+02  0.14619E+02
  0.11840E+02  0.23859E+01 -0.62911E+01 -0.75503E+01 -0.28228E+01  0.11559E+01
  0.60861E+00 -0.23014E+01 -0.39523E+01 -0.39527E+01 -0.43802E+01 -0.59638E+01
 -0.68545E+01 -0.52534E+01 -0.20816E+01 -0.23405E+00 -0.13556E+01 -0.40035E+01
 -0.53453E+01 -0.42600E+01 -0.21734E+01 -0.10454E+01 -0.13052E+01 -0.19076E+01
 -0.16971E+01 -0.24452E+00  0.21902E+01  0.47879E+01  0.62679E+01  0.55849E+01
  0.30208E+01  0.30371E+00 -0.85212E+00 -0.30695E+00  0.63491E+00  0.75583E+00
  0.36897E-01 -0.58566E+00 -0.24065E+00  0.10298E+01  0.22103E+01  0.21700E+01
  0.71205E+00 -0.12761E+01 -0.26766E+01 -0.29802E+01 -0.23974E+01 -0.14795E+01
 -0.69049E+00 -0.15415E+00  0.27090E+00  0.70011E+00  0.10936E+01  0.13224E+01
  0.11646E+01  0.39959E+00 -0.78644E+00 -0.17036E+01 -0.18274E+01 -0.13500E+01
 -0.80182E+00 -0.55741E+00 -0.10123E+01 -0.25827E+01 -0.49216E+01 -0.66169E+01
 -0.63810E+01 -0.44172E+01 -0.22007E+01 -0.10519E+01 -0.11914E+01 -0.18432E+01
 -0.17063E+01  0.44913E+00  0.46912E+01  0.89744E+01  0.10086E+02  0.66155E+01
  0.91259E+00 -0.27211E+01 -0.19697E+01  0.16611E+01  0.46356E+01  0.44257E+01
  0.11152E+01 -0.30285E+01 -0.53302E+01 -0.46902E+01 -0.22257E+01  0.24127E+00
  0.22116E+01  0.43152E+01  0.61714E+01  0.59012E+01  0.26685E+01 -0.14796E+01
 -0.36896E+01 -0.35172E+01 -0.26984E+01 -0.23029E+01 -0.17782E+01 -0.76315E+00
 -0.21751E+00 -0.11097E+01 -0.28579E+01 -0.37586E+01 -0.27441E+01 -0.44514E+00
  0.14253E+01  0.17621E+01  0.12956E+01  0.20307E+01  0.51535E+01  0.94172E+01
  0.11789E+02  0.98780E+01  0.39956E+01 -0.26902E+01 -0.60704E+01 -0.42292E+01
  0.45912E+00  0.30738E+01  0.10045E+01 -0.33833E+01 -0.56139E+01 -0.37761E+01
  0.50369E+00  0.46033E+01  0.69144E+01  0.68246E+01  0.44169E+01  0.87929E+00
 -0.15880E+01 -0.13176E+01  0.11315E+01  0.32392E+01  0.27989E+01 -0.95246E-01
 -0.33829E+01 -0.52960E+01 -0.60572E+01 -0.70540E+01 -0.85686E+01 -0.92197E+01
 -0.79706E+01 -0.57558E+01 -0.43447E+01 -0.42047E+01 -0.43962E+01 -0.43626E+01
 -0.48351E+01 -0.63617E+01 -0.73450E+01 -0.49155E+01  0.11710E+01  0.64171E+01
  0.55191E+01 -0.12720E+01 -0.76998E+01 -0.82705E+01 -0.37501E+01  0.11339E+01
  0.36043E+01  0.44901E+01  0.50169E+01  0.45736E+01  0.24028E+01 -0.28638E+00
 -0.14518E+01 -0.79783E+00  0.22762E+00  0.81607E+00  0.16965E+01  0.33293E+01
  0.45787E+01  0.41370E+01  0.24339E+01  0.10926E+01  0.10379E+01  0.21666E+01
  0.42050E+01  0.63297E+01  0.63675E+01  0.25660E+01 -0.34470E+01 -0.75099E+01
 -0.74157E+01 -0.47306E+01 -0.17447E+01  0.10133E+01  0.33403E+01  0.39066E+01
  0.20172E+01 -0.52785E+00 -0.96796E+00  0.13962E+01  0.46012E+01  0.63203E+01
  0.62482E+01  0.60113E+01  0.68054E+01  0.76284E+01  0.65692E+01  0.36608E+01
  0.12273E+01  0.94604E+00  0.17508E+01  0.15353E+01  0.55010E-01 -0.97093E+00
 -0.26396E+00  0.15055E+01  0.27216E+01  0.27210E+01  0.22787E+01  0.23306E+01
  0.26569E+01  0.21753E+01  0.45063E+00 -0.14226E+01 -0.16514E+01  0.37957E+00
  0.29486E+01  0.31143E+01 -0.36876E+00 -0.53573E+01 -0.81957E+01 -0.72391E+01
 -0.39618E+01 -0.83092E+00  0.10737E+01  0.22530E+01  0.34014E+01  0.43971E+01
  0.46024E+01  0.38128E+01  0.26603E+01  0.20797E+01  0.25283E+01  0.36675E+01
  0.45498E+01  0.41644E+01  0.22292E+01 -0.40372E+00 -0.24478E+01 -0.33709E+01
 -0.35516E+01 -0.32626E+01 -0.20925E+01  0.25513E+00  0.28887E+01  0.39618E+01
  0.23199E+01 -0.92716E+00 -0.27640E+01 -0.93655E+00  0.33630E+01  0.61503E+01
  0.47744E+01  0.91167E+00 -0.15504E+01 -0.11765E+01 -0.16327E+00 -0.99278E+00
 -0.34419E+01 -0.52474E+01 -0.44630E+01 -0.75031E+00  0.44872E+01  0.86003E+01
  0.92091E+01  0.61093E+01  0.15417E+01 -0.18053E+01 -0.29626E+01 -0.27980E+01
 -0.24222E+01 -0.19519E+01 -0.77887E+00  0.13187E+01  0.34918E+01  0.42512E+01
  0.27337E+01 -0.29720E+00 -0.27148E+01 -0.24076E+01  0.11901E+01  0.62940E+01
  0.94856E+01  0.82291E+01  0.33199E+01 -0.17364E+01 -0.41932E+01 -0.42045E+01
 -0.32641E+01 -0.18169E+01  0.56802E+00  0.35024E+01  0.55309E+01  0.55486E+01
  0.38805E+01  0.19354E+01  0.92728E+00  0.92369E+00  0.14351E+01  0.28718E+01
  0.61157E+01  0.98757E+01  0.10299E+02  0.53689E+01 -0.14789E+01 -0.48345E+01
 -0.38053E+01 -0.22408E+01 -0.27513E+01 -0.36527E+01 -0.25235E+01 -0.46530E-01
  0.11716E+01  0.21776E-01 -0.22534E+01 -0.38763E+01 -0.42428E+01 -0.40541E+01
 -0.41332E+01 -0.40366E+01 -0.22301E+01  0.16074E+01  0.49849E+01  0.48476E+01
  0.14091E+01 -0.20032E+01 -0.31446E+01 -0.29149E+01 -0.27544E+01 -0.22365E+01
 -0.52453E+00  0.14725E+01  0.20453E+01  0.98301E+00 -0.33481E+00 -0.71078E+00
 -0.13972E+00  0.47404E+00 -0.97524E-01 -0.25125E+01 -0.57457E+01 -0.73806E+01
 -0.59571E+01 -0.28095E+01 -0.61928E+00 -0.10875E+00  0.68313E+00  0.32467E+01
  0.59059E+01  0.56623E+01  0.21590E+01 -0.17825E+01 -0.35078E+01 -0.29268E+01
 -0.14303E+01  0.22048E-01  0.10031E+01  0.95523E+00 -0.43127E+00 -0.24588E+01
 -0.38602E+01 -0.40717E+01 -0.36004E+01 -0.30937E+01 -0.26602E+01 -0.23786E+01
 -0.27823E+01 -0.40966E+01 -0.53433E+01 -0.51117E+01 -0.33084E+01 -0.14758E+01
 -0.11596E+01 -0.24309E+01 -0.41603E+01 -0.52219E+01 -0.51649E+01 -0.42954E+01
 -0.36688E+01 -0.45702E+01 -0.71720E+01 -0.98202E+01 -0.10452E+02 -0.87520E+01
 -0.62040E+01 -0.40876E+01 -0.23815E+01 -0.76987E+00  0.37272E+00  0.59525E+00
  0.18215E+00 -0.30158E+00 -0.70838E+00 -0.94588E+00 -0.47437E+00  0.10456E+01
  0.28471E+01  0.36478E+01  0.33590E+01  0.35250E+01  0.53350E+01  0.74471E+01
  0.69012E+01  0.26470E+01 -0.28620E+01 -0.63325E+01 -0.67828E+01 -0.50818E+01
 -0.19107E+01  0.18941E+01  0.40891E+01  0.26558E+01 -0.13598E+01 -0.46456E+01
 -0.54626E+01 -0.50560E+01 -0.49706E+01 -0.45321E+01 -0.19430E+01  0.27257E+01
  0.66067E+01  0.65868E+01  0.27002E+01 -0.15916E+01 -0.28543E+01 -0.10514E+01
  0.87093E+00  0.40084E+00 -0.19406E+01 -0.33243E+01 -0.17828E+01  0.14401E+01
  0.30232E+01  0.11571E+01 -0.24891E+01 -0.46958E+01 -0.40764E+01 -0.20743E+01
 -0.10327E+01 -0.19110E+01 -0.37672E+01 -0.49383E+01 -0.45678E+01 -0.31109E+01
 -0.14723E+01  0.16898E-01  0.14122E+01  0.23180E+01  0.21014E+01  0.96225E+00
 -0.11349E+00 -0.67154E+00 -0.11514E+01 -0.16627E+01 -0.14001E+01  0.15210E+00
  0.21669E+01  0.32384E+01  0.28065E+01  0.14579E+01  0.22149E+00 -0.83015E-01
  0.75943E+00  0.20240E+01  0.23043E+01  0.79705E+00 -0.15757E+01 -0.29394E+01
 -0.25071E+01 -0.11595E+01  0.20138E+00  0.18189E+01  0.38205E+01  0.47460E+01
  0.28021E+01 -0.15704E+01 -0.56888E+01 -0.73474E+01 -0.64316E+01 -0.37773E+01
  0.26206E-01  0.39980E+01  0.62903E+01  0.57077E+01  0.33546E+01  0.17061E+01
  0.18831E+01  0.25377E+01  0.18040E+01 -0.29479E+00 -0.21667E+01 -0.29293E+01
 -0.31037E+01 -0.30072E+01 -0.19428E+01  0.32709E+00  0.24530E+01  0.28124E+01
  0.13004E+01 -0.92194E+00 -0.28566E+01 -0.40694E+01 -0.41545E+01 -0.28013E+01
 -0.43175E+00  0.20001E+01  0.39995E+01  0.56086E+01  0.63351E+01  0.50455E+01
  0.16566E+01 -0.18509E+01 -0.30829E+01 -0.16412E+01  0.72768E+00  0.21047E+01
  0.19515E+01  0.93971E+00 -0.55791E-01 -0.54469E+00 -0.39103E+00  0.29585E+00
  0.11779E+01  0.19526E+01  0.26846E+01  0.34129E+01  0.33586E+01  0.14260E+01
 -0.19610E+01 -0.44806E+01 -0.43380E+01 -0.23038E+01 -0.35426E+00  0.85260E+00
  0.19292E+01  0.29117E+01  0.29223E+01  0.16322E+01  0.26586E-01 -0.61446E+00
 -0.48201E-01  0.85860E+00  0.12093E+01  0.10510E+01  0.12607E+01  0.24604E+01
  0.41012E+01  0.48826E+01  0.42442E+01  0.30962E+01  0.25953E+01  0.25103E+01
  0.15843E+01 -0.50183E+00 -0.23842E+01 -0.25044E+01 -0.72400E+00  0.17988E+01
  0.37888E+01  0.45603E+01  0.40093E+01  0.24646E+01  0.55981E+00 -0.10877E+01
 -0.22947E+01 -0.33539E+01 -0.43540E+01 -0.43511E+01 -0.19033E+01  0.27575E+01
  0.66424E+01  0.65972E+01  0.31152E+01  0.10091E+00  0.33329E+00  0.24835E+01
  0.33962E+01  0.21691E+01  0.76530E+00  0.10894E+01  0.27094E+01  0.37234E+01
  0.30460E+01  0.11970E+01 -0.81458E+00 -0.25734E+01 -0.40393E+01 -0.48097E+01
 -0.40896E+01 -0.15284E+01  0.18714E+01  0.39191E+01  0.29378E+01 -0.37095E+00
 -0.31928E+01 -0.32405E+01 -0.10707E+01  0.52432E+00 -0.56491E+00 -0.36379E+01
 -0.60033E+01 -0.57246E+01 -0.33502E+01 -0.10167E+01 -0.16249E+00 -0.25223E+00
  0.38396E+00  0.25067E+01  0.47778E+01  0.48943E+01  0.21486E+01 -0.14588E+01
 -0.31594E+01 -0.23322E+01 -0.90695E+00 -0.82930E+00 -0.18018E+01 -0.19752E+01
 -0.43523E+00  0.17120E+01  0.28322E+01  0.27979E+01  0.29579E+01  0.40409E+01
  0.47178E+01  0.30096E+01 -0.95392E+00 -0.45121E+01 -0.52446E+01 -0.34198E+01
 -0.11178E+01  0.31437E+00  0.10891E+01  0.18276E+01  0.26023E+01  0.30245E+01
  0.26276E+01  0.12054E+01 -0.85067E+00 -0.26948E+01 -0.37778E+01 -0.42082E+01
 -0.41415E+01 -0.32768E+01 -0.15223E+01  0.16058E+00  0.47468E+00 -0.46337E+00
 -0.93741E+00  0.23603E+00  0.20173E+01  0.23864E+01  0.90856E+00 -0.85177E+00
 -0.14375E+01 -0.11821E+01 -0.14891E+01 -0.29364E+01 -0.45882E+01 -0.51494E+01
 -0.43930E+01 -0.31156E+01 -0.19573E+01 -0.91906E+00 -0.53668E-01  0.19811E+00
 -0.17907E+00 -0.22233E+00  0.10474E+01  0.32426E+01  0.47718E+01  0.45116E+01
  0.29529E+01  0.15399E+01  0.12828E+01  0.22508E+01  0.39109E+01  0.53656E+01
  0.55620E+01  0.40592E+01  0.16463E+01 -0.40602E+00 -0.17491E+01 -0.29652E+01
 -0.41649E+01 -0.45037E+01 -0.35352E+01 -0.22653E+01 -0.20884E+01 -0.30050E+01
 -0.36112E+01 -0.27468E+01 -0.53927E+00  0.20704E+01  0.40694E+01  0.45890E+01
  0.32820E+01  0.96852E+00 -0.65421E+00 -0.50028E+00  0.89468E+00  0.20928E+01
  0.21854E+01  0.12675E+01 -0.89207E-01 -0.13106E+01 -0.19322E+01 -0.17638E+01
 -0.10652E+01 -0.27274E+00  0.56653E+00  0.18265E+01  0.34737E+01  0.43599E+01
  0.30057E+01 -0.51604E+00 -0.40406E+01 -0.53626E+01 -0.44336E+01 -0.27790E+01
 -0.13311E+01 -0.30731E-01  0.76992E+00  0.71707E-01 -0.21947E+01 -0.44466E+01
 -0.50029E+01 -0.38399E+01 -0.22407E+01 -0.99654E+00  0.41536E+00  0.26462E+01
  0.48189E+01  0.47973E+01  0.15514E+01 -0.32335E+01 -0.65550E+01 -0.67500E+01
 -0.42511E+01 -0.44420E+00  0.32041E+01  0.53078E+01  0.50871E+01  0.30729E+01
  0.80016E+00 -0.45198E+00 -0.56333E+00 -0.28289E+00 -0.22746E+00 -0.28112E+00
  0.19768E-01  0.72275E+00  0.13664E+01  0.16083E+01  0.15975E+01  0.16179E+01
  0.16390E+01  0.13741E+01  0.61844E+00 -0.51767E+00 -0.15307E+01 -0.17480E+01
 -0.99702E+00 -0.10184E-01  0.33108E+00  0.12389E+00  0.19863E+00  0.82102E+00
  0.14509E+01  0.17413E+01  0.17673E+01  0.12309E+01 -0.33605E+00 -0.22280E+01
 -0.26410E+01 -0.81692E+00  0.17250E+01  0.28573E+01  0.21524E+01  0.82442E+00
 -0.51830E-01 -0.35236E+00 -0.26865E+00  0.10462E+00  0.45632E+00  0.32343E+00
 -0.25937E+00 -0.68625E+00 -0.59355E+00 -0.30943E+00 -0.18979E+00  0.99083E-01
  0.11456E+01  0.27862E+01  0.39980E+01  0.38201E+01  0.21203E+01 -0.41747E+00
 -0.27014E+01 -0.37823E+01 -0.35015E+01 -0.25601E+01 -0.15574E+01 -0.23636E+00
  0.15973E+01  0.27670E+01  0.16942E+01 -0.10887E+01 -0.28037E+01 -0.15532E+01
  0.14622E+01  0.36091E+01  0.38132E+01  0.30719E+01  0.26267E+01  0.24665E+01
  0.15450E+01 -0.87349E+00 -0.40448E+01 -0.60009E+01 -0.52872E+01 -0.23725E+01
  0.97071E+00  0.34193E+01  0.46859E+01  0.46315E+01  0.28069E+01 -0.73390E+00
 -0.47547E+01 -0.74175E+01 -0.73951E+01 -0.46160E+01 -0.56710E+00  0.22881E+01
  0.24333E+01  0.96698E+00  0.58414E+00  0.25755E+01  0.54874E+01  0.69691E+01
  0.61716E+01  0.39647E+01  0.16109E+01 -0.12395E+00 -0.10617E+01 -0.14868E+01
 -0.17673E+01 -0.18165E+01 -0.11453E+01  0.41154E+00  0.22448E+01  0.33051E+01
  0.27570E+01  0.50077E+00 -0.26459E+01 -0.54815E+01 -0.73804E+01 -0.83397E+01
 -0.79444E+01 -0.53600E+01 -0.11302E+01  0.21931E+01  0.26452E+01  0.13304E+01
  0.82375E+00  0.16716E+01  0.20763E+01  0.75449E+00 -0.14793E+01 -0.30361E+01
 -0.31413E+01 -0.19069E+01  0.74084E-01  0.18286E+01  0.24796E+01  0.20955E+01
  0.17012E+01  0.21755E+01  0.33250E+01  0.41465E+01  0.38484E+01  0.25481E+01
  0.10315E+01 -0.10423E+00 -0.88487E+00 -0.14102E+01 -0.12462E+01  0.91939E-02
  0.16430E+01  0.21818E+01  0.12187E+01  0.19838E+00  0.78021E+00  0.27847E+01
  0.42918E+01  0.36847E+01  0.13130E+01 -0.92949E+00 -0.15842E+01 -0.94611E+00
 -0.32478E+00 -0.48918E+00 -0.13063E+01 -0.24263E+01 -0.34909E+01 -0.38424E+01
 -0.28909E+01 -0.96513E+00  0.72302E+00  0.11514E+01  0.28482E+00 -0.11854E+01
 -0.25694E+01 -0.35015E+01 -0.37079E+01 -0.28222E+01 -0.78356E+00  0.16543E+01
  0.33399E+01  0.38347E+01  0.36298E+01  0.30910E+01  0.18962E+01 -0.77152E-01
 -0.20641E+01 -0.32705E+01 -0.38443E+01 -0.42799E+01 -0.42952E+01 -0.31149E+01
 -0.76820E+00  0.15304E+01  0.24612E+01  0.17780E+01  0.32237E+00 -0.90138E+00
 -0.14627E+01 -0.14174E+01 -0.88118E+00 -0.24523E-01  0.66385E+00  0.60179E+00
 -0.19872E+00 -0.95493E+00 -0.89515E+00 -0.11143E+00  0.57734E+00  0.56284E+00
  0.45786E-01 -0.33187E+00 -0.26932E+00 -0.59856E-01 -0.98486E-01 -0.32465E+00
 -0.29813E+00  0.21835E+00  0.91744E+00  0.12530E+01  0.99726E+00  0.41810E+00
 -0.43900E-01 -0.18377E+00 -0.12229E+00 -0.76728E-01 -0.11764E+00 -0.15036E+00
 -0.72311E-01  0.10006E+00  0.24697E+00  0.25239E+00  0.95607E-01 -0.13504E+00
 -0.30330E+00 -0.31569E+00 -0.18327E+00 -0.10286E-01  0.88200E-01  0.75476E-01
  0.78561E-02 -0.35079E-01 -0.24625E-01  0.13107E-01  0.46240E-01  0.66896E-01
  0.75752E-01  0.63866E-01  0.26700E-01 -0.15306E-01 -0.29591E-01 -0.65803E-02
  0.29000E-01  0.44765E-01  0.31308E-01  0.43388E-02 -0.15183E-01 -0.17533E-01
 -0.62084E-02  0.85702E-02  0.17483E-01  0.17678E-01  0.13659E-01  0.12501E-01
  0.17420E-01  0.25682E-01  0.32236E-01  0.34452E-01  0.33448E-01  0.31956E-01
  0.31833E-01  0.33228E-01  0.35208E-01  0.36676E-01  0.37093E-01  0.36753E-01
  0.36553E-01  0.37249E-01  0.38892E-01  0.40924E-01  0.42769E-01  0.44197E-01
  0.45273E-01  0.46171E-01  0.47033E-01  0.47942E-01  0.48898E-01  0.49847E-01
  0.50783E-01  0.51745E-01  0.52781E-01  0.53846E-01  0.54881E-01  0.55845E-01
  0.56752E-01  0.57642E-01  0.58534E-01  0.59416E-01  0.60298E-01  0.61165E-01
  0.62008E-01  0.62837E-01  0.63654E-01  0.64460E-01  0.65253E-01  0.66030E-01
  0.66791E-01  0.67542E-01  0.68273E-01  0.69008E-01  0.69721E-01  0.70417E-01
  0.71107E-01  0.71781E-01  0.72448E-01  0.73095E-01  0.73727E-01  0.74359E-01
  0.74970E-01  0.75573E-01  0.76159E-01  0.76741E-01  0.77302E-01  0.77858E-01
  0.78400E-01  0.78927E-01  0.79444E-01  0.79944E-01  0.80443E-01  0.80918E-01
  0.81389E-01  0.81846E-01  0.82292E-01  0.82717E-01  0.83140E-01  0.83546E-01
  0.83942E-01  0.84319E-01  0.84691E-01  0.85049E-01  0.85397E-01  0.85730E-01
  0.86053E-01  0.86359E-01
