  Time his fn  matched to spectrum:Sclrel_output/sm09.h.freq.tgt                
   3906    1.00000E-02  0  0  0.  0.  0.  0.  0.
  0.13766E-01  0.18836E-01  0.20889E-01  0.17061E-01  0.22001E-01  0.17218E-01
  0.22115E-01  0.15417E-01  0.16507E-01  0.59650E-02  0.12868E-02 -0.13631E-01
 -0.34848E-02  0.37566E-01  0.97843E-01  0.14485E+00  0.10723E+00  0.90451E-01
  0.28483E+00  0.67543E-01 -0.71847E-01 -0.33725E+00 -0.84327E+00 -0.95501E+00
 -0.61263E+00  0.78279E+00  0.17822E+01  0.71218E+00  0.58059E+00  0.24608E+01
  0.21619E+01  0.13548E+01  0.13779E+01  0.23088E+01  0.50007E+01  0.55547E+01
  0.61257E+01  0.66013E+01  0.76466E+01  0.47172E+01 -0.28759E+01 -0.71007E+01
 -0.12007E+02 -0.13368E+02 -0.93037E+01 -0.84115E+01 -0.50378E+01 -0.19566E+01
 -0.10159E+00  0.48586E+01  0.71995E+01  0.79151E+01  0.46412E+01  0.71272E+00
  0.20819E+01  0.26841E+01  0.33867E+01  0.34258E+01  0.55376E+01  0.10705E+02
  0.68149E+01  0.20831E+00 -0.59189E+00 -0.42503E+00 -0.14035E+01 -0.39962E+01
 -0.87299E+01 -0.83716E+01 -0.65382E+01 -0.65588E+01 -0.48424E+00  0.52374E+01
  0.10770E+02  0.14740E+02  0.14189E+02  0.13684E+02  0.82430E+01  0.11735E+01
 -0.45479E+01 -0.11440E+02 -0.18654E+02 -0.18735E+02 -0.16282E+02 -0.12556E+02
 -0.37564E+01  0.46154E+01  0.11072E+02  0.12976E+02  0.14485E+02  0.12659E+02
  0.33951E+01 -0.56452E+01 -0.15842E+02 -0.21946E+02 -0.21295E+02 -0.12265E+02
 -0.14699E+01  0.67768E+01  0.14779E+02  0.15509E+02  0.94094E+01  0.22424E+01
 -0.85216E+01 -0.20092E+02 -0.24651E+02 -0.25225E+02 -0.18832E+02 -0.68897E+01
  0.71523E+01  0.22588E+02  0.33465E+02  0.34479E+02  0.25423E+02  0.12420E+02
 -0.23066E+01 -0.17684E+02 -0.30172E+02 -0.34256E+02 -0.29964E+02 -0.20072E+02
 -0.13339E+01  0.18597E+02  0.28668E+02  0.33997E+02  0.30875E+02  0.15307E+02
 -0.62478E+01 -0.26446E+02 -0.35966E+02 -0.37515E+02 -0.30701E+02 -0.11741E+02
  0.10372E+02  0.26970E+02  0.34914E+02  0.32853E+02  0.21618E+02  0.75981E+01
 -0.10398E+02 -0.27568E+02 -0.29557E+02 -0.24414E+02 -0.18476E+02 -0.26496E+01
  0.16082E+02  0.24026E+02  0.26100E+02  0.27065E+02  0.20474E+02  0.24948E+01
 -0.17067E+02 -0.29672E+02 -0.31620E+02 -0.20980E+02 -0.68049E+01  0.51929E+01
  0.13633E+02  0.17478E+02  0.16341E+02  0.11612E+02  0.39932E+01 -0.91704E+01
 -0.19377E+02 -0.19675E+02 -0.13797E+02 -0.51303E+01  0.47649E+01  0.10860E+02
  0.12089E+02  0.11437E+02  0.61472E+01 -0.23460E+00 -0.78533E+01 -0.14328E+02
 -0.14507E+02 -0.10417E+02 -0.21958E+01  0.59128E+01  0.12243E+02  0.22710E+02
  0.25743E+02  0.12870E+02  0.20641E+00 -0.98781E+01 -0.18732E+02 -0.22283E+02
 -0.16938E+02 -0.32042E+01  0.79159E+01  0.11461E+02  0.11787E+02  0.12680E+02
  0.13646E+02  0.10523E+02  0.39184E+00 -0.11319E+02 -0.17677E+02 -0.13271E+02
 -0.53957E+01 -0.50826E+01  0.12463E+01  0.11590E+02  0.14538E+02  0.16079E+02
  0.14317E+02  0.68162E+01 -0.36763E+00 -0.86210E+01 -0.16094E+02 -0.18304E+02
 -0.12552E+02  0.23078E+01  0.12410E+02  0.12397E+02  0.11365E+02  0.78451E+01
  0.12953E+01 -0.31623E+01 -0.42410E+01 -0.41073E+01 -0.34001E+01 -0.31890E+01
  0.25514E+01  0.15278E+02  0.22909E+02  0.24673E+02  0.20125E+02  0.61101E+01
 -0.28768E+01 -0.50710E+01 -0.90882E+01 -0.12557E+02 -0.12906E+02 -0.10699E+02
 -0.68224E+01 -0.14709E+01  0.63145E+01  0.18639E+02  0.27532E+02  0.18266E+02
  0.18308E+01 -0.11015E+02 -0.19258E+02 -0.17787E+02 -0.11384E+02 -0.70777E+01
 -0.23431E+01  0.41489E+01  0.80781E+01  0.11421E+02  0.16469E+02  0.17128E+02
  0.75837E+01 -0.63961E+01 -0.16890E+02 -0.19672E+02 -0.14342E+02 -0.53264E+01
  0.57139E+01  0.14992E+02  0.18707E+02  0.15441E+02  0.89500E+01  0.85308E+01
  0.63845E+01 -0.20691E+01 -0.11708E+02 -0.18668E+02 -0.18670E+02 -0.18011E+02
 -0.14666E+02 -0.74747E+01  0.91650E+00  0.84285E+01  0.11495E+02  0.11939E+02
  0.10939E+02  0.74898E+01  0.32061E+01 -0.25343E+01 -0.80090E+01 -0.89826E+01
 -0.77055E+01 -0.68278E+01 -0.61888E+01 -0.38840E+01 -0.12210E+01 -0.75159E+00
  0.78393E+00  0.18544E+01 -0.43660E+01 -0.10144E+02 -0.61217E+01 -0.36888E+01
 -0.65570E+01 -0.46970E+01 -0.20242E+01  0.18614E+01  0.11701E+02  0.15648E+02
  0.10875E+02  0.46646E+01 -0.39572E+01 -0.10609E+02 -0.13643E+02 -0.11152E+02
 -0.44872E+01 -0.35174E+01 -0.37342E+01  0.98492E+00  0.38249E+01  0.13396E+01
  0.16978E+01  0.28105E+01  0.13651E+01  0.81459E+00 -0.29615E+01 -0.28432E+01
  0.27353E+01  0.92573E+00 -0.44849E+01 -0.73190E+01 -0.75782E+01 -0.29860E+01
  0.34142E+01  0.66191E+01  0.52869E+01  0.66345E+00 -0.17143E+01 -0.16969E+01
 -0.17304E+01 -0.37046E+01 -0.62066E+01 -0.73933E+01 -0.70557E+01 -0.34894E+01
 -0.19680E+01 -0.83850E+00  0.42010E+01  0.49372E+01  0.11131E+01 -0.24127E+01
 -0.37548E+01 -0.12693E+01 -0.37721E+00 -0.74866E+00 -0.20225E+01 -0.31091E+01
 -0.56317E+00  0.25970E+01  0.50118E+01  0.61032E+01  0.39546E+01  0.34352E+01
  0.24152E+01 -0.15390E+01 -0.24474E+01 -0.16558E+01 -0.88034E+00 -0.59160E+00
 -0.13020E+01 -0.14991E+01 -0.17647E+01  0.23810E+01  0.67895E+01  0.31700E+01
 -0.38504E+01 -0.67190E+01 -0.45326E+01 -0.25204E+00  0.33431E+01  0.45807E+01
  0.65326E+01  0.88848E+01  0.81698E+01  0.48843E+01  0.15409E+01 -0.33412E+00
 -0.48700E+01 -0.10553E+02 -0.11454E+02 -0.92355E+01 -0.61429E+01 -0.11704E+01
  0.83658E+01  0.16960E+02  0.17775E+02  0.15637E+02  0.11167E+02  0.14882E+01
 -0.59493E+01 -0.82584E+01 -0.81540E+01 -0.77710E+01 -0.59757E+01 -0.34527E+01
 -0.15520E+01  0.37459E+01  0.13391E+02  0.17619E+02  0.12384E+02  0.42063E+01
 -0.48788E+01 -0.82279E+01 -0.68309E+01 -0.47244E+01 -0.12377E+01 -0.14080E+01
 -0.18214E+01  0.12802E+01  0.43931E+01  0.54280E+01  0.53418E+01  0.16651E+01
 -0.35179E+01 -0.36481E+01 -0.13131E+01  0.24938E+00  0.24464E+01  0.39998E+01
  0.55739E+01  0.68137E+01  0.79409E+01  0.92872E+01  0.76722E+01  0.43248E+01
  0.37286E+00 -0.88194E+00 -0.13645E+01 -0.25816E+01 -0.17233E+01  0.32171E+00
 -0.77931E+00 -0.38771E+01 -0.39021E+00  0.26324E+01  0.18590E+01  0.25417E+01
  0.33062E+01  0.27337E+01  0.13732E+01  0.29256E+01  0.47435E+01  0.37467E+01
  0.11095E+01 -0.39525E+01 -0.80690E+01 -0.11159E+02 -0.13383E+02 -0.98799E+01
 -0.66042E+01 -0.62350E+01 -0.55430E+01 -0.74438E+01 -0.65838E+01 -0.13812E+01
  0.53789E+00  0.26938E+01  0.43153E+01  0.24793E+01  0.36785E-01 -0.50523E+01
 -0.37206E+01  0.51736E+01  0.56004E+01  0.32897E+01  0.48561E+01  0.36253E+01
 -0.16233E+01 -0.47467E+01 -0.52074E+01 -0.56771E+01 -0.49672E+01 -0.44298E+01
 -0.22005E+01  0.17342E+01  0.36892E+01  0.45177E+01  0.60560E+01  0.79234E+01
  0.59103E+01 -0.14578E+01 -0.49460E+01 -0.67179E+01 -0.12106E+02 -0.11409E+02
 -0.40756E+01  0.19454E+00  0.39486E+01  0.84280E+01  0.81418E+01  0.72737E+01
  0.76318E+01  0.32320E+01 -0.24589E+01 -0.56805E+01 -0.85708E+01 -0.66351E+01
 -0.20824E+01 -0.13518E+01 -0.10042E+01  0.44186E-01  0.12072E+01  0.18603E+01
  0.12869E+01  0.77670E+00  0.29731E+01  0.23947E+01 -0.29400E+01 -0.39888E+01
 -0.41546E+01 -0.56590E+01 -0.29607E+01 -0.94619E+00  0.14414E+01  0.69575E+01
  0.83143E+01  0.72286E+01  0.81235E+01  0.62742E+01  0.12105E+01 -0.63519E+01
 -0.10838E+02 -0.62667E+01 -0.18810E+01 -0.20878E+01 -0.74119E+00  0.22154E+00
  0.20829E+01  0.47043E+01  0.37827E+01  0.41873E+01  0.54222E+01  0.15701E+01
 -0.43185E+01 -0.69626E+01 -0.64449E+01 -0.35876E+01  0.12991E+01  0.59865E+01
  0.67415E+01  0.45236E+01  0.60764E+00  0.11417E+00  0.25180E+01  0.24769E+01
  0.33176E+01  0.39984E+01 -0.42778E+00 -0.47548E+01 -0.28764E+01 -0.31089E+01
 -0.61252E+01 -0.65604E+01 -0.37156E+01 -0.17584E+01 -0.22325E+01 -0.38661E+01
 -0.67408E+00  0.58392E+01  0.48000E+01  0.41105E+01  0.14658E+01 -0.34910E+01
 -0.26700E+01 -0.11442E+01 -0.16592E+01 -0.24011E+01 -0.37848E+01 -0.44775E+01
 -0.26645E+01 -0.17431E+01  0.48288E+00  0.34474E+01  0.51109E+01  0.55323E+01
  0.18162E+01 -0.13003E+01 -0.10189E+00 -0.44238E+00 -0.23027E+01 -0.29152E+01
 -0.13939E+01  0.33044E+01  0.71904E+01  0.66809E+01  0.32717E+01 -0.11203E+01
 -0.30256E+01 -0.56287E+01 -0.70279E+01 -0.41873E+01 -0.32901E+01 -0.41145E+01
 -0.13274E+01  0.27071E+01  0.37050E+01  0.46290E+01  0.57311E+01  0.32690E+01
 -0.53685E+00 -0.53107E+01 -0.71992E+01 -0.34388E+01 -0.18139E+01  0.24903E+01
  0.88921E+01  0.11653E+02  0.11169E+02  0.10469E+02  0.70119E+01 -0.10182E+01
 -0.84033E+01 -0.11770E+02 -0.55300E+01 -0.18614E+01 -0.71560E+01 -0.36826E+01
  0.49788E+01  0.79262E+01  0.84371E+01  0.73982E+01  0.72079E+01  0.48096E+01
 -0.11717E+01 -0.50919E+01 -0.62299E+01 -0.63259E+01 -0.69094E+01 -0.70629E+01
 -0.36679E+01 -0.28429E+00  0.20090E+01  0.47857E+01  0.55664E+01  0.36405E+01
 -0.91857E+00 -0.40887E+01 -0.47327E+01 -0.37279E+01 -0.24286E+01 -0.48625E+01
 -0.51600E+01  0.13227E+01  0.30633E+01 -0.93004E+00 -0.26659E+01 -0.43674E+01
 -0.55183E+01 -0.55033E+01 -0.29302E+01  0.29732E+01  0.34102E+01  0.28500E+01
  0.36972E+01  0.14398E+01 -0.20319E+01 -0.23784E+01 -0.28059E+00 -0.30927E+01
 -0.66041E+01 -0.90571E+01 -0.10618E+02 -0.45282E+01  0.56057E+01  0.12732E+02
  0.13025E+02  0.10072E+02  0.85458E+01  0.59919E+01  0.24953E+01 -0.75999E+00
 -0.34699E+01 -0.36427E+01 -0.23671E+01 -0.99019E+00  0.41367E+00  0.66059E+00
  0.13872E+01  0.26419E+01  0.15489E+01  0.78313E+00  0.16955E+01  0.31428E+01
  0.47126E+01  0.47041E+01  0.24529E+01  0.89883E+00  0.24356E+01  0.57557E+01
  0.65819E+01  0.70944E+01  0.60521E+01 -0.38378E+01 -0.14491E+02 -0.17196E+02
 -0.10732E+02 -0.26919E+01  0.62867E+01  0.12477E+02  0.13188E+02  0.13252E+02
  0.80780E+01  0.62125E+01  0.72663E+01  0.15304E+01 -0.54439E+01 -0.88786E+01
 -0.82572E+01 -0.67373E+01 -0.48670E+01 -0.61500E+00  0.34654E+01  0.73371E+01
  0.91259E+01  0.84702E+01  0.37327E+01 -0.18161E+01 -0.38069E+01 -0.62537E+01
 -0.98055E+01 -0.14344E+02 -0.10774E+02  0.53409E+00  0.35396E+01  0.12267E+01
  0.10554E+01 -0.11695E+00 -0.68468E+01 -0.77057E+01 -0.18144E+01 -0.34247E+01
 -0.43461E+01 -0.50153E+00  0.38024E+01  0.56773E+01  0.12401E+01 -0.16051E+01
  0.62963E-01 -0.74892E+00 -0.39517E+01 -0.48702E+01 -0.25570E+01  0.13682E+01
  0.12475E+01  0.13149E+01  0.30335E+01  0.33153E+00 -0.23443E+01 -0.40758E+01
 -0.95508E+01 -0.13255E+02 -0.82569E+01 -0.19415E+01  0.89612E+00  0.71398E+01
  0.12241E+02  0.79644E+01  0.12363E+01 -0.77033E+00  0.33217E+00  0.18768E+00
 -0.82961E+00  0.34634E+00  0.30283E+01  0.26680E+01 -0.95848E+00 -0.29641E+01
 -0.21789E+01  0.61089E+00  0.56673E+00 -0.52810E+01 -0.77367E+01 -0.56364E+01
 -0.26176E+01  0.32923E+01  0.70530E+01  0.99893E+01  0.13945E+02  0.10735E+02
 -0.22205E+00 -0.10635E+02 -0.12015E+02 -0.13807E+02 -0.16998E+02 -0.14471E+02
 -0.93827E+01 -0.20929E+01  0.73916E+01  0.16889E+02  0.24947E+02  0.25096E+02
  0.18588E+02  0.13300E+02  0.59918E+01  0.19963E-01 -0.60779E+01 -0.13116E+02
 -0.14081E+02 -0.97681E+01 -0.43663E+01 -0.36978E+01 -0.57175E+01 -0.36625E+01
  0.33140E+00  0.14718E+01  0.22452E+00  0.10286E+01  0.52739E+01  0.44049E+01
  0.17811E+01  0.40127E+01  0.55578E+01  0.55545E+01  0.61301E+01  0.73198E+01
  0.85654E+01  0.52019E+01 -0.27810E+01 -0.89187E+01 -0.10689E+02 -0.10851E+02
 -0.10005E+02 -0.45097E+01  0.11508E+01  0.46114E+01  0.93572E+01  0.11604E+02
  0.10044E+02  0.80032E+01  0.29554E+01 -0.62604E+01 -0.12277E+02 -0.10638E+02
 -0.62309E+01 -0.25330E+01  0.22363E+01  0.78922E+01  0.12852E+02  0.11477E+02
  0.53978E+01  0.46012E+01  0.44867E+01 -0.65238E-01 -0.67458E+01 -0.97346E+01
 -0.11570E+02 -0.15220E+02 -0.18536E+02 -0.16347E+02 -0.54130E+01  0.49939E+01
  0.86703E+01  0.92539E+01  0.11328E+02  0.11668E+02  0.51825E+01  0.11256E+01
  0.30155E+01  0.33327E+01  0.17620E+01 -0.28493E+01 -0.48502E+01 -0.64253E+00
  0.23531E+01  0.31714E+01  0.37645E+01  0.14484E+01 -0.26629E+01 -0.62189E+01
 -0.83212E+01 -0.52588E+01  0.68442E+00  0.57179E+00  0.16319E+01  0.32882E+01
  0.89089E+00  0.67884E+01  0.15712E+02  0.12839E+02  0.64798E+01  0.21283E+01
 -0.13897E+01 -0.32823E+01 -0.73902E+01 -0.10225E+02 -0.10921E+02 -0.96895E+01
 -0.66341E+01  0.11864E+01  0.87991E+01  0.96636E+01  0.93247E+01  0.58462E+01
  0.11128E+01 -0.20424E+01 -0.65570E+01 -0.93215E+01 -0.88801E+01 -0.10062E+02
 -0.10772E+02 -0.77094E+01 -0.54165E+01 -0.35251E+01 -0.10234E+01  0.91846E-01
  0.83332E+00 -0.58320E+00 -0.11791E+01  0.26748E+01  0.42512E+01  0.23820E+01
  0.14454E+01  0.14985E+01  0.13015E+01 -0.43026E+01 -0.95435E+01 -0.49805E+01
 -0.51863E+00 -0.85890E+00 -0.21468E+01 -0.26034E+01 -0.57220E+00  0.13729E+01
  0.37315E+01  0.62516E+01  0.64058E+01  0.86912E+00 -0.47524E+01 -0.42906E+01
 -0.54931E+01 -0.11546E+02 -0.15385E+02 -0.14970E+02 -0.13582E+02 -0.10150E+02
 -0.65241E+00  0.85661E+01  0.96905E+01  0.93607E+01  0.63641E+01  0.36059E+01
  0.34901E+01 -0.10954E+01 -0.74004E+01 -0.76373E+01 -0.21188E+01  0.12679E+01
  0.94490E+00  0.17054E+01  0.20580E+01  0.11516E+01  0.26343E+01  0.69768E+01
  0.10538E+02  0.78727E+01  0.22507E+01 -0.96942E-01  0.87678E+00  0.14279E+01
 -0.14207E+01 -0.35244E+01 -0.37076E+01 -0.66068E+01 -0.76840E+01 -0.53052E+01
 -0.56333E+01 -0.23477E+01  0.79063E+01  0.12127E+02  0.14167E+02  0.19050E+02
  0.16116E+02  0.56093E+01 -0.42187E+01 -0.78570E+01 -0.77744E+01 -0.50603E+01
 -0.27019E+01  0.69392E+00  0.42096E+01  0.27494E+01  0.28665E+00 -0.51493E+01
 -0.80256E+01 -0.44516E+01 -0.33102E+01 -0.33353E+01  0.30668E+01  0.11622E+02
  0.11676E+02  0.72463E+01  0.78575E+01  0.88895E+01  0.36579E+01 -0.51382E+01
 -0.90314E+01 -0.52325E+01 -0.17856E+01 -0.24981E+01  0.17105E+01  0.83618E+01
  0.81023E+01  0.51996E+01  0.38116E+01  0.69966E+01  0.89653E+01  0.51127E+01
  0.16277E+01 -0.12458E+01 -0.42756E+01 -0.66523E+01 -0.38259E+01  0.29517E+01
  0.86835E+01  0.12708E+02  0.13587E+02  0.10971E+02  0.82418E+01  0.47532E+01
 -0.17349E+01 -0.49827E+01 -0.63752E+01 -0.12782E+02 -0.11755E+02 -0.24829E+01
  0.23261E+01  0.50962E+01  0.59130E+01  0.45369E+01  0.27950E+01 -0.41146E+01
 -0.10047E+02 -0.11141E+02 -0.12294E+02 -0.76667E+01 -0.28410E+00  0.44438E+01
  0.13032E+02  0.17609E+02  0.82119E+01 -0.18172E+01 -0.88425E+01 -0.15571E+02
 -0.16857E+02 -0.15700E+02 -0.11743E+02 -0.54209E+01 -0.91179E+00  0.86828E+00
  0.66339E+01  0.12651E+02  0.13040E+02  0.12660E+02  0.98423E+01  0.50578E+01
 -0.75234E+00 -0.70759E+01 -0.10695E+02 -0.10452E+02 -0.68394E+01 -0.68441E+01
 -0.71224E+01 -0.23902E+00  0.63064E+01  0.64755E+01  0.32822E+01 -0.16307E+01
 -0.52324E+01 -0.36049E+01 -0.18607E+01 -0.53312E+01 -0.83519E+01 -0.55846E+01
 -0.18583E+01  0.19765E+01  0.10120E+02  0.16915E+02  0.12500E+02  0.51141E+01
  0.23495E+01 -0.30714E+01 -0.52544E+01 -0.30571E+01 -0.90266E+01 -0.14707E+02
 -0.11534E+02 -0.53721E+01  0.14591E+01  0.50762E+01  0.71765E+01  0.10086E+02
  0.85597E+01  0.10175E+01 -0.42090E+01 -0.44044E+01 -0.50438E+01 -0.25704E+01
  0.70681E+00 -0.19729E+01 -0.20706E+01  0.11235E+01  0.31854E+01  0.94197E+01
  0.10382E+02  0.28337E+01 -0.57364E+01 -0.14001E+02 -0.17111E+02 -0.15380E+02
 -0.10318E+02 -0.53572E+01 -0.11197E+01  0.67326E+01  0.14846E+02  0.20964E+02
  0.22075E+02  0.18488E+02  0.14709E+02  0.31636E+01 -0.92812E+01 -0.15544E+02
 -0.23436E+02 -0.19104E+02 -0.62596E+01 -0.18877E+01 -0.10788E+01  0.27540E+01
  0.90030E+01  0.96618E+01  0.55986E+01  0.27041E+01 -0.69256E+00 -0.41401E+01
 -0.43016E+01 -0.33887E+01 -0.40075E+01 -0.15301E+01  0.25288E+01  0.46901E+01
  0.51325E+01  0.32790E+01  0.14740E+01  0.16884E+01  0.40461E+00 -0.31527E+01
 -0.77543E+01 -0.14123E+02 -0.11570E+02 -0.29999E+01 -0.30664E+01 -0.30751E+01
  0.22116E-01  0.56919E+00  0.28022E+01  0.66859E+01  0.88449E+01  0.69241E+01
  0.30943E+01 -0.40924E+00 -0.33833E+01 -0.48849E+01 -0.48174E+01 -0.47199E+01
 -0.64129E+00  0.51734E+01  0.56507E+01  0.38113E+01  0.34830E+01  0.34818E+01
  0.71232E+00 -0.19595E+00  0.87947E+00 -0.36801E+01 -0.89146E+01 -0.81861E+01
 -0.42525E+01 -0.13042E+01  0.28632E+01  0.35897E+01  0.12655E+01  0.19652E+01
 -0.23276E+00 -0.39387E+01 -0.79100E+01 -0.98464E+01 -0.49501E+01  0.27677E+01
  0.91854E+01  0.13990E+02  0.98040E+01 -0.40295E+00 -0.13985E+01  0.33688E+01
  0.60909E+01  0.20016E+01 -0.43803E+01 -0.53606E+01 -0.71055E+01 -0.12289E+02
 -0.14375E+02 -0.73027E+01  0.41945E+01  0.82115E+01  0.91583E+01  0.13436E+02
  0.13659E+02  0.76479E+01  0.28933E+01 -0.33759E+01 -0.75915E+01 -0.10692E+02
 -0.14120E+02 -0.11766E+02 -0.68349E+01 -0.24827E+01  0.20715E+01  0.10370E+02
  0.16512E+02  0.15254E+02  0.14166E+02  0.12249E+02  0.48051E+01 -0.40995E+01
 -0.90257E+01 -0.10951E+02 -0.96670E+01 -0.50377E+01 -0.22209E+00  0.49332E+01
  0.79886E+01  0.59428E+01  0.30951E+00 -0.37642E+01 -0.35163E+01 -0.46692E+01
 -0.81378E+01 -0.81550E+01 -0.60363E+01 -0.26072E+01  0.45002E+00  0.45809E+00
  0.10281E+02  0.20414E+02  0.19021E+02  0.16561E+02  0.79996E+01 -0.42804E+01
 -0.13257E+02 -0.19188E+02 -0.14584E+02 -0.69752E+01 -0.45421E+01 -0.68850E+00
  0.24102E+01  0.36625E+01  0.52156E+01  0.88001E+01  0.13044E+02  0.92301E+01
  0.46822E+01  0.62899E+00 -0.62286E+01 -0.64764E+01 -0.29331E+00  0.45650E+01
  0.59203E+01  0.67980E+01  0.39197E+01 -0.21738E+01 -0.50350E+01 -0.57075E+01
 -0.21765E+01  0.14116E+01  0.26489E+01  0.63342E+01  0.72275E+01  0.78908E+01
  0.13827E+02  0.14430E+02  0.10450E+02  0.11404E+02  0.10198E+02  0.25923E+01
 -0.62535E+01 -0.10008E+02 -0.10354E+02 -0.82382E+01 -0.21847E+01  0.24784E+01
  0.19297E+01  0.21738E+01  0.62578E+01  0.44432E+01  0.10145E+01  0.48884E+01
  0.58228E+01  0.18666E+01  0.15467E+01  0.32828E+01  0.25945E+01 -0.11164E+00
  0.11225E+01  0.55869E+01  0.44337E+01  0.17441E+01 -0.26687E+00 -0.29833E+01
 -0.61112E+01 -0.70583E+01 -0.39102E+01 -0.17926E+01  0.21065E+01  0.10222E+02
  0.16618E+02  0.17960E+02  0.13808E+02  0.89482E+01  0.65326E+01 -0.60229E+00
 -0.12648E+02 -0.20224E+02 -0.22970E+02 -0.23092E+02 -0.17124E+02 -0.67793E+01
  0.39842E+01  0.81058E+01  0.85443E+01  0.97698E+01  0.76570E+01  0.45955E+01
 -0.13660E+01 -0.83406E+01 -0.96163E+01 -0.84866E+01 -0.74888E+01 -0.13400E+01
  0.85760E+01  0.11801E+02  0.92899E+01  0.46471E+01  0.36588E+00 -0.58871E+00
  0.64667E+00  0.12815E+00 -0.46177E+01 -0.10223E+02 -0.86313E+01 -0.13220E+01
  0.24182E+01  0.11196E+01 -0.33487E+01 -0.48801E+01 -0.59212E+01 -0.92911E+01
 -0.99303E+01 -0.11838E+02 -0.14273E+02 -0.15843E+02 -0.15495E+02 -0.10576E+02
  0.98464E+00  0.12851E+02  0.15369E+02  0.90552E+01  0.48542E+01  0.36162E+01
 -0.19068E+01 -0.45245E+01 -0.54927E+01 -0.71526E+01 -0.87004E+01 -0.11219E+02
 -0.76395E+01  0.13788E+01  0.56351E+01  0.45714E+01  0.12553E+01 -0.43001E+01
 -0.10941E+02 -0.20916E+02 -0.27157E+02 -0.22489E+02 -0.16024E+02 -0.13165E+02
 -0.12234E+02 -0.91336E+01 -0.32927E+01 -0.24239E+01 -0.34751E+01 -0.60972E+01
 -0.91047E+01 -0.11787E+02 -0.21447E+02 -0.32100E+02 -0.43545E+02 -0.54487E+02
 -0.63032E+02 -0.72926E+02 -0.76442E+02 -0.75827E+02 -0.75006E+02 -0.69499E+02
 -0.65757E+02 -0.64382E+02 -0.58239E+02 -0.51901E+02 -0.48673E+02 -0.44660E+02
 -0.38428E+02 -0.30178E+02 -0.23904E+02 -0.20419E+02 -0.11730E+02  0.29575E+01
  0.19357E+02  0.39171E+02  0.59035E+02  0.76126E+02  0.96634E+02  0.12085E+03
  0.14252E+03  0.16173E+03  0.17237E+03  0.16994E+03  0.15251E+03  0.11705E+03
  0.75986E+02  0.30628E+02 -0.14425E+02 -0.43531E+02 -0.54981E+02 -0.50418E+02
 -0.25049E+02  0.13821E+02  0.49187E+02  0.84891E+02  0.12497E+03  0.14317E+03
  0.13482E+03  0.11762E+03  0.95946E+02  0.63746E+02  0.28264E+02  0.23270E+01
 -0.36014E+01  0.10171E+02  0.34266E+02  0.62457E+02  0.80983E+02  0.80291E+02
  0.66717E+02  0.43594E+02  0.16520E+02 -0.78941E+01 -0.28751E+02 -0.47002E+02
 -0.61276E+02 -0.77230E+02 -0.98626E+02 -0.12227E+03 -0.14236E+03 -0.15039E+03
 -0.14469E+03 -0.13902E+03 -0.14211E+03 -0.13581E+03 -0.10735E+03 -0.67976E+02
 -0.21852E+02  0.36072E+02  0.76684E+02  0.70088E+02  0.39710E+02 -0.69613E+01
 -0.56615E+02 -0.91872E+02 -0.11446E+03 -0.13055E+03 -0.13347E+03 -0.11832E+03
 -0.74558E+02  0.87721E+01  0.95805E+02  0.15492E+03  0.17947E+03  0.17649E+03
  0.13707E+03  0.57191E+02  0.11158E+01 -0.23278E+02 -0.54298E+02 -0.76133E+02
 -0.75731E+02 -0.37109E+02  0.12023E+02  0.45206E+02  0.69659E+02  0.72079E+02
  0.49045E+02  0.68556E+01 -0.28540E+02 -0.38249E+02 -0.37350E+02 -0.36949E+02
 -0.29320E+02 -0.90603E+01  0.10548E+02  0.24555E+02  0.40498E+02  0.51721E+02
  0.46208E+02  0.31789E+02  0.20794E+02  0.14163E+02  0.48224E+01  0.38532E+01
  0.18525E+02  0.25573E+02  0.21142E+02  0.18053E+02  0.22009E+02  0.34521E+02
  0.39888E+02  0.31124E+02  0.14164E+02 -0.42584E+01 -0.29844E+02 -0.77239E+02
 -0.11065E+03 -0.11713E+03 -0.11575E+03 -0.10870E+03 -0.96477E+02 -0.70224E+02
 -0.30840E+02  0.57695E+01  0.25183E+02  0.21722E+02  0.55921E+01 -0.67183E+01
 -0.82068E+01 -0.14349E+01  0.41810E+01  0.52276E+01 -0.19387E+01 -0.14625E+02
 -0.94738E+01  0.18832E+02  0.38184E+02  0.39347E+02  0.42056E+02  0.45716E+02
  0.34521E+02  0.13648E+01 -0.32881E+02 -0.46723E+02 -0.46409E+02 -0.28741E+02
  0.56664E+01  0.32569E+02  0.42649E+02  0.49425E+02  0.56549E+02  0.56662E+02
  0.49531E+02  0.42524E+02  0.37075E+02  0.33689E+02  0.18552E+02 -0.26187E+02
 -0.67803E+02 -0.76236E+02 -0.69196E+02 -0.60503E+02 -0.33373E+02  0.74822E+01
  0.35204E+02  0.43448E+02  0.44559E+02  0.49817E+02  0.52770E+02  0.67057E+02
  0.80793E+02  0.72930E+02  0.51264E+02  0.15266E+02 -0.27025E+02 -0.61099E+02
 -0.81572E+02 -0.88556E+02 -0.86187E+02 -0.72404E+02 -0.51584E+02 -0.22573E+02
  0.11620E+02  0.30373E+02  0.32458E+02  0.36379E+02  0.38243E+02  0.29395E+02
  0.11057E+02 -0.27445E+01 -0.11463E+02 -0.15775E+02 -0.97192E+01 -0.29149E+01
  0.95420E+01  0.24899E+02  0.22155E+02  0.16323E+02  0.26306E+02  0.36316E+02
  0.27276E+02  0.43841E+01 -0.17292E+02 -0.32561E+02 -0.46206E+02 -0.49894E+02
 -0.34863E+02 -0.17231E+02 -0.10093E+02  0.61710E+01  0.33120E+02  0.57382E+02
  0.83976E+02  0.10102E+03  0.98699E+02  0.73779E+02  0.23887E+02 -0.10110E+02
 -0.18953E+02 -0.24699E+02 -0.23435E+02 -0.17901E+02 -0.20191E+01  0.29602E+02
  0.50975E+02  0.48841E+02  0.36418E+02  0.20216E+02  0.26938E+01 -0.72803E+01
 -0.16946E+02 -0.50625E+02 -0.96714E+02 -0.12922E+03 -0.16137E+03 -0.17713E+03
 -0.15522E+03 -0.10995E+03 -0.53723E+02  0.66533E+01  0.60206E+02  0.10115E+03
  0.12288E+03  0.11951E+03  0.10411E+03  0.75079E+02  0.45055E+02  0.16160E+02
 -0.29549E+02 -0.65965E+02 -0.81798E+02 -0.96599E+02 -0.10349E+03 -0.81505E+02
 -0.32195E+02  0.67410E+01  0.14536E+02  0.11643E+02  0.48340E+01 -0.15535E+02
 -0.35423E+02 -0.50831E+02 -0.69509E+02 -0.74932E+02 -0.67044E+02 -0.67994E+02
 -0.80260E+02 -0.64158E+02  0.14123E+02  0.77266E+02  0.94248E+02  0.11977E+03
  0.15318E+03  0.16850E+03  0.16347E+03  0.13375E+03  0.88791E+02  0.71435E+02
  0.63284E+02  0.45701E+02  0.26405E+02  0.11273E+02  0.41132E+01 -0.16714E+01
 -0.86745E+01 -0.50722E+01  0.12675E+02  0.26980E+02  0.27435E+02  0.20993E+02
  0.88462E+01 -0.18525E+02 -0.54076E+02 -0.78228E+02 -0.91583E+02 -0.94147E+02
 -0.79297E+02 -0.59040E+02 -0.49606E+02 -0.36987E+02 -0.48394E+01  0.21883E+02
  0.19863E+02  0.19357E+02  0.38198E+02  0.54300E+02  0.48334E+02  0.24580E+02
 -0.49168E+00 -0.17559E+02 -0.27769E+02 -0.26990E+02 -0.11761E+02  0.41784E+01
  0.24115E+01 -0.98139E+01 -0.25811E+02 -0.47686E+02 -0.65600E+02 -0.76501E+02
 -0.76818E+02 -0.62815E+02 -0.47488E+02 -0.32929E+02 -0.39716E+01  0.24648E+02
  0.38974E+02  0.50956E+02  0.60897E+02  0.58606E+02  0.47804E+02  0.33600E+02
  0.14363E+02 -0.15767E+01 -0.10153E+02 -0.12079E+02 -0.77862E+01 -0.54210E+00
  0.45211E+01  0.23651E+01 -0.95038E+01 -0.22598E+02 -0.29121E+02 -0.32713E+02
 -0.31886E+02 -0.26368E+02 -0.20386E+02 -0.14110E+02 -0.83871E+01 -0.93127E+00
  0.11068E+02  0.19172E+02  0.22018E+02  0.24413E+02  0.27172E+02  0.26058E+02
  0.18192E+02  0.11295E+02  0.12061E+02  0.16068E+02  0.14603E+02  0.12490E+02
  0.13101E+02  0.81853E+01  0.17656E+01 -0.35357E+00 -0.92204E+01 -0.24280E+02
 -0.30001E+02 -0.13494E+02  0.46796E+01  0.11243E+02  0.28084E+02  0.58977E+02
  0.80844E+02  0.81436E+02  0.65177E+02  0.32546E+02  0.27506E+01 -0.14269E+02
 -0.30174E+02 -0.41697E+02 -0.43150E+02 -0.52070E+02 -0.65939E+02 -0.60507E+02
 -0.32569E+02 -0.14838E+02 -0.19630E+02 -0.11746E+02  0.88713E+01  0.84053E+01
 -0.18902E+02 -0.47400E+02 -0.57208E+02 -0.54518E+02 -0.32704E+02  0.19347E+02
  0.55290E+02  0.55857E+02  0.44299E+02  0.18639E+02 -0.15030E+02 -0.32824E+02
 -0.32066E+02 -0.28515E+02 -0.24640E+02 -0.15514E+02 -0.97622E+00  0.94504E+01
  0.78954E+01  0.11219E+02  0.30384E+02  0.49610E+02  0.53064E+02  0.46333E+02
  0.34959E+02  0.17153E+02 -0.17963E+01 -0.18063E+02 -0.24305E+02 -0.18204E+02
 -0.62158E+01  0.12383E+02  0.32625E+02  0.44216E+02  0.46212E+02  0.38998E+02
  0.22308E+02  0.51293E+01 -0.73152E+01 -0.23182E+02 -0.40623E+02 -0.53061E+02
 -0.55348E+02 -0.44048E+02 -0.17391E+02  0.14616E+02  0.32345E+02  0.36795E+02
  0.38545E+02  0.35644E+02  0.27619E+02  0.18943E+02  0.11215E+02 -0.57212E+01
 -0.25261E+02 -0.30465E+02 -0.27014E+02 -0.10165E+02  0.11213E+02  0.91078E+01
 -0.11208E+01 -0.67524E+01 -0.23632E+02 -0.46745E+02 -0.52515E+02 -0.40742E+02
 -0.29029E+02 -0.14259E+02  0.12844E+02  0.36122E+02  0.43773E+02  0.49339E+02
  0.58724E+02  0.46497E+02  0.80097E+01 -0.19005E+02 -0.26635E+02 -0.30518E+02
 -0.27420E+02 -0.23690E+02 -0.27565E+02 -0.24510E+02 -0.11566E+02  0.47680E+01
  0.21779E+02  0.33293E+02  0.35284E+02  0.26608E+02  0.11922E+02  0.17941E+01
  0.33783E+01  0.10908E+02  0.13604E+02  0.78080E+01 -0.12616E+01 -0.62197E+01
 -0.75513E+01 -0.74035E+01 -0.85919E+01 -0.13965E+02 -0.19348E+02 -0.17917E+02
 -0.16723E+02 -0.11176E+02  0.53659E+01  0.17929E+02  0.21127E+02  0.21780E+02
  0.22687E+02  0.18349E+02  0.28319E+01 -0.13908E+02 -0.16308E+02 -0.58700E+01
  0.20917E+01  0.44426E+01  0.10473E+02  0.13816E+02  0.77348E+01 -0.30756E+01
 -0.13517E+02 -0.21128E+02 -0.30841E+02 -0.40647E+02 -0.43853E+02 -0.38193E+02
 -0.29302E+02 -0.16168E+02  0.52535E+01  0.22956E+02  0.26646E+02  0.28283E+02
  0.34818E+02  0.33111E+02  0.20457E+02  0.85656E+01  0.39935E+01  0.10775E+02
  0.20223E+02  0.22372E+02  0.20047E+02  0.13845E+02  0.86439E+01  0.37257E+01
 -0.22464E+01 -0.47071E+01 -0.40585E+01  0.77358E+00  0.28705E+01 -0.29944E+01
 -0.12336E+02 -0.17056E+02 -0.22398E+02 -0.38021E+02 -0.50017E+02 -0.48862E+02
 -0.36706E+02 -0.11210E+02  0.19727E+02  0.35827E+02  0.32839E+02  0.25370E+02
  0.20968E+02  0.16517E+02  0.39388E+01 -0.12485E+02 -0.19614E+02 -0.21379E+02
 -0.22536E+02 -0.23285E+02 -0.26960E+02 -0.21865E+02  0.75690E+01  0.34878E+02
  0.34956E+02  0.30086E+02  0.22832E+02 -0.24645E+01 -0.25115E+02 -0.29053E+02
 -0.20824E+02 -0.62620E+01  0.24151E+01  0.89336E+01  0.15839E+02  0.10528E+02
 -0.45952E+01 -0.11910E+02 -0.82304E+01 -0.10221E+02 -0.18627E+02 -0.21687E+02
 -0.21494E+02 -0.21558E+02 -0.46963E+01  0.21668E+02  0.38840E+02  0.55969E+02
  0.64487E+02  0.46432E+02  0.16214E+02 -0.58333E+01 -0.19207E+02 -0.19990E+02
 -0.60516E+01  0.57983E+01  0.72821E+01  0.55163E+01  0.41337E+01 -0.22077E+00
 -0.58479E+01 -0.79408E+01 -0.74940E+01 -0.74788E+01 -0.10397E+02 -0.11515E+02
 -0.10122E+02 -0.62186E+01  0.39145E+01  0.17595E+02  0.29721E+02  0.38373E+02
  0.39020E+02  0.26478E+02 -0.60354E+01 -0.35981E+02 -0.41692E+02 -0.41346E+02
 -0.33537E+02 -0.14095E+02  0.75159E+01  0.20909E+02  0.23205E+02  0.17312E+02
  0.89157E+01  0.12584E+02  0.15982E+02  0.50241E+01 -0.94131E+01 -0.25423E+02
 -0.41926E+02 -0.47329E+02 -0.36696E+02 -0.18195E+02 -0.57369E+01  0.24535E+01
  0.88327E+01  0.79197E+01  0.67424E+01  0.66100E+01 -0.32574E+00 -0.11552E+02
 -0.15757E+02 -0.11215E+02 -0.15765E+02 -0.27847E+02 -0.28494E+02 -0.14492E+02
  0.10596E+02  0.38230E+02  0.58325E+02  0.60608E+02  0.36120E+02  0.27630E+01
 -0.99673E+01 -0.91690E+01  0.61994E+00  0.12971E+02  0.11631E+02  0.16194E+01
 -0.61214E+01 -0.72436E+01  0.25863E+01  0.19151E+02  0.29552E+02  0.25156E+02
  0.95032E+01 -0.94039E+01 -0.26054E+02 -0.36456E+02 -0.34028E+02 -0.23917E+02
 -0.21349E+02 -0.14478E+02  0.83689E+01  0.23349E+02  0.16079E+02  0.11614E+02
  0.20267E+02  0.26413E+02  0.26422E+02  0.20669E+02  0.38319E+01 -0.15416E+02
 -0.28787E+02 -0.30837E+02 -0.20737E+02 -0.55752E+01  0.33078E+01  0.61009E+01
  0.67693E+01  0.73742E+01  0.80479E+01  0.86363E+01  0.10252E+02  0.10796E+02
  0.13375E+02  0.12120E+02 -0.92050E-01 -0.10598E+02 -0.97174E+01 -0.85476E+01
 -0.93986E+01 -0.70637E+01 -0.59581E+01 -0.73119E+01 -0.86423E+01 -0.33629E+01
  0.10022E+02  0.22620E+02  0.25395E+02  0.12680E+02 -0.28443E+01 -0.13363E+02
 -0.22657E+02 -0.22885E+02 -0.13546E+02 -0.41748E+01  0.53143E+00  0.31334E+00
 -0.15381E+01  0.40662E+01  0.13742E+02  0.94576E+01  0.20379E+00 -0.34395E+01
 -0.12181E+02 -0.21631E+02 -0.16869E+02 -0.71580E+01 -0.42790E+01 -0.46650E+01
 -0.35452E+01 -0.33038E+00 -0.15034E+01  0.29257E-01  0.92443E+01  0.13563E+02
  0.10956E+02  0.53843E+01  0.89010E+00  0.24454E+01  0.43729E+01  0.88364E+00
  0.34423E+01  0.18285E+02  0.26676E+02  0.23580E+02  0.17070E+02  0.12377E+02
  0.62516E+01 -0.41814E+01 -0.15341E+02 -0.24018E+02 -0.27469E+02 -0.29257E+02
 -0.32332E+02 -0.31941E+02 -0.23699E+02 -0.13146E+02 -0.16610E+01  0.96660E+01
  0.20039E+02  0.26648E+02  0.17740E+02  0.12407E+01 -0.84808E+01 -0.57537E+01
  0.92602E+01  0.20587E+02  0.22067E+02  0.20463E+02  0.15407E+02  0.74963E+01
  0.40771E+01  0.48451E+01  0.71562E+01  0.26539E+01 -0.12083E+02 -0.26062E+02
 -0.31958E+02 -0.23712E+02 -0.14172E+01  0.15691E+02  0.19029E+02  0.18832E+02
  0.12023E+02  0.33151E+01 -0.11836E+01 -0.10558E+02 -0.22818E+02 -0.29311E+02
 -0.31805E+02 -0.35191E+02 -0.32180E+02 -0.16506E+02 -0.21580E+01  0.72056E+01
  0.22324E+02  0.30366E+02  0.22984E+02  0.15534E+02  0.15752E+02  0.15419E+02
  0.10069E+02  0.35432E+01 -0.56205E+01 -0.10438E+02 -0.93749E+01 -0.59759E+01
 -0.37067E+01 -0.59310E+01 -0.77670E+01 -0.39203E+01  0.17833E+01  0.15877E+01
  0.97067E+00  0.81467E+00  0.17847E+01  0.15028E+01 -0.44477E+01 -0.40055E+01
  0.72736E+01  0.12734E+02  0.81461E+01  0.15392E+01 -0.70160E+01 -0.90457E+01
 -0.59737E+01 -0.66342E+01 -0.33300E+01  0.21043E+01  0.17965E+01 -0.92333E+00
 -0.14619E+00  0.30810E+01  0.63236E+01  0.77166E+01  0.44776E+01 -0.10024E+01
 -0.30784E+01 -0.45913E+01 -0.24937E+01  0.79531E+01  0.15568E+02  0.17296E+02
  0.19526E+02  0.18351E+02  0.94408E+01  0.17772E+01 -0.76287E+01 -0.18850E+02
 -0.16785E+02 -0.10107E+02 -0.11534E+02 -0.14158E+02 -0.97735E+01  0.38195E+01
  0.14864E+02  0.18704E+02  0.19170E+02  0.14385E+02  0.13458E+02  0.14406E+02
  0.10346E+02  0.26106E+01 -0.10587E+01 -0.62211E+01 -0.18254E+02 -0.23405E+02
 -0.26653E+02 -0.33385E+02 -0.32085E+02 -0.17266E+02  0.83341E+00  0.11977E+02
  0.20866E+02  0.27674E+02  0.25324E+02  0.21240E+02  0.16087E+02  0.27410E+01
 -0.95368E+01 -0.14959E+02 -0.12280E+02 -0.44147E+01 -0.47078E+00 -0.43829E+01
 -0.85278E+01 -0.55001E+01  0.50632E+01  0.12248E+02  0.12268E+02  0.16246E+02
  0.19152E+02  0.16551E+02  0.98002E+01  0.51777E+00 -0.67488E+01 -0.10655E+02
 -0.17167E+02 -0.27704E+02 -0.28848E+02 -0.18378E+02 -0.11459E+02 -0.12597E+02
 -0.12595E+02 -0.64913E+01  0.19634E+01  0.80125E+01  0.11972E+02  0.16837E+02
  0.18840E+02  0.11301E+02 -0.32507E+01 -0.10724E+02 -0.33411E+01  0.95798E-01
  0.11133E+01  0.13240E+02  0.19222E+02  0.10555E+02  0.35274E+01  0.38852E+01
 -0.84199E+00 -0.73372E+01 -0.92498E+01 -0.82150E+01 -0.85344E+01 -0.10219E+02
 -0.10309E+02 -0.96911E+01 -0.23635E+01  0.10596E+02  0.17758E+02  0.21662E+02
  0.24334E+02  0.15136E+02 -0.39090E+00 -0.11812E+02 -0.16353E+02 -0.16037E+02
 -0.16721E+02 -0.14150E+02 -0.63948E+01 -0.17909E+01  0.28014E+01  0.11655E+02
  0.17786E+02  0.20305E+02  0.21387E+02  0.85175E+01 -0.13085E+02 -0.26752E+02
 -0.34964E+02 -0.36475E+02 -0.28688E+02 -0.16803E+02 -0.39407E+01  0.67498E+01
  0.18330E+02  0.30532E+02  0.26472E+02  0.12747E+02  0.36422E+01 -0.42700E+01
 -0.14112E+02 -0.18576E+02 -0.11690E+02 -0.34775E+01 -0.27703E+01 -0.23569E+01
  0.67079E+01  0.17181E+02  0.17657E+02  0.89584E+01  0.20446E+01  0.70244E+01
  0.11265E+02  0.70269E+01  0.33000E+01  0.16273E+01  0.19168E+01  0.86252E+00
 -0.53343E+01 -0.31871E+01 -0.66600E-01 -0.69960E+01 -0.10029E+02 -0.53785E+01
 -0.27802E+00  0.89089E+00  0.36043E+01  0.98588E+01  0.13088E+02  0.14009E+02
  0.14834E+02  0.11000E+02  0.39794E+01  0.20327E+00 -0.50482E+01 -0.14154E+02
 -0.15646E+02 -0.64552E+01  0.95573E+00 -0.21271E+01 -0.12922E+02 -0.17715E+02
 -0.11807E+02 -0.23342E+01  0.39186E+01  0.55170E+01  0.11817E+02  0.15378E+02
  0.56477E+01 -0.39774E+01 -0.10592E+02 -0.18472E+02 -0.15430E+02 -0.53665E+01
 -0.22818E+01  0.28010E+01  0.10592E+02  0.83277E+01  0.34250E+01  0.88328E+01
  0.17430E+02  0.19828E+02  0.15744E+02  0.74342E+01 -0.98260E+00 -0.77309E+01
 -0.17973E+02 -0.26959E+02 -0.23604E+02 -0.15093E+02 -0.16430E+02 -0.23625E+02
 -0.17621E+02 -0.31336E+01  0.59012E+01  0.11795E+02  0.14549E+02  0.17954E+02
  0.21119E+02  0.21372E+02  0.12799E+02  0.46461E+00 -0.43666E+01 -0.55640E+01
 -0.26925E+01  0.25190E+01  0.88799E+01  0.20249E+02  0.30630E+02  0.30607E+02
  0.17848E+02 -0.19947E+01 -0.17798E+02 -0.24841E+02 -0.24886E+02 -0.22972E+02
 -0.17789E+02 -0.89044E+01 -0.75314E+01 -0.65242E+01 -0.37458E+01 -0.45377E+01
  0.24448E+01  0.18331E+02  0.25728E+02  0.18885E+02  0.66849E+01 -0.59410E+01
 -0.19296E+02 -0.25725E+02 -0.15452E+02  0.18296E+00  0.77204E+01  0.95176E+01
  0.93478E+01  0.85592E+01  0.83747E+01  0.11520E+02  0.15698E+02  0.14106E+02
  0.26049E+01 -0.12154E+02 -0.19391E+02 -0.22235E+02 -0.18909E+02 -0.24589E+01
  0.12075E+02  0.17080E+02  0.17561E+02  0.12414E+02  0.63287E+01  0.26717E+01
 -0.70525E+01 -0.18409E+02 -0.20084E+02 -0.13745E+02 -0.86452E+01  0.53126E+00
  0.15290E+02  0.22142E+02  0.19668E+02  0.12572E+02  0.45894E+01 -0.20370E+01
 -0.92498E+01 -0.15999E+02 -0.20957E+02 -0.20853E+02 -0.16694E+02 -0.12619E+02
 -0.88944E+01  0.35708E+01  0.18058E+02  0.20731E+02  0.14605E+02  0.34501E+01
 -0.39982E+01 -0.56785E+01 -0.72074E+01 -0.95239E+01 -0.55221E+01  0.36386E+01
  0.89354E+01  0.11970E+02  0.19728E+02  0.21768E+02  0.68777E+01 -0.26375E+01
  0.42519E+00 -0.45702E+01 -0.12866E+02 -0.20753E+02 -0.25516E+02 -0.21693E+02
 -0.13287E+02 -0.41290E+01  0.65352E+01  0.18405E+02  0.21868E+02  0.16822E+02
  0.10904E+02  0.40910E+01 -0.29989E+01 -0.73990E+01 -0.83343E+01 -0.70597E+01
 -0.74646E+01 -0.90285E+01 -0.52936E+01  0.73042E+01  0.16731E+02  0.10262E+02
  0.32741E+01  0.56018E+01  0.82448E+01  0.75501E+01  0.28303E+01 -0.41934E+01
 -0.92160E+01 -0.99462E+01 -0.13102E+02 -0.17624E+02 -0.11041E+02 -0.56444E+01
 -0.66904E+01 -0.37035E+01  0.21663E+01  0.59430E+01  0.10317E+01 -0.28507E+01
  0.35945E+01  0.83591E+01  0.97379E+01  0.68110E+01 -0.18759E+01 -0.88164E+01
 -0.11738E+02 -0.14623E+02 -0.17868E+02 -0.98712E+01  0.33420E+01  0.85915E+01
  0.15311E+02  0.22080E+02  0.20691E+02  0.17634E+02  0.14220E+02  0.90600E+01
  0.36103E+01 -0.75090E+01 -0.17905E+02 -0.17012E+02 -0.11530E+02 -0.70271E+01
 -0.12386E+01  0.41107E+01  0.10355E+02  0.13803E+02  0.57150E+01 -0.58633E+01
 -0.12594E+02 -0.15807E+02 -0.22174E+02 -0.24815E+02 -0.15344E+02 -0.42679E+01
  0.22466E+01  0.12869E+02  0.21209E+02  0.17041E+02  0.10429E+02  0.40762E+01
 -0.12166E+01 -0.15461E+01  0.28199E+01  0.85508E+01  0.10353E+02  0.56868E+01
 -0.23639E+00 -0.14427E+01 -0.41788E+01 -0.25954E+01  0.33235E+01  0.22737E+01
 -0.16117E+01 -0.88231E+01 -0.16786E+02 -0.15535E+02 -0.38763E+01  0.63497E+01
  0.85505E+01  0.10033E+02  0.11901E+02  0.12565E+02  0.11258E+02  0.51382E+01
 -0.41141E+01 -0.77021E+01 -0.43696E+01 -0.49895E+01 -0.73938E+01 -0.32358E+01
  0.23075E+01  0.22663E+01  0.17243E+01  0.50966E+01  0.52179E+01 -0.27685E+01
 -0.10631E+02 -0.13794E+02 -0.93094E+01 -0.18079E+01  0.38457E+01  0.16039E+02
  0.34338E+02  0.40448E+02  0.27112E+02  0.79162E+01 -0.11324E+02 -0.26329E+02
 -0.31477E+02 -0.32573E+02 -0.33167E+02 -0.26429E+02 -0.17598E+02 -0.11001E+02
  0.18268E+01  0.19223E+02  0.27033E+02  0.24571E+02  0.22311E+02  0.16664E+02
  0.18626E+01 -0.10767E+02 -0.12498E+02 -0.44760E+01  0.63053E+01  0.94267E+01
  0.91256E+01  0.13959E+02  0.16573E+02  0.11708E+02  0.41450E+01 -0.32654E+01
 -0.12905E+02 -0.24089E+02 -0.30933E+02 -0.25174E+02 -0.13303E+02 -0.73800E+01
 -0.65186E+01 -0.16975E+01  0.11260E+02  0.25105E+02  0.31833E+02  0.28643E+02
  0.21241E+02  0.13845E+02  0.78178E+01 -0.66784E+00 -0.15101E+02 -0.23761E+02
 -0.21644E+02 -0.17442E+02 -0.12637E+02 -0.41021E+01  0.47265E+01  0.10402E+02
  0.12622E+02  0.11085E+02  0.90277E+01  0.74235E+01  0.38162E+01  0.78663E+00
  0.12262E+01  0.33983E+01  0.70619E+01  0.62570E+01  0.34473E+01  0.51688E+01
  0.52600E+01  0.29158E+01  0.54135E+01  0.98322E+01  0.51480E+01 -0.67345E+01
 -0.13814E+02 -0.20107E+02 -0.21592E+02 -0.11504E+02 -0.49741E+01 -0.50692E+01
 -0.51771E+01 -0.45634E+01 -0.38081E+01  0.19943E+01  0.96918E+01  0.93480E+01
  0.24601E+01 -0.74406E+01 -0.12940E+02 -0.12751E+02 -0.72676E+01 -0.10901E+01
 -0.46819E+01 -0.11228E+02 -0.95013E+01 -0.35993E+01 -0.16499E+01  0.32684E+01
  0.14061E+02  0.15643E+02  0.10486E+02  0.11038E+02  0.97200E+01  0.76636E+01
  0.78832E+01  0.47189E+01 -0.26620E+01 -0.76317E+01 -0.11939E+02 -0.16819E+02
 -0.12688E+02 -0.50355E+01 -0.26793E+01 -0.75916E+01 -0.79990E+01  0.48308E+01
  0.15724E+02  0.12730E+02  0.84147E+01  0.60926E+01 -0.33444E+01 -0.87606E+01
 -0.69757E+01 -0.48518E+01 -0.22313E+01  0.44398E+01  0.63174E+01  0.12093E+01
  0.10083E+00  0.15454E+01  0.45936E+01  0.95920E+01  0.12802E+02  0.82150E+01
 -0.29175E+01 -0.69412E+01 -0.53075E+01 -0.52287E+01 -0.90237E+01 -0.15789E+02
 -0.20040E+02 -0.16995E+02 -0.14921E+02 -0.16142E+02 -0.95273E+01 -0.18655E+01
  0.82348E+00  0.59488E+01  0.80961E+01  0.56839E+01  0.86787E+01  0.88814E+01
  0.21212E+01 -0.27314E+01 -0.27212E+01 -0.17268E+01 -0.35894E+01 -0.31057E+01
  0.35153E+01  0.62414E+01 -0.21797E+01 -0.87591E+01 -0.53188E+01 -0.48573E+00
  0.42748E+01  0.81437E+01  0.29036E+01 -0.50599E+01 -0.11456E+02 -0.14016E+02
 -0.80093E+01  0.40631E+01  0.15893E+02  0.20736E+02  0.20348E+02  0.14709E+02
  0.59483E+01  0.96742E+00 -0.55317E+00  0.16486E+01  0.63116E+01  0.57997E+01
  0.22204E+01  0.36193E+01  0.11798E+02  0.21375E+02  0.21366E+02  0.15775E+02
  0.72376E+01 -0.85931E+01 -0.19155E+02 -0.21266E+02 -0.25603E+02 -0.25017E+02
 -0.13472E+02 -0.36442E+01  0.25494E+01  0.40499E+01 -0.12585E+01  0.27884E+00
  0.11454E+02  0.16377E+02  0.13486E+02  0.11248E+02  0.95338E+01  0.28728E+01
 -0.45525E+01 -0.68851E+01 -0.68679E+01 -0.30826E+01  0.41739E+01  0.66261E+01
  0.27866E+01  0.82412E+00  0.43728E+00 -0.78209E+00  0.68782E+00  0.16737E+01
 -0.18902E+01 -0.50126E+01 -0.95776E+01 -0.14498E+02 -0.14279E+02 -0.15384E+02
 -0.15043E+02 -0.26978E+01  0.60572E+01  0.83768E+00  0.16470E+01  0.10466E+02
  0.11710E+02  0.72257E+01  0.59460E+01  0.64604E+01  0.44261E+00 -0.92356E+01
 -0.89803E+01  0.11125E+01  0.97731E+01  0.14034E+02  0.14836E+02  0.11473E+02
  0.68458E+01  0.17941E+01 -0.33444E+01 -0.10108E+02 -0.19186E+02 -0.23187E+02
 -0.20244E+02 -0.11591E+02  0.25863E+01  0.16737E+02  0.20824E+02  0.19949E+02
  0.21713E+02  0.17505E+02  0.33444E+01 -0.95991E+01 -0.12830E+02 -0.13801E+02
 -0.11400E+02 -0.54478E+01 -0.43083E+01 -0.43699E+01  0.50236E+01  0.18885E+02
  0.16628E+02  0.78219E+01  0.30440E+01 -0.10222E+01 -0.31697E+01 -0.56001E+01
 -0.95597E+01 -0.10533E+02 -0.76754E+01  0.42342E+00  0.62913E+01  0.13193E+01
 -0.11625E+01 -0.40197E-01 -0.16092E+01 -0.34163E+01 -0.40582E+01 -0.83504E+01
 -0.94266E+01 -0.13851E+01  0.30689E+01  0.23103E+01  0.43472E+01  0.69048E+01
  0.86561E+00 -0.58472E+01 -0.56957E+01 -0.17255E+01  0.55118E+01  0.10206E+02
  0.96691E+01  0.94064E+01  0.85470E+01  0.53898E+01  0.45571E+01  0.79996E+01
  0.73016E+01 -0.47711E+01 -0.14406E+02 -0.18089E+02 -0.21158E+02 -0.18170E+02
 -0.13872E+02 -0.10447E+02  0.76928E+00  0.13565E+02  0.14512E+02  0.11622E+02
  0.12379E+02  0.82588E+01  0.49792E+01  0.43402E+01  0.12452E+01 -0.35874E+01
 -0.54510E+01 -0.10961E+00  0.21871E+01  0.28651E+00  0.36609E+01  0.41597E+01
 -0.19683E+01 -0.81092E+01 -0.16185E+02 -0.20668E+02 -0.23760E+02 -0.26388E+02
 -0.18745E+02 -0.57920E+01  0.17599E+01  0.34083E+01  0.72534E+01  0.13322E+02
  0.15533E+02  0.15511E+02  0.16669E+02  0.13330E+02  0.22820E+01 -0.52422E+01
 -0.64448E+01 -0.11405E+02 -0.93232E+01  0.41333E+01  0.12687E+02  0.12106E+02
  0.96599E+01  0.77535E+01  0.53895E+01  0.13452E+01 -0.95855E+01 -0.14631E+02
 -0.13804E+02 -0.17601E+02 -0.21082E+02 -0.17526E+02 -0.69066E+01  0.65196E+00
  0.10675E+02  0.21378E+02  0.26340E+02  0.26609E+02  0.16367E+02 -0.23664E+01
 -0.19027E+02 -0.26452E+02 -0.27267E+02 -0.21592E+02 -0.65531E+01  0.50781E+01
  0.82968E+01  0.92802E+01  0.50589E+01  0.26182E+01  0.38863E+01  0.74919E+00
 -0.20860E+01 -0.18779E+01 -0.15289E+01 -0.16322E+01 -0.11477E+01  0.17422E+01
  0.66256E+01  0.13260E+02  0.15433E+02  0.97070E+01  0.69821E+01  0.52680E+01
 -0.22537E+01 -0.89554E+01 -0.88467E+01 -0.51764E+01 -0.21843E+01  0.18510E+01
  0.73836E+01  0.14566E+02  0.13675E+02  0.30809E+01 -0.22891E+01 -0.40903E+01
 -0.76294E+01 -0.88524E+01 -0.76442E+01 -0.25765E+01 -0.14232E+01 -0.48503E+01
 -0.50513E+00  0.67075E+01  0.80188E+01  0.12952E+02  0.25389E+02  0.28772E+02
  0.14024E+02 -0.66025E+01 -0.18505E+02 -0.22188E+02 -0.23281E+02 -0.18711E+02
 -0.89664E+01 -0.66240E+01 -0.67653E+01  0.12780E+01  0.63461E+01  0.65135E+01
  0.10502E+02  0.10562E+02  0.77186E+01  0.53773E+01 -0.13534E+00 -0.66143E+01
 -0.74882E+01 -0.48687E+01 -0.11063E+01  0.12283E+01 -0.15293E+01 -0.23228E+01
  0.12917E+01  0.63229E+01  0.11833E+02  0.12551E+02  0.68641E+01  0.69892E+00
 -0.49726E+01 -0.59124E+01 -0.62558E+01 -0.87432E+01 -0.97509E+00  0.12051E+02
  0.14985E+02  0.10693E+02  0.72283E+01  0.33748E+01 -0.65133E+01 -0.15278E+02
 -0.15501E+02 -0.12727E+02 -0.10065E+02 -0.51958E+01 -0.18521E+01  0.10238E+01
  0.61009E+01  0.69950E+01  0.68745E+01  0.82014E+01  0.60859E+01  0.50393E+01
  0.39815E+01 -0.43260E+01 -0.94977E+01 -0.11461E+02 -0.13507E+02 -0.11371E+02
 -0.48684E+01  0.55207E+01  0.10270E+02  0.91607E+01  0.76880E+01  0.75246E+01
  0.12521E+02  0.14407E+02  0.61256E+01 -0.15679E+01 -0.32300E+01 -0.91261E+01
 -0.18387E+02 -0.12313E+02  0.33808E+01  0.85610E+01  0.84339E+01  0.11205E+02
  0.86388E+01 -0.20063E-01 -0.73804E+01 -0.99579E+01 -0.99712E+01 -0.12593E+02
 -0.17956E+02 -0.19181E+02 -0.19205E+02 -0.17565E+02 -0.46580E+01  0.61557E+01
  0.75511E+01  0.92008E+01  0.11482E+02  0.12081E+02  0.10499E+02  0.47751E+01
 -0.21297E+01 -0.26366E+01  0.39015E+01  0.10961E+02  0.11893E+02  0.87738E+01
  0.41556E+01 -0.85012E+00  0.32768E+01  0.11394E+02  0.10243E+02  0.59740E+01
 -0.14448E+01 -0.15350E+02 -0.20330E+02 -0.17733E+02 -0.14997E+02 -0.63316E+01
  0.33552E+01  0.92319E+01  0.14426E+02  0.12985E+02  0.86894E+01  0.10883E+02
  0.84179E+01 -0.16876E+01 -0.88758E+01 -0.14361E+02 -0.17849E+02 -0.17216E+02
 -0.12353E+02 -0.72444E+01 -0.16133E+01  0.21323E+01  0.47954E+01  0.12574E+02
  0.16186E+02  0.11428E+02  0.52680E+01  0.14465E+01 -0.29862E+01 -0.10019E+02
 -0.11408E+02 -0.91458E+01 -0.15402E+02 -0.12857E+02  0.62482E+01  0.16244E+02
  0.12316E+02  0.40525E+01 -0.22907E+01 -0.75219E+01 -0.15255E+02 -0.18721E+02
 -0.12237E+02 -0.55657E+01 -0.38852E+01  0.30525E+00  0.64637E+01  0.12584E+02
  0.18894E+02  0.19750E+02  0.96785E+01  0.30377E+00 -0.48205E+01 -0.15315E+02
 -0.20642E+02 -0.15669E+02 -0.67352E+01  0.71027E+01  0.16320E+02  0.17753E+02
  0.19969E+02  0.14982E+02  0.37991E+01  0.45213E+00  0.13151E+01 -0.77306E+01
 -0.17477E+02 -0.92590E+01  0.12105E+01  0.12439E+01  0.32560E+01  0.47326E+01
  0.41165E+01  0.53605E+01  0.26094E+01 -0.33876E+01 -0.63805E+01 -0.36560E+01
  0.74498E+00  0.27725E+01  0.70622E+01  0.15100E+02  0.15117E+02  0.84240E+01
  0.80107E+01  0.51039E+01 -0.15436E+01 -0.29303E+01 -0.58874E+01 -0.70897E+01
 -0.26922E+01  0.57918E-01  0.46336E+00  0.24289E+00  0.61492E+00  0.39978E+00
 -0.41097E+01 -0.92482E+01 -0.82539E+01 -0.53214E+01 -0.28987E+01  0.10344E+01
 -0.76949E-01 -0.20341E+01  0.35799E+01  0.83288E+01  0.63036E+01  0.54164E+01
  0.56430E+01 -0.62381E+00 -0.87957E+01 -0.74354E+01 -0.27538E+01 -0.40530E+01
 -0.42497E+01 -0.43746E+01 -0.22908E+01  0.48254E+01  0.52605E+01  0.71748E+00
 -0.11126E+01 -0.24090E+01 -0.30773E+01 -0.35270E+01 -0.50630E+00  0.30896E+01
  0.15415E+01 -0.28067E+01 -0.32593E+01  0.41763E+01  0.78561E+01  0.62302E+01
  0.80005E+01  0.60880E+01 -0.11595E+01 -0.61786E+01 -0.66061E+01 -0.17200E+01
  0.37931E+01  0.45759E+01  0.22630E+01 -0.74508E+00 -0.34709E+01 -0.34638E+01
 -0.28558E+01 -0.39689E+01 -0.25650E+01 -0.15766E+01 -0.50533E+01 -0.84507E+01
 -0.81803E+01 -0.69062E+01 -0.65583E+01 -0.41844E+01 -0.13901E+01  0.19932E+01
  0.88034E+01  0.10340E+02  0.40998E+01  0.24852E+01  0.60056E+01  0.72426E+01
  0.50888E+01  0.37484E+01  0.70407E+00 -0.65933E+01 -0.72840E+01 -0.24994E+01
 -0.15796E+01 -0.20292E+01 -0.12255E+01  0.57743E+00  0.33548E+01  0.62146E+01
  0.48410E+01 -0.35925E-01 -0.19958E+00  0.40852E+01  0.47215E+01  0.11239E+01
  0.12447E+01  0.25566E+01 -0.21403E+01 -0.94183E+01 -0.13868E+02 -0.13875E+02
 -0.76627E+01 -0.41273E+01 -0.92922E+00  0.78022E+01  0.89479E+01  0.42781E+01
  0.98909E+00  0.71512E-01  0.19548E+01  0.22847E+01 -0.31548E+00 -0.33334E+01
 -0.54896E+01 -0.67801E+01 -0.74298E+01 -0.68448E+01 -0.39847E+01  0.14747E+01
  0.78971E+01  0.90755E+01  0.58955E+01  0.65286E+01  0.50091E+01 -0.53651E+00
 -0.34887E+01 -0.39279E+01 -0.40815E+01 -0.57087E+01 -0.92422E+01 -0.85083E+01
 -0.14596E+01  0.20299E+01  0.67490E+00  0.32347E+01  0.90361E+01  0.12497E+02
  0.11140E+02  0.61551E+01  0.49162E+01  0.41999E+01 -0.89029E+00 -0.27250E+01
 -0.22584E+01 -0.48818E+01 -0.97805E+01 -0.11429E+02 -0.67866E+01 -0.96478E+00
  0.22549E+01  0.48357E+01  0.81521E+01  0.85340E+01  0.43514E+01 -0.10055E+01
 -0.55079E+01 -0.58572E+01 -0.31081E+01 -0.38041E+01 -0.54127E+01 -0.17125E+01
  0.24373E+01  0.29212E+01  0.24051E+01  0.17855E+01  0.11734E+01 -0.25425E+01
 -0.49778E+01 -0.42558E+01 -0.47598E+01  0.30848E-01  0.87568E+01  0.15154E+02
  0.16992E+02  0.12509E+02  0.63793E+01  0.17303E+01  0.12285E+01  0.14733E+01
 -0.19088E+01 -0.42300E+01 -0.99193E+00  0.24642E+01 -0.15077E+00 -0.29447E+01
 -0.66934E+00  0.27726E+01  0.31114E+01 -0.89463E+00 -0.27509E+01 -0.36266E+00
  0.18357E+01  0.21431E+01 -0.14808E+00 -0.18453E+01 -0.95852E+00 -0.88832E+00
 -0.14311E+01 -0.23208E+01 -0.53407E+01 -0.71668E+01 -0.67657E+01 -0.60290E+01
 -0.19582E+01  0.24709E+01  0.23417E+01  0.54025E+00  0.45110E-01  0.16680E+01
  0.26546E+01  0.15913E+01 -0.18781E+00 -0.27876E+00  0.12649E+01 -0.43203E-01
 -0.21559E+01 -0.16074E+01 -0.80393E+00 -0.29930E+01 -0.59492E+01 -0.55732E+01
 -0.48102E+01 -0.70329E+01 -0.10291E+02 -0.10840E+02 -0.64111E+01  0.14401E+01
  0.88373E+01  0.15005E+02  0.19060E+02  0.15826E+02  0.54853E+01 -0.66589E+00
 -0.72594E+00 -0.30772E+01 -0.51792E+01 -0.53920E+01 -0.71490E+01 -0.78894E+01
 -0.67558E+01 -0.44133E+01  0.20120E+01  0.65161E+01  0.66354E+01  0.67544E+01
  0.51380E+01  0.73114E+00 -0.25780E+01 -0.38925E+01 -0.58392E+01 -0.55366E+01
 -0.15995E+01  0.13926E+01  0.31584E+01  0.38939E+01  0.36953E+01  0.46013E+01
  0.38605E+01  0.67185E+00 -0.11801E+01 -0.13847E+01 -0.29553E+01 -0.45873E+01
 -0.44957E+01 -0.20463E+01  0.25845E+01  0.53939E+01  0.52468E+01  0.41862E+01
  0.32864E+01  0.27053E+01  0.16461E+01 -0.79902E+00 -0.26370E+01 -0.31275E+01
 -0.34181E+01 -0.22368E+01 -0.17088E+00  0.80098E+00  0.23820E+01  0.35500E+01
  0.32434E+01  0.24687E+01  0.19376E+01 -0.18058E+00 -0.50049E+01 -0.89578E+01
 -0.79586E+01 -0.44676E+01 -0.35637E+01 -0.75805E+00  0.44544E+01  0.62659E+01
  0.56716E+01  0.48863E+01  0.26308E+01  0.18979E+00 -0.18606E+01 -0.43964E+01
 -0.55141E+01 -0.54422E+01 -0.31924E+01  0.10316E+01  0.38383E+01  0.47976E+01
  0.54409E+01  0.59940E+01  0.40408E+01  0.83824E+00 -0.66447E+00 -0.22543E+01
 -0.40696E+01 -0.51621E+01 -0.57330E+01 -0.37803E+01  0.14002E+01  0.43587E+01
  0.32196E+01  0.28550E+01  0.13006E+01 -0.23946E+01 -0.36305E+01 -0.33049E+01
 -0.34933E+01 -0.33184E+01 -0.22475E+01 -0.96069E+00 -0.59910E+00  0.45031E+00
  0.25964E+01  0.42214E+01  0.53000E+01  0.49818E+01  0.22802E+01 -0.18413E+01
 -0.41025E+01 -0.44421E+01 -0.40489E+01 -0.17681E+01  0.79300E+00  0.14458E+01
  0.26202E+01  0.41430E+01  0.34996E+01  0.20140E+01  0.22119E+00 -0.10145E+01
 -0.62583E+00 -0.67863E-01 -0.14145E+01 -0.32279E+01 -0.27476E+01 -0.13931E+01
  0.26981E+00  0.12629E+01  0.22818E+01  0.29998E+01  0.10247E+01 -0.15366E+01
 -0.23251E+01 -0.11603E+01 -0.23092E+00 -0.91625E+00 -0.11131E+01 -0.54490E+00
 -0.53277E+00 -0.28520E+00  0.10143E+01  0.19997E+01  0.19551E+01  0.96602E+00
 -0.59681E+00 -0.23300E+01 -0.34489E+01 -0.28646E+01 -0.14508E+01 -0.63756E+00
  0.18616E-01  0.16354E+01  0.31765E+01  0.31682E+01  0.35831E+01  0.50383E+01
  0.56321E+01  0.30947E+01 -0.45271E+00 -0.17975E+01 -0.27059E+01 -0.41065E+01
 -0.38621E+01 -0.20043E+01 -0.12861E+01 -0.15873E+01 -0.95162E+00 -0.12199E+00
  0.11779E+01  0.30005E+01  0.30656E+01  0.18547E+01  0.66383E+00 -0.77286E-01
 -0.17093E+00 -0.32047E-01 -0.25884E+00 -0.32069E+00  0.13262E+00  0.26206E+00
  0.73899E+00  0.13973E+01  0.13926E+01  0.10345E+01  0.16112E+00 -0.75245E+00
 -0.93758E+00 -0.14707E+01 -0.19348E+01 -0.17058E+01 -0.16275E+01 -0.16429E+01
 -0.12572E+01 -0.32667E+00  0.46842E+00  0.92054E+00  0.10942E+01  0.64844E+00
 -0.12198E+00 -0.54665E+00 -0.39083E+00 -0.38288E+00 -0.11352E+00  0.74424E-01
 -0.10955E+00  0.33480E+00  0.11386E+01  0.13756E+01  0.88695E+00  0.41554E+00
 -0.32698E-01 -0.50179E+00 -0.57576E+00 -0.77564E+00 -0.10129E+01 -0.89251E+00
 -0.53551E+00 -0.25435E+00  0.77757E-01  0.39990E+00  0.70856E+00  0.51506E+00
 -0.79135E-01 -0.35050E+00 -0.29076E+00 -0.40107E+00 -0.59045E+00 -0.67689E+00
 -0.20465E+00  0.51603E+00  0.42584E+00  0.53453E+00  0.72775E+00  0.58815E+00
  0.41502E+00  0.33307E+00  0.38283E+00  0.14220E+00 -0.28161E+00 -0.39497E+00
 -0.62076E-02  0.32732E+00  0.28547E+00  0.14629E+00  0.44685E-01 -0.24602E+00
 -0.45152E+00 -0.42129E+00 -0.45500E+00 -0.29617E+00 -0.29198E-01  0.11061E+00
  0.25104E+00  0.21608E+00  0.14720E+00  0.23609E-03 -0.18201E+00 -0.15146E+00
 -0.81552E-01 -0.49164E-01 -0.30996E-01 -0.46918E-01 -0.10408E-01 -0.12875E-01
 -0.14979E-01  0.53802E-01  0.73650E-01 -0.13544E-01 -0.13549E+00 -0.14642E+00
 -0.71389E-01 -0.28316E-01  0.84266E-01  0.17363E+00  0.20421E+00  0.15766E+00
  0.83335E-01  0.80128E-02 -0.42438E-01 -0.39440E-01 -0.13652E-01 -0.13958E-01
 -0.31262E-01 -0.82870E-01 -0.79359E-01 -0.56483E-01 -0.19482E-01  0.33491E-01
  0.80161E-01  0.92605E-01  0.81084E-01  0.41559E-01  0.75017E-02 -0.17467E-01
 -0.31269E-01 -0.46884E-01 -0.29934E-01 -0.84078E-02  0.88685E-02  0.84971E-02
  0.88611E-02 -0.33146E-02 -0.55974E-02 -0.26026E-03  0.10591E-01  0.41172E-02
  0.34402E-03 -0.42240E-02  0.30435E-02 -0.20636E-02 -0.28784E-02 -0.69197E-02
  0.15713E-03  0.23044E-02  0.93025E-02  0.70111E-02  0.70601E-02 -0.67066E-03
  0.25567E-02  0.16432E-02  0.52794E-02 -0.97689E-03 -0.24045E-02 -0.82929E-02
 -0.44839E-02 -0.50329E-02  0.15542E-02 -0.37721E-03  0.33349E-02 -0.45940E-03
  0.28697E-02 -0.53737E-03  0.21272E-02 -0.20120E-02  0.12634E-02 -0.17933E-02
  0.15816E-02 -0.18481E-02  0.16032E-02 -0.17307E-02  0.18718E-02 -0.13706E-02
  0.18657E-02 -0.16769E-02  0.15683E-02 -0.18718E-02  0.14941E-02 -0.18876E-02
  0.15168E-02 -0.18313E-02  0.15700E-02 -0.17902E-02  0.16053E-02 -0.17340E-02
  0.16944E-02 -0.16769E-02  0.17133E-02 -0.16938E-02  0.16632E-02 -0.17220E-02
  0.16601E-02 -0.17117E-02  0.16759E-02 -0.17191E-02  0.16748E-02 -0.17159E-02
  0.16659E-02 -0.17238E-02  0.16727E-02 -0.17215E-02  0.16806E-02 -0.17159E-02
  0.16819E-02 -0.17107E-02  0.16865E-02 -0.17080E-02  0.16913E-02 -0.17069E-02
  0.16933E-02 -0.17091E-02  0.16848E-02 -0.17120E-02  0.16911E-02 -0.17217E-02
  0.16959E-02 -0.17146E-02  0.17017E-02 -0.17101E-02  0.17096E-02 -0.17038E-02
  0.17022E-02 -0.17089E-02  0.17054E-02 -0.17069E-02  0.17080E-02 -0.17027E-02
