erzi       fn  Erzinican Meteorological Station, 13 Mar 92 E,   0.000    0.000  
   4156    5.00000E-03  0  0  0.  0.  0.  0.  0.
  0.25783E+02  0.62569E+01  0.13250E+02  0.94655E+01  0.55793E+01  0.46420E+01
  0.63729E+01  0.77036E+01  0.11294E+02  0.14207E+02  0.15798E+02  0.17108E+02
  0.13700E+02  0.11859E+02  0.67811E+01  0.31916E+01  0.13346E+01 -0.71870E+00
  0.28094E+01  0.37849E+01  0.59256E+01  0.82152E+01  0.74693E+01  0.83450E+01
  0.70309E+01  0.64583E+01  0.71609E+01  0.65576E+01  0.66629E+01  0.66774E+01
  0.64684E+01  0.64389E+01  0.66042E+01  0.62092E+01  0.54374E+01  0.43683E+01
  0.20557E+01  0.67318E-01 -0.25918E+01 -0.50426E+01 -0.71779E+01 -0.90771E+01
 -0.10060E+02 -0.10612E+02 -0.95851E+01 -0.87146E+01 -0.65327E+01 -0.49669E+01
 -0.42311E+01 -0.32624E+01 -0.40954E+01 -0.46009E+01 -0.59208E+01 -0.73161E+01
 -0.85467E+01 -0.10747E+02 -0.95575E+01 -0.13361E+02 -0.25184E+02 -0.30908E+02
 -0.40927E+02 -0.47230E+02 -0.41967E+02 -0.43220E+02 -0.40531E+02 -0.36586E+02
 -0.37866E+02 -0.32862E+02 -0.27032E+02 -0.20819E+02 -0.56211E+01  0.40693E+01
  0.62374E+01  0.16283E+02  0.33853E+02  0.40427E+02  0.36893E+02  0.41049E+02
  0.42109E+02  0.40297E+02  0.42233E+02  0.40339E+02  0.35531E+02  0.29280E+02
  0.33273E+02  0.20807E+02 -0.33742E+02 -0.51929E+02 -0.44043E+02 -0.62635E+02
 -0.75006E+02 -0.72172E+02 -0.70592E+02 -0.58341E+02 -0.81681E+00  0.21087E+02
  0.70467E+01  0.26128E+02  0.35145E+02  0.34414E+02  0.35676E+02  0.31632E+02
  0.24141E+02  0.15412E+02  0.40503E+01 -0.79365E+01 -0.19413E+02 -0.32035E+02
 -0.44671E+02 -0.55605E+02 -0.64802E+02 -0.71644E+02 -0.77319E+02 -0.76228E+02
 -0.65709E+02 -0.54577E+02 -0.29448E+02 -0.10165E+02  0.78241E+01  0.25837E+02
  0.31253E+02  0.38616E+02  0.35447E+02  0.32664E+02  0.26502E+02  0.19371E+02
  0.18484E+02  0.12966E+02  0.58469E+01  0.43349E+01  0.10739E+02  0.11491E+02
  0.16604E+02  0.17836E+02  0.86621E+01  0.42137E+01 -0.10115E+02 -0.18607E+02
 -0.24759E+02 -0.28591E+02 -0.12999E+02 -0.76076E+01  0.20683E+01  0.12220E+02
  0.83799E+01  0.13809E+02  0.18503E+02  0.19416E+02  0.22735E+02  0.24792E+02
  0.23996E+02  0.25751E+02  0.37004E+02  0.37506E+02  0.26574E+02  0.24288E+02
  0.20552E+02  0.11255E+02  0.38177E+01 -0.73526E+01 -0.30592E+02 -0.42622E+02
 -0.48427E+02 -0.56442E+02 -0.50331E+02 -0.47574E+02 -0.42829E+02 -0.33437E+02
 -0.25019E+02 -0.14086E+02 -0.20322E+01  0.91789E+01  0.20620E+02  0.30338E+02
  0.36698E+02  0.41572E+02  0.43570E+02  0.43022E+02  0.29479E+02  0.25541E+02
  0.33995E+02  0.29962E+02  0.30796E+02  0.28732E+02  0.18047E+02  0.99730E+01
 -0.96096E+01 -0.22217E+02 -0.31940E+02 -0.40918E+02 -0.36953E+02 -0.34932E+02
 -0.23065E+02 -0.12251E+02 -0.35660E+00  0.11737E+02  0.15739E+02  0.23496E+02
  0.25310E+02  0.28021E+02  0.33081E+02  0.35041E+02  0.38604E+02  0.37324E+02
  0.45454E+02  0.38711E+02 -0.14405E+02 -0.27823E+02 -0.78913E+01 -0.22448E+02
 -0.31028E+02 -0.29366E+02 -0.38230E+02 -0.34775E+02 -0.18972E+02 -0.98606E+01
  0.15435E+02  0.29058E+02  0.19218E+02  0.27117E+02  0.31145E+02  0.30134E+02
  0.34797E+02  0.35051E+02  0.36877E+02  0.36321E+02  0.32743E+02  0.28788E+02
  0.18931E+02  0.11460E+02  0.25901E+01 -0.52892E+01 -0.79218E+01 -0.12065E+02
 -0.13272E+02 -0.11893E+02 -0.85673E+01 -0.32739E+01  0.94519E+01  0.17625E+02
  0.19329E+02  0.26949E+02  0.36731E+02  0.40346E+02  0.36401E+02  0.37846E+02
  0.39635E+02  0.38269E+02  0.39379E+02  0.38914E+02  0.37582E+02  0.36858E+02
  0.35969E+02  0.34170E+02  0.32963E+02  0.29490E+02  0.23726E+02  0.17242E+02
  0.64498E+01 -0.33787E+01 -0.15364E+02 -0.26135E+02 -0.34853E+02 -0.42682E+02
 -0.45425E+02 -0.48259E+02 -0.45323E+02 -0.44099E+02 -0.45428E+02 -0.42811E+02
 -0.42189E+02 -0.39983E+02 -0.35062E+02 -0.31942E+02 -0.27777E+02 -0.24126E+02
 -0.23421E+02 -0.20119E+02 -0.19020E+02 -0.15026E+02 -0.33340E+01  0.28434E+01
  0.10963E+02  0.18142E+02  0.18000E+02  0.21153E+02  0.24472E+02  0.22958E+02
  0.17160E+02  0.12992E+02  0.64841E+01  0.74743E-01 -0.40743E+01 -0.92617E+01
 -0.12070E+02 -0.15353E+02 -0.15493E+02 -0.18067E+02 -0.26352E+02 -0.29316E+02
 -0.32776E+02 -0.35197E+02 -0.34109E+02 -0.31632E+02 -0.22416E+02 -0.14565E+02
 -0.43169E+01  0.67115E+01  0.17089E+02  0.26548E+02  0.34256E+02  0.39051E+02
  0.35131E+02  0.33966E+02  0.28830E+02  0.23720E+02  0.21248E+02  0.17604E+02
  0.18942E+02  0.18486E+02  0.21639E+02  0.22097E+02  0.16849E+02  0.17390E+02
  0.87840E+01  0.99490E+01  0.36257E+02  0.42668E+02  0.39916E+02  0.49496E+02
  0.59135E+02  0.59009E+02  0.51607E+02  0.44655E+02  0.21204E+02  0.69883E+01
 -0.10414E+01 -0.13638E+02 -0.12287E+02 -0.15552E+02 -0.17004E+02 -0.15179E+02
 -0.14653E+02 -0.13069E+02 -0.14334E+02 -0.13178E+02 -0.14506E+02 -0.12375E+02
 -0.45099E+01  0.12275E+01  0.11849E+02  0.21103E+02  0.31773E+02  0.39319E+02
  0.40473E+02  0.42163E+02  0.33822E+02  0.28514E+02  0.25102E+02  0.16499E+02
  0.88792E+01  0.10989E+01 -0.88183E+01 -0.15614E+02 -0.18248E+02 -0.22379E+02
 -0.22540E+02 -0.22835E+02 -0.24829E+02 -0.23677E+02 -0.20883E+02 -0.17188E+02
 -0.18252E+02 -0.11798E+02  0.18742E+02  0.26001E+02  0.11024E+02  0.15389E+02
  0.10943E+02  0.49144E+01  0.64121E+01  0.32039E+01  0.31855E+01  0.40694E+01
  0.58315E+01  0.98727E+01  0.17521E+02  0.20925E+02  0.33500E+02  0.33552E+02
 -0.43652E+01 -0.10987E+02  0.26902E+01 -0.76311E+01 -0.71068E+01 -0.83332E+01
 -0.20565E+02 -0.25621E+02 -0.37040E+02 -0.44568E+02 -0.46988E+02 -0.49427E+02
 -0.46400E+02 -0.38528E+02 -0.20568E+02 -0.34662E+01  0.26144E+02  0.47448E+02
  0.56815E+02  0.72758E+02  0.75118E+02  0.80329E+02  0.85166E+02  0.85369E+02
  0.92847E+02  0.90452E+02  0.82481E+02  0.73954E+02  0.53259E+02  0.35757E+02
  0.13934E+02 -0.61950E+01 -0.21021E+02 -0.35315E+02 -0.37641E+02 -0.41911E+02
 -0.44024E+02 -0.38497E+02 -0.29701E+02 -0.17931E+02  0.71333E+01  0.22336E+02
  0.30201E+02  0.41362E+02  0.37562E+02  0.37110E+02  0.34322E+02  0.26307E+02
  0.17845E+02  0.75442E+01 -0.58117E+01 -0.15020E+02 -0.22963E+02 -0.27819E+02
 -0.12405E+02 -0.11536E+02 -0.19756E+02 -0.17987E+02 -0.26630E+02 -0.30917E+02
 -0.32965E+02 -0.35542E+02 -0.30878E+02 -0.27618E+02 -0.18945E+02 -0.11722E+02
 -0.44342E+01  0.27005E+01  0.18810E+01  0.52680E+01  0.12452E+02  0.11434E+02
  0.49852E+01 -0.41003E+00 -0.95812E+01 -0.21637E+02 -0.41429E+02 -0.56848E+02
 -0.66659E+02 -0.81317E+02 -0.97510E+02 -0.10655E+03 -0.10452E+03 -0.10875E+03
 -0.11167E+03 -0.11096E+03 -0.11308E+03 -0.11292E+03 -0.11273E+03 -0.11261E+03
 -0.11217E+03 -0.11224E+03 -0.11083E+03 -0.11175E+03 -0.11808E+03 -0.12062E+03
 -0.12094E+03 -0.12512E+03 -0.13014E+03 -0.13413E+03 -0.13865E+03 -0.14375E+03
 -0.14865E+03 -0.15421E+03 -0.16056E+03 -0.16660E+03 -0.17333E+03 -0.17952E+03
 -0.18523E+03 -0.19051E+03 -0.19459E+03 -0.19827E+03 -0.19924E+03 -0.20175E+03
 -0.20460E+03 -0.20727E+03 -0.21349E+03 -0.21723E+03 -0.22128E+03 -0.22568E+03
 -0.22440E+03 -0.22779E+03 -0.23966E+03 -0.24229E+03 -0.23893E+03 -0.24090E+03
 -0.23907E+03 -0.23721E+03 -0.23737E+03 -0.23568E+03 -0.23480E+03 -0.23434E+03
 -0.23297E+03 -0.23419E+03 -0.23809E+03 -0.24178E+03 -0.25075E+03 -0.25674E+03
 -0.25996E+03 -0.26590E+03 -0.26738E+03 -0.27147E+03 -0.27925E+03 -0.28311E+03
 -0.28774E+03 -0.29154E+03 -0.29228E+03 -0.29347E+03 -0.29214E+03 -0.29071E+03
 -0.28893E+03 -0.28627E+03 -0.28374E+03 -0.28099E+03 -0.27822E+03 -0.27652E+03
 -0.27395E+03 -0.27485E+03 -0.28089E+03 -0.28686E+03 -0.29542E+03 -0.30756E+03
 -0.32821E+03 -0.34352E+03 -0.35821E+03 -0.37169E+03 -0.37712E+03 -0.38170E+03
 -0.37418E+03 -0.37025E+03 -0.36403E+03 -0.35653E+03 -0.35879E+03 -0.35328E+03
 -0.34676E+03 -0.34296E+03 -0.33431E+03 -0.32926E+03 -0.32875E+03 -0.32407E+03
 -0.32328E+03 -0.31725E+03 -0.30860E+03 -0.29407E+03 -0.26537E+03 -0.23677E+03
 -0.19685E+03 -0.15457E+03 -0.10796E+03 -0.58725E+02 -0.12049E+02  0.37887E+02
  0.88720E+02  0.13474E+03  0.17515E+03  0.21427E+03  0.24553E+03  0.27400E+03
  0.29844E+03  0.31703E+03  0.32596E+03  0.33772E+03  0.34739E+03  0.35554E+03
  0.37488E+03  0.38517E+03  0.38814E+03  0.39862E+03  0.41789E+03  0.42345E+03
  0.41706E+03  0.41769E+03  0.41027E+03  0.40259E+03  0.39547E+03  0.38754E+03
  0.38648E+03  0.38094E+03  0.37861E+03  0.37411E+03  0.36333E+03  0.35620E+03
  0.34488E+03  0.33592E+03  0.32891E+03  0.32254E+03  0.32474E+03  0.32370E+03
  0.32105E+03  0.32445E+03  0.33142E+03  0.33684E+03  0.34408E+03  0.35140E+03
  0.35896E+03  0.36435E+03  0.36470E+03  0.36635E+03  0.36267E+03  0.36051E+03
  0.36068E+03  0.35800E+03  0.35651E+03  0.35465E+03  0.35673E+03  0.35352E+03
  0.34307E+03  0.33699E+03  0.32621E+03  0.31689E+03  0.31236E+03  0.30355E+03
  0.29966E+03  0.29170E+03  0.27439E+03  0.26475E+03  0.25521E+03  0.24491E+03
  0.23903E+03  0.23390E+03  0.23283E+03  0.23358E+03  0.23750E+03  0.24380E+03
  0.25378E+03  0.26439E+03  0.27830E+03  0.28898E+03  0.30109E+03  0.30702E+03
  0.29193E+03  0.28872E+03  0.29130E+03  0.27940E+03  0.26581E+03  0.25092E+03
  0.22894E+03  0.20600E+03  0.17968E+03  0.15051E+03  0.12119E+03  0.87176E+02
  0.50806E+02  0.11816E+02 -0.33385E+02 -0.77191E+02 -0.12350E+03 -0.16922E+03
 -0.21017E+03 -0.25376E+03 -0.29380E+03 -0.33404E+03 -0.37637E+03 -0.41417E+03
 -0.45169E+03 -0.48522E+03 -0.51448E+03 -0.53920E+03 -0.55334E+03 -0.56808E+03
 -0.57716E+03 -0.57918E+03 -0.59360E+03 -0.58440E+03 -0.53110E+03 -0.50523E+03
 -0.50538E+03 -0.45748E+03 -0.39038E+03 -0.32765E+03 -0.23057E+03 -0.13824E+03
 -0.36384E+02  0.65046E+02  0.15683E+03  0.24379E+03  0.30951E+03  0.36860E+03
  0.39042E+03  0.42180E+03  0.45225E+03  0.46580E+03  0.49651E+03  0.50405E+03
  0.48944E+03  0.48546E+03  0.46882E+03  0.45058E+03  0.44251E+03  0.42062E+03
  0.40126E+03  0.37498E+03  0.33279E+03  0.29653E+03  0.24891E+03  0.20786E+03
  0.17458E+03  0.14018E+03  0.12990E+03  0.10990E+03  0.75010E+02  0.68161E+02
  0.79642E+02  0.82767E+02  0.10652E+03  0.12328E+03  0.13108E+03  0.14509E+03
  0.14291E+03  0.14536E+03  0.14293E+03  0.13897E+03  0.13612E+03  0.13315E+03
  0.13700E+03  0.13792E+03  0.14328E+03  0.14787E+03  0.14883E+03  0.15340E+03
  0.16012E+03  0.16309E+03  0.16114E+03  0.16318E+03  0.16572E+03  0.16594E+03
  0.16815E+03  0.16890E+03  0.16606E+03  0.16683E+03  0.16898E+03  0.17129E+03
  0.17543E+03  0.18218E+03  0.19590E+03  0.20674E+03  0.21902E+03  0.23180E+03
  0.24184E+03  0.25185E+03  0.25761E+03  0.26374E+03  0.26663E+03  0.26980E+03
  0.27412E+03  0.27641E+03  0.28002E+03  0.28253E+03  0.28498E+03  0.28568E+03
  0.28994E+03  0.28436E+03  0.27017E+03  0.25317E+03  0.21423E+03  0.18465E+03
  0.15012E+03  0.11878E+03  0.10721E+03  0.87943E+02  0.83992E+02  0.77756E+02
  0.67705E+02  0.65222E+02  0.58668E+02  0.54790E+02  0.53596E+02  0.49056E+02
  0.44735E+02  0.37994E+02  0.25691E+02  0.13656E+02 -0.36416E+01 -0.20775E+02
 -0.40482E+02 -0.58479E+02 -0.74172E+02 -0.88505E+02 -0.92776E+02 -0.10165E+03
 -0.10774E+03 -0.11334E+03 -0.12750E+03 -0.13400E+03 -0.13793E+03 -0.14459E+03
 -0.14588E+03 -0.15000E+03 -0.15784E+03 -0.16137E+03 -0.16804E+03 -0.17107E+03
 -0.16646E+03 -0.16596E+03 -0.16400E+03 -0.15888E+03 -0.15748E+03 -0.14903E+03
 -0.13400E+03 -0.11933E+03 -0.97435E+02 -0.74666E+02 -0.48401E+02 -0.21545E+02
  0.53388E+01  0.31721E+02  0.55105E+02  0.76438E+02  0.92596E+02  0.10713E+03
  0.11122E+03  0.11874E+03  0.13548E+03  0.13717E+03  0.13135E+03  0.12724E+03
  0.11228E+03  0.97722E+02  0.79518E+02  0.61525E+02  0.45312E+02  0.29494E+02
  0.27195E+02  0.16886E+02 -0.18950E+01 -0.79266E+01 -0.62578E+01 -0.11285E+02
 -0.15669E+02 -0.15952E+02 -0.19693E+02 -0.18349E+02 -0.12523E+02 -0.66114E+01
  0.58267E+01  0.17070E+02  0.31629E+02  0.44285E+02  0.50856E+02  0.60844E+02
  0.65519E+02  0.71673E+02  0.81538E+02  0.86073E+02  0.91628E+02  0.94142E+02
  0.90423E+02  0.87612E+02  0.80168E+02  0.71974E+02  0.62561E+02  0.52709E+02
  0.42729E+02  0.33925E+02  0.32226E+02  0.25885E+02  0.16845E+02  0.13422E+02
  0.80285E+01  0.66320E+01  0.14399E+02  0.18251E+02  0.24024E+02  0.32489E+02
  0.41133E+02  0.49428E+02  0.57504E+02  0.63420E+02  0.65763E+02  0.66308E+02
  0.61119E+02  0.54591E+02  0.43349E+02  0.30643E+02  0.15567E+02 -0.48644E+00
 -0.16978E+02 -0.33006E+02 -0.46891E+02 -0.59958E+02 -0.68821E+02 -0.77172E+02
 -0.82171E+02 -0.85875E+02 -0.88279E+02 -0.88650E+02 -0.88151E+02 -0.85960E+02
 -0.82078E+02 -0.78814E+02 -0.71918E+02 -0.68825E+02 -0.77569E+02 -0.76013E+02
 -0.68626E+02 -0.67889E+02 -0.63027E+02 -0.58827E+02 -0.57509E+02 -0.53730E+02
 -0.50060E+02 -0.47845E+02 -0.43434E+02 -0.42891E+02 -0.49058E+02 -0.51862E+02
 -0.53887E+02 -0.62150E+02 -0.68854E+02 -0.82985E+02 -0.11023E+03 -0.13404E+03
 -0.16433E+03 -0.19745E+03 -0.23049E+03 -0.26603E+03 -0.30305E+03 -0.33617E+03
 -0.36617E+03 -0.39278E+03 -0.40516E+03 -0.42238E+03 -0.43727E+03 -0.44737E+03
 -0.46107E+03 -0.46953E+03 -0.47571E+03 -0.48114E+03 -0.48708E+03 -0.48638E+03
 -0.47995E+03 -0.47110E+03 -0.45201E+03 -0.43354E+03 -0.40963E+03 -0.38596E+03
 -0.36504E+03 -0.34333E+03 -0.32689E+03 -0.31084E+03 -0.30729E+03 -0.29312E+03
 -0.27776E+03 -0.25662E+03 -0.21045E+03 -0.17324E+03 -0.12140E+03 -0.75028E+02
 -0.34612E+02  0.43678E+01  0.13182E+02  0.34660E+02  0.62701E+02  0.68719E+02
  0.62350E+02  0.60694E+02  0.52337E+02  0.39997E+02  0.28227E+02  0.14586E+02
  0.13881E+01 -0.97899E+01 -0.13375E+02 -0.20197E+02 -0.23030E+02 -0.25898E+02
 -0.33339E+02 -0.35506E+02 -0.37254E+02 -0.38595E+02 -0.36478E+02 -0.34488E+02
 -0.30756E+02 -0.26134E+02 -0.19890E+02 -0.13858E+02 -0.11591E+02 -0.35157E+01
  0.47158E+01  0.17133E+02  0.41999E+02  0.60856E+02  0.87446E+02  0.10866E+03
  0.11522E+03  0.13032E+03  0.13854E+03  0.14466E+03  0.15740E+03  0.15869E+03
  0.15246E+03  0.14686E+03  0.13126E+03  0.11613E+03  0.97458E+02  0.79035E+02
  0.62956E+02  0.47984E+02  0.42094E+02  0.34126E+02  0.32465E+02  0.30525E+02
  0.26434E+02  0.26128E+02  0.23938E+02  0.23614E+02  0.22901E+02  0.24008E+02
  0.29786E+02  0.33626E+02  0.36721E+02  0.42870E+02  0.53244E+02  0.59525E+02
  0.60306E+02  0.67246E+02  0.71213E+02  0.79127E+02  0.98446E+02  0.11082E+03
  0.12837E+03  0.14256E+03  0.14718E+03  0.15558E+03  0.15547E+03  0.15667E+03
  0.15901E+03  0.15755E+03  0.15901E+03  0.15690E+03  0.15412E+03  0.14917E+03
  0.13936E+03  0.12939E+03  0.11549E+03  0.10059E+03  0.84134E+02  0.66480E+02
  0.48981E+02  0.30476E+02  0.12388E+02 -0.56134E+01 -0.23565E+02 -0.40340E+02
 -0.55731E+02 -0.68961E+02 -0.79407E+02 -0.91859E+02 -0.87585E+02 -0.10035E+03
 -0.15983E+03 -0.17509E+03 -0.15829E+03 -0.17280E+03 -0.17413E+03 -0.17078E+03
 -0.17767E+03 -0.17397E+03 -0.17070E+03 -0.16432E+03 -0.15029E+03 -0.13686E+03
 -0.11488E+03 -0.96712E+02 -0.79016E+02 -0.62377E+02 -0.59739E+02 -0.48848E+02
 -0.40757E+02 -0.32688E+02 -0.14108E+02 -0.28376E+01  0.11757E+02  0.24299E+02
  0.27212E+02  0.36243E+02  0.42167E+02  0.48271E+02  0.63511E+02  0.68779E+02
  0.74986E+02  0.75460E+02  0.54570E+02  0.45928E+02  0.30414E+02  0.18378E+02
  0.26352E+02  0.23988E+02  0.30555E+02  0.35608E+02  0.42400E+02  0.45164E+02
  0.18806E+02  0.15556E+02  0.33118E+02  0.26640E+02  0.17208E+02  0.17707E+02
  0.67203E+01  0.66892E+01  0.26939E+02  0.32920E+02  0.44440E+02  0.55881E+02
  0.51353E+02  0.57799E+02  0.65105E+02  0.67784E+02  0.75000E+02  0.78326E+02
  0.83130E+02  0.83278E+02  0.73850E+02  0.65855E+02  0.57751E+02  0.38962E+02
  0.40057E+01 -0.22058E+02 -0.55562E+02 -0.83025E+02 -0.93823E+02 -0.10881E+03
 -0.10640E+03 -0.10520E+03 -0.10178E+03 -0.92026E+02 -0.82318E+02 -0.70946E+02
 -0.60885E+02 -0.50502E+02 -0.41686E+02 -0.34744E+02 -0.32818E+02 -0.30072E+02
 -0.30823E+02 -0.31217E+02 -0.30773E+02 -0.30930E+02 -0.27857E+02 -0.26022E+02
 -0.21357E+02 -0.18400E+02 -0.17213E+02 -0.15581E+02 -0.17092E+02 -0.18064E+02
 -0.22512E+02 -0.24439E+02 -0.22740E+02 -0.23469E+02 -0.20071E+02 -0.18465E+02
 -0.20158E+02 -0.17905E+02 -0.16600E+02 -0.13996E+02 -0.63144E+01 -0.13817E+01
  0.56272E+01  0.94081E+01  0.16210E+02  0.12452E+02 -0.17009E+02 -0.29946E+02
 -0.50719E+02 -0.67915E+02 -0.57244E+02 -0.63742E+02 -0.67896E+02 -0.64634E+02
 -0.67765E+02 -0.65458E+02 -0.59811E+02 -0.56675E+02 -0.55035E+02 -0.50120E+02
 -0.42578E+02 -0.37728E+02 -0.32019E+02 -0.27334E+02 -0.27970E+02 -0.25557E+02
 -0.22971E+02 -0.22193E+02 -0.19881E+02 -0.19564E+02 -0.17281E+02 -0.19295E+02
 -0.30150E+02 -0.35652E+02 -0.43354E+02 -0.51654E+02 -0.53200E+02 -0.59927E+02
 -0.67128E+02 -0.73616E+02 -0.82239E+02 -0.91098E+02 -0.10612E+03 -0.11551E+03
 -0.12062E+03 -0.12755E+03 -0.12658E+03 -0.12814E+03 -0.13020E+03 -0.12942E+03
 -0.13031E+03 -0.13002E+03 -0.13031E+03 -0.12978E+03 -0.12873E+03 -0.12715E+03
 -0.12396E+03 -0.12076E+03 -0.11629E+03 -0.11165E+03 -0.10656E+03 -0.10196E+03
 -0.98054E+02 -0.92861E+02 -0.95114E+02 -0.89137E+02 -0.64146E+02 -0.55605E+02
 -0.58648E+02 -0.48288E+02 -0.37531E+02 -0.31691E+02 -0.29839E+02 -0.21152E+02
 -0.46343E+01  0.57594E+01  0.23053E+02  0.35684E+02  0.36038E+02  0.44927E+02
  0.53556E+02  0.56924E+02  0.63563E+02  0.64822E+02  0.57613E+02  0.55096E+02
  0.48611E+02  0.43326E+02  0.45459E+02  0.43859E+02  0.39490E+02  0.44259E+02
  0.60948E+02  0.70581E+02  0.86237E+02  0.99945E+02  0.10116E+03  0.11113E+03
  0.12158E+03  0.12634E+03  0.13389E+03  0.13536E+03  0.13116E+03  0.12464E+03
  0.10725E+03  0.90865E+02  0.69646E+02  0.47225E+02  0.25448E+02  0.40092E+01
 -0.13923E+02 -0.29409E+02 -0.36041E+02 -0.43472E+02 -0.44472E+02 -0.45126E+02
 -0.47267E+02 -0.45857E+02 -0.45444E+02 -0.44230E+02 -0.45126E+02 -0.44334E+02
 -0.37227E+02 -0.38222E+02 -0.45716E+02 -0.50499E+02 -0.65066E+02 -0.74395E+02
 -0.84575E+02 -0.92154E+02 -0.79661E+02 -0.80829E+02 -0.88026E+02 -0.85437E+02
 -0.88862E+02 -0.88826E+02 -0.86452E+02 -0.82557E+02 -0.72186E+02 -0.61762E+02
 -0.44931E+02 -0.28989E+02 -0.12915E+02  0.44287E+01  0.19382E+02  0.34065E+02
  0.46697E+02  0.55577E+02  0.63283E+02  0.64220E+02  0.48780E+02  0.40003E+02
  0.33717E+02  0.16671E+02 -0.44689E+01 -0.22028E+02 -0.45835E+02 -0.62472E+02
 -0.62620E+02 -0.70768E+02 -0.77079E+02 -0.74713E+02 -0.64663E+02 -0.57051E+02
 -0.52978E+02 -0.40069E+02 -0.20720E+02 -0.65361E+01  0.10110E+02  0.24077E+02
  0.29403E+02  0.37994E+02  0.36813E+02  0.38958E+02  0.54293E+02  0.53606E+02
  0.38999E+02  0.36043E+02  0.33207E+02  0.24439E+02  0.17313E+02  0.10455E+02
  0.33845E+01 -0.27443E+01 -0.64368E+01 -0.86444E+01 -0.14049E+02 -0.12159E+02
  0.14791E+02  0.18187E+02 -0.24502E+01  0.26050E+01 -0.16016E+02 -0.93664E+01
  0.55434E+02  0.78693E+02  0.12261E+03  0.16231E+03  0.12619E+03  0.15114E+03
  0.24021E+03  0.25348E+03  0.23198E+03  0.24917E+03  0.24563E+03  0.24038E+03
  0.24779E+03  0.24656E+03  0.25673E+03  0.26110E+03  0.26241E+03  0.26736E+03
  0.26876E+03  0.26654E+03  0.27010E+03  0.26070E+03  0.21303E+03  0.19648E+03
  0.20451E+03  0.18652E+03  0.17689E+03  0.17207E+03  0.16312E+03  0.15741E+03
  0.15819E+03  0.14838E+03  0.12905E+03  0.11412E+03  0.75381E+02  0.50964E+02
  0.62959E+02  0.38763E+02 -0.26616E+02 -0.43683E+02 -0.32127E+02 -0.47196E+02
 -0.45663E+02 -0.39684E+02 -0.41508E+02 -0.32065E+02 -0.16692E+02 -0.62056E+01
  0.62218E+01  0.16379E+02  0.16422E+02  0.20871E+02  0.19371E+02  0.18944E+02
  0.22592E+02  0.22299E+02  0.26620E+02  0.27190E+02  0.25096E+02  0.23670E+02
  0.13987E+02  0.10093E+02  0.88883E+01  0.59538E+01  0.12432E+02  0.13700E+02
  0.14306E+02  0.14750E+02  0.13331E+02  0.74034E+01 -0.15804E+02 -0.27824E+02
 -0.34536E+02 -0.50652E+02 -0.56875E+02 -0.69212E+02 -0.10213E+03 -0.11264E+03
 -0.10362E+03 -0.10886E+03 -0.10432E+03 -0.97262E+02 -0.91946E+02 -0.84312E+02
 -0.79865E+02 -0.75282E+02 -0.74411E+02 -0.73301E+02 -0.79763E+02 -0.79342E+02
 -0.71095E+02 -0.67562E+02 -0.52623E+02 -0.44580E+02 -0.42655E+02 -0.37008E+02
 -0.42602E+02 -0.42262E+02 -0.44840E+02 -0.42288E+02 -0.24679E+02 -0.14896E+02
  0.13166E+02  0.26810E+02  0.14251E+02  0.20219E+02  0.17110E+02  0.11657E+02
  0.13092E+02  0.10126E+02  0.86741E+01  0.10745E+02  0.20393E+02  0.26789E+02
  0.37038E+02  0.43852E+02  0.50071E+02  0.50967E+02  0.26007E+02  0.17978E+02
  0.22413E+02  0.91886E+01 -0.45160E+01 -0.13818E+02 -0.28016E+02 -0.36945E+02
 -0.43563E+02 -0.47381E+02 -0.29255E+02 -0.27313E+02 -0.38758E+02 -0.36550E+02
 -0.43031E+02 -0.48194E+02 -0.49369E+02 -0.52129E+02 -0.54754E+02 -0.52947E+02
 -0.34743E+02 -0.29640E+02 -0.35799E+02 -0.30611E+02 -0.29947E+02 -0.30642E+02
 -0.28991E+02 -0.29459E+02 -0.29532E+02 -0.29734E+02 -0.30121E+02 -0.30377E+02
 -0.30649E+02 -0.31330E+02 -0.30458E+02 -0.31764E+02 -0.37790E+02 -0.40335E+02
 -0.40691E+02 -0.44355E+02 -0.49498E+02 -0.52194E+02 -0.54150E+02 -0.56370E+02
 -0.56009E+02 -0.56554E+02 -0.57317E+02 -0.56673E+02 -0.58174E+02 -0.55885E+02
 -0.51417E+02 -0.45184E+02 -0.31575E+02 -0.19761E+02 -0.41316E+01  0.10310E+02
  0.22813E+02  0.34990E+02  0.37988E+02  0.45070E+02  0.54869E+02  0.57199E+02
  0.56835E+02  0.56227E+02  0.49684E+02  0.44670E+02  0.38748E+02  0.33229E+02
  0.30771E+02  0.28324E+02  0.33560E+02  0.34996E+02  0.33343E+02  0.36547E+02
  0.40775E+02  0.42373E+02  0.44874E+02  0.44221E+02  0.39360E+02  0.32909E+02
  0.18370E+02  0.52316E+01 -0.12062E+02 -0.28257E+02 -0.42327E+02 -0.55014E+02
 -0.60633E+02 -0.65964E+02 -0.61371E+02 -0.59765E+02 -0.60499E+02 -0.55756E+02
 -0.54983E+02 -0.49485E+02 -0.41352E+02 -0.32680E+02 -0.13147E+02 -0.13435E+01
  0.45495E+01  0.15698E+02  0.18291E+02  0.24928E+02  0.36704E+02  0.42572E+02
  0.50987E+02  0.57324E+02  0.57880E+02  0.61789E+02  0.63563E+02  0.65548E+02
  0.72160E+02  0.74542E+02  0.77229E+02  0.78922E+02  0.76647E+02  0.74666E+02
  0.69131E+02  0.63618E+02  0.56716E+02  0.49999E+02  0.44304E+02  0.38895E+02
  0.37496E+02  0.34199E+02  0.33330E+02  0.31101E+02  0.23683E+02  0.20311E+02
  0.17136E+02  0.12801E+02  0.90658E+01  0.65839E+01  0.62097E+01  0.55103E+01
  0.84637E+01  0.89393E+01  0.67232E+01  0.64792E+01  0.17218E+01  0.20554E-01
  0.64422E+00  0.91270E-01  0.43629E+01  0.60218E+01  0.82661E+01  0.99498E+01
  0.48643E+01  0.41027E+01  0.59482E+01  0.31785E+01 -0.50695E+00 -0.35616E+01
 -0.77371E+01 -0.12827E+02 -0.19464E+02 -0.25517E+02 -0.32451E+02 -0.38257E+02
 -0.42681E+02 -0.46149E+02 -0.46293E+02 -0.45582E+02 -0.42681E+02 -0.38059E+02
 -0.27192E+02 -0.20717E+02 -0.19015E+02 -0.13265E+02 -0.12406E+02 -0.98939E+01
 -0.45277E+01 -0.25817E+01  0.77732E-01  0.18278E+01  0.23383E+01  0.16419E+01
 -0.22006E+01 -0.58570E+01 -0.12509E+02 -0.18154E+02 -0.22981E+02 -0.27986E+02
 -0.30331E+02 -0.32408E+02 -0.32125E+02 -0.30886E+02 -0.27454E+02 -0.23569E+02
 -0.18642E+02 -0.13444E+02 -0.79642E+01 -0.34627E+01 -0.75733E+00  0.13958E+01
  0.67164E-01 -0.13193E+01 -0.30353E+01 -0.79451E+01 -0.15678E+02 -0.23415E+02
 -0.34083E+02 -0.44308E+02 -0.53148E+02 -0.63557E+02 -0.73939E+02 -0.82639E+02
 -0.89766E+02 -0.96107E+02 -0.99166E+02 -0.10226E+03 -0.10354E+03 -0.10425E+03
 -0.10502E+03 -0.10490E+03 -0.10537E+03 -0.10522E+03 -0.10524E+03 -0.10560E+03
 -0.10475E+03 -0.10567E+03 -0.11165E+03 -0.11328E+03 -0.11137E+03 -0.11315E+03
 -0.11409E+03 -0.11434E+03 -0.11531E+03 -0.11578E+03 -0.11751E+03 -0.11746E+03
 -0.11559E+03 -0.11430E+03 -0.11034E+03 -0.10726E+03 -0.10609E+03 -0.10186E+03
 -0.97893E+02 -0.92301E+02 -0.81918E+02 -0.74132E+02 -0.64212E+02 -0.55024E+02
 -0.52725E+02 -0.45312E+02 -0.31619E+02 -0.26622E+02 -0.28525E+02 -0.25112E+02
 -0.24114E+02 -0.24614E+02 -0.23417E+02 -0.23664E+02 -0.23863E+02 -0.23365E+02
 -0.22408E+02 -0.20876E+02 -0.17717E+02 -0.14646E+02 -0.10468E+02 -0.62402E+01
 -0.18208E+01  0.24371E+01  0.62153E+01  0.92518E+01  0.11181E+02  0.11771E+02
  0.10147E+02  0.73482E+01  0.17764E+01 -0.46735E+01 -0.13174E+02 -0.22462E+02
 -0.32907E+02 -0.43406E+02 -0.53527E+02 -0.63445E+02 -0.71568E+02 -0.79357E+02
 -0.85636E+02 -0.90459E+02 -0.93354E+02 -0.95049E+02 -0.94343E+02 -0.93056E+02
 -0.90403E+02 -0.87060E+02 -0.83342E+02 -0.79579E+02 -0.76501E+02 -0.72546E+02
 -0.73684E+02 -0.68606E+02 -0.54348E+02 -0.46948E+02 -0.35722E+02 -0.25554E+02
 -0.25782E+02 -0.17697E+02 -0.65825E+01  0.36839E+00  0.10973E+02  0.20003E+02
  0.28368E+02  0.36627E+02  0.40202E+02  0.46656E+02  0.55005E+02  0.59975E+02
  0.66714E+02  0.70957E+02  0.69538E+02  0.71220E+02  0.72371E+02  0.71573E+02
  0.73080E+02  0.71535E+02  0.67998E+02  0.64822E+02  0.57119E+02  0.52185E+02
  0.49476E+02  0.45010E+02  0.44142E+02  0.42155E+02  0.38786E+02  0.38564E+02
  0.38421E+02  0.40197E+02  0.45683E+02  0.51298E+02  0.59982E+02  0.69410E+02
  0.80042E+02  0.91514E+02  0.10315E+03  0.11491E+03  0.12598E+03  0.13654E+03
  0.14572E+03  0.15385E+03  0.16010E+03  0.16479E+03  0.16774E+03  0.16804E+03
  0.16532E+03  0.16050E+03  0.15138E+03  0.14138E+03  0.12858E+03  0.11505E+03
  0.10085E+03  0.86716E+02  0.73816E+02  0.61993E+02  0.53088E+02  0.45847E+02
  0.43225E+02  0.41229E+02  0.43911E+02  0.45444E+02  0.46877E+02  0.48194E+02
  0.44445E+02  0.42581E+02  0.36454E+02  0.31946E+02  0.29987E+02  0.25470E+02
  0.23947E+02  0.20558E+02  0.14818E+02  0.11044E+02  0.57388E+01  0.12429E+01
 -0.17838E+01 -0.52926E+01 -0.77089E+01 -0.93102E+01 -0.10466E+02 -0.99978E+01
 -0.76424E+01 -0.45467E+01  0.51621E+00  0.65811E+01  0.14140E+02  0.22598E+02
  0.32169E+02  0.42178E+02  0.52613E+02  0.63068E+02  0.73115E+02  0.82870E+02
  0.91053E+02  0.99385E+02  0.10721E+03  0.11357E+03  0.11922E+03  0.12423E+03
  0.12361E+03  0.12829E+03  0.13973E+03  0.14555E+03  0.15655E+03  0.16400E+03
  0.16395E+03  0.16753E+03  0.16818E+03  0.16611E+03  0.16143E+03  0.15640E+03
  0.15002E+03  0.14319E+03  0.13687E+03  0.13070E+03  0.12609E+03  0.12208E+03
  0.12153E+03  0.11983E+03  0.11933E+03  0.11869E+03  0.11545E+03  0.11410E+03
  0.11155E+03  0.10921E+03  0.10955E+03  0.10653E+03  0.10312E+03  0.98002E+02
  0.86919E+02  0.77787E+02  0.65302E+02  0.53904E+02  0.44027E+02  0.34592E+02
  0.31797E+02  0.26092E+02  0.23130E+02  0.19511E+02  0.11516E+02  0.64337E+01
 -0.16542E+01 -0.76875E+01 -0.13750E+02 -0.17629E+02 -0.11995E+02 -0.11887E+02
 -0.13659E+02 -0.10743E+02 -0.85291E+01 -0.66899E+01 -0.40001E+01 -0.23664E+01
 -0.33835E+01 -0.24213E+01 -0.27322E+01 -0.16360E+01  0.33184E+01  0.62635E+01
  0.12089E+02  0.16379E+02  0.17882E+02  0.21016E+02  0.21051E+02  0.22171E+02
  0.24195E+02  0.24892E+02  0.26669E+02  0.27684E+02  0.29292E+02  0.29425E+02
  0.27803E+02  0.25886E+02  0.20918E+02  0.16357E+02  0.10677E+02  0.48521E+01
 -0.74463E+00 -0.62063E+01 -0.78567E+01 -0.12536E+02 -0.19337E+02 -0.23493E+02
 -0.30385E+02 -0.34505E+02 -0.33954E+02 -0.35677E+02 -0.35406E+02 -0.34036E+02
 -0.32488E+02 -0.30139E+02 -0.27413E+02 -0.24904E+02 -0.22773E+02 -0.20904E+02
 -0.20640E+02 -0.19955E+02 -0.20240E+02 -0.20522E+02 -0.20205E+02 -0.20735E+02
 -0.20776E+02 -0.21514E+02 -0.22924E+02 -0.24437E+02 -0.27021E+02 -0.29643E+02
 -0.32397E+02 -0.35922E+02 -0.40020E+02 -0.44167E+02 -0.48884E+02 -0.53512E+02
 -0.57701E+02 -0.62316E+02 -0.66837E+02 -0.71082E+02 -0.75284E+02 -0.79051E+02
 -0.82352E+02 -0.85254E+02 -0.87413E+02 -0.89113E+02 -0.90046E+02 -0.90491E+02
 -0.90168E+02 -0.89425E+02 -0.88070E+02 -0.86838E+02 -0.85562E+02 -0.83049E+02
 -0.85446E+02 -0.81305E+02 -0.63092E+02 -0.55814E+02 -0.55439E+02 -0.45596E+02
 -0.32970E+02 -0.26791E+02 -0.23825E+02 -0.18786E+02 -0.19231E+02 -0.17540E+02
 -0.12594E+02 -0.11356E+02 -0.85475E+01 -0.69834E+01 -0.60988E+01 -0.66461E+01
 -0.12575E+02 -0.15696E+02 -0.19184E+02 -0.24071E+02 -0.25405E+02 -0.29298E+02
 -0.36390E+02 -0.40140E+02 -0.39464E+02 -0.43226E+02 -0.54149E+02 -0.55900E+02
 -0.51011E+02 -0.50625E+02 -0.43932E+02 -0.38776E+02 -0.36234E+02 -0.31165E+02
 -0.29437E+02 -0.26632E+02 -0.23113E+02 -0.21602E+02 -0.21406E+02 -0.20530E+02
 -0.19853E+02 -0.19725E+02 -0.19520E+02 -0.19199E+02 -0.18601E+02 -0.17847E+02
 -0.16159E+02 -0.14964E+02 -0.13518E+02 -0.11669E+02 -0.12677E+02 -0.98917E+01
 -0.14340E+01  0.24798E+01  0.91669E+01  0.13593E+02  0.98863E+01  0.10891E+02
  0.10439E+02  0.82044E+01  0.74461E+01  0.53525E+01  0.48423E+01  0.22224E+01
 -0.13887E+01 -0.55409E+01 -0.15349E+02 -0.21044E+02 -0.25372E+02 -0.30288E+02
 -0.28983E+02 -0.30191E+02 -0.30941E+02 -0.29901E+02 -0.29943E+02 -0.29008E+02
 -0.28171E+02 -0.27289E+02 -0.26401E+02 -0.25553E+02 -0.24763E+02 -0.24073E+02
 -0.23506E+02 -0.23136E+02 -0.22736E+02 -0.22906E+02 -0.23727E+02 -0.24677E+02
 -0.26741E+02 -0.28414E+02 -0.30278E+02 -0.31937E+02 -0.32904E+02 -0.33634E+02
 -0.32911E+02 -0.32415E+02 -0.31027E+02 -0.29662E+02 -0.28701E+02 -0.27366E+02
 -0.26588E+02 -0.25405E+02 -0.26024E+02 -0.24113E+02 -0.19149E+02 -0.15396E+02
 -0.79599E+01 -0.23608E+01  0.27762E+01  0.74230E+01  0.64710E+01  0.83354E+01
  0.91274E+01  0.88664E+01  0.12225E+02  0.11657E+02  0.86932E+01  0.71171E+01
  0.19623E+01 -0.13845E+01 -0.24416E+01 -0.55769E+01 -0.63003E+01 -0.82858E+01
 -0.12256E+02 -0.14438E+02 -0.17717E+02 -0.19831E+02 -0.21606E+02 -0.21730E+02
 -0.16367E+02 -0.14128E+02 -0.99094E+01 -0.71050E+01 -0.99751E+01 -0.10252E+02
 -0.14053E+02 -0.17365E+02 -0.20178E+02 -0.23526E+02 -0.23044E+02 -0.25277E+02
 -0.27750E+02 -0.29571E+02 -0.34778E+02 -0.37409E+02 -0.38300E+02 -0.40799E+02
 -0.41011E+02 -0.42523E+02 -0.45661E+02 -0.47680E+02 -0.51076E+02 -0.54160E+02
 -0.57314E+02 -0.60357E+02 -0.62805E+02 -0.64809E+02 -0.66203E+02 -0.66311E+02
 -0.64123E+02 -0.62132E+02 -0.57303E+02 -0.53816E+02 -0.53073E+02 -0.49326E+02
 -0.47472E+02 -0.43718E+02 -0.35183E+02 -0.30070E+02 -0.22983E+02 -0.17597E+02
 -0.17525E+02 -0.15038E+02 -0.15679E+02 -0.16305E+02 -0.15375E+02 -0.16609E+02
 -0.17733E+02 -0.18707E+02 -0.20083E+02 -0.21034E+02 -0.21599E+02 -0.22016E+02
 -0.20971E+02 -0.20855E+02 -0.20777E+02 -0.20718E+02 -0.22405E+02 -0.23192E+02
 -0.24207E+02 -0.25481E+02 -0.26258E+02 -0.27154E+02 -0.27700E+02 -0.28045E+02
 -0.28004E+02 -0.27791E+02 -0.26849E+02 -0.26306E+02 -0.25831E+02 -0.25423E+02
 -0.26119E+02 -0.26249E+02 -0.26847E+02 -0.27107E+02 -0.27147E+02 -0.26477E+02
 -0.24446E+02 -0.22078E+02 -0.17480E+02 -0.13410E+02 -0.85119E+01 -0.39826E+01
 -0.60338E+00  0.27805E+01  0.29898E+01  0.49769E+01  0.69338E+01  0.85728E+01
  0.13327E+02  0.15901E+02  0.18503E+02  0.20939E+02  0.22119E+02  0.22260E+02
  0.19660E+02  0.17252E+02  0.11501E+02  0.72790E+01  0.64446E+01  0.17063E+01
 -0.14121E+01 -0.65195E+01 -0.17444E+02 -0.24680E+02 -0.34145E+02 -0.41988E+02
 -0.44574E+02 -0.49177E+02 -0.49465E+02 -0.50350E+02 -0.52285E+02 -0.51928E+02
 -0.52462E+02 -0.52136E+02 -0.51233E+02 -0.50407E+02 -0.48949E+02 -0.47596E+02
 -0.46374E+02 -0.44875E+02 -0.43597E+02 -0.42271E+02 -0.40878E+02 -0.39663E+02
 -0.39295E+02 -0.37875E+02 -0.36284E+02 -0.33986E+02 -0.29781E+02 -0.25669E+02
 -0.19935E+02 -0.14163E+02 -0.76000E+01 -0.15974E+01  0.36317E+01  0.83622E+01
  0.98662E+01  0.12692E+02  0.14078E+02  0.15889E+02  0.19993E+02  0.22688E+02
  0.26550E+02  0.30378E+02  0.34776E+02  0.38345E+02  0.40496E+02  0.42975E+02
  0.43083E+02  0.44234E+02  0.46006E+02  0.46940E+02  0.48973E+02  0.50654E+02
  0.52826E+02  0.54881E+02  0.56506E+02  0.58254E+02  0.60313E+02  0.61447E+02
  0.60290E+02  0.60719E+02  0.62354E+02  0.62048E+02  0.61861E+02  0.61269E+02
  0.59215E+02  0.57361E+02  0.54422E+02  0.51593E+02  0.48723E+02  0.45944E+02
  0.44013E+02  0.41685E+02  0.42744E+02  0.39620E+02  0.33165E+02  0.27569E+02
  0.12816E+02  0.42752E+01  0.79888E+00 -0.69192E+01 -0.73391E+01 -0.11065E+02
 -0.18260E+02 -0.21344E+02 -0.26846E+02 -0.30684E+02 -0.32104E+02 -0.34288E+02
 -0.33977E+02 -0.33966E+02 -0.33809E+02 -0.32899E+02 -0.32344E+02 -0.31567E+02
 -0.31315E+02 -0.30928E+02 -0.31005E+02 -0.30881E+02 -0.31328E+02 -0.30794E+02
 -0.29457E+02 -0.27609E+02 -0.23304E+02 -0.19600E+02 -0.14597E+02 -0.99660E+01
 -0.59432E+01 -0.21348E+01 -0.95602E+00  0.12148E+01  0.19848E+01  0.31360E+01
  0.56597E+01  0.72811E+01  0.10056E+02  0.12629E+02  0.15564E+02  0.18268E+02
  0.20653E+02  0.22683E+02  0.23663E+02  0.24272E+02  0.23787E+02  0.22632E+02
  0.20338E+02  0.17572E+02  0.13738E+02  0.98698E+01  0.56873E+01  0.17225E+01
 -0.16002E+01 -0.44519E+01 -0.59043E+01 -0.68681E+01 -0.57417E+01 -0.47553E+01
 -0.29705E+01 -0.94114E+00  0.40095E+00  0.29013E+01  0.28313E+01  0.62473E+01
  0.15513E+02  0.20322E+02  0.27555E+02  0.33146E+02  0.30979E+02  0.33708E+02
  0.35979E+02  0.36303E+02  0.38556E+02  0.39628E+02  0.41294E+02  0.42482E+02
  0.43178E+02  0.43692E+02  0.42890E+02  0.42397E+02  0.41229E+02  0.40063E+02
  0.39362E+02  0.38209E+02  0.37461E+02  0.36604E+02  0.35576E+02  0.34894E+02
  0.34657E+02  0.34044E+02  0.33594E+02  0.32958E+02  0.31553E+02  0.30607E+02
  0.29338E+02  0.28344E+02  0.27860E+02  0.27443E+02  0.27848E+02  0.28307E+02
  0.29365E+02  0.30498E+02  0.31822E+02  0.33151E+02  0.34279E+02  0.35327E+02
  0.35707E+02  0.36232E+02  0.36288E+02  0.36346E+02  0.36521E+02  0.36499E+02
  0.36418E+02  0.36667E+02  0.37133E+02  0.37860E+02  0.39575E+02  0.40868E+02
  0.42583E+02  0.44020E+02  0.44638E+02  0.45478E+02  0.45396E+02  0.45263E+02
  0.45924E+02  0.44582E+02  0.41835E+02  0.39105E+02  0.32619E+02  0.28325E+02
  0.27455E+02  0.22318E+02  0.17957E+02  0.12637E+02  0.43852E-01 -0.65573E+01
 -0.10067E+02 -0.15920E+02 -0.15389E+02 -0.17424E+02 -0.21645E+02 -0.22123E+02
 -0.23141E+02 -0.23527E+02 -0.22229E+02 -0.21068E+02 -0.19168E+02 -0.16591E+02
 -0.13569E+02 -0.10009E+02 -0.62879E+01 -0.18130E+01  0.35879E+01  0.87765E+01
  0.14506E+02  0.20031E+02  0.24904E+02  0.29957E+02  0.34221E+02  0.38536E+02
  0.42115E+02  0.46026E+02  0.51126E+02  0.54712E+02  0.58567E+02  0.61658E+02
  0.61330E+02  0.63300E+02  0.66472E+02  0.67781E+02  0.70419E+02  0.72265E+02
  0.72442E+02  0.73828E+02  0.75748E+02  0.76536E+02  0.76881E+02  0.77612E+02
  0.78104E+02  0.78314E+02  0.78927E+02  0.79131E+02  0.77074E+02  0.77693E+02
  0.81778E+02  0.82997E+02  0.86181E+02  0.88094E+02  0.85105E+02  0.85484E+02
  0.85849E+02  0.84925E+02  0.85410E+02  0.85278E+02  0.85292E+02  0.85365E+02
  0.86225E+02  0.85558E+02  0.84100E+02  0.81487E+02  0.75465E+02  0.69734E+02
  0.61610E+02  0.53285E+02  0.44650E+02  0.35835E+02  0.27864E+02  0.20354E+02
  0.14475E+02  0.99964E+01  0.67592E+01  0.60104E+01  0.12573E+02  0.15252E+02
  0.15616E+02  0.19888E+02  0.23044E+02  0.25015E+02  0.28206E+02  0.27873E+02
  0.20462E+02  0.17069E+02  0.11024E+02  0.55409E+01  0.68143E+01  0.32668E+01
 -0.96948E+00 -0.24700E+01 -0.43530E+01 -0.61314E+01 -0.65422E+01 -0.80285E+01
 -0.10496E+02 -0.12147E+02 -0.15088E+02 -0.18079E+02 -0.18001E+02 -0.21632E+02
 -0.34708E+02 -0.38239E+02 -0.33660E+02 -0.36463E+02 -0.33991E+02 -0.32937E+02
 -0.40227E+02 -0.39797E+02 -0.37292E+02 -0.36682E+02 -0.31526E+02 -0.27161E+02
 -0.21839E+02 -0.15749E+02 -0.97348E+01 -0.39653E+01  0.75922E+00  0.50891E+01
  0.64237E+01  0.90870E+01  0.11106E+02  0.12993E+02  0.17749E+02  0.20012E+02
  0.22543E+02  0.24290E+02  0.23088E+02  0.22598E+02  0.19757E+02  0.17368E+02
  0.15238E+02  0.12776E+02  0.12270E+02  0.10834E+02  0.10369E+02  0.96944E+01
  0.81246E+01  0.72846E+01  0.57707E+01  0.47051E+01  0.39753E+01  0.30886E+01
  0.38551E+01  0.31445E+01  0.74244E+00 -0.22417E+00 -0.25555E+01 -0.39888E+01
 -0.31799E+01 -0.39386E+01 -0.41338E+01 -0.41557E+01 -0.51082E+01 -0.54476E+01
 -0.59744E+01 -0.66143E+01 -0.70937E+01 -0.76651E+01 -0.83396E+01 -0.88975E+01
 -0.83227E+01 -0.93918E+01 -0.11125E+02 -0.13628E+02 -0.19103E+02 -0.24111E+02
 -0.31013E+02 -0.37875E+02 -0.44797E+02 -0.51449E+02 -0.56771E+02 -0.61612E+02
 -0.63259E+02 -0.65916E+02 -0.67448E+02 -0.68739E+02 -0.72188E+02 -0.73500E+02
 -0.74629E+02 -0.75917E+02 -0.75556E+02 -0.76068E+02 -0.76754E+02 -0.77138E+02
 -0.78473E+02 -0.79356E+02 -0.80853E+02 -0.81740E+02 -0.81921E+02 -0.82171E+02
 -0.80412E+02 -0.79979E+02 -0.79862E+02 -0.79690E+02 -0.81608E+02 -0.82802E+02
 -0.84645E+02 -0.86703E+02 -0.88593E+02 -0.90639E+02 -0.92270E+02 -0.92944E+02
 -0.95396E+02 -0.94013E+02 -0.82724E+02 -0.78479E+02 -0.79250E+02 -0.73046E+02
 -0.65133E+02 -0.61141E+02 -0.58061E+02 -0.54491E+02 -0.54970E+02 -0.53387E+02
 -0.51126E+02 -0.49666E+02 -0.45730E+02 -0.42677E+02 -0.38285E+02 -0.34505E+02
 -0.31570E+02 -0.28412E+02 -0.27914E+02 -0.25633E+02 -0.23375E+02 -0.20917E+02
 -0.14799E+02 -0.11082E+02 -0.73267E+01 -0.33389E+01 -0.16952E+01  0.68578E+00
  0.17705E+01  0.29309E+01  0.46361E+01  0.48753E+01  0.78654E+01  0.65464E+01
 -0.20414E+01 -0.57792E+01 -0.12267E+02 -0.17723E+02 -0.16520E+02 -0.19214E+02
 -0.20110E+02 -0.20018E+02 -0.20717E+02 -0.20699E+02 -0.21377E+02 -0.21992E+02
 -0.23512E+02 -0.24695E+02 -0.26219E+02 -0.27506E+02 -0.28245E+02 -0.28948E+02
 -0.28476E+02 -0.28329E+02 -0.27715E+02 -0.27082E+02 -0.27082E+02 -0.26547E+02
 -0.26241E+02 -0.25929E+02 -0.25129E+02 -0.24964E+02 -0.24916E+02 -0.25236E+02
 -0.26578E+02 -0.27849E+02 -0.29906E+02 -0.32033E+02 -0.34382E+02 -0.36676E+02
 -0.38901E+02 -0.40641E+02 -0.41175E+02 -0.41907E+02 -0.41289E+02 -0.41089E+02
 -0.41089E+02 -0.40811E+02 -0.41727E+02 -0.41822E+02 -0.42853E+02 -0.42484E+02
 -0.40346E+02 -0.38419E+02 -0.33078E+02 -0.29408E+02 -0.26539E+02 -0.22875E+02
 -0.20568E+02 -0.18915E+02 -0.19225E+02 -0.19674E+02 -0.21784E+02 -0.23889E+02
 -0.26519E+02 -0.28864E+02 -0.29920E+02 -0.31140E+02 -0.30519E+02 -0.30006E+02
 -0.28764E+02 -0.27017E+02 -0.25028E+02 -0.22802E+02 -0.20701E+02 -0.18467E+02
 -0.16496E+02 -0.14652E+02 -0.13017E+02 -0.11853E+02 -0.11345E+02 -0.11105E+02
 -0.11830E+02 -0.12492E+02 -0.13748E+02 -0.14805E+02 -0.15198E+02 -0.16026E+02
 -0.16069E+02 -0.16446E+02 -0.17096E+02 -0.17347E+02 -0.17881E+02 -0.18190E+02
 -0.18385E+02 -0.18487E+02 -0.18280E+02 -0.18000E+02 -0.17396E+02 -0.16768E+02
 -0.15790E+02 -0.15023E+02 -0.14678E+02 -0.14004E+02 -0.13658E+02 -0.13212E+02
 -0.12348E+02 -0.11962E+02 -0.11794E+02 -0.11399E+02 -0.11725E+02 -0.11143E+02
 -0.98705E+01 -0.85037E+01 -0.52340E+01 -0.28214E+01  0.93327E-01  0.25625E+01
  0.36020E+01  0.46627E+01  0.39881E+01  0.30504E+01  0.11604E+01 -0.14064E+01
 -0.45700E+01 -0.81876E+01 -0.12145E+02 -0.16285E+02 -0.20344E+02 -0.24452E+02
 -0.28269E+02 -0.31844E+02 -0.35049E+02 -0.37460E+02 -0.39890E+02 -0.40128E+02
 -0.37405E+02 -0.34904E+02 -0.27760E+02 -0.22810E+02 -0.21959E+02 -0.16082E+02
 -0.11259E+02 -0.54545E+01  0.78259E+01  0.14914E+02  0.18533E+02  0.24964E+02
  0.25103E+02  0.28109E+02  0.33556E+02  0.35923E+02  0.40664E+02  0.43901E+02
  0.45647E+02  0.47922E+02  0.48149E+02  0.48817E+02  0.49304E+02  0.49185E+02
  0.49485E+02  0.49394E+02  0.49424E+02  0.49454E+02  0.49530E+02  0.49676E+02
  0.49973E+02  0.50290E+02  0.50738E+02  0.51235E+02  0.51796E+02  0.52416E+02
  0.53071E+02  0.53697E+02  0.54496E+02  0.54927E+02  0.54958E+02  0.55009E+02
  0.54186E+02  0.53780E+02  0.53812E+02  0.53130E+02  0.53097E+02  0.52066E+02
  0.49837E+02  0.47782E+02  0.44099E+02  0.40922E+02  0.37483E+02  0.34220E+02
  0.32419E+02  0.30002E+02  0.28871E+02  0.27266E+02  0.24930E+02  0.23403E+02
  0.20863E+02  0.19461E+02  0.18052E+02  0.18186E+02  0.20886E+02  0.23887E+02
  0.30909E+02  0.36594E+02  0.43247E+02  0.49210E+02  0.51543E+02  0.55145E+02
  0.55284E+02  0.56188E+02  0.57780E+02  0.57782E+02  0.58768E+02  0.58965E+02
  0.59384E+02  0.58995E+02  0.57967E+02  0.56161E+02  0.52061E+02  0.48468E+02
  0.43261E+02  0.38721E+02  0.34793E+02  0.31310E+02  0.30355E+02  0.29421E+02
  0.30569E+02  0.32308E+02  0.35614E+02  0.38801E+02  0.42347E+02  0.45405E+02
  0.46250E+02  0.47756E+02  0.47509E+02  0.47124E+02  0.46553E+02  0.45148E+02
  0.43647E+02  0.41767E+02  0.39699E+02  0.37497E+02  0.35208E+02  0.32912E+02
  0.30709E+02  0.28618E+02  0.26713E+02  0.25120E+02  0.23977E+02  0.23034E+02
  0.23155E+02  0.22646E+02  0.22178E+02  0.21458E+02  0.19192E+02  0.17539E+02
  0.14951E+02  0.12633E+02  0.10677E+02  0.88329E+01  0.76252E+01  0.71963E+01
  0.81058E+01  0.95976E+01  0.13172E+02  0.16532E+02  0.20927E+02  0.25060E+02
  0.28564E+02  0.31797E+02  0.32702E+02  0.34187E+02  0.34215E+02  0.34250E+02
  0.34877E+02  0.34613E+02  0.34768E+02  0.34739E+02  0.34693E+02  0.34706E+02
  0.34700E+02  0.34644E+02  0.34785E+02  0.34482E+02  0.33948E+02  0.33072E+02
  0.31286E+02  0.29510E+02  0.27071E+02  0.24599E+02  0.21739E+02  0.19202E+02
  0.17394E+02  0.15411E+02  0.14173E+02  0.13180E+02  0.12560E+02  0.12328E+02
  0.12881E+02  0.13303E+02  0.12913E+02  0.14108E+02  0.15740E+02  0.17987E+02
  0.22974E+02  0.26607E+02  0.31081E+02  0.34911E+02  0.36210E+02  0.38276E+02
  0.38718E+02  0.38267E+02  0.37400E+02  0.34887E+02  0.30371E+02  0.25895E+02
  0.20010E+02  0.14072E+02  0.81208E+01  0.24019E+01 -0.23449E+01 -0.64981E+01
 -0.81980E+01 -0.10245E+02 -0.10700E+02 -0.11160E+02 -0.12307E+02 -0.12518E+02
 -0.13372E+02 -0.13981E+02 -0.14713E+02 -0.15481E+02 -0.16229E+02 -0.16984E+02
 -0.17630E+02 -0.18251E+02 -0.18689E+02 -0.19298E+02 -0.18866E+02 -0.20148E+02
 -0.22644E+02 -0.25594E+02 -0.32392E+02 -0.37414E+02 -0.43492E+02 -0.48734E+02
 -0.50579E+02 -0.53433E+02 -0.53121E+02 -0.53117E+02 -0.53044E+02 -0.51803E+02
 -0.50953E+02 -0.49760E+02 -0.48814E+02 -0.47828E+02 -0.47738E+02 -0.46875E+02
 -0.45644E+02 -0.44635E+02 -0.42048E+02 -0.40737E+02 -0.40280E+02 -0.39384E+02
 -0.40039E+02 -0.40209E+02 -0.40352E+02 -0.40979E+02 -0.41291E+02 -0.41760E+02
 -0.42099E+02 -0.42384E+02 -0.42576E+02 -0.42608E+02 -0.42462E+02 -0.42156E+02
 -0.41555E+02 -0.40838E+02 -0.39862E+02 -0.38735E+02 -0.37417E+02 -0.35982E+02
 -0.34477E+02 -0.32807E+02 -0.31018E+02 -0.29315E+02 -0.27421E+02 -0.25470E+02
 -0.25078E+02 -0.23083E+02 -0.16640E+02 -0.14809E+02 -0.16790E+02 -0.15734E+02
 -0.16467E+02 -0.17936E+02 -0.19001E+02 -0.20937E+02 -0.22950E+02 -0.25104E+02
 -0.27335E+02 -0.29564E+02 -0.31734E+02 -0.33788E+02 -0.35613E+02 -0.37243E+02
 -0.38503E+02 -0.39565E+02 -0.39945E+02 -0.40586E+02 -0.41091E+02 -0.41622E+02
 -0.43059E+02 -0.43834E+02 -0.44572E+02 -0.45458E+02 -0.45939E+02 -0.46446E+02
 -0.47141E+02 -0.47164E+02 -0.46557E+02 -0.45939E+02 -0.44354E+02 -0.43078E+02
 -0.41631E+02 -0.40315E+02 -0.39886E+02 -0.39150E+02 -0.39150E+02 -0.39039E+02
 -0.38815E+02 -0.38912E+02 -0.38856E+02 -0.38809E+02 -0.39058E+02 -0.38640E+02
 -0.37668E+02 -0.36570E+02 -0.33989E+02 -0.32175E+02 -0.30111E+02 -0.28363E+02
 -0.28313E+02 -0.27639E+02 -0.27717E+02 -0.28218E+02 -0.29054E+02 -0.29972E+02
 -0.31081E+02 -0.32003E+02 -0.31879E+02 -0.32479E+02 -0.33091E+02 -0.33388E+02
 -0.34023E+02 -0.34373E+02 -0.34536E+02 -0.34773E+02 -0.34807E+02 -0.34760E+02
 -0.35124E+02 -0.34533E+02 -0.33545E+02 -0.31948E+02 -0.27990E+02 -0.25167E+02
 -0.21720E+02 -0.18383E+02 -0.17548E+02 -0.14828E+02 -0.12254E+02 -0.98012E+01
 -0.53903E+01 -0.22804E+01  0.10345E+01  0.42292E+01  0.53457E+01  0.77810E+01
  0.10658E+02  0.12392E+02  0.14929E+02  0.16419E+02  0.15873E+02  0.16490E+02
  0.16887E+02  0.16674E+02  0.16991E+02  0.16760E+02  0.16801E+02  0.16190E+02
  0.14952E+02  0.13439E+02  0.10588E+02  0.79656E+01  0.47390E+01  0.14842E+01
 -0.15676E+01 -0.44937E+01 -0.68066E+01 -0.87886E+01 -0.93875E+01 -0.10353E+02
 -0.10689E+02 -0.11101E+02 -0.12385E+02 -0.13012E+02 -0.14250E+02 -0.15297E+02
 -0.16258E+02 -0.16695E+02 -0.18001E+02 -0.17306E+02 -0.10578E+02 -0.86014E+01
 -0.98388E+01 -0.74301E+01 -0.64044E+01 -0.61284E+01 -0.48675E+01 -0.54621E+01
 -0.76585E+01 -0.95654E+01 -0.14315E+02 -0.17329E+02 -0.18600E+02 -0.21128E+02
 -0.21007E+02 -0.21964E+02 -0.23537E+02 -0.24126E+02 -0.25549E+02 -0.26619E+02
 -0.27774E+02 -0.28875E+02 -0.29747E+02 -0.30536E+02 -0.30857E+02 -0.31235E+02
 -0.31311E+02 -0.31363E+02 -0.31514E+02 -0.31487E+02 -0.31538E+02 -0.31541E+02
 -0.31557E+02 -0.31570E+02 -0.31586E+02 -0.31598E+02 -0.31615E+02 -0.31627E+02
 -0.31646E+02 -0.31639E+02 -0.31717E+02 -0.31618E+02 -0.31346E+02 -0.31106E+02
 -0.30445E+02 -0.30056E+02 -0.29857E+02 -0.29525E+02 -0.29626E+02 -0.29559E+02
 -0.29538E+02 -0.29331E+02 -0.30058E+02 -0.28770E+02 -0.25350E+02 -0.22336E+02
 -0.14753E+02 -0.99917E+01 -0.91591E+01 -0.41122E+01 -0.10223E+01  0.32126E+01
  0.13565E+02  0.18565E+02  0.21626E+02  0.26015E+02  0.25130E+02  0.26162E+02
  0.27392E+02  0.26909E+02  0.27429E+02  0.27290E+02  0.27291E+02  0.27264E+02
  0.27225E+02  0.27219E+02  0.27176E+02  0.27201E+02  0.27074E+02  0.27227E+02
  0.27856E+02  0.28166E+02  0.28750E+02  0.29155E+02  0.28959E+02  0.29142E+02
  0.29189E+02  0.29131E+02  0.29209E+02  0.29124E+02  0.29241E+02  0.28989E+02
  0.28424E+02  0.27747E+02  0.26225E+02  0.25015E+02  0.23663E+02  0.22224E+02
  0.21129E+02  0.19956E+02  0.18993E+02  0.18214E+02  0.17908E+02  0.17430E+02
  0.17132E+02  0.16746E+02  0.15911E+02  0.15284E+02  0.14349E+02  0.13461E+02
  0.12551E+02  0.11691E+02  0.10990E+02  0.10347E+02  0.10137E+02  0.97539E+01
  0.95403E+01  0.92437E+01  0.86138E+01  0.81194E+01  0.73466E+01  0.65673E+01
  0.57074E+01  0.47982E+01  0.39008E+01  0.30149E+01  0.22521E+01  0.14545E+01
  0.71263E+00  0.11201E+00 -0.75377E+00 -0.94398E+00 -0.69861E+00 -0.77772E-01
  0.18972E+01  0.35964E+01  0.60670E+01  0.83743E+01  0.10290E+02  0.12268E+02
  0.12801E+02  0.14109E+02  0.15071E+02  0.16186E+02  0.18577E+02  0.20037E+02
  0.21989E+02  0.24111E+02  0.23630E+02  0.25980E+02  0.33829E+02  0.36463E+02
  0.36156E+02  0.38877E+02  0.39422E+02  0.39850E+02  0.41496E+02  0.41060E+02
  0.40485E+02  0.38844E+02  0.34053E+02  0.30406E+02  0.26304E+02  0.21272E+02
  0.16278E+02  0.11621E+02  0.73878E+01  0.37837E+01  0.25965E+01  0.43203E+00
 -0.93693E+00 -0.21121E+01 -0.51244E+01 -0.62968E+01 -0.70414E+01 -0.80221E+01
 -0.75745E+01 -0.76453E+01 -0.77867E+01 -0.74664E+01 -0.74699E+01 -0.73101E+01
 -0.72818E+01 -0.72337E+01 -0.72380E+01 -0.72245E+01 -0.72938E+01 -0.71842E+01
 -0.69346E+01 -0.65719E+01 -0.57651E+01 -0.50367E+01 -0.39888E+01 -0.30151E+01
 -0.21581E+01 -0.13485E+01 -0.10373E+01 -0.20861E+00 -0.15783E+01  0.58901E+00
  0.62883E+01  0.11187E+02  0.23943E+02  0.31466E+02  0.35020E+02  0.41141E+02
  0.40004E+02  0.41389E+02  0.43078E+02  0.42477E+02  0.43358E+02  0.43299E+02
  0.43851E+02  0.43872E+02  0.43602E+02  0.43176E+02  0.41586E+02  0.40499E+02
  0.38974E+02  0.37640E+02  0.37347E+02  0.36362E+02  0.36019E+02  0.35290E+02
  0.33879E+02  0.32765E+02  0.30997E+02  0.29258E+02  0.27250E+02  0.25259E+02
  0.23326E+02  0.21485E+02  0.20018E+02  0.18535E+02  0.18340E+02  0.16823E+02
  0.14783E+02  0.12315E+02  0.68571E+01  0.28956E+01 -0.21086E+01 -0.67755E+01
 -0.75488E+01 -0.11590E+02 -0.17488E+02 -0.20777E+02 -0.26308E+02 -0.29387E+02
 -0.27563E+02 -0.28365E+02 -0.27826E+02 -0.26140E+02 -0.24947E+02 -0.23100E+02
 -0.21287E+02 -0.19762E+02 -0.19053E+02 -0.18175E+02 -0.18192E+02 -0.18035E+02
 -0.17782E+02 -0.17876E+02 -0.17718E+02 -0.17659E+02 -0.17459E+02 -0.17277E+02
 -0.17021E+02 -0.16763E+02 -0.16499E+02 -0.16244E+02 -0.16041E+02 -0.15863E+02
 -0.15798E+02 -0.15724E+02 -0.15730E+02 -0.15733E+02 -0.15721E+02 -0.15753E+02
 -0.15761E+02 -0.15769E+02 -0.15826E+02 -0.15771E+02 -0.15651E+02 -0.15478E+02
 -0.15065E+02 -0.14674E+02 -0.14498E+02 -0.13758E+02 -0.12862E+02 -0.11485E+02
 -0.89905E+01 -0.66187E+01 -0.33544E+01 -0.19623E+00  0.30477E+01  0.61240E+01
  0.85941E+01  0.10807E+02  0.11635E+02  0.12717E+02  0.13043E+02  0.13391E+02
  0.14268E+02  0.14631E+02  0.15434E+02  0.16127E+02  0.16894E+02  0.17648E+02
  0.18366E+02  0.19059E+02  0.19617E+02  0.19722E+02  0.20663E+02  0.20078E+02
  0.14430E+02  0.13370E+02  0.15795E+02  0.15211E+02  0.17455E+02  0.19091E+02
  0.19999E+02  0.21384E+02  0.20728E+02  0.21004E+02  0.20792E+02  0.20387E+02
  0.20732E+02  0.20511E+02  0.20499E+02  0.20501E+02  0.20415E+02  0.20419E+02
  0.20403E+02  0.20347E+02  0.20433E+02  0.20232E+02  0.19862E+02  0.19277E+02
  0.18083E+02  0.16915E+02  0.15293E+02  0.13610E+02  0.11790E+02  0.10084E+02
  0.81515E+01  0.68434E+01  0.71998E+01  0.66491E+01  0.58315E+01  0.60789E+01
  0.64628E+01  0.70402E+01  0.83552E+01  0.95398E+01  0.10987E+02  0.12439E+02
  0.13750E+02  0.14943E+02  0.15689E+02  0.16274E+02  0.16317E+02  0.16114E+02
  0.15490E+02  0.14496E+02  0.13085E+02  0.11443E+02  0.93511E+01  0.72332E+01
  0.49679E+01  0.27883E+01  0.83178E+00 -0.10041E+01 -0.20676E+01 -0.33991E+01
 -0.44088E+01 -0.53606E+01 -0.70060E+01 -0.77612E+01 -0.82166E+01 -0.85567E+01
 -0.78142E+01 -0.73581E+01 -0.66376E+01 -0.56583E+01 -0.47730E+01 -0.37625E+01
 -0.28447E+01 -0.19841E+01 -0.13244E+01 -0.69153E+00 -0.64557E+00 -0.38872E-01
  0.71561E+00  0.17395E+01  0.40143E+01  0.58683E+01  0.84004E+01  0.10713E+02
  0.12728E+02  0.14586E+02  0.15254E+02  0.16167E+02  0.16260E+02  0.16353E+02
  0.16662E+02  0.16542E+02  0.16617E+02  0.16606E+02  0.16649E+02  0.16664E+02
  0.16976E+02  0.16834E+02  0.16396E+02  0.15840E+02  0.14289E+02  0.13181E+02
  0.11811E+02  0.10536E+02  0.10446E+02  0.94123E+01  0.84719E+01  0.75335E+01
  0.51188E+01  0.40659E+01  0.29720E+01  0.25152E+01  0.50431E+01  0.59298E+01
  0.75413E+01  0.90814E+01  0.82300E+01  0.88749E+01  0.92009E+01  0.90220E+01
  0.92624E+01  0.91705E+01  0.92143E+01  0.91231E+01  0.89958E+01  0.87696E+01
  0.83347E+01  0.78772E+01  0.72457E+01  0.65294E+01  0.57035E+01  0.47942E+01
  0.37951E+01  0.27726E+01  0.17324E+01  0.68591E+00 -0.28848E+00 -0.12431E+01
 -0.21135E+01 -0.29083E+01 -0.36091E+01 -0.42511E+01 -0.47468E+01 -0.51477E+01
 -0.54016E+01 -0.59765E+01 -0.50685E+01 -0.65037E+01 -0.12054E+02 -0.14890E+02
 -0.19001E+02 -0.23277E+02 -0.23927E+02 -0.27456E+02 -0.33350E+02 -0.35966E+02
 -0.38213E+02 -0.40143E+02 -0.38988E+02 -0.38380E+02 -0.36663E+02 -0.34052E+02
 -0.31080E+02 -0.27671E+02 -0.24043E+02 -0.20535E+02 -0.17415E+02 -0.14518E+02
 -0.12834E+02 -0.10983E+02 -0.99531E+01 -0.90131E+01 -0.78975E+01 -0.73387E+01
 -0.67006E+01 -0.62713E+01 -0.61030E+01 -0.58713E+01 -0.57753E+01 -0.56502E+01
 -0.53088E+01 -0.51615E+01 -0.49075E+01 -0.47328E+01 -0.47429E+01 -0.46941E+01
 -0.48054E+01 -0.49089E+01 -0.50590E+01 -0.52035E+01 -0.53233E+01 -0.54217E+01
 -0.54033E+01 -0.53785E+01 -0.51279E+01 -0.50313E+01 -0.49227E+01 -0.49209E+01
 -0.52575E+01 -0.55550E+01 -0.61271E+01 -0.67601E+01 -0.74561E+01 -0.82767E+01
 -0.91028E+01 -0.10020E+02 -0.11014E+02 -0.11932E+02 -0.12869E+02 -0.13643E+02
 -0.14222E+02 -0.14638E+02 -0.14659E+02 -0.14572E+02 -0.14134E+02 -0.13571E+02
 -0.12808E+02 -0.11938E+02 -0.11069E+02 -0.10059E+02 -0.90660E+01 -0.80218E+01
 -0.69002E+01 -0.59218E+01 -0.49818E+01 -0.42669E+01 -0.34627E+01 -0.35208E+01
 -0.44956E+01 -0.56482E+01 -0.90768E+01 -0.11286E+02 -0.12651E+02 -0.14835E+02
 -0.16023E+02 -0.17046E+02 -0.17065E+02 -0.17258E+02 -0.17573E+02 -0.17151E+02
 -0.16837E+02 -0.16082E+02 -0.14720E+02 -0.13363E+02 -0.11553E+02 -0.96746E+01
 -0.76686E+01 -0.56532E+01 -0.37954E+01 -0.20443E+01 -0.69375E+00  0.67726E+00
  0.70512E+00  0.19943E+01  0.51058E+01  0.66066E+01  0.94027E+01  0.11074E+02
  0.10091E+02  0.10465E+02  0.10003E+02  0.88440E+01  0.77295E+01  0.60646E+01
  0.41910E+01  0.21715E+01 -0.55165E-01 -0.22422E+01 -0.43749E+01 -0.63767E+01
 -0.80108E+01 -0.94894E+01 -0.10522E+02 -0.11243E+02 -0.11664E+02 -0.11443E+02
 -0.10579E+02 -0.92447E+01 -0.68399E+01 -0.43339E+01 -0.11604E+01  0.20442E+01
  0.52998E+01  0.83863E+01  0.10868E+02  0.13095E+02  0.13922E+02  0.15011E+02
  0.15303E+02  0.15592E+02  0.16362E+02  0.16630E+02  0.17305E+02  0.17854E+02
  0.18551E+02  0.19166E+02  0.19717E+02  0.20192E+02  0.20380E+02  0.20539E+02
  0.20412E+02  0.20229E+02  0.19833E+02  0.19465E+02  0.19064E+02  0.18697E+02
  0.18587E+02  0.18382E+02  0.18348E+02  0.18311E+02  0.18243E+02  0.18268E+02
  0.18178E+02  0.18269E+02  0.18449E+02  0.18737E+02  0.19350E+02  0.19968E+02
  0.20827E+02  0.21729E+02  0.22687E+02  0.23658E+02  0.24575E+02  0.25421E+02
  0.26112E+02  0.26634E+02  0.27023E+02  0.27016E+02  0.26580E+02  0.25845E+02
  0.24366E+02  0.22848E+02  0.20858E+02  0.18839E+02  0.16812E+02  0.14861E+02
  0.13312E+02  0.11828E+02  0.11517E+02  0.10426E+02  0.91506E+01  0.80560E+01
  0.52729E+01  0.38247E+01  0.30151E+01  0.18286E+01  0.20824E+01  0.18964E+01
  0.17232E+01  0.20400E+01  0.21616E+01  0.25031E+01  0.28567E+01  0.32583E+01
  0.36981E+01  0.41655E+01  0.46534E+01  0.51541E+01  0.56681E+01  0.61808E+01
  0.66920E+01  0.71842E+01  0.76480E+01  0.81006E+01  0.85036E+01  0.88685E+01
  0.91888E+01  0.94561E+01  0.96506E+01  0.98203E+01  0.98959E+01  0.99553E+01
  0.99652E+01  0.99638E+01  0.99773E+01  0.99631E+01  0.99610E+01  0.99483E+01
  0.99377E+01  0.99341E+01  0.99200E+01  0.99221E+01  0.99080E+01  0.99058E+01
  0.98959E+01  0.98691E+01  0.99171E+01  0.98068E+01  0.96209E+01  0.93175E+01
  0.87030E+01  0.80879E+01  0.72563E+01  0.63844E+01  0.54553E+01  0.45092E+01
  0.36366E+01  0.28171E+01  0.21899E+01  0.15662E+01  0.15153E+01  0.91568E+00
  0.13079E+00 -0.90866E+00 -0.32039E+01 -0.50919E+01 -0.76403E+01 -0.99815E+01
 -0.12005E+02 -0.13902E+02 -0.14553E+02 -0.15569E+02 -0.15839E+02 -0.16207E+02
 -0.17050E+02 -0.17456E+02 -0.18287E+02 -0.19056E+02 -0.19886E+02 -0.20832E+02
 -0.21799E+02 -0.22825E+02 -0.23919E+02 -0.24964E+02 -0.26011E+02 -0.26961E+02
 -0.27879E+02 -0.28524E+02 -0.28902E+02 -0.29044E+02 -0.28609E+02 -0.28086E+02
 -0.27111E+02 -0.25995E+02 -0.24686E+02 -0.23297E+02 -0.21938E+02 -0.20634E+02
 -0.19511E+02 -0.18489E+02 -0.18276E+02 -0.17416E+02 -0.16640E+02 -0.15422E+02
 -0.12875E+02 -0.10578E+02 -0.72645E+01 -0.39015E+01 -0.24643E+00  0.33580E+01
  0.66714E+01  0.97092E+01  0.11912E+02  0.13784E+02  0.14337E+02  0.14970E+02
  0.14882E+02  0.14715E+02  0.14955E+02  0.14699E+02  0.14786E+02  0.14746E+02
  0.14693E+02  0.14689E+02  0.14688E+02  0.14631E+02  0.14541E+02  0.14393E+02
  0.14095E+02  0.13822E+02  0.13460E+02  0.13133E+02  0.12837E+02  0.12572E+02
  0.12459E+02  0.12326E+02  0.12302E+02  0.12287E+02  0.12235E+02  0.12253E+02
  0.12223E+02  0.12231E+02  0.12220E+02  0.12221E+02  0.12211E+02  0.12200E+02
  0.12218E+02  0.12170E+02  0.12098E+02  0.11952E+02  0.11685E+02  0.11391E+02
  0.10992E+02  0.10516E+02  0.99694E+01  0.93381E+01  0.87193E+01  0.78702E+01
  0.68021E+01  0.57133E+01  0.41994E+01  0.29269E+01  0.18194E+01  0.60458E+00
 -0.19940E+00 -0.11370E+01 -0.20393E+01 -0.27982E+01 -0.35778E+01 -0.42607E+01
 -0.48847E+01 -0.54466E+01 -0.59323E+01 -0.63478E+01 -0.66612E+01 -0.69043E+01
 -0.70339E+01 -0.71308E+01 -0.71661E+01 -0.71761E+01 -0.72209E+01 -0.72195E+01
 -0.72302E+01 -0.72248E+01 -0.72362E+01 -0.72302E+01 -0.72407E+01 -0.72360E+01
 -0.72441E+01 -0.72519E+01 -0.72263E+01 -0.72908E+01 -0.74390E+01 -0.76113E+01
 -0.80288E+01 -0.83329E+01 -0.87240E+01 -0.90602E+01 -0.91507E+01 -0.94116E+01
 -0.95700E+01 -0.97913E+01 -0.10301E+02 -0.10608E+02 -0.11055E+02 -0.11415E+02
 -0.11549E+02 -0.11733E+02 -0.11799E+02 -0.11723E+02 -0.11580E+02 -0.11201E+02
 -0.10515E+02 -0.97552E+01 -0.87087E+01 -0.75674E+01 -0.62756E+01 -0.49038E+01
 -0.35150E+01 -0.20435E+01 -0.57345E+00  0.87754E+00  0.23328E+01  0.36303E+01
  0.47829E+01  0.57764E+01  0.63477E+01  0.68971E+01  0.70661E+01  0.72288E+01
  0.73447E+01  0.73306E+01  0.74027E+01  0.73758E+01  0.73963E+01  0.73617E+01
  0.74381E+01  0.72832E+01  0.69693E+01  0.65174E+01  0.55536E+01  0.47129E+01
  0.35992E+01  0.25633E+01  0.16850E+01  0.83228E+00  0.58055E+00  0.79917E-01
 -0.11100E+00 -0.41364E+00 -0.10691E+01 -0.15302E+01 -0.23016E+01 -0.30681E+01
 -0.39209E+01 -0.47991E+01 -0.56880E+01 -0.65520E+01 -0.73334E+01 -0.80384E+01
 -0.85878E+01 -0.90609E+01 -0.92652E+01 -0.94551E+01 -0.95111E+01 -0.95319E+01
 -0.96118E+01 -0.95816E+01 -0.96023E+01 -0.95967E+01 -0.96032E+01 -0.95998E+01
 -0.96097E+01 -0.95888E+01 -0.95827E+01 -0.96309E+01
