  Time his fn  matched to spectrum:Sclrel_output/royl.h.freq.tgt                
   4000    2.00000E-02  0  0  0.  0.  0.  0.  0.
 -0.12942E-01 -0.38721E-02 -0.17037E-01 -0.35709E-02 -0.18170E-01 -0.43643E-02
 -0.19177E-01 -0.54801E-02 -0.20443E-01 -0.68660E-02 -0.22010E-01 -0.85539E-02
 -0.23900E-01 -0.10592E-01 -0.26146E-01 -0.13014E-01 -0.28767E-01 -0.15749E-01
 -0.31736E-01 -0.18971E-01 -0.35144E-01 -0.22553E-01 -0.38966E-01 -0.26584E-01
 -0.43234E-01 -0.31027E-01 -0.47872E-01 -0.35888E-01 -0.52989E-01 -0.41185E-01
 -0.58377E-01 -0.46723E-01 -0.64033E-01 -0.52349E-01 -0.69624E-01 -0.57822E-01
 -0.74972E-01 -0.62933E-01 -0.79782E-01 -0.67344E-01 -0.83735E-01 -0.70754E-01
 -0.86581E-01 -0.72963E-01 -0.88148E-01 -0.73903E-01 -0.88451E-01 -0.73685E-01
 -0.87971E-01 -0.73138E-01 -0.87487E-01 -0.72695E-01 -0.87012E-01 -0.72125E-01
 -0.86357E-01 -0.71426E-01 -0.85689E-01 -0.70776E-01 -0.85065E-01 -0.70112E-01
 -0.84248E-01 -0.69227E-01 -0.83443E-01 -0.68479E-01 -0.82567E-01 -0.67471E-01
 -0.81640E-01 -0.66532E-01 -0.80629E-01 -0.65510E-01 -0.79577E-01 -0.64420E-01
 -0.78545E-01 -0.63352E-01 -0.77357E-01 -0.62120E-01 -0.76166E-01 -0.60941E-01
 -0.74958E-01 -0.59688E-01 -0.73596E-01 -0.58267E-01 -0.72199E-01 -0.56857E-01
 -0.70775E-01 -0.55491E-01 -0.69364E-01 -0.53911E-01 -0.67779E-01 -0.52346E-01
 -0.66129E-01 -0.50728E-01 -0.64534E-01 -0.49047E-01 -0.62773E-01 -0.47223E-01
 -0.61006E-01 -0.45301E-01 -0.59270E-01 -0.43618E-01 -0.53753E-01 -0.36216E-01
 -0.50424E-01 -0.34722E-01 -0.48315E-01 -0.32738E-01 -0.46315E-01 -0.30681E-01
 -0.44239E-01 -0.28527E-01 -0.42003E-01 -0.26324E-01 -0.39746E-01 -0.24006E-01
 -0.37359E-01 -0.21613E-01 -0.34946E-01 -0.19155E-01 -0.32403E-01 -0.16620E-01
 -0.29867E-01 -0.14020E-01 -0.27187E-01 -0.11301E-01 -0.24368E-01 -0.84485E-02
 -0.21459E-01 -0.55479E-02 -0.18595E-01 -0.26679E-02 -0.15566E-01  0.41794E-03
 -0.12445E-01  0.34776E-02 -0.93182E-02  0.67126E-02 -0.59736E-02  0.10038E-01
 -0.26297E-02  0.13388E-01  0.89383E-03  0.16935E-01  0.44555E-02  0.20456E-01
  0.80526E-02  0.24119E-01  0.11801E-01  0.27852E-01  0.15618E-01  0.31599E-01
  0.19424E-01  0.35458E-01  0.23387E-01  0.39423E-01  0.27480E-01  0.43411E-01
  0.31584E-01  0.47650E-01  0.35519E-01  0.52658E-01  0.41112E-01  0.60111E-01
  0.56478E-01  0.71696E-01  0.46452E-01  0.47304E-01 -0.11116E-01 -0.26854E-01
  0.79972E-01  0.15837E+00  0.30914E-01  0.13777E+00  0.38727E+00  0.48734E+00
  0.30792E+00 -0.27205E+00 -0.62013E+00 -0.11331E+00  0.52827E+00 -0.29105E-01
 -0.75343E-01  0.41819E+00  0.97948E-01 -0.32305E+00 -0.62078E+00 -0.36074E+00
  0.35753E+00  0.10681E+01  0.77668E+00 -0.39816E-01 -0.26087E+00 -0.38837E+00
 -0.94701E+00 -0.65823E+00 -0.86430E-01  0.23550E+00  0.22747E+00  0.18013E+00
  0.37961E+00  0.52629E+00  0.24233E+00  0.28738E+00  0.53700E+00  0.48631E+00
  0.34869E+00  0.22204E+00  0.13509E+00  0.62338E+00  0.22173E+00 -0.92230E+00
 -0.83765E+00 -0.34017E+00  0.56694E+00  0.11119E+01  0.28365E-01 -0.30005E+00
  0.69531E+00  0.10778E+01  0.67882E+00  0.58638E+00 -0.89540E-01  0.31508E+00
  0.91244E+00 -0.32411E+00 -0.21862E+00  0.10715E+01  0.12933E+00 -0.42517E+00
  0.22821E+00 -0.17553E+00 -0.42168E-01  0.43669E+00  0.11588E+00 -0.40285E-01
  0.28258E+00  0.58486E+00  0.22643E+00 -0.74175E+00 -0.25532E+00  0.80653E+00
  0.47597E+00 -0.50383E+00 -0.13947E+01 -0.87696E+00  0.79343E+00  0.25104E+01
  0.24344E+01  0.10230E+01 -0.26362E+00 -0.98166E+00 -0.32182E+00  0.12030E+01
  0.96302E+00  0.78771E+00  0.97832E-01 -0.19236E+01 -0.18722E+01 -0.59219E+00
  0.31207E+00  0.21667E+01  0.25873E+01 -0.17715E+00 -0.76853E+00  0.33803E-01
 -0.26478E+00 -0.43860E+00 -0.40022E-01  0.49034E+00  0.61804E+00  0.13042E+01
  0.10139E+01 -0.22902E+00  0.66652E-01  0.66350E+00  0.10443E+01  0.15388E+01
  0.75121E+00 -0.43722E-01 -0.34467E+00  0.44100E+00  0.84293E+00 -0.57913E+00
 -0.84639E+00 -0.79511E+00  0.77055E-01  0.15349E+01  0.11730E+00 -0.92680E+00
 -0.14766E+00  0.66802E+00  0.14756E+01  0.11185E+01 -0.18037E+00 -0.92050E+00
  0.69775E+00  0.63133E+00 -0.28564E+00  0.12434E+01  0.18708E+01 -0.41547E+00
 -0.58046E+00  0.48264E+00  0.56385E-01  0.31821E-01 -0.93438E-01 -0.38646E-01
  0.54829E-01  0.53347E+00  0.46874E+00 -0.70744E+00 -0.40539E+00  0.13884E+01
  0.59061E+00 -0.15036E+01 -0.22506E+01 -0.16906E+01  0.16344E+00  0.13344E+01
  0.27541E+01  0.14713E+01 -0.42721E+00  0.51510E+00 -0.25283E+00 -0.73287E+00
  0.12061E+01  0.19171E+01  0.10903E+01 -0.15603E+01 -0.38117E+01 -0.25733E+01
  0.16323E+00  0.66123E+00  0.33826E+00  0.69298E+00 -0.41895E+00 -0.61089E+00
 -0.12979E+01 -0.14850E+01 -0.28851E+00  0.20288E+01  0.20715E+01  0.16403E+00
 -0.57615E+00 -0.13979E+01 -0.30937E+01 -0.25825E+01 -0.16845E+01 -0.25997E+00
  0.52715E+00 -0.57853E+00  0.18410E+00  0.10042E+01  0.30732E+00 -0.40314E+00
  0.52387E+00  0.12532E+00 -0.25339E+00 -0.27740E-01 -0.13043E+01 -0.37114E+00
  0.86779E+00 -0.28001E+01 -0.37792E+01 -0.23887E+01 -0.13255E+01  0.17240E+01
  0.58822E+00 -0.16237E+01  0.25566E+00  0.23121E+01  0.12296E+01  0.11952E+01
 -0.12171E+01 -0.29189E+01  0.17819E+01 -0.69735E-01 -0.39395E+01  0.36342E+00
  0.10149E+01 -0.24492E+01 -0.12662E+01 -0.20723E+01 -0.20596E+01  0.12378E+01
  0.63698E+00 -0.24874E+01 -0.30493E+01 -0.72910E-01  0.72042E+00 -0.18723E+01
 -0.29978E+01  0.40420E+00 -0.12351E+01 -0.32092E+01 -0.39617E+01 -0.46157E+01
 -0.20050E+01  0.33525E+01  0.59007E+01  0.29059E+01 -0.61288E+00 -0.32517E+01
 -0.34454E+01  0.20924E+00  0.21167E+01 -0.17620E+00 -0.62228E+00 -0.45354E+01
 -0.75630E+01 -0.43827E+01 -0.19467E+01  0.84595E+00  0.59012E+01  0.21629E+01
 -0.37918E+01 -0.18258E+01 -0.13161E+01 -0.20844E+01 -0.13395E+01 -0.79623E+00
 -0.64207E+00  0.11694E+01  0.34170E+01 -0.23019E-01 -0.26792E+01 -0.60369E+00
  0.95110E+00  0.22107E+01  0.13688E+01 -0.95549E+00 -0.28160E+01 -0.16581E+01
  0.21474E+01 -0.82033E+00 -0.41385E+01 -0.29711E+01 -0.22498E+01  0.16889E+01
  0.82939E+00 -0.41352E+01 -0.21525E+01  0.12052E+01  0.30683E+01  0.22967E+01
 -0.87632E-01 -0.43606E+01 -0.21884E+01  0.40333E+01  0.15610E+01  0.16310E+01
  0.42350E+01 -0.29042E+00 -0.40429E+01  0.46061E+00  0.50197E+00  0.18178E+00
  0.11936E+00 -0.12837E+01 -0.16715E+01  0.60251E+00  0.31621E+01  0.52275E+00
 -0.24518E+01  0.22402E+01  0.45805E+01 -0.24653E+00 -0.31931E+01 -0.54189E+01
 -0.29713E+01  0.25176E+01  0.70244E+01  0.89948E+01  0.91719E+00 -0.92499E+00
  0.10173E+01 -0.67611E+00  0.85495E+00  0.14490E+01  0.11586E+01 -0.76206E+00
 -0.41864E+01 -0.21348E+01  0.36367E+00  0.49075E+00  0.34161E+01  0.34846E+01
 -0.70252E+00  0.27547E+00  0.15057E+01  0.23284E+00 -0.15069E+00  0.17012E+01
  0.17623E+01 -0.81578E-01  0.19648E+01  0.33979E+01  0.32699E+00  0.15938E+01
  0.33719E+01  0.32631E+01  0.45923E+01  0.13189E+01 -0.22768E+00  0.46828E+00
  0.12552E+01  0.19100E+01  0.12772E+01 -0.20725E+00 -0.21119E+01  0.13008E+01
  0.21602E+01 -0.68784E+00  0.97733E+00  0.19207E+01  0.22017E+01  0.42047E+01
 -0.13825E+00 -0.10642E+01  0.21532E+00  0.23175E+01  0.27846E+01  0.19673E+01
  0.13340E+01  0.12538E+01  0.90061E+00 -0.21280E+01 -0.27371E+00  0.31302E+01
  0.11109E+01  0.94861E+00  0.87193E+00  0.48450E+00  0.30262E+01  0.33414E+01
 -0.15452E+01 -0.40682E+00  0.18489E+01  0.65000E+00 -0.25474E+01 -0.54652E+00
  0.26956E+01  0.22624E+01  0.25247E+01  0.59796E+01  0.28639E+01 -0.28743E+01
  0.16210E+01  0.23948E+01 -0.74017E+00 -0.11503E+01 -0.62384E+00 -0.91507E+00
 -0.10520E+01 -0.18363E+00 -0.48033E-01  0.82761E+00  0.10793E+01  0.19825E+01
  0.68551E+00 -0.10019E-01  0.11529E+01  0.17652E+01  0.18174E+01  0.11627E+01
  0.18555E+00 -0.11167E+01 -0.18139E+01 -0.10620E+01  0.67204E+00  0.55615E+00
  0.11236E+01  0.65083E+00  0.54620E+00  0.57206E+00 -0.15383E+01 -0.14644E-01
  0.47494E+00  0.95927E-01  0.41334E+00 -0.29649E+00 -0.30510E+01 -0.10645E+01
  0.25744E+00 -0.39285E+00  0.84422E+00  0.23397E+00  0.23207E+00  0.20020E+01
  0.58485E-01 -0.14419E+01 -0.51414E+00  0.97671E+00  0.98418E+00 -0.21240E+00
 -0.13274E+01 -0.23979E+01 -0.91008E-01 -0.10705E+01 -0.39847E+01  0.51466E+00
  0.15926E+01 -0.28931E+00  0.42527E+00 -0.44864E+00  0.47810E+00  0.29073E+01
 -0.64432E+00 -0.22460E+01 -0.16288E+00 -0.10553E+01 -0.29270E+01 -0.18127E+01
  0.20227E+01  0.82682E+00 -0.79967E-01  0.19352E+01  0.93167E+00 -0.43108E+01
 -0.24509E+01  0.30549E+00 -0.81543E+00 -0.14495E+01 -0.85821E+00 -0.17002E+01
 -0.28951E+01 -0.32516E+01 -0.24212E+01 -0.36458E+00  0.10842E+01  0.99146E+00
 -0.10258E+00 -0.50123E+00 -0.87111E+00 -0.14989E+01 -0.13991E+01 -0.16638E+00
 -0.18403E+00 -0.11931E+01 -0.32545E+01 -0.36720E+01 -0.13167E+01 -0.24721E+00
  0.21000E-01  0.78743E+00 -0.11258E+01 -0.19827E+01 -0.90835E+00 -0.55381E+00
 -0.79401E+00 -0.13139E+01 -0.11835E+01 -0.10440E+01 -0.90154E+00 -0.48175E+00
 -0.17988E+01 -0.26334E+01 -0.11764E+01 -0.60932E+00  0.33969E+00  0.51971E-01
 -0.25228E+01 -0.16490E+01 -0.16728E+01 -0.32532E+01 -0.22660E+01 -0.27801E+01
 -0.28190E+01 -0.29449E+01 -0.81657E+00 -0.17876E+00 -0.91747E+00  0.39296E+00
  0.74792E+00 -0.52267E+01 -0.50114E+01 -0.36823E+01 -0.28133E+01  0.37877E+01
  0.44543E+01 -0.12961E+01 -0.40754E+01 -0.14328E+01 -0.67239E+00 -0.27255E+01
 -0.78062E-01  0.30154E+01  0.28103E+01  0.71049E+01  0.11755E+02  0.11571E+02
  0.13585E+02  0.15209E+02  0.15609E+02  0.14149E+02  0.92921E+01 -0.20481E+01
 -0.16346E+02 -0.20763E+02 -0.18951E+02 -0.15566E+02 -0.83257E+01  0.43114E-02
  0.87130E+01  0.10413E+02  0.70003E+01  0.17091E+01 -0.12886E+02 -0.21176E+02
 -0.13867E+02 -0.10065E+02 -0.10380E+02 -0.10652E+02 -0.13658E+02 -0.13297E+02
 -0.87507E+01 -0.69216E+01 -0.13661E+02 -0.13076E+02 -0.50375E+01 -0.65123E+01
 -0.40458E+01  0.19325E+01  0.10755E+01  0.83244E+01  0.19648E+02  0.25093E+02
  0.22880E+02  0.14095E+02  0.76448E+01  0.11176E+02  0.18743E+02  0.23041E+02
  0.25113E+02  0.25322E+02  0.27523E+02  0.21017E+02  0.73612E+01  0.82257E+00
 -0.57544E+01 -0.39537E+01 -0.76259E+01 -0.21486E+02 -0.42036E+02 -0.39420E+02
 -0.15726E+02  0.49214E+01  0.79005E+01 -0.40659E+01 -0.19139E+02 -0.22666E+02
 -0.17802E+02 -0.16747E+02 -0.24999E+02 -0.33342E+02 -0.17538E+02  0.41776E+01
  0.15123E+02  0.20078E+02  0.24832E+02  0.34420E+02  0.40038E+02  0.33812E+02
  0.36318E+02  0.48542E+02  0.57981E+02  0.72600E+02  0.79808E+02  0.73976E+02
  0.64446E+02  0.33737E+02  0.68658E+01 -0.18380E+02 -0.51344E+02 -0.54644E+02
 -0.30675E+02  0.11700E+02  0.43964E+02  0.39223E+02  0.13168E+02 -0.16498E+02
 -0.42168E+02 -0.63983E+02 -0.78060E+02 -0.10021E+03 -0.12425E+03 -0.11272E+03
 -0.83574E+02 -0.60792E+02 -0.15613E+02  0.64230E+01  0.34666E-01 -0.12058E+02
 -0.27974E+02 -0.28090E+02 -0.14781E+02  0.27180E+01  0.13668E+02 -0.17283E+02
 -0.53731E+02 -0.58616E+02 -0.64276E+02 -0.26656E+02  0.24578E+02  0.59538E+02
  0.72041E+02  0.10143E+03  0.12130E+03  0.10908E+03  0.95136E+02  0.96198E+02
  0.90444E+02  0.75348E+02  0.69774E+02  0.32294E+02 -0.16423E+02 -0.62428E+02
 -0.83183E+02 -0.71332E+02 -0.66130E+02 -0.56125E+02 -0.55427E+02 -0.43187E+02
 -0.10375E+02  0.38446E+01  0.37979E+01 -0.96555E+01 -0.46197E+02 -0.66304E+02
 -0.74101E+02 -0.57277E+02 -0.57781E+02 -0.66691E+02 -0.42642E+02 -0.29353E+02
 -0.24510E+02 -0.94327E+00  0.81956E+00 -0.14527E+02  0.11928E+02  0.76922E+02
  0.11329E+03  0.11653E+03  0.11744E+03  0.85511E+02  0.39789E+02  0.42377E+01
 -0.48385E+02 -0.40985E+02  0.40035E+02  0.97824E+02  0.98746E+02  0.84636E+02
  0.60235E+02  0.24751E+02  0.72789E+00 -0.72005E+01 -0.21774E+02 -0.34667E+02
 -0.13127E+02  0.76035E+01 -0.12408E+02  0.54277E+01  0.21473E+02  0.20177E+02
 -0.23081E+02 -0.91497E+02 -0.13762E+03 -0.11348E+03 -0.54237E+02 -0.44445E+02
 -0.73089E+02 -0.11725E+03 -0.12721E+03 -0.94745E+02 -0.27809E+02  0.11733E+02
  0.30849E+02  0.45853E+02  0.94361E+02  0.15089E+03  0.18382E+03  0.21111E+03
  0.22974E+03  0.24231E+03  0.19611E+03  0.10600E+03  0.50980E+02  0.52868E+02
  0.23675E+02  0.31862E+02  0.78093E+02  0.63498E+02  0.95820E+02  0.14330E+03
  0.12992E+03  0.51190E+02 -0.80542E+02 -0.13413E+03 -0.11758E+03 -0.66725E+02
  0.99418E+01 -0.14747E+02 -0.10715E+03 -0.16205E+03 -0.18476E+03 -0.21967E+03
 -0.24655E+03 -0.26437E+03 -0.28356E+03 -0.29265E+03 -0.29115E+03 -0.24923E+03
 -0.96745E+02  0.70472E+02  0.10199E+03  0.10264E+03  0.67189E+02 -0.33445E+01
 -0.49570E+02 -0.86077E+02 -0.65647E+02 -0.54799E+02 -0.11519E+03 -0.17138E+03
 -0.15595E+03 -0.87179E+02  0.14453E+02  0.14522E+03  0.24447E+03  0.25659E+03
  0.24602E+03  0.26002E+03  0.25606E+03  0.22906E+03  0.22489E+03  0.14802E+03
  0.58233E+02 -0.69790E+01 -0.14386E+03 -0.26145E+03 -0.27532E+03 -0.24658E+03
 -0.25364E+03 -0.23423E+03 -0.13535E+03  0.36197E+02  0.19714E+03  0.23454E+03
  0.16635E+03  0.37970E+02 -0.71191E+02 -0.89753E+02 -0.50600E+02  0.68520E+01
  0.96423E+02  0.16755E+03  0.14098E+03  0.66275E+02  0.52170E+02  0.10541E+03
  0.95930E+02  0.42228E+02  0.13863E+03  0.29972E+03  0.35028E+03  0.35824E+03
  0.32991E+03  0.23602E+03  0.12751E+03 -0.47186E+02 -0.22281E+03 -0.27447E+03
 -0.14048E+03  0.13054E+02  0.32574E+02 -0.12731E+02 -0.40274E+02 -0.96871E+02
 -0.20477E+03 -0.22852E+03 -0.27797E+03 -0.39609E+03 -0.38488E+03 -0.26420E+03
 -0.15203E+03 -0.11392E+02  0.11851E+03  0.16209E+03  0.20714E+03  0.18058E+03
  0.10329E+03  0.70166E+02  0.41083E+02 -0.36544E+02 -0.13354E+03 -0.20834E+03
 -0.23746E+03 -0.20866E+03 -0.17141E+03 -0.99437E+02  0.35058E+02  0.16114E+03
  0.19798E+03  0.22907E+03  0.31192E+03  0.39383E+03  0.44267E+03  0.41847E+03
  0.24900E+03 -0.87468E+01 -0.22820E+03 -0.38965E+03 -0.51366E+03 -0.59261E+03
 -0.57824E+03 -0.49888E+03 -0.40180E+03 -0.17871E+03  0.12851E+03  0.31260E+03
  0.32900E+03  0.29686E+03  0.25843E+03  0.18014E+03  0.98028E+02  0.48098E+02
  0.38045E+01 -0.43415E+01  0.25391E+02 -0.29060E+02 -0.87004E+02 -0.27490E+02
  0.65841E+02  0.52146E+02 -0.53213E+02 -0.67594E+02  0.67269E+02  0.21351E+03
  0.27050E+03  0.25538E+03  0.20113E+03  0.17327E+03  0.10578E+03 -0.11278E+03
 -0.29478E+03 -0.21433E+03 -0.81053E+02 -0.32636E+02  0.29622E+02  0.43576E+02
 -0.63215E+01  0.74629E+01  0.10500E+03  0.87625E+02 -0.74175E+02 -0.18167E+03
 -0.19420E+03 -0.12594E+03  0.17498E+02  0.95052E+02  0.86931E+02  0.10864E+03
  0.66164E+02  0.20679E+02  0.98927E+02  0.14568E+03  0.77874E+02  0.64036E+02
  0.11156E+03  0.10203E+03  0.49052E+02 -0.12268E+02 -0.11936E+02  0.36458E+02
  0.21837E+02 -0.21271E+02 -0.19953E+02  0.28522E+02  0.54525E+02  0.28587E+02
  0.33935E+00 -0.83087E+02 -0.22062E+03 -0.27839E+03 -0.18874E+03 -0.17796E+03
 -0.29162E+03 -0.27387E+03 -0.17381E+03 -0.99368E+02 -0.30215E+02  0.35341E+02
  0.37730E+02  0.17429E+02  0.71554E+02  0.17008E+03  0.19858E+03  0.13961E+03
  0.95119E+02  0.81694E+02  0.61520E+02  0.78658E+02  0.10829E+03  0.10957E+03
  0.12718E+03  0.16443E+03  0.15320E+03  0.23412E+02 -0.16275E+03 -0.23140E+03
 -0.18525E+03 -0.12317E+03 -0.55540E+02  0.38940E+02  0.93371E+02  0.15796E+02
 -0.96076E+02 -0.10013E+03  0.90764E+01  0.13270E+03  0.18606E+03  0.11732E+03
 -0.36103E+02 -0.13745E+03 -0.15469E+03 -0.15482E+03 -0.14758E+03 -0.15202E+03
 -0.17210E+03 -0.13623E+03 -0.53200E+01  0.15664E+03  0.23228E+03  0.20019E+03
  0.14571E+03  0.86100E+02  0.50261E+02  0.47185E+02  0.40298E+02  0.40248E+02
  0.58312E+02  0.82811E+02  0.63085E+02 -0.69530E+02 -0.23463E+03 -0.24274E+03
 -0.10811E+03  0.34189E+01  0.62070E+02  0.13324E+03  0.18168E+03  0.53710E+02
 -0.11891E+03 -0.12220E+03 -0.73130E+02 -0.68410E+02 -0.59674E+02 -0.98826E+02
 -0.27665E+03 -0.47969E+03 -0.43691E+03 -0.18586E+03  0.34528E+02  0.11473E+03
  0.85851E+02  0.19709E+02 -0.43634E+02 -0.25389E+02  0.25985E+02  0.42938E+02
  0.69955E+02  0.12872E+03  0.12239E+03 -0.31519E+02 -0.13557E+03 -0.78117E+02
 -0.17281E+01  0.41959E+02  0.70806E+02  0.92672E+02  0.84193E+02  0.40864E+02
  0.52969E+02  0.63058E+02  0.38689E+02  0.42274E+02  0.59691E+02  0.38853E+02
 -0.29578E+02 -0.49187E+02 -0.17478E+02  0.21201E+02  0.99703E+02  0.13380E+03
  0.41811E+02 -0.30307E+02 -0.29508E+02 -0.60923E+02 -0.12668E+03 -0.15692E+03
 -0.84754E+02  0.48189E+02  0.84509E+02  0.69818E+02  0.14036E+03  0.16443E+03
  0.12108E+03  0.89358E+02  0.66850E+02  0.58056E+02  0.51220E+02  0.95332E+02
  0.10096E+03  0.64417E+02  0.10598E+03  0.11671E+03 -0.28326E+02 -0.18202E+03
 -0.18102E+03 -0.70200E+02  0.57699E+02  0.15112E+03  0.20448E+03  0.19424E+03
  0.63613E+02 -0.75359E+02 -0.67196E+02  0.30590E+02  0.10339E+03  0.11259E+03
  0.45398E+02 -0.12502E+03 -0.27445E+03 -0.21783E+03 -0.88912E+02 -0.33134E+02
 -0.19709E+02 -0.62299E+02 -0.10328E+03 -0.11139E+03 -0.14155E+03 -0.14976E+03
 -0.60351E+02  0.77952E+02  0.15969E+03  0.10193E+03 -0.10329E+03 -0.24281E+03
 -0.12167E+03  0.69646E+02  0.17185E+03  0.18617E+03  0.13238E+03  0.42577E+02
 -0.30089E+02  0.18745E+02  0.11261E+03  0.10580E+03 -0.91835E-01 -0.64676E+02
 -0.30966E+02  0.23525E+02  0.30179E+02 -0.13471E+02 -0.50622E+02 -0.56038E+02
 -0.66044E+02 -0.71931E+02 -0.11254E+02  0.55962E+02  0.57163E+02  0.15033E+02
 -0.10057E+03 -0.13670E+03 -0.38813E+02 -0.44381E+02 -0.93393E+02  0.18872E+02
  0.14445E+03  0.14676E+03  0.99259E+02  0.97504E+02  0.97653E+02  0.60479E+02
  0.98518E+02  0.12937E+03  0.88131E+02  0.82809E+02  0.59107E+02 -0.35013E+02
 -0.91305E+02 -0.25583E+02  0.11649E+03  0.22918E+03  0.27699E+03  0.25059E+03
  0.17475E+03  0.92136E+02 -0.77076E+01 -0.10585E+03 -0.16511E+03 -0.14320E+03
 -0.78581E+02  0.11137E+01  0.79318E+02  0.10504E+03  0.16784E+03  0.23029E+03
  0.21507E+03  0.15611E+03  0.14515E+02 -0.15722E+03 -0.29531E+03 -0.37191E+03
 -0.33520E+03 -0.24573E+03 -0.17501E+03 -0.10542E+03 -0.64334E+02 -0.83820E+02
 -0.58251E+02  0.35146E+02  0.64296E+02  0.60303E+02  0.47245E+02 -0.28617E+02
 -0.12919E+03 -0.17162E+03 -0.10475E+03 -0.16242E+02 -0.64535E+02 -0.19300E+03
 -0.20496E+03 -0.82526E+02 -0.86282E+01  0.66065E+01  0.50475E+02  0.19559E+02
 -0.54152E+02 -0.34380E+02  0.25029E+02 -0.36784E+01 -0.11410E+03 -0.20238E+03
 -0.21621E+03 -0.17227E+03 -0.10715E+03 -0.75337E+02 -0.10922E+03 -0.84198E+02
  0.90627E+02  0.28199E+03  0.38066E+03  0.38095E+03  0.36277E+03  0.34933E+03
  0.30741E+03  0.26499E+03  0.22369E+03  0.14977E+03  0.75107E+02 -0.82753E+01
 -0.14046E+03 -0.24902E+03 -0.27249E+03 -0.21352E+03 -0.12026E+03 -0.19597E+02
  0.69226E+02  0.15932E+03  0.21049E+03  0.15504E+03  0.76587E+02  0.45339E+02
  0.39907E+02  0.47432E+01 -0.46142E+02 -0.91558E+02 -0.15667E+03 -0.15381E+03
 -0.70081E+02 -0.47971E+02 -0.77608E+02 -0.11449E+03 -0.16529E+03 -0.15721E+03
 -0.28440E+02  0.15338E+03  0.21811E+03  0.13907E+03  0.36619E+02 -0.44942E+02
 -0.75544E+02 -0.57916E+02 -0.55585E+02 -0.95235E+02 -0.10733E+03 -0.67708E+02
 -0.43064E+02 -0.73694E+02 -0.11442E+03 -0.12675E+03 -0.10584E+03 -0.10660E+03
 -0.10771E+03 -0.42646E+02  0.66037E+02  0.52860E+02 -0.52278E+02 -0.83439E+02
 -0.10494E+03 -0.12048E+03 -0.72792E+02 -0.46151E+02 -0.98409E+02 -0.20974E+03
 -0.22526E+03 -0.85956E+02  0.27255E+02  0.19699E+02 -0.47815E+02 -0.14646E+03
 -0.21054E+03 -0.14255E+03 -0.46968E+02  0.14151E+02  0.65542E+02  0.93495E+02
  0.95968E+02  0.76912E+02  0.13089E+03  0.25375E+03  0.27548E+03  0.24654E+03
  0.24166E+03  0.19092E+03  0.82808E+02 -0.23984E+01  0.74784E+02  0.20826E+03
  0.23069E+03  0.17996E+03  0.10719E+03  0.13902E+02 -0.27588E+02  0.18723E+02
  0.66799E+02  0.68387E+02  0.72662E+02  0.42192E+02 -0.61858E+02 -0.73963E+02
  0.23074E+02  0.41897E+02  0.12529E+02  0.55928E+02  0.17893E+03  0.27859E+03
  0.25042E+03  0.17299E+03  0.11947E+03  0.77569E+01 -0.90825E+02 -0.11883E+03
 -0.12208E+03 -0.10236E+03 -0.68560E+02 -0.20321E+02 -0.26478E+02 -0.71445E+02
 -0.86444E+02 -0.12683E+03 -0.13469E+03 -0.10248E+03 -0.13691E+03 -0.15557E+03
 -0.13318E+03 -0.97437E+02 -0.41896E+02 -0.12018E+02 -0.36066E+02 -0.56426E+02
 -0.14163E+02  0.50441E+02  0.68609E+02  0.23950E+02 -0.72736E+02 -0.18451E+03
 -0.23575E+03 -0.15192E+03 -0.16661E+02 -0.28771E+02 -0.12248E+03 -0.14436E+03
 -0.10113E+03 -0.11792E+02  0.34708E+02  0.48505E+02  0.92138E+02  0.98767E+02
  0.95174E+02  0.87226E+02  0.10678E+01 -0.11391E+02  0.11010E+03  0.15254E+03
  0.10482E+03  0.45793E+02  0.22078E+02  0.38683E+02  0.62170E+02  0.12310E+03
  0.13074E+03  0.15673E+02 -0.12138E+03 -0.21829E+03 -0.20823E+03 -0.73675E+02
  0.51441E+02  0.99991E+02  0.60407E+02 -0.46038E+02 -0.10874E+03 -0.31306E+02
  0.13900E+03  0.23802E+03  0.18235E+03  0.42041E+02 -0.67030E+02 -0.35313E+02
  0.73645E+02  0.73913E+02  0.40777E+02  0.96202E+02  0.14176E+03  0.12889E+03
  0.10266E+03  0.56794E+02  0.98307E-01  0.16056E+02  0.11795E+03  0.17086E+03
  0.96432E+02  0.53516E+02  0.93697E+02  0.10809E+03  0.78071E+02  0.47511E+02
  0.54546E+01 -0.29240E+02  0.14882E+02  0.43230E+02  0.86969E+00 -0.62088E+02
 -0.12362E+03 -0.16088E+03 -0.15887E+03 -0.15396E+03 -0.16708E+03 -0.10998E+03
  0.57372E+02  0.22172E+03  0.26988E+03  0.14674E+03 -0.87288E+02 -0.24630E+03
 -0.22164E+03 -0.14224E+03 -0.13044E+03 -0.15594E+03 -0.13397E+03 -0.81219E+02
 -0.73327E+02 -0.70663E+02 -0.51991E+02 -0.24335E+02  0.93907E+02  0.20866E+03
  0.12963E+03 -0.81648E+02 -0.22749E+03 -0.21588E+03 -0.12378E+03 -0.31517E+02
  0.50359E+02  0.85948E+02  0.29759E+02 -0.47942E+02 -0.32407E+02  0.31021E+02
  0.21883E+02 -0.95381E+01  0.27106E+02  0.36221E+02 -0.16411E+02 -0.50457E+02
 -0.83706E+02 -0.11217E+03 -0.12021E+03 -0.15496E+03 -0.18100E+03 -0.14467E+03
 -0.66686E+02  0.12246E+02  0.29440E+02  0.46304E+02  0.16997E+03  0.26216E+03
  0.21657E+03  0.11949E+03  0.93183E+02  0.10652E+03  0.12446E+03  0.15611E+03
  0.18010E+03  0.12646E+03  0.75285E+01 -0.81812E+02 -0.11578E+03 -0.62450E+02
  0.46841E+02  0.88714E+02  0.73632E+02  0.73498E+02  0.25115E+02 -0.35561E+01
  0.75556E+02  0.11675E+03  0.10034E+03  0.46076E+02 -0.68743E+02 -0.16670E+03
 -0.15760E+03 -0.56069E+02 -0.20790E+02 -0.87350E+02 -0.14950E+03 -0.17366E+03
 -0.15838E+03 -0.13615E+03 -0.13613E+03 -0.13476E+03 -0.87164E+02  0.76530E+01
  0.88684E+02  0.77471E+02 -0.17224E+01 -0.31817E+02  0.34571E+02  0.11260E+03
  0.35930E+02 -0.11868E+03 -0.16945E+03 -0.10410E+03  0.37712E+02  0.14807E+03
  0.16107E+03  0.12010E+03  0.46632E+02 -0.46485E+01  0.28956E+02  0.87617E+02
  0.65945E+02 -0.48728E+02 -0.13730E+03 -0.18354E+03 -0.24603E+03 -0.28503E+03
 -0.24108E+03 -0.12320E+03 -0.11051E+02  0.67299E+02  0.11528E+03  0.14949E+03
  0.16368E+03  0.12678E+03  0.57502E+02 -0.50557E+02 -0.19809E+03 -0.24593E+03
 -0.15149E+03 -0.64597E+02 -0.41415E+02  0.23961E+02  0.97577E+02  0.18941E+03
  0.39203E+03  0.50323E+03  0.40599E+03  0.28159E+03  0.25917E+03  0.32129E+03
  0.34182E+03  0.30622E+03  0.31857E+03  0.32615E+03  0.24688E+03  0.11853E+03
  0.43331E+02  0.76719E+01 -0.52270E+02 -0.10087E+03 -0.48918E+02 -0.20386E+02
 -0.15120E+03 -0.22480E+03 -0.13013E+03 -0.91535E+02 -0.14335E+03 -0.10919E+03
 -0.80033E+02 -0.20032E+03 -0.34556E+03 -0.35565E+03 -0.28733E+03 -0.32657E+03
 -0.42111E+03 -0.46449E+03 -0.51613E+03 -0.45095E+03 -0.25060E+03 -0.14596E+03
 -0.76250E+02  0.31458E+02  0.15894E+03  0.17890E+03  0.89665E+02 -0.12721E+02
 -0.11691E+03 -0.16605E+03 -0.16618E+03 -0.17341E+03 -0.99172E+02  0.33178E+02
  0.96816E+02  0.71860E+02  0.54195E+02  0.97149E+02  0.81946E+02  0.66878E+02
  0.14924E+03  0.19982E+03  0.20870E+03  0.17642E+03  0.60069E+02 -0.73469E+01
  0.19643E+02 -0.30363E+02 -0.87674E+02 -0.22861E+02  0.73341E+02  0.14382E+03
  0.86281E+02  0.41861E+00  0.17006E+02  0.10147E+03  0.23647E+03  0.37037E+03
  0.41713E+03  0.36831E+03  0.27585E+03  0.21452E+03  0.19870E+03  0.17898E+03
  0.16600E+03  0.84237E+02 -0.12233E+02  0.16242E+02  0.41691E+02 -0.96414E+02
 -0.16268E+03  0.71093E+02  0.33662E+03  0.33725E+03  0.18689E+03  0.89314E+02
  0.86910E+02  0.90453E+02  0.32251E+02 -0.70788E+02 -0.24703E+03 -0.37158E+03
 -0.33693E+03 -0.26289E+03 -0.26000E+03 -0.23052E+03 -0.14464E+03 -0.10390E+03
  0.21637E+02  0.19031E+03  0.23913E+03  0.21324E+03  0.11581E+03 -0.67309E+02
 -0.18721E+03 -0.22272E+03 -0.18404E+03 -0.20336E+02  0.11351E+03  0.84401E+02
 -0.31546E+02 -0.97616E+02 -0.10508E+03 -0.78418E+02 -0.43904E+02 -0.27436E+02
 -0.83722E+02 -0.17550E+03 -0.13328E+03 -0.68151E+02 -0.16410E+03 -0.28967E+03
 -0.29691E+03 -0.19731E+03 -0.89668E+02 -0.87589E+02 -0.16850E+03 -0.32296E+03
 -0.47044E+03 -0.41909E+03 -0.24320E+03 -0.21542E+03 -0.24578E+03 -0.18902E+03
 -0.20245E+03 -0.34551E+03 -0.45219E+03 -0.33346E+03 -0.83523E+02  0.10637E+03
  0.14810E+03  0.87607E+02  0.87443E+02  0.13508E+03  0.16318E+03  0.18357E+03
  0.25034E+03  0.35710E+03  0.42064E+03  0.41212E+03  0.36983E+03  0.42644E+03
  0.63949E+03  0.74110E+03  0.54876E+03  0.27565E+03  0.14693E+03  0.17453E+03
  0.28998E+03  0.39363E+03  0.41445E+03  0.37490E+03  0.21006E+03  0.25491E+02
  0.75654E+02  0.10658E+03  0.80625E+02  0.16874E+03  0.17052E+03  0.11328E+03
  0.70156E+02  0.79392E+02  0.21286E+03  0.24023E+03  0.44109E+02 -0.18982E+03
 -0.24401E+03 -0.14325E+03 -0.17680E+02  0.99040E+02  0.12321E+03 -0.75854E+02
 -0.32789E+03 -0.40711E+03 -0.42359E+03 -0.38283E+03 -0.27304E+03 -0.11869E+03
  0.45527E+02  0.10417E+03  0.25958E+02 -0.96309E+01  0.73659E+02  0.62894E+02
 -0.27956E+02 -0.60882E+01  0.23947E+02 -0.18150E+03 -0.43543E+03 -0.53174E+03
 -0.59845E+03 -0.68381E+03 -0.61609E+03 -0.36719E+03 -0.22381E+03 -0.24824E+03
 -0.14980E+03  0.11257E+03  0.24519E+03  0.21216E+03  0.23805E+03  0.11983E+03
 -0.14399E+03 -0.17473E+03 -0.11035E+03 -0.15193E+03 -0.19969E+03 -0.10337E+03
  0.97390E+01  0.50772E+00  0.98888E+02  0.33265E+03  0.38500E+03  0.27138E+03
  0.14779E+03 -0.35656E+02 -0.27470E+03 -0.53279E+03 -0.72721E+03 -0.69429E+03
 -0.38098E+03  0.15309E+02  0.33377E+03  0.40524E+03  0.20593E+03  0.95637E+02
  0.26276E+03  0.51059E+03  0.63356E+03  0.57109E+03  0.32519E+03  0.11704E+03
  0.54118E+02 -0.10888E+02 -0.11335E+03 -0.10824E+03 -0.42051E+02 -0.63033E+02
 -0.64919E+02 -0.16296E+02  0.83483E+02  0.28635E+03  0.45365E+03  0.37806E+03
  0.16569E+03  0.33860E+02  0.25199E+02  0.14709E+03  0.22263E+03  0.19626E+03
  0.20876E+03  0.23492E+03  0.65947E+02 -0.30940E+03 -0.51845E+03 -0.45862E+03
 -0.35971E+03 -0.23196E+03  0.56780E+01  0.19337E+03  0.75575E+02 -0.12350E+03
  0.36218E+02  0.39898E+03  0.58070E+03  0.45592E+03  0.12536E+03 -0.27486E+03
 -0.49283E+03 -0.37417E+03 -0.16930E+03 -0.82133E+02 -0.75812E+02 -0.84846E+02
 -0.85270E+02 -0.31537E+02  0.48035E+02  0.60302E+02  0.82564E+02  0.17567E+03
  0.15378E+03 -0.13676E+03 -0.54200E+03 -0.78131E+03 -0.71352E+03 -0.41728E+03
 -0.10575E+03  0.67168E+02  0.16657E+03  0.72713E+02 -0.81494E+02  0.14152E+03
  0.45864E+03  0.51871E+03  0.38293E+03  0.12280E+03 -0.98883E+02 -0.19906E+03
 -0.30227E+03 -0.45041E+03 -0.57296E+03 -0.54179E+03 -0.36862E+03 -0.18412E+03
  0.42516E+02  0.31613E+03  0.53413E+03  0.63759E+03  0.57837E+03  0.45680E+03
  0.40079E+03  0.24856E+03  0.10975E+03  0.15326E+03  0.11548E+03 -0.34723E+02
 -0.87910E+02 -0.10892E+03 -0.23520E+03 -0.34590E+03 -0.30000E+03 -0.14789E+03
  0.45072E+02  0.21537E+03  0.23487E+03  0.10165E+03 -0.66726E+02 -0.63124E+02
  0.13128E+03  0.31193E+03  0.44728E+03  0.40373E+03  0.11336E+03 -0.24474E+03
 -0.49634E+03 -0.50801E+03 -0.28547E+03 -0.67639E+02 -0.17688E+02 -0.35814E+02
 -0.63280E+02 -0.51534E+02  0.22832E+02  0.45655E+02  0.79432E+02  0.18584E+03
  0.19615E+03  0.48362E+02 -0.20178E+03 -0.35960E+03 -0.28281E+03 -0.72443E+02
  0.66822E+02  0.49411E+02 -0.47316E+02 -0.13062E+03  0.60248E+02  0.43761E+03
  0.45309E+03  0.17708E+03 -0.15982E+02 -0.83806E+02 -0.37865E+02  0.30633E+02
  0.47667E+02  0.20103E+02 -0.11283E+03 -0.25196E+03 -0.26958E+03 -0.21167E+03
 -0.16037E+03 -0.13169E+03 -0.18448E+01  0.13756E+03  0.13443E+03  0.71262E+02
 -0.37267E+02 -0.15924E+03 -0.14856E+03 -0.10602E+03 -0.15622E+03 -0.15956E+03
 -0.76594E+02 -0.23073E+02 -0.28008E+02  0.32316E+02  0.12533E+03  0.20910E+03
  0.35404E+03  0.39891E+03  0.23579E+03  0.19685E+02 -0.44077E+02  0.26469E+02
  0.68250E+02  0.16763E+03  0.29120E+03  0.23180E+03  0.65081E+02 -0.39301E+02
 -0.27613E+02  0.52650E+02  0.12539E+03  0.17260E+03  0.12553E+03 -0.34860E+02
 -0.16749E+03 -0.15456E+03 -0.25667E+02  0.41134E+02  0.24359E+02 -0.55128E+02
 -0.13022E+03 -0.86800E+02 -0.61055E+02 -0.65849E+02  0.13586E+02  0.74014E+02
  0.48503E+02 -0.73669E+02 -0.31285E+03 -0.46897E+03 -0.29832E+03 -0.29593E+02
  0.61165E+02  0.73871E+02  0.98293E+02  0.14371E+03  0.16775E+03  0.16982E+03
  0.18734E+03  0.14396E+03  0.15841E+02 -0.99136E+02 -0.15468E+03 -0.13137E+03
 -0.73269E+02 -0.83693E+01  0.35017E+02 -0.66322E+02 -0.27334E+03 -0.40023E+03
 -0.30151E+03 -0.12594E+03 -0.17805E+02  0.29701E+02 -0.26608E+02 -0.12206E+03
 -0.13505E+03 -0.75810E+02  0.39044E+02  0.13745E+03  0.15209E+03  0.17849E+03
  0.14944E+03 -0.36770E+01 -0.23363E+03 -0.37266E+03 -0.25293E+03 -0.41777E+02
  0.87993E+02  0.17163E+03  0.17759E+03  0.57183E+02 -0.28405E+02  0.99153E+02
  0.32825E+03  0.44854E+03  0.43025E+03  0.36942E+03  0.25128E+03  0.12277E+03
  0.10448E+03  0.15134E+03  0.13022E+03  0.44117E+02  0.11264E+02  0.33677E+02
  0.12275E+03  0.20708E+03  0.19032E+03  0.14538E+03  0.10706E+03  0.58233E+02
 -0.20209E+02 -0.19751E+03 -0.40877E+03 -0.49471E+03 -0.45406E+03 -0.32134E+03
 -0.16352E+03 -0.75151E+02 -0.29263E+02  0.58003E+00  0.24994E+02  0.44266E+02
  0.30868E+02  0.45130E+02  0.65754E+02 -0.22741E+02 -0.13673E+03 -0.15170E+03
 -0.12100E+03 -0.98562E+02 -0.11669E+03 -0.16372E+03 -0.18489E+03 -0.86242E+02
  0.10984E+03  0.19174E+03  0.18999E+03  0.18318E+03  0.29189E+02 -0.15024E+03
 -0.14359E+03 -0.37840E+02  0.69711E+02  0.12169E+03  0.11779E+03  0.13590E+03
  0.12324E+03 -0.22755E+02 -0.22596E+03 -0.29200E+03 -0.17506E+03 -0.80815E+01
  0.87220E+02  0.58469E+02 -0.13185E+02 -0.45743E+02 -0.25444E+02  0.75394E+02
  0.17191E+03  0.16819E+03  0.10012E+03 -0.21604E+02 -0.21832E+03 -0.35085E+03
 -0.27467E+03 -0.82484E+02  0.42420E+02  0.77449E+02  0.10437E+03  0.11279E+03
  0.10651E+03  0.12014E+03  0.13529E+03  0.17101E+03  0.21695E+03  0.18650E+03
  0.85784E+02 -0.58330E+01  0.51873E+01  0.61097E+02  0.78984E+02  0.80129E+02
  0.18696E+02 -0.46690E+02 -0.26998E+02  0.59647E+02  0.14090E+03  0.10958E+03
 -0.53167E+02 -0.17435E+03 -0.11154E+03  0.53913E+02  0.13686E+03  0.69583E+02
 -0.49226E+02 -0.13913E+03 -0.19392E+03 -0.21971E+03 -0.19316E+03 -0.64128E+02
  0.33999E+02 -0.19601E+02 -0.59374E+02 -0.54614E+02 -0.10727E+03 -0.13426E+03
 -0.15524E+03 -0.15047E+03 -0.29547E+02  0.62734E+02  0.52052E+02  0.32968E+02
  0.31643E+02  0.32095E+02  0.67322E+02  0.14253E+03  0.19144E+03  0.16412E+03
  0.40843E+02 -0.11119E+03 -0.21917E+03 -0.28923E+03 -0.25008E+03 -0.12881E+03
 -0.39598E+02  0.62649E+02  0.13286E+03  0.80585E+02  0.32648E+02  0.45342E+02
  0.52643E+02  0.92702E+02  0.14516E+03  0.14866E+03  0.13722E+03  0.11103E+03
  0.80532E+02  0.51772E+02  0.31684E+02  0.90575E+02  0.11358E+03  0.27782E+02
 -0.13472E+02  0.29220E+02  0.39959E+02  0.16089E+02  0.26090E+02 -0.23618E+01
 -0.29109E+02 -0.23059E+01 -0.28561E+02 -0.29791E+02  0.11121E+02 -0.36038E+02
 -0.71559E+02  0.61022E+01  0.12393E+03  0.16845E+03  0.10556E+03  0.56696E+02
  0.37767E+02 -0.33103E+02 -0.41475E+02  0.46197E+02  0.23109E+02 -0.14011E+03
 -0.28178E+03 -0.29991E+03 -0.23105E+03 -0.16185E+03 -0.15176E+03 -0.19586E+03
 -0.23967E+03 -0.22336E+03 -0.15823E+03 -0.88956E+02  0.18970E+02  0.15048E+03
  0.21245E+03  0.18232E+03  0.14190E+03  0.12811E+03  0.11367E+03  0.40668E+02
 -0.51829E+02 -0.66654E+02 -0.78347E+02 -0.81763E+02 -0.34988E+02 -0.24587E+02
 -0.38182E+02 -0.27231E+02 -0.67283E+02 -0.95621E+02 -0.23733E+02  0.71293E+02
  0.17982E+03  0.28518E+03  0.31410E+03  0.24742E+03  0.14377E+03  0.77575E+02
  0.79882E+02  0.10433E+03  0.11551E+03  0.10784E+03  0.65184E+02 -0.12712E+02
 -0.52503E+02 -0.63131E+02 -0.75258E+02 -0.69086E+01  0.59853E+02  0.29728E+02
 -0.55382E+02 -0.14081E+03 -0.14683E+03 -0.60656E+02 -0.19486E+02 -0.67329E+02
 -0.10238E+03 -0.11370E+03 -0.18527E+03 -0.24318E+03 -0.13981E+03 -0.23861E+02
 -0.22263E+02 -0.32938E+02 -0.84168E+02 -0.19314E+03 -0.19389E+03 -0.10372E+03
 -0.73667E+02 -0.60010E+02  0.49213E+00  0.80014E+02  0.10455E+03  0.10657E+03
  0.87576E+02  0.56024E+02  0.58027E+02  0.49463E+02  0.34324E+02  0.17395E+02
  0.41835E+02  0.10967E+03  0.81684E+02 -0.18926E+02 -0.84095E+02 -0.79104E+02
  0.30151E+02  0.13227E+03  0.13683E+03  0.12130E+03  0.11820E+03  0.11082E+03
  0.11825E+03  0.13466E+03  0.12618E+03  0.11020E+03  0.11587E+03  0.11773E+03
  0.55538E+02 -0.59603E+02 -0.11890E+03 -0.76689E+02 -0.26360E+02 -0.20374E+02
 -0.26575E+02 -0.65832E+02 -0.92412E+02 -0.50656E+02  0.31438E+02  0.11096E+03
  0.12154E+03  0.60275E+02 -0.26500E+02 -0.10307E+03 -0.15861E+03 -0.18593E+03
 -0.17782E+03 -0.13382E+03 -0.79587E+02 -0.48164E+02 -0.36808E+02 -0.36388E+02
 -0.32235E+02  0.11002E+02  0.89331E+02  0.10142E+03 -0.30292E+01 -0.13007E+03
 -0.14752E+03 -0.49475E+02  0.32844E+02  0.74894E+02  0.10554E+03  0.58055E+02
 -0.27457E+02 -0.21631E+01  0.62198E+02  0.71363E+02  0.12421E+03  0.18197E+03
  0.11356E+03 -0.15320E+02 -0.81899E+02 -0.40505E+02  0.56543E+02  0.83124E+02
  0.31475E+02 -0.37875E+02 -0.93358E+02 -0.73358E+02  0.56915E+02  0.20652E+03
  0.21000E+03  0.54152E+02 -0.10559E+03 -0.12776E+03 -0.29967E+02  0.25070E+02
  0.28835E+02  0.57785E+02  0.30123E+02 -0.83826E+02 -0.12033E+03 -0.77115E+02
 -0.61284E+02 -0.20046E+02  0.66889E+02  0.90839E+02  0.11898E+02 -0.80223E+02
 -0.10309E+03 -0.75732E+02 -0.56791E+02 -0.34536E+02 -0.15555E+02 -0.12357E+02
 -0.79450E+01 -0.19294E+02 -0.81678E+01  0.83856E+01 -0.82002E+01  0.27490E+02
  0.82705E+02  0.49665E+02 -0.41065E+02 -0.97861E+02 -0.57486E+02  0.33298E+02
  0.11542E+03  0.13105E+03  0.59335E+02 -0.21823E+02 -0.60047E+01  0.98801E+02
  0.15008E+03  0.11244E+03  0.64859E+02  0.54653E+02  0.43767E+02  0.14090E+02
  0.26572E+02  0.74649E+02  0.10226E+03  0.90486E+02  0.18861E+02 -0.10700E+03
 -0.20487E+03 -0.21225E+03 -0.15399E+03 -0.10067E+03 -0.87868E+02 -0.10797E+03
 -0.93663E+02 -0.62205E+02 -0.79330E+02 -0.78950E+02 -0.25246E+02  0.37321E+02
  0.64671E+02  0.49500E+02 -0.21833E+02 -0.12248E+03 -0.16813E+03 -0.14630E+03
 -0.95657E+02 -0.65802E+02 -0.77490E+02 -0.55444E+02  0.45251E+02  0.14056E+03
  0.16265E+03  0.13037E+03  0.10413E+03  0.89542E+02  0.53129E+02  0.19073E+02
  0.12502E+02  0.50738E+02  0.10013E+03  0.11490E+03  0.99822E+02  0.25285E+02
 -0.75024E+02 -0.72715E+02  0.37435E+02  0.13592E+03  0.13872E+03  0.92906E+02
  0.57510E+02  0.38523E+02  0.27886E+02  0.24711E+02  0.40292E+02  0.63713E+02
  0.76362E+02  0.31247E+02 -0.66542E+02 -0.16055E+03 -0.20555E+03 -0.15093E+03
 -0.37262E+02  0.99214E+01 -0.51180E+02 -0.15694E+03 -0.23828E+03 -0.24707E+03
 -0.19454E+03 -0.11106E+03  0.51669E+01  0.11605E+03  0.10922E+03 -0.19772E+02
 -0.12836E+03 -0.10379E+03  0.22043E+02  0.14556E+03  0.17297E+03  0.84401E+02
 -0.29956E+02 -0.10549E+03 -0.74419E+02  0.37641E+02  0.86671E+02  0.55785E+02
  0.58612E+01 -0.60203E+01  0.64107E+02  0.15682E+03  0.18579E+03  0.12855E+03
  0.12443E+02 -0.83847E+02 -0.11433E+03 -0.89040E+02 -0.16564E+02  0.54098E+02
  0.83449E+02  0.73413E+02  0.39325E+02  0.23483E+01 -0.66044E+02 -0.13705E+03
 -0.10566E+03 -0.14629E+02  0.21077E+02  0.30050E+02  0.51334E+02  0.19381E+02
 -0.32016E+02  0.24275E+01  0.83794E+02  0.13094E+03  0.13501E+03  0.82710E+02
 -0.31298E+02 -0.12142E+03 -0.11274E+03 -0.44448E+02  0.97114E+01  0.45198E+02
  0.62433E+02  0.28783E+02 -0.10511E+02 -0.24308E+02 -0.28712E+02 -0.99030E+01
  0.49222E+02  0.85511E+02  0.49089E+02 -0.27967E+02 -0.61897E+02 -0.55671E+01
  0.83697E+02  0.10127E+03  0.23321E+02 -0.68375E+02 -0.11825E+03 -0.80414E+02
  0.13251E+02  0.51610E+02  0.32749E+02 -0.29277E+01 -0.33829E+02 -0.43090E+02
 -0.56636E+02 -0.71658E+02 -0.48630E+02 -0.27779E+02 -0.55831E+02 -0.10494E+03
 -0.13683E+03 -0.11308E+03 -0.49680E+02  0.33921E+02  0.12074E+03  0.14940E+03
  0.12591E+03  0.83276E+02  0.30005E+02  0.65840E+01 -0.16737E+02 -0.63748E+02
 -0.88434E+02 -0.99738E+02 -0.11081E+03 -0.11034E+03 -0.80317E+02 -0.48583E+02
 -0.56384E+02 -0.57521E+02 -0.29896E+02 -0.70823E+01  0.79168E+01  0.10565E+02
  0.82194E+01  0.24686E+02  0.89087E+02  0.18367E+03  0.19638E+03  0.12403E+03
  0.36142E+02 -0.36462E+02 -0.28538E+02  0.47543E+02  0.10199E+03  0.99614E+02
  0.58701E+02 -0.50389E+01 -0.41516E+02  0.85319E+01  0.77780E+02  0.86139E+02
  0.56882E+02  0.41677E+02  0.38078E+02  0.17715E+02 -0.76255E+01  0.20365E+01
  0.30171E+02  0.20771E+02 -0.25701E+02 -0.73566E+02 -0.70530E+02  0.10784E+02
  0.80439E+02  0.75884E+02  0.35435E+02 -0.74735E+01 -0.17579E+02 -0.82208E+00
 -0.14322E+02 -0.35340E+02 -0.27323E+02 -0.32441E+02 -0.46576E+02 -0.44894E+02
 -0.45641E+02 -0.64832E+02 -0.83026E+02 -0.73215E+02 -0.60776E+02 -0.59446E+02
 -0.68273E+02 -0.63623E+02 -0.36206E+02 -0.15636E+02 -0.54256E+01 -0.37844E+01
 -0.53082E+01 -0.94702E+01 -0.38844E+02 -0.73300E+02 -0.43280E+02  0.31888E+02
  0.10264E+03  0.11644E+03  0.48593E+02 -0.40396E+02 -0.78372E+02 -0.15234E+02
  0.80539E+02  0.97828E+02  0.47274E+02 -0.10397E+02 -0.59347E+02 -0.94095E+02
 -0.98005E+02 -0.70999E+02 -0.40671E+02 -0.16111E+02  0.23250E+02  0.52114E+02
  0.47769E+02  0.43713E+02  0.63144E+02  0.92540E+02  0.90475E+02  0.57356E+02
  0.21991E+02  0.27047E+02  0.55067E+02  0.47577E+02  0.43404E+02  0.57843E+02
  0.45595E+02  0.19339E+02  0.34346E+01 -0.21764E+02 -0.54152E+02 -0.48128E+02
 -0.61375E+00  0.33509E+02  0.32375E+02  0.25380E+02  0.19782E+02  0.45269E+01
  0.93403E+01  0.22454E+02  0.16516E+02  0.13564E+02 -0.10458E+01 -0.29472E+02
 -0.40984E+01  0.66163E+02  0.94321E+02  0.51299E+02 -0.34085E+02 -0.99093E+02
 -0.88949E+02 -0.32957E+02  0.74197E+01  0.24653E+02  0.16027E+02 -0.33158E+02
 -0.75546E+02 -0.65690E+02 -0.28262E+02  0.15786E+02  0.30038E+02 -0.10765E+02
 -0.48269E+02 -0.55476E+02 -0.84366E+02 -0.12871E+03 -0.13991E+03 -0.10795E+03
 -0.63447E+02 -0.37921E+02 -0.24515E+02 -0.18341E+02 -0.54443E+01  0.33605E+02
  0.78188E+02  0.93060E+02  0.78789E+02  0.55501E+02  0.34843E+02  0.43430E+01
 -0.31773E+02 -0.58499E+02 -0.66505E+02 -0.54278E+02 -0.35585E+02 -0.25164E+02
 -0.33379E+02 -0.55362E+02 -0.49746E+02 -0.75963E+01  0.29635E+02  0.55634E+02
  0.75354E+02  0.83189E+02  0.86338E+02  0.88003E+02  0.83455E+02  0.73290E+02
  0.70016E+02  0.63857E+02  0.38725E+02  0.21696E+02  0.34116E+02  0.48997E+02
  0.39243E+02  0.44201E+01 -0.14926E+02  0.56179E+01  0.23637E+02  0.19950E+02
  0.68795E+01 -0.42405E+01 -0.11926E+02 -0.21478E+02 -0.29965E+02 -0.36379E+02
 -0.15467E+02  0.33802E+02  0.50538E+02  0.30659E+02  0.68406E+01 -0.29681E+02
 -0.56466E+02 -0.48677E+02 -0.28402E+02 -0.12034E+02 -0.15130E+02 -0.26094E+02
 -0.27253E+02 -0.31377E+02 -0.34890E+02 -0.37820E+02 -0.43517E+02 -0.31192E+02
 -0.14672E+01  0.12474E+01 -0.23846E+02 -0.30044E+02 -0.37854E+02 -0.61788E+02
 -0.49579E+02 -0.11621E+02 -0.97368E+00 -0.23312E+02 -0.64213E+02 -0.82381E+02
 -0.64680E+02 -0.30153E+02  0.26337E+02  0.72070E+02  0.66112E+02  0.41668E+02
  0.23077E+02  0.10878E+02  0.11113E+02  0.18673E+02  0.26641E+02  0.17796E+02
 -0.47369E+01 -0.12558E+02  0.60797E+00  0.21269E+02  0.32192E+02  0.35046E+02
  0.39510E+02  0.42704E+02  0.42292E+02  0.25023E+02  0.87887E+01  0.17901E+02
  0.20439E+02  0.17188E+02  0.17113E+02  0.87370E+01  0.18513E+02  0.43986E+02
  0.51662E+02  0.34938E+02  0.55218E+01 -0.16707E+02 -0.90983E+01  0.13200E+02
  0.17181E+02  0.55722E+00 -0.17262E+02 -0.27685E+02 -0.31595E+02 -0.23938E+02
 -0.21054E+02 -0.41779E+02 -0.53157E+02 -0.36794E+02 -0.24119E+02 -0.14563E+02
  0.16850E+02  0.44850E+02  0.39039E+02  0.28173E+02  0.33883E+02  0.27160E+02
 -0.30123E+01 -0.24483E+02 -0.26985E+02 -0.35719E+02 -0.34259E+02  0.75094E+00
  0.25284E+02  0.13358E+02 -0.81600E+01 -0.30457E+02 -0.36462E+02 -0.16942E+02
 -0.57779E+01 -0.72478E+01 -0.81133E+01 -0.10514E+02 -0.87270E+01  0.17101E+01
  0.10880E+02  0.13278E+02  0.25760E+01 -0.13285E+02 -0.10867E+02 -0.21935E+01
 -0.13468E+02 -0.22570E+02 -0.12980E+02 -0.84175E+01 -0.99683E+01 -0.11758E+02
 -0.14697E+02 -0.59595E+01  0.73603E+01  0.56767E+01  0.13584E+01  0.80186E+01
  0.21220E+02  0.32732E+02  0.31439E+02  0.20053E+02  0.14475E+02  0.10737E+02
  0.85713E+01  0.10835E+02  0.11860E+02  0.10882E+02  0.21107E+01 -0.16456E+02
 -0.34624E+02 -0.42273E+02 -0.33586E+02 -0.83834E+01  0.17104E+02  0.19920E+02
  0.70781E+01 -0.67303E+01 -0.16435E+02 -0.13154E+02  0.58154E+01  0.17956E+02
  0.11002E+02  0.10909E+02  0.16866E+02  0.13447E+02  0.70138E+01  0.18244E+01
 -0.57749E+01 -0.86474E+01 -0.68068E+01 -0.21520E+02 -0.38730E+02 -0.40172E+02
 -0.41651E+02 -0.44114E+02 -0.29284E+02 -0.63180E+01  0.10226E+02  0.19384E+02
  0.22269E+02  0.29047E+02  0.32945E+02  0.22339E+02  0.16107E+02  0.15870E+02
  0.11400E+02  0.56122E+01  0.71446E+01  0.16569E+02  0.25183E+02  0.27036E+02
  0.20577E+02  0.11527E+02  0.68674E+01  0.13434E+02  0.17323E+02  0.59589E+00
 -0.12706E+02 -0.31686E+01  0.53210E+01  0.11886E+01 -0.30456E+01 -0.46888E+01
 -0.65570E+01 -0.86028E+01 -0.96152E+01 -0.11804E+02 -0.16699E+02 -0.16729E+02
 -0.10210E+02 -0.65938E+00  0.59536E+01  0.31049E+01 -0.67338E+01 -0.10636E+02
 -0.82048E+01 -0.10570E+02 -0.14418E+02 -0.11510E+02 -0.57572E+01 -0.88717E+01
 -0.91814E+01 -0.39455E+00  0.70202E+01  0.10535E+02  0.11356E+02  0.75792E+01
 -0.46151E+01 -0.16206E+02 -0.15687E+02 -0.13001E+02 -0.17593E+02 -0.16111E+02
 -0.20273E+01  0.13178E+02  0.21398E+02  0.20646E+02  0.17539E+02  0.14695E+02
  0.69635E+01  0.20545E+01  0.34223E+01  0.17808E+01 -0.23624E+01  0.45267E+01
  0.16738E+02  0.19094E+02  0.12780E+02  0.63208E+01  0.44922E+01  0.46181E+01
  0.23135E+01 -0.27210E+01 -0.67274E+01 -0.19156E+00  0.14103E+02  0.21919E+02
  0.15671E+02  0.31409E+01 -0.43911E+01 -0.41980E+01  0.15111E+01  0.55176E+01
  0.24311E+01 -0.19983E+01 -0.42950E+00  0.34833E+01  0.52412E+01  0.44074E+01
  0.23179E+01  0.73752E+00 -0.10649E+00 -0.50184E+00 -0.24035E+01 -0.65677E+01
 -0.76809E+01 -0.42304E+01 -0.16843E+01 -0.26726E+01 -0.35375E+01 -0.27859E+01
 -0.21338E+01 -0.19782E+01 -0.26983E+01 -0.39391E+01 -0.44576E+01 -0.31140E+01
  0.14531E+00  0.20972E+01  0.17400E+01  0.11142E+01  0.11929E+01  0.17725E+01
  0.10167E+01 -0.10657E+01 -0.12901E+01 -0.11702E+00 -0.64928E+00 -0.27900E+01
 -0.37617E+01 -0.30778E+01 -0.38681E+01 -0.50764E+01 -0.47819E+01 -0.48120E+01
 -0.48094E+01 -0.45175E+01 -0.44193E+01 -0.40269E+01 -0.29207E+01 -0.15049E+01
 -0.28030E+00  0.61119E+00  0.69652E+00 -0.42024E+00 -0.15470E+01 -0.10998E+01
  0.45828E+00  0.27210E+01  0.35780E+01  0.15542E+01 -0.11012E+01 -0.23861E+01
 -0.13284E+01  0.11816E+01  0.32676E+01  0.39191E+01  0.29378E+01  0.11055E+01
 -0.13026E+01 -0.32823E+01 -0.26248E+01 -0.80820E-01  0.11930E+01  0.17480E+01
  0.31664E+01  0.42570E+01  0.39841E+01  0.31986E+01  0.23623E+01  0.13464E+01
  0.34854E+00 -0.51251E+00 -0.46131E+00 -0.61207E+00 -0.24178E+01 -0.28766E+01
 -0.94671E+00  0.28040E+00  0.21992E-01 -0.65684E+00 -0.17186E+01 -0.23869E+01
 -0.11244E+01  0.75575E+00  0.88367E+00  0.83159E-01  0.28058E+00  0.86232E+00
  0.45106E+00 -0.30795E+00 -0.70619E+00 -0.15037E+00  0.60538E+00 -0.32322E+00
 -0.15761E+01 -0.35971E+00  0.19765E+01  0.21977E+01 -0.40312E+00 -0.34248E+01
 -0.40574E+01 -0.25718E+01 -0.10984E+01 -0.60076E+00 -0.28362E+00 -0.33821E+00
 -0.16336E+01 -0.28431E+01 -0.26089E+01 -0.13407E+01 -0.38283E+00 -0.80114E+00
 -0.12620E+01 -0.88148E+00 -0.77435E+00 -0.18264E+01 -0.32391E+01 -0.38255E+01
 -0.33062E+01 -0.21079E+01 -0.84690E+00 -0.16664E+00 -0.38360E+00 -0.70780E-01
  0.99151E+00  0.19063E+01  0.22293E+01  0.20872E+01  0.13569E+01  0.21482E+00
 -0.93342E+00 -0.15823E+01 -0.16550E+01 -0.15138E+01 -0.87038E+00  0.52234E+00
  0.17419E+01  0.16544E+01  0.89152E+00  0.80836E+00  0.91635E+00  0.17388E+00
 -0.34372E+00 -0.15945E+00 -0.34935E+00 -0.74248E+00  0.10933E-01  0.80105E+00
  0.68724E+00  0.40376E+00 -0.20350E+00 -0.63874E+00 -0.22047E+00  0.42512E+00
  0.84220E-01 -0.13069E+01 -0.23545E+01 -0.17685E+01 -0.21878E+00  0.14694E+00
 -0.76806E+00 -0.12811E+01 -0.10620E+01 -0.90119E+00 -0.81940E+00 -0.78616E+00
 -0.87589E+00 -0.96403E+00 -0.99291E+00 -0.96881E+00 -0.91228E+00 -0.83599E+00
 -0.79165E+00 -0.78652E+00 -0.79912E+00 -0.81435E+00 -0.81615E+00 -0.78416E+00
 -0.72256E+00 -0.64444E+00 -0.57180E+00 -0.51637E+00 -0.48120E+00 -0.46826E+00
 -0.47203E+00 -0.46625E+00 -0.45055E+00 -0.43373E+00 -0.43102E+00 -0.43619E+00
 -0.43800E+00 -0.42313E+00 -0.40799E+00 -0.39195E+00 -0.34595E+00 -0.32102E+00
 -0.34131E+00 -0.33631E+00 -0.32161E+00 -0.29237E+00 -0.23410E+00 -0.15544E+00
 -0.88834E-01 -0.51619E-01 -0.34691E-01 -0.14800E-01  0.32595E-02  0.18710E-01
  0.26842E-01  0.27824E-01  0.19459E-01  0.13406E-01  0.10104E-01  0.16864E-01
  0.34471E-01  0.48521E-01  0.39110E-01  0.25045E-01  0.29274E-01  0.77576E-01
  0.14850E+00  0.19691E+00  0.20143E+00  0.19047E+00  0.17620E+00  0.17473E+00
  0.20066E+00  0.25683E+00  0.31855E+00  0.37569E+00  0.40730E+00  0.41499E+00
  0.42060E+00  0.44119E+00  0.45780E+00  0.48459E+00  0.53559E+00  0.60451E+00
  0.66783E+00  0.71549E+00  0.74072E+00  0.75508E+00  0.76014E+00  0.76580E+00
  0.76529E+00  0.75403E+00  0.72814E+00  0.69807E+00  0.66757E+00  0.65646E+00
  0.67848E+00  0.73979E+00  0.80749E+00  0.85953E+00  0.88190E+00  0.88543E+00
  0.88429E+00  0.90842E+00  0.95800E+00  0.10069E+01  0.10205E+01  0.10071E+01
  0.97443E+00  0.94536E+00  0.92608E+00  0.91360E+00  0.89310E+00  0.87206E+00
  0.84849E+00  0.82420E+00  0.79546E+00  0.77617E+00  0.76327E+00  0.74982E+00
  0.72567E+00  0.72336E+00  0.74129E+00  0.74217E+00  0.74284E+00  0.74492E+00
  0.71994E+00  0.70024E+00  0.68766E+00  0.68826E+00  0.69117E+00  0.69594E+00
  0.69807E+00  0.68995E+00  0.64778E+00  0.60042E+00  0.56427E+00  0.54275E+00
  0.53757E+00  0.55629E+00  0.57250E+00  0.58075E+00  0.57257E+00  0.56707E+00
  0.56970E+00  0.58174E+00  0.59141E+00  0.59962E+00  0.59989E+00  0.60138E+00
  0.58800E+00  0.55598E+00  0.51975E+00  0.50959E+00  0.51300E+00  0.53008E+00
  0.54617E+00  0.54394E+00  0.51232E+00  0.48115E+00  0.46639E+00  0.50090E+00
  0.54932E+00  0.56636E+00  0.55314E+00  0.51419E+00  0.44976E+00  0.39666E+00
  0.35482E+00  0.32622E+00  0.30756E+00  0.30041E+00  0.28703E+00  0.27395E+00
  0.26708E+00  0.27392E+00  0.27087E+00  0.25816E+00  0.23309E+00  0.20842E+00
  0.18062E+00  0.15337E+00  0.12086E+00  0.94137E-01  0.73914E-01  0.70683E-01
  0.68208E-01  0.69134E-01  0.65224E-01  0.63081E-01  0.56922E-01  0.45736E-01
  0.20916E-01  0.20013E-02 -0.89589E-02 -0.84215E-02 -0.91711E-02 -0.12190E-01
 -0.28327E-01 -0.41175E-01 -0.50676E-01 -0.52099E-01 -0.51448E-01 -0.42967E-01
 -0.47682E-01 -0.63314E-01 -0.88779E-01 -0.11333E+00 -0.14098E+00 -0.15461E+00
 -0.16510E+00 -0.18015E+00 -0.20561E+00 -0.22528E+00 -0.25134E+00 -0.28272E+00
 -0.31845E+00 -0.32953E+00 -0.32188E+00 -0.31062E+00 -0.30864E+00 -0.30974E+00
 -0.33878E+00 -0.38385E+00 -0.42697E+00 -0.45106E+00 -0.46422E+00 -0.46533E+00
 -0.47030E+00 -0.47209E+00 -0.48161E+00 -0.48659E+00 -0.48429E+00 -0.47103E+00
 -0.46267E+00 -0.45466E+00 -0.46113E+00 -0.47308E+00 -0.49376E+00 -0.50705E+00
 -0.50393E+00 -0.49162E+00 -0.48663E+00 -0.47742E+00 -0.47687E+00 -0.47835E+00
 -0.48799E+00 -0.48807E+00 -0.48794E+00 -0.48583E+00 -0.48819E+00 -0.48616E+00
 -0.49116E+00 -0.49481E+00 -0.50291E+00 -0.50067E+00 -0.49182E+00 -0.47703E+00
 -0.47086E+00 -0.45964E+00 -0.45046E+00 -0.44500E+00 -0.46024E+00 -0.47791E+00
 -0.48996E+00 -0.48108E+00 -0.46404E+00 -0.44214E+00 -0.43545E+00 -0.43650E+00
 -0.44700E+00 -0.45401E+00 -0.46392E+00 -0.46740E+00 -0.47094E+00 -0.46472E+00
 -0.46174E+00 -0.45666E+00 -0.46444E+00 -0.47789E+00 -0.49442E+00 -0.49950E+00
 -0.50260E+00 -0.49176E+00 -0.48259E+00 -0.47322E+00 -0.46313E+00 -0.44085E+00
 -0.41947E+00 -0.38653E+00 -0.35164E+00 -0.31591E+00 -0.29530E+00 -0.28560E+00
 -0.29434E+00 -0.30261E+00 -0.31958E+00 -0.33368E+00 -0.33984E+00 -0.32700E+00
 -0.31416E+00 -0.30132E+00 -0.30393E+00 -0.31091E+00 -0.32338E+00 -0.32780E+00
 -0.33200E+00 -0.32989E+00 -0.33584E+00 -0.33886E+00 -0.34746E+00 -0.34727E+00
 -0.33851E+00 -0.32173E+00 -0.32225E+00 -0.32441E+00 -0.32832E+00 -0.32337E+00
 -0.32059E+00 -0.31032E+00 -0.30277E+00 -0.28711E+00 -0.27255E+00 -0.25167E+00
 -0.23083E+00 -0.20224E+00 -0.20788E+00 -0.12626E+00  0.11116E-02  0.13403E-01
  0.53408E-02  0.20967E-01  0.28317E-01  0.44797E-01  0.53527E-01  0.60508E-01
  0.62076E-01  0.71144E-01  0.76918E-01  0.84546E-01  0.83813E-01  0.85409E-01
  0.82265E-01  0.84888E-01  0.85480E-01  0.91500E-01  0.94816E-01  0.10558E+00
  0.10827E+00  0.10751E+00  0.96407E-01  0.78588E-01  0.94646E-01  0.13752E+00
  0.12718E+00  0.12189E+00  0.12568E+00  0.13094E+00  0.12819E+00  0.12653E+00
  0.11555E+00  0.10340E+00  0.87267E-01  0.85721E-01  0.86221E-01  0.88130E-01
  0.80690E-01  0.77227E-01  0.72051E-01  0.76875E-01  0.77563E-01  0.79564E-01
  0.73835E-01  0.72244E-01  0.69484E-01  0.75015E-01  0.76523E-01  0.82590E-01
  0.81692E-01  0.82180E-01  0.74958E-01  0.75868E-01  0.77285E-01  0.60415E-01
  0.12539E+00  0.24986E+00  0.25321E+00  0.24544E+00  0.24540E+00  0.24102E+00
  0.23583E+00  0.23645E+00  0.23127E+00  0.23415E+00  0.23555E+00  0.24399E+00
  0.24493E+00  0.24865E+00  0.24530E+00  0.24534E+00  0.23757E+00  0.23513E+00
  0.22920E+00  0.23139E+00  0.22802E+00  0.22791E+00  0.22119E+00  0.22107E+00
  0.21635E+00  0.21653E+00  0.20942E+00  0.20741E+00  0.20270E+00  0.20650E+00
  0.20452E+00  0.20579E+00  0.19972E+00  0.20050E+00  0.19775E+00  0.20129E+00
  0.20447E+00  0.20633E+00  0.20862E+00  0.26359E+00  0.28741E+00  0.27882E+00
  0.27341E+00  0.26907E+00  0.25714E+00  0.25124E+00  0.23815E+00  0.22952E+00
  0.21784E+00  0.21579E+00  0.21243E+00  0.21616E+00  0.21407E+00  0.21842E+00
  0.21789E+00  0.22026E+00  0.21499E+00  0.21511E+00  0.21031E+00  0.21229E+00
  0.21084E+00  0.21584E+00  0.21435E+00  0.21789E+00  0.21608E+00  0.22003E+00
  0.21807E+00  0.22213E+00  0.21939E+00  0.21915E+00  0.21289E+00  0.21484E+00
  0.21265E+00  0.21605E+00  0.21227E+00  0.21154E+00  0.20379E+00  0.20293E+00
  0.19859E+00  0.20078E+00  0.19547E+00  0.19350E+00  0.18477E+00  0.18446E+00
  0.17009E+00  0.15707E+00  0.15090E+00  0.15154E+00  0.14307E+00  0.13969E+00
  0.13089E+00  0.12986E+00  0.12431E+00  0.12387E+00  0.11726E+00  0.11798E+00
  0.11483E+00  0.11777E+00  0.11338E+00  0.11309E+00  0.10544E+00  0.10278E+00
  0.94036E-01  0.89977E-01  0.78430E-01  0.73378E-01  0.65209E-01  0.65025E-01
  0.60967E-01  0.56993E-01  0.44215E-01  0.44343E-01  0.37434E-01  0.34641E-01
  0.26969E-01  0.25053E-01  0.16716E-01  0.15160E-01  0.87892E-02  0.80468E-02
  0.55851E-03 -0.12305E-02 -0.87329E-02 -0.99915E-02 -0.17593E-01 -0.20004E-01
 -0.29380E-01 -0.32619E-01 -0.40751E-01 -0.41543E-01 -0.47970E-01 -0.49604E-01
 -0.58803E-01 -0.61936E-01 -0.69707E-01 -0.69262E-01 -0.73857E-01 -0.73273E-01
 -0.80431E-01 -0.82034E-01 -0.86875E-01 -0.93336E-01 -0.11105E+00 -0.11159E+00
 -0.11624E+00 -0.11527E+00 -0.11917E+00 -0.11705E+00 -0.12129E+00 -0.11945E+00
 -0.12397E+00 -0.12246E+00 -0.12709E+00 -0.12520E+00 -0.12959E+00 -0.12767E+00
 -0.13141E+00 -0.12846E+00 -0.13179E+00 -0.12894E+00 -0.13239E+00 -0.12942E+00
 -0.13276E+00 -0.12989E+00 -0.13340E+00 -0.13072E+00 -0.13401E+00 -0.13046E+00
 -0.13315E+00 -0.12980E+00 -0.13295E+00 -0.12964E+00 -0.13265E+00 -0.12931E+00
 -0.13242E+00 -0.12915E+00 -0.13205E+00 -0.12851E+00 -0.13115E+00 -0.12760E+00
 -0.13090E+00 -0.12731E+00 -0.12985E+00 -0.12596E+00 -0.12834E+00 -0.12431E+00
 -0.12669E+00 -0.12249E+00 -0.12475E+00 -0.12051E+00 -0.12268E+00 -0.11829E+00
 -0.12021E+00 -0.11562E+00 -0.11750E+00 -0.11287E+00 -0.11463E+00 -0.10982E+00
 -0.11155E+00 -0.10663E+00 -0.10818E+00 -0.10308E+00 -0.10457E+00 -0.99375E-01
 -0.10067E+00 -0.95343E-01 -0.96501E-01 -0.91172E-01 -0.92408E-01 -0.87016E-01
 -0.88194E-01 -0.82635E-01 -0.83559E-01 -0.77891E-01 -0.78796E-01 -0.73063E-01
 -0.74008E-01 -0.68276E-01 -0.69125E-01 -0.63312E-01 -0.64178E-01 -0.58303E-01
 -0.59102E-01 -0.53271E-01 -0.54064E-01 -0.48196E-01 -0.48994E-01 -0.43113E-01
 -0.44048E-01 -0.38285E-01 -0.39180E-01 -0.33418E-01 -0.34401E-01 -0.28673E-01
 -0.29727E-01 -0.24162E-01 -0.25463E-01 -0.19969E-01 -0.21256E-01 -0.15867E-01
 -0.17317E-01 -0.11978E-01 -0.13541E-01 -0.83650E-02 -0.10097E-01 -0.51052E-02
 -0.69649E-02 -0.21495E-02 -0.42567E-02  0.43145E-03 -0.17464E-02  0.27083E-02
  0.21223E-03  0.45680E-02  0.19729E-02  0.62014E-02  0.35498E-02  0.78278E-02
  0.50488E-02  0.90582E-02  0.61590E-02  0.10175E-01  0.71278E-02  0.10868E-01
  0.77146E-02  0.11349E-01  0.79621E-02  0.11540E-01  0.81813E-02  0.11689E-01
  0.82167E-02  0.11710E-01  0.81955E-02  0.11625E-01  0.80258E-02  0.11448E-01
  0.78702E-02  0.11179E-01  0.75379E-02  0.10805E-01  0.70712E-02  0.10409E-01
  0.66398E-02  0.99774E-02  0.63145E-02  0.98077E-02  0.62297E-02  0.95743E-02
  0.58832E-02  0.92490E-02  0.56499E-02  0.91288E-02  0.55509E-02  0.89945E-02
  0.52518E-02  0.86636E-02  0.50290E-02  0.85151E-02  0.48763E-02  0.84429E-02
  0.49010E-02  0.84160E-02  0.48515E-02  0.84521E-02  0.49335E-02  0.85603E-02
  0.51075E-02  0.86960E-02  0.51153E-02  0.87364E-02  0.52298E-02  0.89619E-02
  0.54391E-02  0.91366E-02  0.57347E-02  0.94944E-02
