  Time his fn  matched to spectrum:Sclrel_output/ts06.h.freq.tgt                
   4000    2.00000E-02  0  0  0.  0.  0.  0.  0.
  0.86951E-01  0.14030E+00  0.12974E+00  0.12087E+00  0.12914E+00  0.11310E+00
  0.12250E+00  0.10580E+00  0.11475E+00  0.97077E-01  0.10575E+00  0.86859E-01
  0.94999E-01  0.74717E-01  0.81909E-01  0.60033E-01  0.65836E-01  0.41852E-01
  0.45705E-01  0.19141E-01  0.20373E-01 -0.93832E-02 -0.11411E-01 -0.44996E-01
 -0.50855E-01 -0.88694E-01 -0.98517E-01 -0.14038E+00 -0.15376E+00 -0.19923E+00
 -0.21572E+00 -0.26414E+00 -0.28294E+00 -0.33340E+00 -0.35349E+00 -0.40473E+00
 -0.42471E+00 -0.47536E+00 -0.49383E+00 -0.54230E+00 -0.55770E+00 -0.60257E+00
 -0.61350E+00 -0.65339E+00 -0.65857E+00 -0.69246E+00 -0.69108E+00 -0.71825E+00
 -0.70984E+00 -0.73008E+00 -0.71627E+00 -0.73474E+00 -0.72075E+00 -0.73914E+00
 -0.72490E+00 -0.74325E+00 -0.72877E+00 -0.74706E+00 -0.73232E+00 -0.75050E+00
 -0.73545E+00 -0.75354E+00 -0.73819E+00 -0.75618E+00 -0.74062E+00 -0.75848E+00
 -0.74258E+00 -0.76033E+00 -0.74416E+00 -0.76174E+00 -0.74522E+00 -0.76268E+00
 -0.74577E+00 -0.76300E+00 -0.74573E+00 -0.76280E+00 -0.74513E+00 -0.76196E+00
 -0.74385E+00 -0.76049E+00 -0.74207E+00 -0.75848E+00 -0.73960E+00 -0.75574E+00
 -0.73633E+00 -0.75223E+00 -0.73234E+00 -0.74785E+00 -0.72744E+00 -0.74274E+00
 -0.72183E+00 -0.73679E+00 -0.71537E+00 -0.72997E+00 -0.70796E+00 -0.72222E+00
 -0.69950E+00 -0.71364E+00 -0.69004E+00 -0.70378E+00 -0.68407E+00 -0.69914E+00
 -0.67367E+00 -0.68625E+00 -0.66081E+00 -0.67287E+00 -0.64666E+00 -0.65856E+00
 -0.63119E+00 -0.64264E+00 -0.62126E+00 -0.63527E+00 -0.60588E+00 -0.61633E+00
 -0.58718E+00 -0.59688E+00 -0.56708E+00 -0.57640E+00 -0.54584E+00 -0.55472E+00
 -0.52328E+00 -0.53160E+00 -0.49926E+00 -0.50708E+00 -0.47395E+00 -0.48129E+00
 -0.44741E+00 -0.45436E+00 -0.41968E+00 -0.42620E+00 -0.39069E+00 -0.39674E+00
 -0.36028E+00 -0.36579E+00 -0.32844E+00 -0.33357E+00 -0.29532E+00 -0.30003E+00
 -0.26098E+00 -0.26535E+00 -0.22549E+00 -0.22965E+00 -0.18854E+00 -0.19296E+00
 -0.15028E+00 -0.15442E+00 -0.12343E+00 -0.13316E+00 -0.87455E-01 -0.91041E-01
 -0.46337E-01 -0.49248E-01 -0.37243E-02 -0.70331E-02  0.40748E-01  0.27719E-01
  0.62731E-01  0.66505E-01  0.13693E+00  0.16624E+00  0.29719E+00  0.23309E+00
  0.10765E+00  0.17218E+00  0.30852E+00 -0.83898E-02 -0.18614E+00 -0.18349E+00
  0.42640E+00  0.11964E+01  0.11719E+01  0.92692E-01  0.98966E-01  0.90615E+00
  0.33502E+00  0.27545E+00  0.85426E+00  0.13707E+01  0.14983E+01  0.80783E+00
 -0.26394E+00 -0.60917E+00  0.43738E+00  0.12587E+01  0.12848E+01  0.18582E+01
  0.21498E+01  0.14035E+01  0.90639E+00  0.71468E+00  0.91599E+00  0.83245E+00
  0.50186E+00  0.58831E+00  0.91264E+00  0.59609E+00  0.51337E+00  0.71722E+00
  0.93837E+00  0.12146E+01  0.94409E+00  0.52894E+00  0.19774E+01  0.27761E+01
  0.22873E+01  0.14785E+01  0.20181E+00  0.71232E+00  0.19931E+01  0.13443E+01
  0.20832E+00  0.87992E-01  0.19993E+00  0.79137E+00  0.19568E+01  0.13999E+01
  0.19806E+01  0.22314E+01  0.67345E+00  0.11533E+01  0.22217E+01  0.15841E+01
  0.20087E+01  0.29687E+01  0.23534E+01  0.16125E+01  0.10165E+01  0.45810E+00
  0.10024E+01  0.17326E+01  0.28729E+01  0.39923E+01  0.26520E+01  0.13578E+01
  0.19933E+01  0.33905E+01  0.38175E+01  0.21450E+01 -0.43725E+00 -0.15442E+01
 -0.85567E-01  0.79495E+00  0.16287E+01  0.25516E+01  0.16269E+01  0.16842E+00
  0.66123E+00  0.96766E+00  0.43331E+01  0.60953E+01  0.36881E+01  0.17360E+01
 -0.35186E+00 -0.11831E+01  0.20357E+01  0.30847E+01  0.63429E+00  0.33319E+00
  0.34067E+00  0.11841E+01  0.17989E+01  0.54692E+00  0.68609E+00  0.12364E+01
  0.15006E+01  0.20925E+01  0.23658E+01  0.12936E+01  0.68357E+00  0.12824E+01
  0.18807E+01  0.22391E+01  0.23049E+01  0.12008E+01  0.12576E+01  0.11204E+01
  0.22816E+01  0.32279E+01  0.64711E+00  0.62377E+00  0.27857E+01  0.36680E+01
  0.42806E+01  0.18933E+01 -0.11852E+01 -0.12385E+01  0.93016E+00  0.17911E+01
  0.15654E+01  0.18238E+01  0.52792E+00 -0.14190E+01 -0.29082E+00  0.19003E+01
  0.33634E+01  0.35072E+01  0.20670E+01  0.14198E+01  0.50410E+00 -0.11476E+01
  0.88716E+00  0.23823E+01  0.17617E+01  0.12421E+01 -0.27315E+00 -0.23376E+00
  0.17370E+01  0.26230E+01  0.14090E+01 -0.30991E+00  0.12721E+01  0.26387E+01
  0.67974E+00  0.17562E+01  0.32499E+00 -0.13956E+01  0.14060E+01  0.33858E+01
  0.23764E+01  0.84733E+00  0.15692E+01  0.11051E+01  0.15180E+01  0.22591E+01
  0.11886E+01  0.10800E+01  0.26297E+01  0.14270E+01  0.10137E+01  0.77090E+00
  0.81137E+00  0.24091E+01  0.30143E+01  0.19224E+01  0.24225E+00  0.39860E+00
  0.10655E+01  0.48692E+00  0.98185E+00  0.31364E+01  0.19640E+01  0.22783E+00
  0.10249E+01  0.77199E+00 -0.18563E+00  0.33045E+00  0.64077E+00  0.20831E+00
  0.17381E+01  0.64764E+00 -0.12872E+01  0.28433E+00  0.16757E+01  0.13557E+01
  0.90095E+00  0.22501E-01  0.18144E+01  0.26200E+01  0.12722E+00  0.49731E+00
 -0.29500E+00 -0.74508E+00  0.83841E+00  0.13487E+01  0.12905E+01  0.13520E+00
  0.50960E+00  0.66913E+00 -0.10209E+01 -0.19014E+00  0.20732E+01  0.11731E+01
 -0.18935E+01 -0.25624E+01 -0.12267E+01 -0.10691E+00  0.12235E+01  0.18144E+01
  0.17515E+00 -0.39506E-01 -0.45522E+00 -0.23927E+01 -0.92765E+00 -0.46124E+00
 -0.12240E+00  0.35827E+00 -0.10083E+01 -0.32754E+01 -0.16736E+01  0.64602E+00
 -0.63371E+00 -0.27465E+01 -0.48523E+00 -0.17131E+01  0.10085E+01  0.15800E+00
 -0.27726E+01 -0.17973E+01 -0.47699E+01 -0.69043E+01 -0.68046E+01 -0.69864E+01
  0.20585E+01  0.10556E+02  0.12972E+01 -0.65760E+00 -0.10815E+02 -0.17788E+02
 -0.83813E+01  0.28255E+01  0.51579E+00 -0.71747E+01 -0.50560E+01 -0.38112E+01
 -0.89951E+01 -0.13505E+02 -0.18744E+02 -0.24729E+02 -0.24926E+02 -0.31434E+02
 -0.37117E+02 -0.37871E+02 -0.36471E+02 -0.26704E+02 -0.13996E+02  0.76370E+01
  0.22866E+02  0.23936E+02  0.21767E+02  0.11640E+02 -0.63130E+01 -0.18571E+02
 -0.27303E+02 -0.25203E+02 -0.17804E+02  0.29083E+01  0.27345E+02  0.22387E+02
  0.11715E+02  0.66042E+01  0.88234E+01  0.11381E+02  0.13534E+02  0.99366E+01
 -0.18222E+01  0.10428E+01  0.11986E+02  0.67211E+00 -0.67755E+00  0.11485E+02
 -0.38553E+01 -0.53911E+01 -0.17470E+02 -0.41666E+02 -0.55395E+02 -0.42470E+02
 -0.28604E+02 -0.23529E+02 -0.11834E+02 -0.26697E+02 -0.55461E+02 -0.76103E+02
 -0.91941E+02 -0.97045E+02 -0.84288E+02 -0.58959E+02 -0.35612E+02 -0.32174E+02
 -0.34900E+02 -0.26018E+02  0.51534E+01  0.67381E+02  0.94107E+02  0.62396E+02
  0.32098E+02  0.88744E+00 -0.11899E+02  0.14629E+02  0.26116E+02  0.33251E+02
  0.48901E+02  0.65399E+02  0.81498E+02  0.54454E+02 -0.86635E+01 -0.50135E+02
 -0.67830E+02 -0.72443E+02 -0.56834E+02 -0.35345E+02 -0.11647E+02  0.16379E+02
  0.20522E+02 -0.18547E+02 -0.81129E+02 -0.14712E+03 -0.18158E+03 -0.16074E+03
 -0.12313E+03 -0.87845E+02 -0.46652E+02  0.15085E+02  0.62326E+02  0.69377E+02
  0.41924E+02 -0.20536E+02 -0.83453E+02 -0.10506E+03 -0.74352E+02 -0.33008E+02
  0.97815E+01  0.79593E+02  0.16270E+03  0.21687E+03  0.22091E+03  0.19747E+03
  0.15970E+03  0.10998E+03  0.36043E+02 -0.85242E+01  0.15575E+02  0.52430E+02
  0.71064E+02  0.76149E+02  0.53474E+02  0.27725E+02  0.41168E+02  0.84325E+02
  0.14137E+03  0.15335E+03  0.11626E+03  0.81230E+02  0.30617E+02 -0.30046E+02
 -0.60982E+02 -0.67012E+02 -0.77799E+02 -0.10830E+03 -0.17318E+03 -0.22969E+03
 -0.20192E+03 -0.13754E+03 -0.87999E+02 -0.48603E+02 -0.62858E+01  0.12298E+03
  0.26360E+03  0.33393E+03  0.31886E+03  0.20510E+03  0.49176E+02 -0.11136E+03
 -0.20616E+03 -0.18469E+03 -0.50282E+02  0.84976E+02  0.14115E+03  0.14756E+03
  0.16615E+03  0.16562E+03  0.10708E+03  0.92715E+02  0.14777E+03  0.72214E+02
 -0.12187E+03 -0.10887E+03  0.47454E+02  0.73927E+02  0.80864E+01 -0.35942E+02
 -0.11080E+03 -0.18378E+03 -0.14100E+03 -0.38718E+02  0.48939E+02  0.12993E+03
  0.18957E+03  0.15715E+03  0.65273E+02 -0.11703E+02 -0.10039E+03 -0.19015E+03
 -0.18107E+03 -0.78850E+02 -0.19673E+02 -0.35285E+02 -0.32398E+02 -0.89483E+01
  0.30247E+02  0.10749E+03  0.15666E+03  0.19578E+03  0.26002E+03  0.27569E+03
  0.21111E+03  0.45828E+02 -0.18072E+03 -0.32085E+03 -0.29983E+03 -0.15750E+03
 -0.26871E+01  0.73108E+02  0.10809E+03  0.16615E+03  0.21905E+03  0.17507E+03
  0.43685E+02 -0.64275E+01  0.56830E+02  0.94470E+02  0.40404E+02 -0.59475E+02
 -0.14458E+03 -0.21406E+03 -0.22540E+03 -0.20050E+03 -0.20423E+03 -0.15622E+03
 -0.36310E+02  0.62565E+02  0.78275E+02  0.76863E+02  0.12388E+03  0.13501E+03
  0.93225E+02  0.53669E+02 -0.82379E+01 -0.11469E+03 -0.22825E+03 -0.23745E+03
 -0.98240E+02  0.55591E+02  0.76089E+02  0.12259E+02 -0.72510E+02 -0.14261E+03
 -0.13013E+03 -0.88039E+02 -0.93568E+02 -0.56172E+02  0.31756E+02  0.66718E+02
  0.31438E+02 -0.30865E+02 -0.96529E+02 -0.11607E+03 -0.62812E+02 -0.80319E+02
 -0.12372E+03 -0.90198E+02 -0.74564E+02 -0.21694E+02  0.14588E+02 -0.34505E+02
 -0.44703E+02 -0.38177E+02 -0.19905E+02  0.36932E+02  0.19411E+02 -0.63673E+02
 -0.49151E+02  0.94621E+02  0.19496E+03  0.24654E+03  0.30482E+03  0.27427E+03
  0.20235E+03  0.13623E+03  0.52539E+01 -0.14417E+03 -0.21268E+03 -0.20693E+03
 -0.15899E+03 -0.92561E+02 -0.81431E+02 -0.10132E+03 -0.12590E+03 -0.14211E+03
 -0.12128E+03 -0.38127E+02  0.67882E+02  0.12051E+03  0.10993E+03  0.73037E+02
  0.89103E+00 -0.13035E+03 -0.21358E+03 -0.19280E+03 -0.13929E+03 -0.12249E+03
 -0.15890E+03 -0.19161E+03 -0.12116E+03  0.12511E+02  0.15482E+03  0.21796E+03
  0.12386E+03  0.10326E+02 -0.51761E+01  0.79402E+02  0.17986E+03  0.23992E+03
  0.21411E+03  0.87599E+02 -0.43037E+02 -0.85884E+02 -0.10715E+03 -0.12057E+03
 -0.37436E+02 -0.49145E+01 -0.45778E+02 -0.17437E+02 -0.20306E+02 -0.60482E+02
  0.69742E+02  0.27302E+03  0.29834E+03  0.15263E+03 -0.31539E+01 -0.96131E+02
 -0.13100E+03 -0.84612E+02 -0.70379E+02 -0.18135E+03 -0.28781E+03 -0.20884E+03
 -0.10068E+03 -0.13312E+03 -0.89256E+02  0.12527E+03  0.23686E+03  0.21622E+03
  0.20491E+03  0.14672E+03  0.35850E+02 -0.17747E+02 -0.10271E+02 -0.35907E+02
 -0.10621E+03 -0.14663E+03 -0.11528E+03  0.58904E+01  0.94519E+02  0.91757E+02
  0.54273E+02  0.25640E+02 -0.35610E+02 -0.15752E+03 -0.20493E+03 -0.20633E+03
 -0.22958E+03 -0.21648E+03 -0.19653E+03 -0.20602E+03 -0.21017E+03 -0.17872E+03
 -0.54864E+02  0.12903E+03  0.25477E+03  0.30367E+03  0.22290E+03  0.84009E+02
  0.45132E+02  0.13076E+03  0.15046E+03  0.49077E+02 -0.59686E+01  0.37512E+02
  0.11112E+03  0.21679E+03  0.36663E+03  0.45591E+03  0.44152E+03  0.38569E+03
  0.24604E+03  0.47164E+02 -0.88255E+02 -0.11574E+03 -0.12282E+03 -0.14428E+03
 -0.13172E+03 -0.13205E+03 -0.12910E+03 -0.11604E+03 -0.99900E+02  0.30419E+02
  0.15792E+03  0.18607E+03  0.65366E+02 -0.10082E+03 -0.15968E+03 -0.21948E+03
 -0.31486E+03 -0.34120E+03 -0.25442E+03 -0.12268E+03 -0.39807E+02  0.11789E+03
  0.27832E+03  0.27709E+03  0.24810E+03  0.19446E+03  0.15368E+03  0.19151E+03
  0.20174E+03  0.16049E+03  0.96480E+02  0.64092E+02  0.86473E+02  0.79098E+02
  0.87287E+02  0.11526E+03  0.58535E+02  0.21928E+02  0.48338E+02  0.61954E+02
  0.32053E+02  0.54398E+02  0.17754E+03  0.24612E+03  0.17494E+03  0.76518E+02
  0.87667E-01 -0.10719E+03 -0.14287E+03 -0.10542E+03 -0.95986E+02 -0.12905E+03
 -0.10897E+03 -0.17826E+02  0.47362E+02  0.15589E+02 -0.10574E+03 -0.25000E+03
 -0.35983E+03 -0.37925E+03 -0.37681E+03 -0.36386E+03 -0.29834E+03 -0.18768E+03
 -0.14157E+03 -0.17508E+03 -0.15249E+03 -0.32802E+02  0.14566E+03  0.35169E+03
  0.33699E+03  0.39301E+02 -0.18710E+03 -0.23587E+03 -0.20253E+03 -0.82512E+02
  0.57166E+02  0.61227E+02 -0.53171E+02 -0.10662E+03 -0.48049E+02  0.29906E+02
  0.10593E+03  0.17394E+03  0.12844E+03  0.10206E+02 -0.41025E+02 -0.63711E+01
  0.43692E+02  0.98331E+02  0.18347E+03  0.27394E+03  0.26236E+03  0.80476E+02
 -0.99542E+02 -0.11620E+03 -0.46322E+02  0.56092E+02  0.20696E+03  0.28622E+03
  0.29850E+03  0.26579E+03  0.17393E+03  0.10568E+03  0.77575E+02  0.96285E+02
  0.98786E+02  0.23052E+02 -0.90043E+02 -0.16936E+03 -0.14846E+03 -0.69950E+02
 -0.22981E+02 -0.75287E+02 -0.64223E+02  0.11366E+03  0.25681E+03  0.24555E+03
  0.14446E+03  0.89088E+00 -0.94406E+02 -0.16718E+03 -0.23219E+03 -0.24794E+03
 -0.29531E+03 -0.32716E+03 -0.24816E+03 -0.15985E+03 -0.12892E+03 -0.10066E+03
 -0.44102E+02  0.69395E+02  0.12758E+03  0.33361E+02 -0.11229E+03 -0.27809E+03
 -0.32326E+03 -0.97798E+02  0.89694E+02  0.50265E+02  0.82895E+02  0.19357E+03
  0.11360E+03 -0.97681E+02 -0.25162E+03 -0.22818E+03 -0.50303E+02  0.15703E+03
  0.18582E+03 -0.51385E+02 -0.30401E+03 -0.34387E+03 -0.30382E+03 -0.22702E+03
 -0.12521E+03 -0.61814E+02  0.25635E+02  0.10852E+03  0.17995E+03  0.25778E+03
  0.32003E+03  0.35978E+03  0.29887E+03  0.10411E+03 -0.38905E+02 -0.13435E+03
 -0.21175E+03 -0.23878E+03 -0.31200E+03 -0.30673E+03 -0.11396E+03  0.17771E+03
  0.40300E+03  0.42298E+03  0.28581E+03  0.16737E+03  0.10823E+03  0.12683E+03
  0.18311E+03  0.20233E+03  0.22950E+03  0.16346E+03  0.86831E+01 -0.77824E+02
 -0.72054E+02 -0.58683E+02 -0.79317E+02 -0.67864E+02  0.25380E+02  0.76433E+02
 -0.40100E+00 -0.21391E+02  0.64622E+02  0.13156E+03  0.22810E+03  0.32803E+03
  0.36567E+03  0.32955E+03  0.11051E+03 -0.13280E+03 -0.22584E+03 -0.25966E+03
 -0.22399E+03 -0.84868E+02  0.51661E+02  0.10853E+03  0.45689E+02 -0.11978E+03
 -0.23347E+03 -0.22000E+03 -0.12483E+03 -0.46110E+02 -0.31890E+02 -0.73909E+02
 -0.95332E+02 -0.12458E+03 -0.23910E+03 -0.33612E+03 -0.32138E+03 -0.10972E+03
  0.86883E+02  0.10569E+03  0.90907E+02  0.59298E+02  0.43197E+02  0.73022E+02
  0.66754E+02  0.33358E+02  0.16513E+02  0.55805E+02  0.65346E+02 -0.64261E+02
 -0.19483E+03 -0.18687E+03 -0.20338E+03 -0.26108E+03 -0.29582E+03 -0.35806E+03
 -0.38689E+03 -0.30208E+03 -0.19186E+03 -0.99653E+02 -0.55897E+02 -0.56201E+02
  0.21708E+02  0.20491E+03  0.41692E+03  0.56240E+03  0.51110E+03  0.36155E+03
  0.17131E+03 -0.70888E+02 -0.14406E+03 -0.11875E+03 -0.76891E+02  0.73292E+02
  0.28296E+03  0.41400E+03  0.45763E+03  0.44114E+03  0.39783E+03  0.25702E+03
  0.19657E+02 -0.76735E+02 -0.69157E+01  0.10039E+03  0.20801E+03  0.29093E+03
  0.24618E+03  0.69725E+02 -0.13528E+03 -0.25746E+03 -0.32756E+03 -0.34160E+03
 -0.22085E+03 -0.12703E+03 -0.11034E+03 -0.26743E+02  0.53521E+02 -0.67366E+02
 -0.26855E+03 -0.32868E+03 -0.25540E+03 -0.12222E+03 -0.52820E+02 -0.12210E+03
 -0.27466E+03 -0.39378E+03 -0.39323E+03 -0.27134E+03 -0.13416E+03 -0.67090E+02
 -0.18368E+02  0.82258E+02  0.19710E+03  0.22747E+03  0.11988E+03  0.43926E+02
  0.81523E+02  0.10649E+03  0.61639E+02  0.25169E+02  0.71976E+02  0.15362E+03
  0.17210E+03  0.78200E+02 -0.24721E+02  0.23829E+01  0.10777E+03  0.22710E+03
  0.29579E+03  0.23342E+03  0.51923E+02 -0.10445E+03 -0.15956E+03 -0.17306E+03
 -0.13378E+03 -0.13146E+03 -0.20153E+03 -0.26410E+03 -0.20223E+03 -0.69737E+02
 -0.37420E+02 -0.44739E+02  0.46452E+02  0.21612E+03  0.29167E+03  0.20450E+03
  0.10689E+03  0.16833E+03  0.23488E+03  0.19271E+03  0.10772E+03  0.59306E+02
  0.61264E+02  0.53330E+02  0.43812E+02  0.80992E+02  0.14168E+03  0.14438E+03
  0.11095E+03  0.10449E+03  0.12401E+03  0.75192E+02 -0.98737E+01 -0.72070E+02
 -0.78242E+02 -0.39549E+02  0.65959E+02  0.25406E+03  0.30621E+03  0.16006E+03
 -0.10063E+03 -0.34578E+03 -0.47433E+03 -0.42318E+03 -0.24894E+03 -0.11997E+03
 -0.14449E+03 -0.26606E+03 -0.34601E+03 -0.35806E+03 -0.26820E+03 -0.13778E+03
 -0.43360E+02  0.55852E+02  0.11490E+03  0.56162E+02 -0.12348E+03 -0.25694E+03
 -0.19268E+03 -0.71696E+02 -0.19368E+02  0.11738E+02  0.44519E+02  0.90766E+02
  0.94383E+02  0.64222E+02  0.30241E+02 -0.21591E+02  0.19555E+02  0.16481E+03
  0.32041E+03  0.50703E+03  0.56718E+03  0.38930E+03  0.18023E+03  0.59739E+02
 -0.11506E+02 -0.79398E+02 -0.11943E+03 -0.13905E+03 -0.11601E+03 -0.60954E+02
 -0.72728E+02 -0.10076E+03 -0.34443E+02  0.75724E+02  0.86288E+02  0.98007E+01
 -0.21644E+02 -0.16673E+02 -0.95399E+02 -0.23234E+03 -0.26529E+03 -0.16357E+03
  0.36338E+02  0.20209E+03  0.23339E+03  0.20888E+03  0.18673E+03  0.21354E+03
  0.25336E+03  0.18491E+03  0.29369E+02 -0.85281E+02 -0.15045E+03 -0.16743E+03
 -0.90892E+02  0.49657E+02  0.99023E+02  0.31224E+02  0.20474E+02  0.83210E+02
  0.18031E+03  0.25893E+03  0.27688E+03  0.24131E+03  0.11447E+03 -0.16660E+02
  0.13697E+02  0.59328E+02 -0.30633E+02 -0.15048E+03 -0.19357E+03 -0.17094E+03
 -0.11431E+03 -0.22366E+02  0.13017E+01 -0.12439E+03 -0.23831E+03 -0.18938E+03
 -0.14543E+03 -0.18340E+03 -0.17474E+03 -0.63907E+02  0.58562E+02  0.10717E+03
  0.56391E+02 -0.12775E+03 -0.27404E+03 -0.22789E+03 -0.14024E+03 -0.15572E+03
 -0.18124E+03 -0.18369E+03 -0.16552E+03 -0.11157E+03 -0.51605E+02 -0.59007E+02
 -0.83117E+02 -0.33482E+02 -0.29063E+01  0.11278E+02  0.12394E+02 -0.63386E+02
 -0.17867E+03 -0.19352E+03 -0.96427E+02  0.31617E+02  0.10907E+03  0.12039E+03
  0.18809E+03  0.35345E+03  0.39440E+03  0.18567E+03 -0.65429E+01 -0.23973E+02
  0.20909E+02  0.48464E+02  0.92305E+02  0.46517E+02 -0.94951E+02 -0.91210E+02
  0.15242E+02  0.32598E+02  0.19474E+02  0.49143E+02  0.82885E+02  0.12607E+03
  0.16384E+03  0.19087E+03  0.23216E+03  0.29542E+03  0.31684E+03  0.23256E+03
  0.59843E+02 -0.98104E+02 -0.11437E+03 -0.21835E+01  0.21094E+02 -0.16176E+03
 -0.21391E+03 -0.86946E+02 -0.16242E+02 -0.43078E+01  0.39766E+02  0.11358E+03
  0.15348E+03  0.16192E+03  0.19172E+03  0.14734E+03 -0.16585E+02 -0.92750E+02
 -0.76237E+02 -0.15029E+03 -0.27240E+03 -0.24950E+03 -0.13440E+03 -0.97380E+02
 -0.14570E+03 -0.16796E+03 -0.83428E+02  0.66850E+01  0.24987E+02  0.32984E+02
  0.61100E+02  0.67133E+02  0.22218E+01 -0.82005E+02 -0.14914E+03 -0.20823E+03
 -0.20239E+03 -0.14135E+03 -0.45090E+02  0.33583E+02  0.46661E+02  0.85453E+02
  0.14363E+03  0.16445E+03  0.13785E+03  0.11149E+03  0.13069E+03  0.17835E+03
  0.14815E+03  0.66270E+02  0.17741E+02 -0.48090E+02 -0.10847E+03 -0.73375E+02
 -0.24529E+02  0.78757E+01  0.62374E+02  0.61646E+02 -0.63317E+02 -0.20042E+03
 -0.18512E+03 -0.11772E+03 -0.11926E+03 -0.14832E+03 -0.14035E+03 -0.12104E+03
 -0.86055E+02 -0.26891E+02 -0.25799E+02 -0.10261E+03 -0.12826E+03 -0.42851E+02
  0.10484E+03  0.15924E+03  0.44766E+02 -0.83033E+02 -0.12430E+03 -0.91182E+02
 -0.66066E+02 -0.39136E+02  0.43992E+02  0.12952E+03  0.20516E+03  0.22727E+03
  0.99498E+02 -0.52545E+01  0.61967E+02  0.16918E+03  0.19892E+03  0.14872E+03
  0.54447E+02 -0.40086E+02 -0.61282E+02 -0.69055E+01  0.62567E+02  0.10846E+03
  0.82621E+02 -0.35287E+02 -0.20234E+03 -0.32603E+03 -0.30811E+03 -0.12480E+03
  0.42087E+02  0.74009E+02  0.73461E+02  0.83437E+02  0.62788E+02  0.55068E+02
  0.75579E+02  0.74151E+02 -0.79056E+01 -0.10436E+03 -0.13031E+03 -0.12599E+03
 -0.45413E+02  0.80443E+02  0.81435E+02 -0.35714E+02 -0.70149E+02  0.19209E+02
  0.12588E+03  0.17238E+03  0.92920E+02 -0.59701E+02 -0.13866E+03 -0.13597E+03
 -0.14930E+03 -0.20280E+03 -0.15698E+03  0.54808E+02  0.25030E+03  0.30913E+03
  0.22657E+03  0.86478E+02  0.19268E+02  0.38695E+02  0.12820E+03  0.20965E+03
  0.22753E+03  0.20992E+03  0.14248E+03 -0.78800E+01 -0.16405E+03 -0.21414E+03
 -0.14029E+03 -0.30466E+02  0.48655E+02  0.78887E+02  0.40731E+01 -0.46436E+02
  0.32449E+02  0.16261E+03  0.25856E+03  0.21133E+03  0.34872E+02 -0.10806E+03
 -0.11808E+03 -0.68083E+02  0.28293E+02  0.16838E+03  0.18235E+03  0.31642E+02
 -0.94122E+02 -0.14616E+03 -0.21096E+03 -0.19194E+03 -0.11365E+03 -0.44164E+02
 -0.11197E+02 -0.12852E+03 -0.29807E+03 -0.30596E+03 -0.18266E+03 -0.49823E+02
  0.88098E+02  0.21832E+03  0.26391E+03  0.20199E+03  0.66011E+02 -0.98245E+02
 -0.15098E+03 -0.60249E+02 -0.73101E+01 -0.61896E+02 -0.15317E+03 -0.23095E+03
 -0.17761E+03 -0.19553E+02  0.81427E+02  0.12637E+03  0.14350E+03  0.16219E+03
  0.20568E+03  0.23303E+03  0.21814E+03  0.16547E+03  0.77619E+02  0.28008E+01
 -0.10112E+01  0.13598E+02  0.18589E+01  0.54808E+02  0.19219E+03  0.24905E+03
  0.14267E+03 -0.62867E+02 -0.23041E+03 -0.27620E+03 -0.22100E+03 -0.87377E+02
  0.12594E+02  0.60671E+01 -0.45760E+02 -0.99450E+02 -0.14496E+03 -0.12077E+03
 -0.93698E+01  0.95490E+02  0.92906E+02 -0.48868E+02 -0.22387E+03 -0.31506E+03
 -0.31687E+03 -0.22404E+03 -0.86235E+02 -0.57702E+02 -0.10127E+03 -0.11321E+03
 -0.13909E+03 -0.15582E+03 -0.86534E+02  0.34545E+02  0.13360E+03  0.13728E+03
  0.23858E+02 -0.10949E+03 -0.15398E+03 -0.12922E+03 -0.36260E+02  0.82124E+02
  0.10010E+03  0.81228E+02  0.10596E+03  0.14027E+03  0.15771E+03  0.16467E+03
  0.16579E+03  0.93966E+02 -0.40208E+02 -0.13027E+03 -0.13007E+03 -0.10356E+03
 -0.11049E+03 -0.11518E+03 -0.87572E+02 -0.18486E+02  0.87548E+02  0.22400E+03
  0.31322E+03  0.24001E+03  0.14971E+03  0.15963E+03  0.14030E+03  0.49511E+02
 -0.16015E+02  0.26594E+02  0.99083E+02  0.16072E+03  0.20929E+03  0.17663E+03
  0.10016E+03  0.56093E+02  0.21234E+02 -0.52115E+01  0.13286E+02  0.61532E+02
  0.87703E+02  0.37091E+02 -0.46764E+02 -0.99177E+02 -0.14431E+03 -0.18035E+03
 -0.12123E+03  0.29112E+02  0.12080E+03  0.94875E+02  0.73567E+01 -0.92475E+02
 -0.13685E+03 -0.66953E+02  0.71343E+02  0.13792E+03  0.11616E+03  0.61419E+02
  0.25946E+00  0.29115E+02  0.16454E+03  0.22532E+03  0.15024E+03  0.41572E+02
 -0.19040E+02 -0.39508E+02 -0.61489E+02 -0.61832E+02 -0.15554E+02 -0.11728E+02
 -0.94947E+02 -0.17916E+03 -0.17125E+03 -0.57552E+02  0.45174E+02  0.27512E+02
 -0.68188E+02 -0.15980E+03 -0.23530E+03 -0.26999E+03 -0.28329E+03 -0.29209E+03
 -0.24114E+03 -0.17039E+03 -0.13203E+03 -0.14310E+03 -0.18421E+03 -0.17095E+03
 -0.83851E+02 -0.91569E+01 -0.17706E+02 -0.49695E+02 -0.11163E+03 -0.13823E+03
 -0.26027E+02  0.46557E+02  0.53083E+01 -0.17919E+02  0.17685E+02  0.45675E+02
  0.36663E+02  0.41415E+02  0.98732E+02  0.16780E+03  0.26168E+03  0.30771E+03
  0.17242E+03  0.13666E+02 -0.16069E+02  0.49591E+02  0.15584E+03  0.24299E+03
  0.25591E+03  0.16673E+03  0.25082E+02 -0.82433E+02 -0.43374E+02  0.92603E+02
  0.19234E+03  0.25254E+03  0.24778E+03  0.13440E+03 -0.28928E+02 -0.14499E+03
 -0.15974E+03 -0.69026E+02  0.17785E+02  0.87553E+01 -0.13893E+02  0.91118E+01
  0.41542E+02  0.29139E+02 -0.14870E+02 -0.64041E+02 -0.12968E+03 -0.11893E+03
 -0.36145E+02 -0.21203E+02 -0.90488E+02 -0.12981E+03 -0.96207E+02 -0.18632E+02
  0.60953E+02  0.10485E+03  0.92446E+02  0.50612E+02  0.17038E+02 -0.11606E+02
 -0.28120E+02 -0.40596E+02 -0.44995E+02 -0.92280E+02 -0.19711E+03 -0.23149E+03
 -0.16710E+03 -0.54316E+02  0.95389E+02  0.19385E+03  0.18121E+03  0.13068E+03
  0.79409E+02  0.60655E+02  0.89682E+02  0.12089E+03  0.11111E+03  0.53426E+02
  0.17113E+02  0.64279E+02  0.12517E+03  0.11095E+03  0.76799E+02  0.29027E+02
 -0.47046E+02 -0.11373E+03 -0.13594E+03 -0.70110E+02  0.51190E+02  0.94790E+02
 -0.37230E+01 -0.16795E+03 -0.23642E+03 -0.15684E+03 -0.17430E+02  0.48109E+02
  0.13913E+02 -0.41851E+02 -0.91133E+02 -0.11890E+03 -0.15051E+03 -0.18492E+03
 -0.15418E+03 -0.70389E+02 -0.78490E+01  0.25633E+02  0.36699E+02  0.29076E+02
  0.42339E+02  0.81443E+02  0.11524E+03  0.10223E+03  0.32041E+02 -0.32072E+02
 -0.38545E+02 -0.40003E+02 -0.59970E+02 -0.49370E+02 -0.13548E+02  0.15852E+02
  0.13443E+02 -0.14101E+01  0.48041E+01  0.24966E+02  0.53384E+02  0.81898E+02
  0.55265E+02 -0.14262E+01 -0.41957E+02 -0.69107E+02 -0.51442E+02 -0.49865E+01
  0.50553E+02  0.10992E+03  0.14116E+03  0.10914E+03  0.20306E+02 -0.59951E+02
 -0.53287E+02  0.16293E+02  0.59218E+02  0.54398E+02  0.29375E+02 -0.49965E+02
 -0.16832E+03 -0.19039E+03 -0.95511E+02  0.13507E+02  0.34510E+02 -0.27811E+01
  0.24369E+02  0.54813E+02  0.24518E+02  0.48883E+01  0.18194E+01  0.80292E+01
  0.16594E+02  0.35108E+02  0.58872E+02  0.32411E+02 -0.87512E+01 -0.17793E+02
 -0.11242E+02 -0.10275E+02 -0.95148E+01  0.48663E+01  0.11206E+02  0.17018E+02
  0.81735E+02  0.17038E+03  0.15102E+03 -0.11733E+02 -0.14190E+03 -0.89528E+02
  0.20917E+02  0.51999E+02  0.49439E+02  0.51223E+01 -0.83396E+02 -0.10000E+03
 -0.67062E+02 -0.13644E+02  0.63105E+02  0.93151E+02  0.10289E+03  0.10224E+03
  0.56384E+02  0.17184E+02 -0.15359E+01 -0.22803E+02 -0.48812E+02 -0.52842E+02
 -0.12940E+02  0.12933E+02  0.42085E+02  0.49381E+02  0.54822E+01 -0.41196E+01
 -0.22555E+01 -0.47120E+02 -0.10362E+03 -0.11186E+03 -0.67420E+02 -0.73390E+01
  0.35203E+02  0.24481E+02 -0.63640E+02 -0.16653E+03 -0.19476E+03 -0.10528E+03
  0.18846E+02  0.85047E+02  0.90120E+02  0.41270E+02 -0.53224E+01  0.30493E+01
  0.19148E+02 -0.32929E+01 -0.25877E+02 -0.76494E+01  0.40455E+02  0.67156E+02
  0.46495E+02 -0.17697E+02 -0.76490E+02 -0.84680E+02 -0.47672E+02  0.27741E+02
  0.81802E+02  0.70924E+02  0.60163E+02  0.66495E+02  0.46463E+02  0.38385E+02
  0.69176E+02  0.10471E+03  0.94671E+02  0.33853E+02 -0.27263E+02 -0.67715E+02
 -0.90156E+02 -0.56821E+02 -0.25831E+02 -0.67650E+02 -0.10537E+03 -0.80436E+02
 -0.17160E+02  0.43196E+02  0.63522E+02  0.27222E+02 -0.33822E+02 -0.81229E+02
 -0.87155E+02 -0.27610E+02  0.16636E+02 -0.30691E+00 -0.60954E+01  0.36430E+01
 -0.20350E+01  0.19169E+02  0.44345E+02  0.69155E+01 -0.33148E+02 -0.37344E+01
  0.32518E+02  0.11761E+02 -0.90446E+01  0.46923E+01  0.28458E+02  0.48595E+02
  0.74057E+02  0.85752E+02  0.21956E+02 -0.44978E+02 -0.17648E+02  0.50456E+02
  0.87146E+02  0.10665E+03  0.96291E+02  0.24909E+02 -0.73904E+02 -0.10507E+03
 -0.40352E+02  0.25019E+02  0.56535E+02  0.44792E+02 -0.21649E+02 -0.69932E+02
 -0.56629E+02  0.19379E+02  0.11040E+03  0.13257E+03  0.79878E+02  0.12368E+01
 -0.37529E+02 -0.14037E+02  0.24345E+02  0.29737E+02 -0.79168E+01 -0.61876E+02
 -0.95994E+02 -0.92173E+02 -0.65017E+02 -0.24392E+02  0.16420E+02  0.16488E+02
  0.26418E+01 -0.84145E+01 -0.41869E+02 -0.70915E+02 -0.87649E+02 -0.11079E+03
 -0.99835E+02 -0.31330E+02  0.21751E+02  0.21404E+01 -0.49877E+02 -0.84134E+02
 -0.76341E+02 -0.26822E+02  0.10843E+02  0.17451E+02  0.15915E+02  0.24750E+02
  0.41937E+02  0.49011E+02  0.59565E+02  0.87319E+02  0.11704E+03  0.11844E+03
  0.10173E+03  0.51257E+02 -0.27700E+02 -0.47079E+02 -0.22989E+02  0.38859E+01
  0.34991E+02  0.20801E+02 -0.16064E+02 -0.13342E+02  0.37753E+02  0.68256E+02
  0.94088E+01 -0.90269E+02 -0.17520E+03 -0.19286E+03 -0.11278E+03  0.14229E+02
  0.10281E+03  0.88723E+02  0.56088E+01 -0.68130E+02 -0.96195E+02 -0.75729E+02
 -0.17098E+02  0.57350E+02  0.11401E+03  0.11941E+03  0.82137E+02  0.14582E+02
 -0.47043E+02 -0.41763E+02  0.12310E+02  0.43640E+02  0.32193E+02  0.10945E+02
 -0.27118E+02 -0.78953E+02 -0.86915E+02 -0.40231E+02  0.14110E+02  0.61842E+02
  0.12532E+03  0.16359E+03  0.14269E+03  0.12406E+03  0.14079E+03  0.14054E+03
  0.96294E+02  0.11861E+02 -0.87765E+02 -0.13477E+03 -0.11144E+03 -0.68792E+02
 -0.37491E+02 -0.42122E+02 -0.65671E+02 -0.76056E+02 -0.82083E+02 -0.86632E+02
 -0.64605E+02 -0.32382E+02 -0.20217E+02 -0.11451E+02  0.60238E+00 -0.80913E+01
 -0.43080E+02 -0.88386E+02 -0.91121E+02 -0.40437E+02  0.18879E+02  0.46658E+02
  0.15661E+02 -0.37884E+02 -0.46414E+02 -0.30777E+02 -0.42544E+02 -0.47679E+02
 -0.26113E+02 -0.10910E+02  0.96001E+01  0.36328E+02  0.55755E+02  0.65461E+02
  0.48267E+02  0.21832E+02  0.45105E+02  0.59413E+02  0.38911E+02  0.45781E+02
  0.70658E+02  0.77133E+02  0.47913E+02 -0.22104E+01 -0.38719E+02 -0.47453E+02
 -0.41473E+02 -0.26244E+02 -0.11418E+02 -0.13402E+02  0.47517E+01  0.47785E+02
  0.64662E+02  0.56854E+02  0.29948E+02  0.76877E+01  0.94774E+01 -0.59361E+01
 -0.35894E+02 -0.70468E+02 -0.96540E+02 -0.70516E+02 -0.20155E+02 -0.99452E+00
  0.10365E+02  0.12093E+02 -0.20068E+02 -0.53761E+02 -0.66712E+02 -0.51860E+02
 -0.28374E+02 -0.40186E+02 -0.56537E+02 -0.40688E+02 -0.15654E+02 -0.39725E+01
 -0.68018E+01  0.51937E+01  0.38239E+02  0.44455E+02  0.29232E+02  0.45548E+02
  0.80707E+02  0.86536E+02  0.82221E+02  0.65492E+02  0.20335E+02 -0.81853E+01
 -0.16410E+02 -0.26961E+02 -0.24034E+02 -0.28597E+02 -0.21538E+01  0.54418E+02
  0.60712E+02  0.44379E+02  0.34930E+02  0.19538E+02  0.28716E+02  0.66856E+02
  0.90865E+02  0.76370E+02  0.16047E+02 -0.37279E+02 -0.27255E+02 -0.80511E+01
 -0.25014E+02 -0.34268E+02 -0.33694E+02 -0.32112E+02 -0.16232E+02 -0.22902E+02
 -0.29064E+02 -0.75569E+01 -0.12030E+02 -0.48517E+02 -0.67261E+02 -0.54950E+02
 -0.26468E+02  0.25095E+01  0.10721E+02 -0.10807E+02 -0.42744E+02 -0.63386E+02
 -0.50028E+02 -0.18660E+02  0.56767E+01  0.25650E+02  0.28192E+02  0.88537E+01
  0.13218E+01  0.13531E+02  0.20416E+02 -0.31748E+00  0.18717E+01  0.40407E+02
  0.58082E+02  0.52949E+02  0.53278E+02  0.51352E+02  0.48010E+02  0.42202E+02
  0.22009E+02 -0.13600E+02 -0.57363E+02 -0.89525E+02 -0.92123E+02 -0.64156E+02
 -0.26427E+02  0.15569E+02  0.27471E+02 -0.21546E+01  0.60401E+01  0.27564E+02
  0.17564E+02  0.24364E+02  0.47857E+02  0.72891E+02  0.93074E+02  0.50896E+02
 -0.30584E+02 -0.64313E+02 -0.41518E+02  0.26184E+01  0.81904E+01 -0.38710E+02
 -0.53283E+02 -0.10590E+02  0.30205E+02  0.47156E+02  0.42395E+02  0.17066E+02
 -0.84005E+01  0.20036E+01  0.20150E+02  0.79335E+01 -0.10663E+02 -0.14667E+02
 -0.20429E+02 -0.26502E+02 -0.19254E+02  0.31389E+01  0.29769E+02  0.52655E+02
  0.69430E+02  0.49174E+02 -0.10896E+01 -0.29982E+02 -0.36492E+02 -0.29138E+02
 -0.48014E+00  0.18064E+02  0.98506E+01  0.19418E+01  0.95219E+01 -0.11886E+02
 -0.47428E+02 -0.31953E+02  0.16302E+02  0.61435E+02  0.73786E+02  0.41958E+02
 -0.36785E-01 -0.31253E+02 -0.33378E+02  0.70329E+01  0.36733E+02  0.18851E+01
 -0.46922E+02 -0.43337E+02  0.33884E+01  0.42321E+02  0.38279E+02 -0.12628E+02
 -0.28403E+02  0.10979E+02  0.20391E+02 -0.57912E+01 -0.25529E+02 -0.21246E+02
  0.26314E+01  0.66069E+01 -0.41289E+02 -0.89243E+02 -0.85846E+02 -0.32998E+02
  0.25637E+02  0.43870E+02  0.11747E+02 -0.32572E+02 -0.59837E+02 -0.59843E+02
 -0.53758E+02 -0.58344E+02 -0.71648E+02 -0.87031E+02 -0.59584E+02 -0.20254E+01
  0.31947E+02  0.45835E+02  0.48092E+02  0.50553E+02  0.43566E+02  0.10590E+02
 -0.27378E+01  0.30088E+02  0.65437E+02  0.56995E+02  0.15327E+02 -0.25197E+02
 -0.48107E+02 -0.47782E+02 -0.32006E+02  0.25654E+01  0.23098E+02  0.76403E+01
  0.33367E+02  0.89872E+02  0.10792E+03  0.87389E+02  0.49741E+02  0.26416E+02
  0.32258E+02  0.30329E+02  0.10293E+02 -0.45510E+01 -0.20718E+02 -0.30996E+02
 -0.19763E+02 -0.13235E+02 -0.19832E+02 -0.23733E+02 -0.22060E+02 -0.94371E+01
 -0.87302E+01 -0.31177E+02 -0.47015E+02 -0.50146E+02 -0.28847E+02  0.12504E+02
  0.18551E+02 -0.11323E+02 -0.20411E+02 -0.91760E+01 -0.16528E+02 -0.42062E+02
 -0.72804E+02 -0.77440E+02 -0.42546E+02  0.63611E+01  0.48900E+02  0.54084E+02
  0.20246E+02  0.47004E+01  0.31339E+01 -0.34167E+00  0.53232E+01  0.50608E+01
  0.12027E+02  0.54196E+02  0.84675E+02  0.60976E+02  0.66284E+01 -0.36859E+02
 -0.29430E+02 -0.84613E+01 -0.32690E+01  0.99978E+01  0.26477E+02  0.37553E+02
  0.35039E+02  0.96163E+01 -0.28276E+02 -0.36477E+02 -0.19737E+02 -0.18580E+02
 -0.18468E+02 -0.14207E+02 -0.88254E+01  0.14630E+01  0.76197E+01  0.15512E+02
  0.18101E+02 -0.87193E+01 -0.26297E+02 -0.12078E+02  0.12955E+02  0.95283E+01
 -0.37890E+02 -0.66866E+02 -0.36923E+02 -0.52411E+01 -0.40559E+01 -0.11756E+02
 -0.99496E+01  0.34125E+01  0.11274E+02  0.94757E+01  0.93122E+01  0.17424E+02
  0.29674E+02  0.36587E+02  0.32538E+02  0.17970E+02  0.50170E+01  0.84160E+01
  0.11558E+02  0.56910E+01 -0.96880E+01 -0.36340E+02 -0.46789E+02 -0.31636E+02
 -0.16840E+02 -0.85822E+01  0.88197E+01  0.32929E+02  0.39761E+02 -0.27934E+00
 -0.62747E+02 -0.10279E+03 -0.10275E+03 -0.44558E+02  0.16558E+02  0.23425E+02
  0.93600E+01  0.54937E+01  0.15278E+02  0.32101E+02  0.26515E+02  0.33821E+01
 -0.50035E+01  0.67367E+01  0.83549E+01 -0.27040E+02 -0.74002E+02 -0.86059E+02
 -0.40987E+02  0.22753E+02  0.53894E+02  0.44597E+02  0.34884E+02  0.53077E+02
  0.78201E+02  0.77011E+02  0.68117E+02  0.55585E+02  0.16948E+02 -0.20924E+02
 -0.29360E+02 -0.21951E+02 -0.21169E+02 -0.34871E+02 -0.47213E+02 -0.48248E+02
 -0.33673E+02  0.15427E+01  0.31239E+02  0.54683E+02  0.77802E+02  0.77377E+02
  0.46497E+02  0.11271E+02  0.77548E+01  0.19401E+02  0.14279E+02  0.88162E+01
  0.28411E+01  0.10667E+02  0.23338E+02  0.10623E+02 -0.56476E+01 -0.18920E+02
 -0.39862E+02 -0.47948E+02 -0.44989E+02 -0.37224E+02 -0.18581E+02  0.48678E+01
  0.18518E+02 -0.37331E+01 -0.32992E+02 -0.39622E+02 -0.41412E+02 -0.17237E+02
  0.19301E+02  0.18076E+02  0.24677E+00  0.63099E+01  0.27503E+02  0.21205E+02
 -0.13781E+02 -0.54556E+02 -0.71815E+02 -0.40266E+02  0.86329E+01  0.26080E+02
  0.23070E+02  0.63661E+01 -0.16262E+02 -0.20567E+02 -0.30234E+02 -0.32031E+02
  0.79407E+00  0.37370E+02  0.57075E+02  0.49970E+02  0.25374E+02  0.21736E+02
  0.38557E+02  0.45883E+02  0.43154E+02  0.35644E+02  0.20761E+02 -0.98026E+00
 -0.87366E+01 -0.43705E-01 -0.59355E+01 -0.27960E+02 -0.44588E+02 -0.44478E+02
 -0.33061E+02 -0.23431E+02 -0.74324E+01  0.15286E+02  0.23128E+02  0.20311E+02
  0.18317E+02  0.12902E+02 -0.70730E+01 -0.25053E+02 -0.24733E+02 -0.18116E+02
 -0.98620E+01 -0.71208E+00 -0.40454E+01 -0.15585E+02 -0.12979E+02 -0.76696E+01
  0.77757E+01  0.42500E+02  0.58505E+02  0.19797E+02 -0.35848E+02 -0.58309E+02
 -0.52989E+02 -0.18336E+02  0.34418E+02  0.54980E+02  0.39223E+02  0.21568E+02
  0.28361E+02  0.50190E+02  0.52885E+02  0.45060E+02  0.44244E+02  0.31685E+02
 -0.28001E+00 -0.35436E+02 -0.41521E+02 -0.23274E+02 -0.21763E+02 -0.28230E+02
 -0.43730E+02 -0.64690E+02 -0.36151E+02  0.93879E+01  0.20123E+02  0.27119E+02
  0.29620E+02  0.15314E+02  0.53101E+01  0.38580E+01 -0.75300E+01 -0.23589E+02
 -0.15724E+02 -0.57984E+00 -0.88084E+01 -0.15242E+02 -0.16377E+02 -0.21542E+02
 -0.17560E+02  0.60282E+01  0.36593E+02  0.33480E+02  0.91569E+00 -0.20398E+02
  0.15146E+00  0.32091E+02  0.23891E+02 -0.58061E+01 -0.23449E+02 -0.23214E+02
  0.52113E+00  0.26922E+02  0.26845E+02  0.22212E+02  0.28086E+02  0.30880E+02
  0.18706E+02 -0.10239E+02 -0.28827E+02 -0.21969E+02 -0.29946E+01  0.68744E+01
 -0.16935E+01 -0.16224E+02 -0.28693E+02 -0.26060E+02 -0.29479E+01  0.13488E+02
  0.43983E+01 -0.88339E+01  0.10769E+01  0.14782E+02  0.10748E+01 -0.27334E+02
 -0.27733E+02 -0.24678E+01  0.22301E+02  0.42018E+02  0.42381E+02  0.23200E+02
  0.44873E+01 -0.51750E+01 -0.19397E+02 -0.45871E+02 -0.65062E+02 -0.55994E+02
 -0.28733E+02  0.12148E+01  0.22195E+02  0.24324E+02  0.16006E+02  0.48065E+01
 -0.21418E+01 -0.10365E+02 -0.30157E+02 -0.46710E+02 -0.44052E+02 -0.17581E+02
  0.95332E+01  0.32343E+01 -0.19801E+02 -0.26493E+02 -0.97708E+01  0.18312E+02
  0.27849E+02  0.18467E+02  0.13651E+02  0.18886E+02  0.27081E+02  0.24314E+02
  0.18678E+02  0.60627E+01 -0.17439E+02 -0.20788E+02 -0.64304E+01  0.77482E+01
  0.25692E+02  0.27072E+02  0.13008E+02  0.92539E+01  0.13080E+02  0.21908E+02
  0.36365E+02  0.33487E+02  0.10634E+02 -0.58875E+01 -0.41320E+01  0.97691E+01
  0.13612E+02 -0.89309E+00 -0.18089E+02 -0.22251E+02 -0.67982E+01  0.10020E+02
  0.13832E+02  0.85064E+00 -0.13275E+02 -0.15899E+02 -0.12371E+02 -0.56943E+01
 -0.13521E+02 -0.25501E+02 -0.11468E+02  0.61702E+01  0.95321E+01  0.53233E+01
 -0.58609E+01 -0.10642E+02  0.75510E+01  0.28945E+02  0.20645E+02 -0.27705E+01
 -0.22749E+02 -0.30820E+02 -0.22776E+02 -0.12891E+02 -0.13987E+02 -0.18943E+02
 -0.84085E+01  0.18389E+02  0.43701E+02  0.53069E+02  0.41997E+02  0.18282E+02
  0.64487E+00 -0.14305E+02 -0.33535E+02 -0.43193E+02 -0.30420E+02 -0.13942E+02
 -0.11011E+02 -0.21463E+02 -0.38090E+02 -0.37704E+02 -0.24345E+02 -0.66111E+01
  0.10185E+02  0.35877E+01 -0.12953E+02 -0.14003E+02 -0.13497E+02 -0.22561E+02
 -0.22062E+02 -0.80539E+01  0.59588E+01  0.11564E+02  0.17846E+02  0.28532E+02
  0.29864E+02  0.15884E+02  0.20259E+01 -0.16008E+02 -0.31301E+02 -0.84812E+01
  0.28758E+02  0.42385E+02  0.38298E+02  0.18467E+02 -0.50078E+01  0.25505E+01
  0.18038E+02  0.17212E+02  0.13294E+02  0.50502E+01  0.16370E+01  0.16307E+02
  0.20463E+02  0.91011E+01  0.46704E+00 -0.47805E+01  0.60952E+00  0.16488E+02
  0.29388E+02  0.29755E+02  0.17716E+02  0.22963E+01 -0.12137E+02 -0.22226E+02
 -0.14053E+02  0.41719E+01  0.11197E+02  0.85931E+01  0.26889E+01 -0.13972E+02
 -0.32749E+02 -0.33139E+02 -0.19811E+02 -0.82237E+00  0.84199E+01 -0.23618E+00
 -0.69562E+01  0.93924E+00  0.13821E+02  0.10693E+02 -0.55194E+01 -0.11038E+02
 -0.11889E+02 -0.22848E+02 -0.29562E+02 -0.23621E+02 -0.12445E+02 -0.18067E+01
  0.11087E+02  0.20401E+02  0.27066E+02  0.26489E+02  0.97672E+01 -0.67592E+01
 -0.18015E+02 -0.29100E+02 -0.38727E+02 -0.46757E+02 -0.46023E+02 -0.35377E+02
 -0.21884E+02  0.43968E+01  0.32272E+02  0.36759E+02  0.30695E+02  0.18565E+02
  0.35984E+01 -0.15783E+01 -0.40821E+01 -0.95563E+01 -0.11912E+02 -0.16331E+02
 -0.16834E+02 -0.12326E+01  0.60579E+01 -0.15414E+01  0.46110E+01  0.18636E+02
  0.21867E+02  0.22612E+02  0.12590E+02 -0.63067E+01 -0.79308E+01  0.16507E+01
 -0.30346E+01 -0.14079E+02 -0.14969E+02 -0.11532E+02 -0.54299E+01  0.80843E+01
  0.16734E+02  0.14591E+02  0.90018E+01  0.51981E+01  0.13157E+02  0.26396E+02
  0.31169E+02  0.31316E+02  0.29692E+02  0.21286E+02  0.97507E+01 -0.60060E+01
 -0.25819E+02 -0.35818E+02 -0.25659E+02 -0.54473E+01  0.70744E+01  0.83772E+01
  0.15632E+02  0.28938E+02  0.30754E+02  0.18173E+02  0.26476E+01 -0.32358E+01
 -0.13683E+01  0.29601E+01  0.41400E+01  0.16060E+01 -0.18332E+01 -0.70635E+01
 -0.11624E+02 -0.11270E+02 -0.39139E+01  0.36465E+01  0.45112E+00 -0.14935E+02
 -0.21053E+02 -0.15555E+02 -0.13424E+02 -0.10027E+02 -0.16947E+01  0.71916E-01
 -0.11564E+02 -0.14007E+02 -0.51186E+01  0.17034E+01  0.63057E+01  0.11259E+01
 -0.99810E+01 -0.12538E+02 -0.13928E+02 -0.16242E+02 -0.12975E+02 -0.12171E+02
 -0.83427E+01  0.18420E+01  0.14531E+01 -0.62803E+01 -0.38351E+01 -0.10866E+01
 -0.10822E+02 -0.19219E+02 -0.14158E+02 -0.41791E+01  0.21333E+01  0.71492E+01
  0.12169E+02  0.75031E+01  0.26154E+01  0.61959E+01  0.34454E+01  0.22700E+01
  0.11551E+02  0.16324E+02  0.13487E+02  0.13244E+02  0.89183E+01  0.16213E+00
  0.44403E+01  0.12458E+02  0.16085E+02  0.22368E+02  0.26177E+02  0.23807E+02
  0.19282E+02  0.77566E+01 -0.54386E+01 -0.79960E+01 -0.35723E+01  0.26764E+01
  0.10426E+02  0.14439E+02  0.72599E+01 -0.48639E+01 -0.90798E+01 -0.55458E+01
 -0.36863E+01 -0.47668E+01 -0.47682E+01 -0.88111E+01 -0.14137E+02 -0.14530E+02
 -0.12851E+02 -0.11111E+02 -0.80745E+01 -0.33517E+00  0.11520E+02  0.15776E+02
  0.46274E+01 -0.79783E+01 -0.11587E+02 -0.10534E+02  0.15519E+01  0.19427E+02
  0.18976E+02  0.51645E+01  0.47941E+00  0.59086E+01  0.86548E+01  0.59046E+01
  0.19376E+00 -0.48889E+01 -0.48361E+01 -0.17080E+01 -0.38533E-01 -0.50480E+01
 -0.14780E+02 -0.18600E+02 -0.14221E+02 -0.62116E+01 -0.88236E+01 -0.23022E+02
 -0.32410E+02 -0.30078E+02 -0.19868E+02 -0.73045E+01 -0.10936E+01  0.33369E+01
  0.14123E+02  0.20069E+02  0.11528E+02 -0.11279E+01 -0.27870E+01  0.30124E+00
 -0.50840E+00 -0.21562E+01 -0.12634E+01 -0.35783E+01 -0.32087E+01  0.87904E+01
  0.20773E+02  0.24675E+02  0.29499E+02  0.34380E+02  0.30179E+02  0.22198E+02
  0.18662E+02  0.16446E+02  0.65931E+01 -0.10030E+02 -0.13426E+02 -0.20978E+01
  0.35972E+01  0.88535E+01  0.23532E+02  0.24692E+02  0.42942E+01 -0.10851E+02
 -0.13213E+02 -0.12467E+02 -0.59736E+01  0.47064E+00 -0.46384E+00 -0.63662E+01
 -0.72047E+01 -0.82589E+00  0.70089E+00 -0.11492E+01  0.49921E+01  0.51815E+01
 -0.42774E+01 -0.68810E+01 -0.74063E+01 -0.10288E+02 -0.83729E+01 -0.50270E+01
 -0.60144E+01 -0.55584E+01 -0.54461E+00  0.42278E+01  0.10028E+02  0.15182E+02
  0.15030E+02  0.11555E+02  0.54577E+01  0.16532E+01  0.27105E+01  0.46534E-02
 -0.85637E+01 -0.16266E+02 -0.17143E+02 -0.12634E+02 -0.12738E+02 -0.19044E+02
 -0.23101E+02 -0.19388E+02 -0.82770E+01  0.47300E+01  0.13707E+02  0.16572E+02
  0.16069E+02  0.98519E+01  0.12772E+01 -0.68598E+01 -0.14576E+02 -0.12691E+02
 -0.56782E+01 -0.88423E+01 -0.11918E+02 -0.31508E+01  0.85524E+01  0.14450E+02
  0.17128E+02  0.16290E+02  0.44930E+01 -0.92249E+01 -0.10158E+02 -0.38742E+01
  0.19111E+01  0.52545E+01  0.56855E+00 -0.77049E+01 -0.91420E+01  0.49355E+00
  0.11915E+02  0.14761E+02  0.11836E+02  0.89976E+01  0.50309E+01 -0.24573E+01
 -0.57355E+01 -0.40134E+01 -0.38830E+01 -0.53160E+00  0.67592E+01  0.40207E+01
 -0.30235E+00  0.37115E+01  0.20214E+01 -0.34720E+01 -0.39827E+01  0.12261E+01
  0.87042E+01  0.10983E+02  0.75590E+01  0.22062E+01 -0.28580E+01 -0.64480E+01
 -0.56440E+01 -0.25235E+01 -0.37209E+01 -0.49006E+01 -0.29680E+01 -0.27625E+01
 -0.41321E+01 -0.61919E+01 -0.60215E+01 -0.57538E+01 -0.80912E+01 -0.69035E+01
 -0.20395E+01 -0.74869E+00 -0.45687E+01 -0.64654E+01 -0.70261E+01 -0.98163E+01
 -0.76505E+01  0.16666E+00  0.66595E+01  0.11614E+02  0.12417E+02  0.80457E+01
  0.12106E+00 -0.11156E+02 -0.16756E+02 -0.13682E+02 -0.75093E+01 -0.53105E+01
 -0.85100E+01 -0.14280E+02 -0.16890E+02 -0.90258E+01  0.58512E+01  0.14320E+02
  0.10146E+02  0.17705E+01 -0.38538E+01 -0.44365E+01  0.10583E+01  0.68423E+01
  0.88845E+01  0.88552E+01  0.78852E+01  0.53593E+01  0.10916E+01 -0.30600E+01
 -0.28788E+01  0.89128E-02  0.25195E+01  0.24440E+01 -0.20886E+01 -0.64629E+01
 -0.87907E+01 -0.10538E+02 -0.92160E+01 -0.33897E+01  0.44461E+01  0.11586E+02
  0.14449E+02  0.11548E+02  0.10540E+02  0.88868E+01  0.12546E+01 -0.17053E+01
  0.10399E+01 -0.15231E-01 -0.15409E+01 -0.14989E+01 -0.51249E+01 -0.10310E+02
 -0.12497E+02 -0.13439E+02 -0.12956E+02 -0.11626E+02 -0.10272E+02 -0.55703E+01
 -0.96874E+00  0.62897E+00  0.29365E+01  0.47124E+01  0.36701E+01  0.95142E+00
  0.32280E+00  0.17000E+01  0.68052E+00 -0.29111E+01 -0.46902E+01 -0.57896E+01
 -0.56795E+01 -0.13100E+01  0.42770E+01  0.73048E+01  0.93570E+01  0.82531E+01
  0.26744E+01 -0.28037E+01 -0.54786E+01 -0.36047E+01  0.16513E+01  0.74762E+01
  0.11496E+02  0.96243E+01  0.21574E+01 -0.48323E+01 -0.27617E+01  0.70069E+01
  0.13804E+02  0.12373E+02  0.52566E+01 -0.50417E+00 -0.39514E+00  0.13935E+01
 -0.11456E+00 -0.38655E+01 -0.69033E+01 -0.74098E+01 -0.60747E+01 -0.42532E+01
 -0.11731E+01  0.25661E+01  0.42547E+01  0.27543E+01  0.29423E+00 -0.13670E+01
 -0.92583E+00  0.68985E+00  0.21983E+01 -0.41529E+00 -0.64637E+01 -0.97626E+01
 -0.95877E+01 -0.78853E+01 -0.40828E+01 -0.11510E+01 -0.16864E+01 -0.28046E+01
 -0.47305E+00  0.51636E+01  0.93917E+01  0.85781E+01  0.50340E+01  0.16931E+01
 -0.16715E+01 -0.27600E+01 -0.18770E+01 -0.33845E+01 -0.56612E+01 -0.39512E+01
  0.13587E+01  0.51157E+01  0.61261E+01  0.58109E+01  0.21047E+01 -0.39744E+01
 -0.52761E+01 -0.28211E+01 -0.18847E+01 -0.35086E+00  0.33445E+01  0.42037E+01
 -0.35391E+00 -0.44454E+01 -0.37675E+01 -0.52751E+00  0.18352E+01  0.19188E+01
  0.49887E+00 -0.13342E+01 -0.24904E+00  0.66192E+01  0.13663E+02  0.13780E+02
  0.96385E+01  0.56943E+01  0.28692E+01  0.26619E+01  0.61250E+01  0.84967E+01
  0.65115E+01  0.20530E+01 -0.34334E+01 -0.72191E+01 -0.44838E+01  0.18766E+01
  0.56197E+01  0.68939E+01  0.71862E+01  0.53780E+01  0.43371E+01  0.51070E+01
  0.46803E+01  0.37035E+01  0.33253E+01  0.27901E+01  0.28533E+01  0.36358E+01
  0.32368E+01 -0.25654E+00 -0.56978E+01 -0.97656E+01 -0.10007E+02 -0.72986E+01
 -0.47590E+01 -0.50345E+01 -0.35963E+01  0.23792E+01  0.83023E+01  0.10726E+02
  0.82876E+01  0.28677E+01 -0.23935E+00 -0.26285E+01 -0.55650E+01 -0.44828E+01
 -0.67790E+00 -0.66067E+00 -0.41143E+01 -0.53378E+01 -0.43126E+01 -0.13765E+01
  0.73688E+01  0.16543E+02  0.16593E+02  0.84005E+01  0.71482E+00 -0.32362E+01
 -0.62801E+01 -0.57340E+01 -0.14721E+01 -0.17737E+01 -0.57884E+01 -0.72400E+01
 -0.56937E+01 -0.20324E+01  0.36839E+01  0.74990E+01  0.81255E+01  0.71788E+01
  0.42085E+01  0.93154E+00 -0.10331E+01 -0.82039E+00  0.17510E+01  0.33208E+01
  0.26782E+01  0.11307E+01 -0.54787E+00 -0.17848E+01 -0.29463E+01 -0.32151E+01
 -0.22587E+01 -0.14046E+01 -0.34698E+00  0.47624E+00  0.10473E+01  0.19508E+01
  0.30574E+01  0.96273E+00 -0.20515E+01 -0.83346E+00  0.21074E+01  0.39067E+01
  0.46786E+01  0.52447E+01  0.68290E+01  0.70507E+01  0.33229E+01 -0.16840E+01
 -0.44399E+01 -0.48024E+01 -0.42238E+01 -0.26867E+01 -0.14688E+01 -0.39652E+01
 -0.63529E+01 -0.58161E+01 -0.48571E+01 -0.29833E+01  0.13184E+01  0.65868E+01
  0.85925E+01  0.50791E+01 -0.93632E+00 -0.45321E+01 -0.49261E+01 -0.39490E+01
 -0.16399E+01 -0.22545E+01 -0.80485E+01 -0.12403E+02 -0.10089E+02 -0.53812E+01
 -0.18290E+01  0.17185E+01  0.40355E+01  0.19970E+01 -0.30299E+01 -0.66322E+01
 -0.70602E+01 -0.67080E+01 -0.46307E+01  0.83103E+00  0.54840E+01  0.70402E+01
  0.64923E+01  0.36531E+01  0.69268E+00 -0.55870E+00  0.90468E+00  0.25312E+01
  0.23054E+01  0.10755E+01 -0.79861E+00 -0.17809E+01 -0.42943E+00  0.49964E+00
 -0.55607E+00 -0.24226E+01 -0.31216E+01 -0.20326E+01 -0.49653E+00  0.12799E+01
  0.15544E+01  0.21755E+00 -0.39139E+00 -0.28379E+00  0.17530E+00  0.18873E+01
  0.46105E+01  0.53107E+01  0.32629E+01 -0.80306E+00 -0.32556E+01 -0.15822E+01
 -0.15747E+00 -0.21915E+01 -0.30558E+01 -0.10694E+01 -0.87059E-01 -0.72778E+00
 -0.21326E+01 -0.23029E+01 -0.84233E+00 -0.90520E+00 -0.15814E+01 -0.12554E+01
 -0.19287E+01 -0.38588E+01 -0.43740E+01 -0.39085E+01 -0.34009E+01 -0.14129E+01
  0.17062E+01  0.24200E+01 -0.61166E-01 -0.33320E+01 -0.63343E+01 -0.84948E+01
 -0.78748E+01 -0.42641E+01 -0.10297E+01 -0.63508E+00 -0.13488E+01 -0.28392E+01
 -0.49208E+01 -0.57317E+01 -0.42562E+01 -0.23546E+01 -0.29458E+01 -0.41489E+01
 -0.29809E+01  0.52853E+00  0.42269E+01  0.60509E+01  0.57561E+01  0.25955E+01
 -0.18960E+01 -0.33987E+01 -0.86785E+00  0.13880E+01  0.17084E+01  0.63265E+00
 -0.20206E+01 -0.34820E+01 -0.94187E+00  0.21231E+01  0.38383E+01  0.51001E+01
  0.49469E+01  0.41417E+01  0.34707E+01  0.18588E+01  0.62546E+00 -0.13160E+00
 -0.25203E+01 -0.41098E+01 -0.22954E+01 -0.52186E-01  0.14396E+01  0.30717E+01
  0.27376E+01  0.40587E+00 -0.70490E+00 -0.10165E+01 -0.17202E+01 -0.10097E+01
  0.16935E+01  0.24999E+01  0.14979E+01  0.17944E+01  0.29438E+01  0.29235E+01
  0.18170E+01 -0.36052E-02 -0.19439E+01 -0.31722E+01 -0.36383E+01 -0.44892E+01
 -0.57413E+01 -0.63138E+01 -0.54927E+01 -0.28551E+01  0.70102E+00  0.28380E+01
  0.31868E+01  0.16472E+01 -0.13481E+01 -0.30683E+01 -0.23427E+01 -0.18468E+01
 -0.19077E+01 -0.11347E+01 -0.10212E+01 -0.22564E+01 -0.24943E+01 -0.15635E+01
  0.91359E-01  0.17888E+01  0.25005E+01  0.24180E+01  0.21566E+01  0.12256E+01
  0.56865E+00  0.60373E+00 -0.29027E+00 -0.20815E+01 -0.32925E+01 -0.30386E+01
 -0.14909E+01 -0.44077E+00 -0.73367E+00 -0.10319E+01 -0.84312E+00 -0.22572E+00
  0.18568E+01  0.40063E+01  0.49934E+01  0.53671E+01  0.49073E+01  0.35058E+01
  0.26139E+01  0.18673E+01  0.10904E+01  0.20414E+00  0.35108E+00  0.23301E+01
  0.28537E+01  0.13418E+01  0.14053E+01  0.26571E+01  0.30490E+01  0.29192E+01
  0.25125E+01  0.17003E+01  0.10596E+01  0.84325E+00 -0.13484E+00 -0.21833E+01
 -0.24903E+01 -0.94009E+00  0.37007E+00  0.11842E+01  0.29686E+01  0.45565E+01
  0.40130E+01  0.28244E+01  0.28164E+01  0.29601E+01  0.21934E+01  0.33906E+00
 -0.20824E+01 -0.38966E+01 -0.43370E+01 -0.34973E+01 -0.15447E+01 -0.32999E+00
 -0.52931E+00 -0.79109E+00 -0.59597E+00 -0.53594E+00 -0.53227E+00 -0.61242E+00
 -0.84100E+00 -0.60568E+00  0.88028E+00  0.23187E+01  0.23571E+01  0.18500E+01
  0.24133E+01  0.32008E+01  0.25227E+01  0.89401E+00  0.22861E+00  0.35364E+00
  0.92920E+00  0.12256E+01  0.10744E+01  0.11280E+01  0.86727E+00  0.32237E-01
 -0.34650E+00 -0.41586E+00 -0.26948E+00  0.72451E+00  0.17839E+01  0.22253E+01
  0.27497E+01  0.33171E+01  0.30164E+01  0.22579E+01  0.21104E+01  0.22003E+01
  0.22168E+01  0.22697E+01  0.24909E+01  0.17972E+01  0.62982E+00  0.34153E+00
  0.76785E+00  0.92164E+00  0.15511E+01  0.23641E+01  0.23086E+01  0.15770E+01
  0.14390E+01  0.14661E+01  0.36747E+00 -0.81867E+00 -0.13248E+01 -0.20819E+01
 -0.23456E+01 -0.13133E+01  0.39430E+00  0.13927E+01  0.96208E+00  0.42240E+00
  0.88716E+00  0.47996E+00 -0.93209E+00 -0.14057E+01 -0.12058E+01 -0.12584E+01
 -0.65775E+00  0.34623E+00  0.60847E+00  0.42626E+00  0.21959E+00 -0.11012E+00
  0.93670E-01  0.22999E+00 -0.71414E-01 -0.54444E+00 -0.89208E+00 -0.87676E+00
 -0.15690E+00  0.88729E+00  0.12557E+01  0.68007E+00 -0.33556E-01 -0.30389E+00
  0.16871E-01  0.66479E+00  0.10638E+01  0.39172E+00 -0.28586E+00 -0.12607E+00
  0.14972E+00  0.12855E+00  0.60545E+00  0.85723E+00  0.34378E+00 -0.43922E+00
 -0.70147E+00 -0.26251E+00  0.33232E+00  0.45652E+00  0.26876E+00  0.50093E-01
 -0.20491E+00 -0.38113E+00 -0.77329E-01  0.20713E+00  0.31007E-01 -0.59006E+00
 -0.13583E+01 -0.15854E+01 -0.94638E+00 -0.48262E+00 -0.66534E+00 -0.73737E+00
  0.22288E+00  0.15767E+01  0.22166E+01  0.20206E+01  0.16548E+01  0.89758E+00
  0.80321E-01 -0.54369E+00 -0.12380E+01 -0.20901E+01 -0.23861E+01 -0.20128E+01
 -0.11762E+01 -0.76679E+00 -0.80611E+00 -0.52195E+00 -0.23940E+00 -0.75033E+00
 -0.11936E+01 -0.11273E+01 -0.11863E+01 -0.13307E+01 -0.82404E+00 -0.35356E+00
 -0.54027E+00 -0.83805E+00 -0.74614E+00 -0.67330E+00 -0.74203E+00 -0.83600E+00
 -0.96296E+00 -0.11450E+01 -0.10199E+01 -0.10056E+01 -0.91948E+00 -0.76538E+00
 -0.97149E+00 -0.14698E+01 -0.17431E+01 -0.17042E+01 -0.10346E+01 -0.31031E+00
 -0.56911E+00 -0.13152E+01 -0.13840E+01 -0.10804E+01 -0.94660E+00 -0.91161E+00
 -0.78987E+00 -0.79422E+00 -0.83175E+00 -0.88960E+00 -0.85079E+00 -0.82026E+00
 -0.77621E+00 -0.80350E+00 -0.82087E+00 -0.87931E+00 -0.87311E+00 -0.84950E+00
 -0.75276E+00 -0.69100E+00 -0.61624E+00 -0.62180E+00 -0.63974E+00 -0.71634E+00
 -0.73741E+00 -0.74340E+00 -0.64737E+00 -0.54577E+00 -0.42320E+00 -0.39191E+00
 -0.38466E+00 -0.44164E+00 -0.45961E+00 -0.49324E+00 -0.44540E+00 -0.38219E+00
 -0.28702E+00 -0.28315E+00 -0.26709E+00 -0.27091E+00 -0.24573E+00 -0.28981E+00
 -0.35126E+00 -0.49520E+00 -0.60250E+00 -0.67108E+00 -0.58956E+00 -0.48272E+00
 -0.38896E+00 -0.41996E+00 -0.45106E+00 -0.49314E+00 -0.44011E+00 -0.38124E+00
 -0.33612E+00 -0.41966E+00 -0.51920E+00 -0.66653E+00 -0.75363E+00 -0.81830E+00
 -0.79342E+00 -0.76356E+00 -0.67739E+00 -0.61687E+00 -0.48624E+00 -0.36668E+00
 -0.25497E+00 -0.23647E+00 -0.21366E+00 -0.25468E+00 -0.28463E+00 -0.34321E+00
 -0.33351E+00 -0.31665E+00 -0.24001E+00 -0.21474E+00 -0.19986E+00 -0.24083E+00
 -0.24903E+00 -0.29547E+00 -0.29914E+00 -0.33869E+00 -0.31941E+00 -0.29030E+00
 -0.19051E+00 -0.12250E+00 -0.34415E-01  0.10925E-01  0.98920E-01  0.16480E+00
  0.25579E+00  0.27364E+00  0.27988E+00  0.21302E+00  0.16328E+00  0.96343E-01
  0.11226E+00  0.13592E+00  0.20154E+00  0.21981E+00  0.26085E+00  0.23702E+00
  0.23152E+00  0.21294E+00  0.25190E+00  0.26199E+00  0.28857E+00  0.23817E+00
  0.21090E+00  0.18057E+00  0.22483E+00  0.26668E+00  0.35732E+00  0.38764E+00
  0.42948E+00  0.46287E+00  0.56318E+00  0.60653E+00  0.63172E+00  0.59094E+00
  0.59854E+00  0.59849E+00  0.62505E+00  0.57487E+00  0.52302E+00  0.37265E+00
  0.23471E+00  0.12192E+00  0.71142E-01  0.81881E-02 -0.53671E-02 -0.34528E-01
  0.20407E-01  0.79535E-01  0.17894E+00  0.19338E+00  0.18616E+00  0.14214E+00
  0.13476E+00  0.81416E-01  0.82314E-01  0.88162E-01  0.15273E+00  0.18269E+00
  0.23879E+00  0.24655E+00  0.28465E+00  0.32607E+00  0.43050E+00  0.47672E+00
  0.52584E+00  0.51578E+00  0.49878E+00  0.41715E+00  0.40282E+00  0.41436E+00
  0.48515E+00  0.51370E+00  0.56321E+00  0.56624E+00  0.61040E+00  0.64481E+00
  0.72641E+00  0.76582E+00  0.81605E+00  0.80733E+00  0.82864E+00  0.81415E+00
  0.82514E+00  0.79727E+00  0.80218E+00  0.77253E+00  0.78058E+00  0.74389E+00
  0.71999E+00  0.65048E+00  0.62120E+00  0.56794E+00  0.55019E+00  0.49845E+00
  0.49783E+00  0.49717E+00  0.55224E+00  0.57183E+00  0.61854E+00  0.62115E+00
  0.64821E+00  0.62655E+00  0.63131E+00  0.61006E+00  0.63524E+00  0.62733E+00
  0.64226E+00  0.59501E+00  0.55525E+00  0.47045E+00  0.40886E+00  0.31952E+00
  0.28194E+00  0.20197E+00  0.20094E+00  0.19913E+00  0.20948E+00  0.17751E+00
  0.17746E+00  0.15994E+00  0.20231E+00  0.20892E+00  0.22491E+00  0.19185E+00
  0.18637E+00  0.14326E+00  0.14634E+00  0.13254E+00  0.16064E+00  0.14683E+00
  0.16676E+00  0.17111E+00  0.21675E+00  0.22659E+00  0.27349E+00  0.27667E+00
  0.29119E+00  0.25930E+00  0.27050E+00  0.25687E+00  0.26772E+00  0.24797E+00
  0.28734E+00  0.30108E+00  0.34036E+00  0.33711E+00  0.35169E+00  0.31291E+00
  0.30326E+00  0.26333E+00  0.25919E+00  0.23262E+00  0.24694E+00  0.22256E+00
  0.23705E+00  0.23196E+00  0.26675E+00  0.25604E+00  0.25454E+00  0.18516E+00
  0.13841E+00  0.86663E-01  0.10701E+00  0.10830E+00  0.13337E+00  0.10612E+00
  0.10687E+00  0.89732E-01  0.11100E+00  0.79557E-01  0.86479E-01  0.32004E-01
 -0.18724E-01 -0.64916E-01 -0.59555E-01 -0.76554E-01 -0.51618E-01 -0.73259E-01
 -0.71973E-01 -0.10562E+00 -0.99259E-01 -0.11868E+00 -0.99387E-01 -0.11267E+00
 -0.10468E+00 -0.14885E+00 -0.15944E+00 -0.18062E+00 -0.14155E+00 -0.13078E+00
 -0.10972E+00 -0.14617E+00 -0.15189E+00 -0.18652E+00 -0.19464E+00 -0.24592E+00
 -0.25940E+00 -0.29659E+00 -0.29532E+00 -0.31859E+00 -0.29911E+00 -0.31415E+00
 -0.29645E+00 -0.31000E+00 -0.28936E+00 -0.30259E+00 -0.27944E+00 -0.28151E+00
 -0.24456E+00 -0.25896E+00 -0.26400E+00 -0.30404E+00 -0.29825E+00 -0.31438E+00
 -0.28614E+00 -0.29609E+00 -0.29612E+00 -0.34862E+00 -0.36464E+00 -0.39845E+00
 -0.38633E+00 -0.40041E+00 -0.37637E+00 -0.38549E+00 -0.35879E+00 -0.35160E+00
 -0.30281E+00 -0.29623E+00 -0.26916E+00 -0.28977E+00 -0.28338E+00 -0.29993E+00
 -0.26921E+00 -0.27229E+00 -0.25656E+00 -0.29292E+00 -0.29355E+00 -0.31005E+00
 -0.29476E+00 -0.31369E+00 -0.30802E+00 -0.38346E+00 -0.39932E+00 -0.40452E+00
 -0.37792E+00 -0.37737E+00 -0.34313E+00 -0.34341E+00 -0.30918E+00 -0.30775E+00
 -0.27359E+00 -0.27764E+00 -0.25778E+00 -0.28016E+00 -0.27688E+00 -0.30937E+00
 -0.30378E+00 -0.32192E+00 -0.29889E+00 -0.30797E+00
