-1.297099999999999831e+01
-6.838599999999999568e+00
-5.168700000000000294e+00
-2.859300000000000175e+00
3.665299999999999780e+00
-2.107200000000000184e+00
-3.846400000000000041e+00
7.871000000000000218e-01
1.765899999999999970e-01
2.775199999999999889e+00
2.579499999999999904e+00
-1.085500000000000043e+01
-3.923599999999999977e+00
4.691699999999999982e+00
6.699600000000000222e+00
8.937200000000000699e-01
-3.897599999999999953e-01
5.929999999999999716e+00
-5.925600000000000200e+00
-1.878200000000000092e+00
6.465900000000000425e+00
2.791899999999999937e-01
-3.768400000000000194e+00
7.314099999999999824e+00
7.190199999999999925e+00
-7.278200000000000003e+00
-3.525199999999999889e+00
-7.639499999999999957e+00
-3.530600000000000183e+00
2.044900000000000162e+01
-4.262400000000000411e+00
-2.421000000000000085e+01
2.409099999999999753e+01
9.845700000000000784e+00
-8.896900000000000475e+00
6.879400000000000404e+00
-6.327499999999999680e+00
-1.642700000000000049e+00
-1.958800000000000097e+00
1.694499999999999895e+00
2.163800000000000168e-01
1.246900000000000119e+01
6.366600000000000037e+00
6.375300000000000189e+00
8.850100000000000744e-01
-1.752399999999999958e+00
-1.117400000000000126e+01
-2.637500000000000178e+00
9.675900000000000389e+00
1.748099999999999810e+01
-3.700400000000000134e+00
1.728900000000000103e+00
2.011599999999999966e+01
-1.182400000000000162e+01
-1.407100000000000017e+00
-1.602300000000000058e+00
1.498299999999999876e+01
2.509099999999999753e+01
2.018099999999999739e+01
-9.128999999999999559e+00
-1.533099999999999952e+01
-1.367300000000000004e+01
-1.164499999999999957e+01
-3.930099999999999927e+00
3.434400000000000119e+00
-6.578199999999999825e+00
2.043499999999999872e+01
1.779100000000000037e+01
-2.817399999999999949e+01
-9.797000000000000597e+00
-1.269999999999999929e+01
-5.417900000000000382e+00
-8.983599999999999142e+00
1.732900000000000063e+01
3.237099999999999866e+00
-3.496000000000000218e-01
-6.413299999999999557e+00
-2.655300000000000082e+01
1.024000000000000021e+01
2.681799999999999962e+00
-3.026499999999999968e+00
7.565100000000000158e+00
-3.916599999999999859e+00
-1.185400000000000098e+01
1.686199999999999921e+00
3.599499999999999922e+00
-7.933399999999999785e+00
2.000799999999999912e+01
3.850200000000000067e+00
-1.464700000000000024e+01
-2.980300000000000082e+01
2.186399999999999899e+00
1.884099999999999753e+01
-2.998099999999999987e+00
2.835399999999999920e+01
-1.479599999999999937e+01
-7.694799999999999862e+00
1.121499999999999941e+00
-1.313499999999999979e+01
-8.316499999999999559e+00
1.400099999999999945e+01
-2.153200000000000003e+00
-2.034499999999999886e+01
1.321000000000000085e+01
4.339299999999999713e+00
-5.311299999999999955e+01
1.837699999999999889e+01
3.493399999999999750e+01
-1.832100000000000062e+00
4.318699999999999761e+01
-4.727399999999999380e+01
-3.275500000000000256e+01
7.066200000000000259e+00
-7.353800000000000336e-01
2.902400000000000091e+01
2.907300000000000040e+01
3.063899999999999935e+01
-3.173600000000000065e+01
-3.769500000000000028e+01
-2.348800000000000310e+01
-1.809600000000000009e+01
3.579099999999999682e+01
5.343399999999999750e+01
8.541000000000000369e+00
-3.194400000000000261e+01
-3.327199999999999847e+01
-4.961000000000000298e+00
4.847199999999999953e+00
1.345599999999999952e+01
1.935399999999999920e+01
5.108600000000000030e+00
2.174800000000000111e+01
-5.863600000000000279e+01
-3.748400000000000176e+01
-2.814999999999999947e+00
-1.349399999999999933e+00
4.005199999999999960e+01
1.701699999999999946e+01
4.473600000000000421e+01
3.684199999999999875e+01
-3.830899999999999750e+01
-2.848900000000000077e+01
-3.944200000000000017e+01
-3.750900000000000034e+01
2.755099999999999838e+01
1.675000000000000000e+01
3.964300000000000068e+01
3.920300000000000296e+01
3.007299999999999862e+00
-3.455200000000000049e+00
-1.586500000000000021e+01
-5.629299999999999926e+01
-4.260100000000000620e+01
6.257399999999999807e+01
3.374499999999999744e+01
2.515500000000000114e+01
3.923300000000000409e+01
-3.446600000000000108e+01
-4.239100000000000534e+01
-1.764499999999999957e+01
-2.011899999999999977e+01
2.074800000000000111e+01
6.813500000000000512e+01
6.004600000000000648e+01
6.047900000000000276e+00
9.944599999999999440e+00
1.008500000000000085e+01
-4.594600000000000506e+01
-6.318800000000000239e+01
-1.011700000000000088e+01
6.383299999999999841e+01
6.713800000000000523e+01
3.790099999999999625e+01
-2.106300000000000239e+01
-2.407700000000000173e+00
-4.335300000000000153e+00
-5.421199999999999619e+01
-5.575999999999999801e+01
2.098000000000000043e+01
6.383600000000000563e+01
1.195900000000000141e+01
5.186600000000000676e+01
5.172600000000000620e+01
-4.094599999999999795e+01
-5.642000000000000171e+01
-2.712500000000000000e+01
8.796300000000000452e+00
2.282900000000000063e+01
-2.535399999999999920e+01
-3.538700000000000045e+01
-2.961599999999999966e+01
-4.656700000000000017e+01
-9.364499999999999602e+01
-9.320399999999999352e+01
-2.766199999999999903e+01
2.948600000000000065e+01
-3.567199999999999704e+01
-6.083899999999999864e+01
5.166100000000000136e+01
8.140200000000000102e+01
7.267000000000000171e+01
5.247500000000000142e+01
3.691199999999999815e+00
-9.059400000000000119e+00
5.825600000000000023e+01
4.259799999999999898e+01
-2.595899999999999963e+01
-1.043299999999999983e+02
-1.146899999999999977e+02
-1.818499999999999943e+02
-2.520300000000000011e+02
-1.862500000000000000e+02
-7.175600000000000023e+01
5.595100000000000051e+01
2.185500000000000114e+02
4.280500000000000114e+02
4.690699999999999932e+02
3.167300000000000182e+02
9.599700000000001410e+01
-6.169500000000000028e+01
-1.428199999999999932e+02
-1.943899999999999864e+02
-2.068899999999999864e+02
-2.634200000000000159e+02
-1.988499999999999943e+02
-9.285000000000000142e+00
1.299300000000000068e+02
1.751500000000000057e+02
2.132100000000000080e+02
1.745600000000000023e+02
1.697400000000000091e+02
2.979300000000000068e+02
2.512899999999999920e+02
6.577500000000000568e+01
1.025300000000000011e+02
1.847700000000000102e+02
-7.738600000000000989e+01
-2.557700000000000102e+02
-3.500000000000000000e+02
-3.041200000000000045e+02
5.803000000000000114e+01
3.097099999999999795e+02
2.304000000000000057e+02
1.523799999999999955e+01
-1.158400000000000034e+02
-1.026500000000000057e+02
-3.203800000000000381e+01
-9.353299999999998704e+01
-1.864499999999999886e+02
-2.532500000000000000e+02
-3.185799999999999841e+02
-3.175600000000000023e+02
-3.086399999999999864e+02
-2.770199999999999818e+02
-2.554699999999999989e+02
-2.909599999999999795e+02
-2.885099999999999909e+02
-2.733600000000000136e+02
-2.397899999999999920e+02
-2.071699999999999875e+02
-1.700900000000000034e+02
-1.442599999999999909e+02
-1.760000000000000000e+02
-2.114199999999999946e+01
1.757700000000000102e+02
2.751499999999999773e+02
2.634800000000000182e+02
3.055000000000000000e+02
4.413700000000000045e+02
4.286000000000000227e+02
3.496299999999999955e+02
3.147799999999999727e+02
4.091800000000000068e+02
4.678600000000000136e+02
3.711600000000000250e+02
1.898899999999999864e+02
8.365799999999998704e+01
1.580900000000000034e+02
3.115899999999999750e+02
4.491000000000000227e+02
2.982699999999999818e+02
-1.686899999999999977e+01
-2.409300000000000068e+02
-3.609300000000000068e+02
-3.179800000000000182e+02
-2.085200000000000102e+02
-1.439900000000000091e+02
-2.111599999999999966e+02
-3.608600000000000136e+02
-3.584499999999999886e+02
-1.959799999999999898e+02
-9.411599999999999966e+01
-4.348799999999999777e+00
6.835699999999999932e+01
1.567800000000000011e+02
2.764599999999999795e+02
2.450300000000000011e+02
1.593199999999999932e+02
1.016599999999999966e+02
1.703400000000000247e+01
-1.200699999999999932e+02
-2.461399999999999864e+02
-2.096299999999999955e+02
1.749399999999999977e+01
6.236299999999999955e+01
-2.077899999999999920e+02
-2.481699999999999875e+02
6.794100000000000250e+01
2.882200000000000273e+02
2.419300000000000068e+02
7.694599999999999795e+01
-3.233599999999999852e+01
-1.968799999999999955e+02
-2.573899999999999864e+02
3.005100000000000104e+00
2.066800000000000068e+02
7.679300000000000637e+01
-1.364499999999999886e+02
-1.050699999999999932e+02
4.392499999999999716e+01
2.652599999999999980e+01
-8.402899999999999636e+01
-1.057999999999999972e+02
-1.274300000000000068e+02
-1.296699999999999875e+02
3.330499999999999794e+00
1.299600000000000080e+02
8.756200000000001182e+01
1.390200000000000102e+01
-5.801200000000000045e+01
-1.117800000000000011e+02
-7.759100000000000819e+01
8.589100000000000534e+01
1.630999999999999943e+02
4.893500000000000227e+01
-2.738699999999999690e+01
-3.064999999999999858e+01
-4.093399999999999750e+01
-8.488200000000000500e+01
-9.700900000000000034e+01
-7.406999999999999318e+01
-1.100000000000000000e+01
3.774300000000000210e+01
8.466700000000000159e+01
1.402899999999999920e+02
2.367700000000000102e+02
2.416699999999999875e+02
-2.846300000000000097e+01
-2.503400000000000034e+02
-3.868899999999999864e+02
-2.176299999999999955e+02
9.625700000000000500e+01
1.707800000000000011e+02
1.492400000000000091e+02
9.706999999999999318e+01
-9.214999999999999858e+00
-1.172800000000000011e+02
-1.227099999999999937e+02
-6.016499999999999915e+01
9.058700000000000330e+01
1.621899999999999977e+02
2.234699999999999989e+02
1.511599999999999966e+02
2.859099999999999753e+01
5.976399999999999579e+01
-4.954800000000000182e+01
-1.782899999999999920e+02
-1.061599999999999966e+02
4.823199999999999932e+01
4.094699999999999562e+01
-7.784600000000000364e+01
-1.021099999999999994e+02
-6.945600000000000307e+01
-4.509000000000000341e+01
-5.321300000000000097e+01
-3.375099999999999767e+01
7.050500000000000433e+00
2.384199999999999875e+01
2.763399999999999856e+00
1.454900000000000126e+01
1.222000000000000028e+02
1.264300000000000068e+02
1.048799999999999955e+01
-1.961700000000000088e+01
-6.487700000000000244e+00
-1.571400000000000041e+01
2.695899999999999963e+01
2.819500000000000028e+01
5.057500000000000284e+01
3.310099999999999909e+01
-9.686899999999999977e+01
-1.619600000000000080e+02
-1.117699999999999960e+02
-4.947200000000000131e+01
-9.835599999999999454e+00
8.958299999999999841e+01
1.449000000000000057e+02
7.794599999999999795e+01
-1.943799999999999883e+01
-6.793000000000000682e+01
-2.765300000000000225e+01
1.932499999999999929e+01
-4.680500000000000327e+00
3.696500000000000341e+01
1.015100000000000051e+02
7.729099999999999682e+01
3.980400000000000205e+01
-5.851699999999999591e+01
-1.457199999999999989e+02
-1.199200000000000017e+02
-7.082699999999999818e+01
-1.696399999999999908e+00
5.263899999999999579e+01
2.910199999999999676e+01
3.245000000000000107e+00
3.422999999999999687e+01
5.218399999999999750e+01
2.923000000000000043e+01
-5.532399999999999807e+01
-5.633200000000000074e+01
3.258800000000000097e+01
8.552799999999999159e+01
6.857699999999999818e+01
-1.980799999999999983e+01
-8.752200000000000557e+01
-8.733599999999999852e+01
7.261999999999999567e+00
6.420300000000000296e+01
3.115599999999999881e+01
-9.113200000000000855e+00
4.390999999999999659e+01
1.058299999999999983e+02
8.095600000000000307e+01
-2.626799999999999802e+00
-5.877499999999999858e+01
-9.893000000000000682e+01
-1.016500000000000057e+02
-6.740000000000000568e+01
-3.040599999999999881e+01
3.671000000000000085e+01
3.317900000000000205e+01
-5.827100000000000080e+01
-1.480399999999999920e+02
-9.747599999999999909e+01
-1.459000000000000075e+00
3.954099999999999682e+01
6.195799999999999841e+01
7.665800000000000125e+01
1.281999999999999886e+02
1.310699999999999932e+02
9.044499999999999318e+01
4.043800000000000239e+01
-7.558900000000000396e+00
-2.543599999999999994e+01
4.604700000000000237e+00
2.981899999999999995e+00
-4.044300000000000495e+01
3.470300000000000296e+01
1.089899999999999949e+02
7.517499999999999716e+01
1.736799999999999855e+01
-7.740800000000000125e+00
-1.377900000000000169e+01
1.539400000000000013e+01
7.113200000000000500e+01
7.040800000000000125e+01
3.383899999999999864e+01
-5.670600000000000307e+01
-1.260900000000000034e+02
-1.502100000000000080e+02
-8.023000000000000398e+01
-1.341599999999999859e+01
-5.614300000000000068e+01
-9.204299999999999216e+01
-1.168199999999999932e+02
-1.129099999999999966e+02
-8.749500000000000455e+01
-7.084799999999999898e+01
-4.659799999999999898e+01
2.993499999999999872e+01
1.082699999999999960e+02
7.470699999999999363e+01
6.536400000000000432e+00
3.151800000000000068e+01
3.945900000000000318e+01
-9.396000000000000796e+00
-2.916100000000000136e+00
1.148100000000000023e+02
1.982700000000000102e+02
1.736100000000000136e+02
6.567799999999999727e+01
-5.812300000000000466e+01
-1.057099999999999937e+02
-8.063299999999999557e+01
-4.788199999999999790e+01
-3.435699999999999932e+01
-8.601200000000000401e+00
9.098399999999999821e+00
2.207099999999999795e+01
-4.442700000000000315e+00
-7.548300000000000409e+01
-1.045699999999999932e+02
-9.592799999999999727e+01
-9.467399999999999238e+01
-6.639699999999999136e+01
-1.100999999999999979e+01
3.696000000000000085e+01
6.593999999999999773e+01
9.508200000000000784e+01
1.369799999999999898e+02
1.360099999999999909e+02
5.492199999999999704e+01
-4.627499999999999858e+01
-5.088399999999999324e+01
4.050300000000000011e+01
1.222300000000000040e+02
1.529600000000000080e+02
1.199899999999999949e+02
4.968600000000000705e+01
-8.724999999999999645e+00
-4.513499999999999801e+01
-1.221199999999999974e+01
4.064500000000000313e+01
2.415399999999999991e+01
-4.068800000000000239e+01
-7.210200000000000387e+01
-6.882800000000000296e+01
-5.416399999999999437e+01
-3.257800000000000296e+01
-3.901400000000000290e+01
-6.118199999999999505e+01
-6.075000000000000000e+01
-3.935399999999999920e+01
-3.789199999999999591e+01
-6.459799999999999898e+01
-1.057500000000000000e+02
-1.365699999999999932e+02
-1.252399999999999949e+02
-7.104000000000000625e+01
2.957400000000000162e+01
9.698299999999998988e+01
8.927400000000000091e+01
4.000699999999999790e+01
-3.835000000000000142e+01
-1.082600000000000051e+02
-1.331999999999999886e+02
-1.043299999999999983e+02
-6.812100000000000932e+01
-7.843300000000000161e+00
3.725199999999999534e+01
5.175199999999999534e+01
9.428700000000000614e+01
8.867100000000000648e+01
3.126300000000000168e+01
-1.217999999999999972e+01
-2.749399999999999977e+01
1.209900000000000020e+01
6.044699999999999562e+01
9.120299999999998875e+01
1.123799999999999955e+02
1.278199999999999932e+02
8.319499999999999318e+01
1.120500000000000007e+01
1.236900000000000155e+01
2.099399999999999977e+01
3.568099999999999739e+01
5.476300000000000523e+01
6.040399999999999636e+01
8.632899999999999352e+01
1.193900000000000006e+02
1.115400000000000063e+02
5.531000000000000227e+01
3.295799999999999841e+01
4.487199999999999989e+01
9.560800000000000409e+00
-1.119700000000000095e+01
-1.455700000000000038e+01
-3.500000000000000000e+01
-6.820600000000000307e+01
-9.742200000000001125e+01
-9.718899999999999295e+01
-9.972499999999999432e+01
-9.570200000000001239e+01
-7.857300000000000750e+01
-4.840899999999999892e+01
-2.971099999999999852e+01
-4.183399999999999608e+01
-8.279200000000000159e+01
-9.405400000000000205e+01
-6.309399999999999409e+01
-4.925600000000000023e+01
1.183900000000000041e+01
1.057099999999999937e+02
1.205900000000000034e+02
9.542600000000000193e+01
5.226100000000000279e+01
-2.512100000000000222e+00
-4.034300000000000352e+01
-6.525300000000000011e+01
-6.989499999999999602e+01
-5.079899999999999949e+01
-2.089400000000000190e+01
4.046399999999999864e+01
8.499600000000000932e+01
7.609799999999999898e+01
2.128500000000000014e+01
-4.778800000000000381e+01
-6.168100000000000449e+01
-2.390399999999999991e+01
4.727600000000000335e+01
6.320199999999999818e+01
3.061599999999999966e+01
1.237299999999999933e+01
8.416700000000000514e+00
3.278399999999999892e+01
2.587099999999999866e+01
-2.637500000000000000e+01
-5.487800000000000011e+01
-5.039399999999999835e+01
-2.992000000000000171e+01
-9.990800000000000125e+00
-8.618900000000000006e+00
-1.456700000000000017e+01
4.405300000000000438e+00
-1.363299999999999956e+00
-4.780300000000000438e+01
-7.252600000000001046e+01
-5.478000000000000114e+01
-2.690099999999999980e+01
2.560000000000000142e+01
1.029000000000000057e+02
1.200100000000000051e+02
1.031200000000000045e+02
5.805300000000000438e+01
-2.193400000000000016e+00
-3.051900000000000190e+01
-2.801199999999999690e+01
-3.295499999999999829e+01
-5.823699999999999477e+01
-5.968100000000000449e+01
-2.373499999999999943e+01
-2.329899999999999860e+00
-3.522099999999999653e+01
-8.225200000000000955e+01
-8.435899999999999466e+01
-1.306499999999999950e+01
9.018399999999999750e+01
1.718700000000000045e+02
1.833000000000000114e+02
1.119599999999999937e+02
1.549599999999999866e+01
-5.188700000000000045e+01
-7.820300000000000296e+01
-6.363800000000000523e+01
-3.275399999999999778e+01
-2.286699999999999733e+01
-3.776200000000000045e+01
-2.914300000000000068e+01
-2.472199999999999775e+01
-3.307600000000000051e+01
-3.459700000000000131e+01
-4.434899999999999665e+01
-3.384599999999999653e+01
-8.596299999999999386e+00
5.604599999999999582e+00
4.325899999999999324e+01
6.488899999999999579e+01
3.540500000000000114e+01
3.344599999999999795e+01
4.512300000000000466e+01
3.933699999999999619e+01
6.052300000000000324e+01
7.140500000000000114e+01
4.372699999999999676e+01
2.036100000000000065e+01
1.885599999999999810e+01
3.442900000000000205e+01
-7.447199999999999598e+00
-1.025300000000000011e+02
-1.335300000000000011e+02
-1.069699999999999989e+02
-6.938299999999999557e+01
-5.106100000000000705e+01
-4.293500000000000227e+01
-4.852100000000000080e+00
4.562399999999999523e+01
4.052599999999999625e+01
-1.216199999999999948e+00
1.776200000000000001e+00
2.923900000000000077e+01
5.869100000000000250e+01
3.612500000000000000e+01
1.692699999999999960e+01
5.239399999999999835e+01
6.999399999999999977e+01
4.723399999999999466e+01
-1.771199999999999974e+01
-6.225600000000000023e+01
-7.309999999999999432e+01
-9.402500000000000568e+01
-1.151700000000000017e+02
-8.193200000000000216e+01
-1.494500000000000028e+01
3.362400000000000233e+01
7.635200000000000387e+01
6.797299999999999898e+01
3.294500000000000028e+01
2.331300000000000239e+01
3.141499999999999915e+01
4.494399999999999551e+01
5.617899999999999494e+01
4.978499999999999659e+01
4.608100000000000307e+01
3.450300000000000011e+01
1.940700000000000003e+01
2.456800000000000139e+01
3.180400000000000116e+00
-1.331900000000000084e+01
-2.469199999999999662e+01
-6.843499999999999694e+00
1.466300000000000026e+01
1.180099999999999838e+01
1.301099999999999923e+01
-1.527400000000000091e+01
-5.061299999999999955e+01
-6.185600000000000165e+01
-5.825999999999999801e+01
-3.654800000000000182e+01
-4.238800000000000523e+01
-5.911800000000000210e+01
-4.621100000000000563e+01
-3.009800000000000253e+01
-1.483200000000000074e+01
-3.590099999999999625e+01
-4.817699999999999960e+01
-3.872800000000000153e+01
-1.789999999999999858e+01
1.613500000000000156e+01
4.071500000000000341e+01
2.259800000000000253e+01
-1.672799999999999798e+01
-3.167100000000000026e+00
1.776999999999999957e+01
2.508900000000000219e+01
3.903000000000000114e+01
5.130600000000000449e+01
6.460699999999999932e+01
6.255499999999999972e+01
4.576100000000000279e+01
4.363399999999999324e+01
1.872299999999999898e+01
1.526900000000000013e+01
5.072399999999999665e+01
5.890999999999999659e+01
6.431100000000000705e+01
3.166600000000000037e+01
-5.607100000000000417e-01
2.682100000000000151e+00
-1.844400000000000261e+01
-3.286299999999999955e+01
-3.331800000000000495e+01
-7.378700000000000259e+00
-4.244799999999999685e+00
-2.402199999999999847e+01
2.165099999999999802e-01
7.039900000000000269e+00
-5.322800000000000153e+01
-1.044899999999999949e+02
-5.997200000000000131e+01
7.865099999999999980e+00
3.518199999999999505e+01
-4.847400000000000375e+00
-5.739699999999999847e+01
-6.789499999999999602e+01
-7.163700000000000045e+01
-6.653199999999999648e+01
-4.648199999999999932e+01
-2.442900000000000205e+01
-2.654100000000000037e+01
-3.311199999999999477e+01
-3.130000000000000071e+01
-1.976099999999999923e+01
-4.927800000000000402e+00
-6.293899999999999828e+00
1.055900000000000105e+01
4.498600000000000421e+01
7.617000000000000171e+01
6.401899999999999125e+01
1.546199999999999974e+01
-2.456099999999999994e+01
-3.735199999999999676e+01
8.854299999999999393e-01
3.877700000000000102e+01
4.959700000000000131e+01
4.336600000000000676e+01
3.345700000000000074e+01
3.459300000000000352e+01
3.507199999999999562e+01
2.092000000000000171e+01
3.442300000000000182e+01
5.655899999999999750e+01
6.337199999999999989e+01
6.882999999999999829e+01
5.743399999999999750e+01
2.433199999999999719e+01
-1.006400000000000006e+01
-3.585300000000000153e+01
-4.930899999999999750e+01
-4.253199999999999648e+01
-2.773900000000000077e+01
-2.340399999999999991e+01
-4.767800000000000438e+01
-3.982800000000000296e+01
1.475400000000000134e+01
1.632600000000000051e+01
-1.000999999999999979e+01
3.677599999999999980e+00
3.467900000000000205e+01
5.409300000000000352e+01
5.544699999999999562e+01
4.980899999999999750e+01
1.101599999999999824e+01
-3.057900000000000063e+01
-4.562699999999999534e+01
-4.637399999999999523e+01
-4.799499999999999744e+01
-5.083699999999999619e+01
-5.389300000000000068e+01
-4.266100000000000136e+01
-2.454599999999999937e+01
-2.643499999999999872e+01
-3.979599999999999937e+01
-5.738600000000000279e+01
-7.254800000000000182e+01
-5.060999999999999943e+01
-6.994900000000000340e+00
1.464099999999999824e+01
2.896999999999999886e+01
3.825600000000000023e+01
6.106899999999999551e+01
5.671100000000000563e+01
2.508500000000000085e+01
1.531200000000000117e+01
2.314600000000000080e+01
3.753399999999999892e+01
6.786299999999999955e+01
1.005000000000000000e+02
1.065199999999999960e+02
8.425200000000000955e+01
4.989600000000000080e+01
1.000500000000000078e+01
-1.296400000000000041e+01
2.814999999999999947e+00
2.490099999999999980e+01
3.523900000000000432e+01
2.700900000000000034e+01
-7.502100000000000435e+00
-3.535000000000000142e+01
-5.236100000000000421e+01
-7.095300000000000296e+01
-7.064900000000000091e+01
-5.492800000000000438e+01
-6.263800000000000523e+01
-8.521799999999998931e+01
-8.545000000000000284e+01
-5.482300000000000040e+01
-4.041700000000000159e+01
-4.753499999999999659e+01
-6.031000000000000227e+01
-5.767399999999999949e+01
-2.087000000000000099e+01
7.027199999999999669e+00
1.532000000000000028e+01
1.018599999999999950e+00
9.285000000000000142e+00
1.555499999999999972e+01
1.839499999999999957e+01
3.453399999999999892e+01
3.185999999999999943e+01
6.559800000000000075e+00
-1.840599999999999881e+01
-1.662699999999999889e+01
6.146800000000000042e-01
5.638399999999999856e+00
-7.254599999999999937e+00
-2.632600000000000051e+01
-2.943499999999999872e+01
-1.134700000000000131e+01
4.164900000000000269e+00
1.341400000000000148e+01
-2.657999999999999918e+00
-2.152400000000000091e+01
-4.702799999999999869e+00
3.344599999999999795e+01
6.495699999999999363e+01
8.609100000000000819e+01
9.561599999999999966e+01
8.789100000000000534e+01
5.076699999999999591e+01
1.383200000000000074e+01
-8.272500000000000853e+00
-1.519800000000000040e+01
1.041699999999999982e+01
2.042399999999999949e+01
1.964300000000000068e+01
3.237599999999999767e+01
4.238499999999999801e+01
3.454099999999999682e+01
1.098900000000000077e+01
2.834799999999999986e+00
1.705599999999999739e+01
3.767600000000000193e+01
5.008699999999999619e+01
4.879699999999999704e+01
4.178499999999999659e+01
3.812800000000000011e+01
2.293300000000000338e+01
-3.241400000000000059e+00
-2.425499999999999901e+01
-3.973599999999999710e+01
-5.257300000000000040e+01
-5.596699999999999875e+01
-5.291399999999999437e+01
-6.503900000000000148e+01
-7.795100000000000762e+01
-8.680899999999999750e+01
-9.342200000000001125e+01
-9.155400000000000205e+01
-9.179200000000000159e+01
-8.272700000000000387e+01
-6.132199999999999562e+01
-3.765699999999999648e+01
-4.425799999999999734e+00
2.059400000000000119e+01
2.524399999999999977e+01
2.870899999999999963e+01
3.302100000000000080e+01
3.267300000000000182e+01
3.153999999999999915e+01
3.905400000000000205e+01
3.803399999999999892e+01
3.970199999999999818e+01
4.533200000000000074e+01
3.482800000000000296e+01
2.034600000000000009e+01
1.892000000000000171e+01
2.351900000000000102e+00
-8.330399999999999139e+00
1.445700000000000074e+01
2.550199999999999889e+01
1.750000000000000000e+01
1.124499999999999922e+01
8.785800000000000054e+00
4.084299999999999820e+00
-8.821899999999999409e+00
-2.950499999999999901e+01
-2.546999999999999886e+01
-1.024200000000000088e+01
-1.184200000000000053e+01
-1.835000000000000142e+01
-2.166199999999999903e+01
-1.018399999999999928e+01
-2.943799999999999972e+00
1.347900000000000098e+01
3.362800000000000011e+01
3.515299999999999869e+01
2.932800000000000296e+01
8.936400000000000787e+00
-2.148800000000000310e+01
-2.808999999999999986e+01
-2.191199999999999903e+01
-1.815200000000000102e+01
-1.592400000000000126e+01
-4.131599999999999717e+00
3.377100000000000080e+01
5.236600000000000676e+01
5.416300000000000381e+01
5.200800000000000267e+01
5.261999999999999744e+01
5.424800000000000466e+01
3.724199999999999733e+01
1.103500000000000014e+01
-1.102599999999999980e+01
-2.313100000000000023e+01
-3.355199999999999960e+01
-4.722699999999999676e+01
-6.311699999999999733e+01
-7.472800000000000864e+01
-8.118600000000000705e+01
-6.704899999999999238e+01
-4.160999999999999943e+01
-4.635300000000000153e+01
-6.072800000000000153e+01
-4.866499999999999915e+01
-2.651500000000000057e+01
-1.366000000000000014e+01
9.885200000000000653e-01
1.950799999999999912e+01
3.387800000000000011e+01
4.845000000000000284e+01
6.620499999999999829e+01
8.158800000000000807e+01
1.001899999999999977e+02
1.027300000000000040e+02
8.176999999999999602e+01
4.970600000000000307e+01
2.560300000000000153e+01
1.664600000000000080e+01
1.948099999999999943e+00
-2.364699999999999847e+01
-5.044699999999999562e+01
-5.771800000000000352e+01
-5.740100000000000335e+01
-4.699600000000000222e+01
-2.140300000000000225e+01
-1.687800000000000011e+01
-3.865200000000000102e+01
-3.740500000000000114e+01
-2.131900000000000261e+01
-1.203400000000000070e+01
-1.078099999999999881e+01
-3.062999999999999901e+01
-3.336599999999999966e+01
-2.000000000000000000e+01
5.604499999999999815e+00
8.875099999999999767e+00
-1.804299999999999926e+01
-2.035099999999999909e+01
-1.463199999999999967e+01
-1.373299999999999876e+01
-1.602899999999999991e+00
2.196000000000000085e+01
3.287500000000000000e+01
3.214699999999999847e+01
3.750099999999999767e+01
4.365600000000000591e+01
3.505699999999999505e+01
1.521599999999999930e+01
5.819300000000000583e-01
1.332400000000000162e+01
3.194999999999999929e+01
3.186100000000000065e+01
2.744400000000000261e+01
1.793599999999999994e+01
2.792500000000000071e+01
3.258200000000000074e+01
2.314099999999999824e+01
2.317199999999999704e+01
-5.600199999999999623e-01
-1.789400000000000190e+01
-4.468899999999999650e+00
1.548300000000000010e+00
1.357500000000000095e-01
-1.344800000000000040e+01
-2.516300000000000026e+01
-1.895200000000000173e+01
-4.804199999999999804e+00
8.619299999999999184e-02
4.024799999999999933e+00
1.625000000000000000e+01
3.525799999999999823e+00
-1.197599999999999909e+01
-1.817399999999999949e+01
-3.505599999999999739e+01
-3.734000000000000341e+01
-2.046699999999999875e+01
-4.607800000000000118e+00
5.707799999999999763e+00
7.689099999999999824e+00
-5.870400000000000063e+00
-2.908699999999999974e+01
-4.397800000000000153e+01
-5.219600000000000506e+01
-5.687800000000000011e+01
-4.442800000000000438e+01
-3.249699999999999989e+01
-1.990599999999999881e+01
6.520900000000000141e+00
1.863599999999999923e+01
2.177899999999999991e+01
2.183999999999999986e+01
1.732999999999999829e+01
1.336599999999999966e+01
1.727599999999999980e+01
2.490500000000000114e+01
3.664199999999999591e+01
5.275899999999999324e+01
4.842800000000000438e+01
2.475800000000000267e+01
2.319999999999999840e+00
-1.222200000000000131e+01
-1.803400000000000247e+01
-1.726900000000000190e+01
-1.199200000000000088e+01
-6.484600000000000364e+00
3.434800000000000075e+00
7.731900000000000439e+00
1.433699999999999974e+01
3.024199999999999733e+01
3.757699999999999818e+01
3.823199999999999932e+01
3.584100000000000108e+01
3.499699999999999989e+01
3.375500000000000256e+01
3.003400000000000247e+01
1.929100000000000037e+01
4.224300000000000388e+00
-8.909499999999999531e+00
-1.775400000000000134e+01
-2.499800000000000111e+01
-2.854400000000000048e+01
-3.515699999999999648e+01
-3.528499999999999659e+01
-4.096500000000000341e+01
-5.507899999999999352e+01
-5.787600000000000477e+01
-4.673600000000000421e+01
-4.396800000000000352e+01
-4.611399999999999721e+01
-4.147800000000000153e+01
-2.668599999999999994e+01
-4.819600000000000328e+00
-1.613099999999999978e+00
2.668200000000000127e+00
1.517999999999999972e+01
1.158400000000000141e+01
-3.886299999999999866e+00
-4.390900000000000247e+00
1.207799999999999940e+01
3.436299999999999955e+01
4.014000000000000057e+01
3.843299999999999983e+01
2.707400000000000162e+01
2.257000000000000028e+01
2.236699999999999733e+01
1.476900000000000013e+01
5.880600000000000271e+00
2.873499999999999943e+00
1.157699999999999996e+01
2.732699999999999818e+01
3.447400000000000375e+01
2.791199999999999903e+01
1.816199999999999903e+01
4.152199999999999669e+00
-1.184799999999999898e+01
-1.891000000000000014e+01
-1.571499999999999986e+01
-8.237899999999999112e-01
1.548400000000000176e+01
1.564799999999999969e+01
5.255200000000000315e+00
-1.348799999999999955e+01
-3.146499999999999986e+01
-4.227799999999999869e+01
-3.525800000000000267e+01
-2.626699999999999946e+01
-1.139000000000000057e+01
9.104699999999999349e+00
1.487500000000000000e+01
9.886799999999999145e+00
6.957200000000000273e+00
3.186999999999999833e+00
-5.071299999999999919e+00
-2.749200000000000088e+00
-2.582300000000000040e+00
-1.424200000000000088e+01
-1.031200000000000117e+01
5.163999999999999702e+00
1.497000000000000064e+01
3.102199999999999847e+01
3.955300000000000438e+01
2.867199999999999704e+01
1.645200000000000173e+01
3.208900000000000086e-01
-7.170200000000000351e+00
-7.707499999999999574e+00
-6.328599999999999781e+00
-4.414500000000000313e+00
-1.412199999999999989e+01
-2.135000000000000142e+01
-2.203800000000000026e+01
-1.225999999999999979e+01
4.823900000000000077e+00
8.265399999999999636e+00
8.744099999999999540e+00
6.826399999999999579e+00
-2.325000000000000178e+00
-4.362899999999999778e+00
-4.396099999999999675e+00
-7.180699999999999861e+00
-1.339700000000000024e+01
-8.233100000000000307e+00
7.564600000000000435e+00
1.499400000000000155e+01
9.765900000000000247e+00
6.038999999999999924e-01
-9.492900000000000560e+00
-1.342200000000000060e+01
-6.682900000000000063e+00
-1.429799999999999960e+00
4.377399999999999736e+00
1.032200000000000095e+01
1.926599999999999824e+01
1.748300000000000054e+01
3.509400000000000297e-01
-1.703200000000000003e+01
-2.690300000000000225e+01
-3.326800000000000068e+01
-4.487899999999999778e+01
-4.011800000000000210e+01
-1.557400000000000162e+01
7.563900000000000290e+00
2.023700000000000188e+01
2.064099999999999824e+01
1.671499999999999986e+01
2.382699999999999818e+01
3.052699999999999747e+01
2.572800000000000153e+01
1.735200000000000031e+01
6.585200000000000387e+00
-3.253099999999999881e+00
-1.356700000000000017e+01
-2.138800000000000168e+01
-1.381900000000000084e+01
-1.472800000000000109e+00
-1.173499999999999988e+00
-8.152699999999999392e+00
-5.959699999999999775e+00
-1.007600000000000051e+01
-1.520099999999999874e+01
-2.291199999999999903e+01
-2.543599999999999994e+01
-1.910699999999999932e+01
-1.308300000000000018e+01
-1.149799999999999933e+00
1.471799999999999997e+01
2.845499999999999829e+01
2.378400000000000247e+01
8.000799999999999912e+00
-7.920300000000000118e+00
-1.821599999999999753e+01
-1.612000000000000099e+01
2.459300000000000097e-01
1.099200000000000088e+01
1.664499999999999957e+01
1.810399999999999920e+01
1.773499999999999943e+01
2.615399999999999991e+01
3.496099999999999852e+01
3.563599999999999568e+01
2.285199999999999676e+01
7.092500000000000249e+00
6.076200000000000045e+00
1.973300000000000054e+01
3.094500000000000028e+01
3.019300000000000139e+01
2.010699999999999932e+01
2.921800000000000175e+00
-8.323100000000000165e+00
6.823300000000000198e-02
6.294699999999999740e+00
6.397199999999999775e+00
-4.782199999999999562e+00
-1.762699999999999889e+01
-1.378800000000000026e+01
-3.567200000000000149e+00
-3.375699999999999812e-01
-1.288299999999999912e+01
-2.458699999999999974e+01
-1.706299999999999883e+01
-3.511600000000000055e+00
-9.318899999999999295e+00
-1.939000000000000057e+01
-2.195699999999999719e+01
-3.089199999999999946e+01
-4.275199999999999534e+01
-4.677499999999999858e+01
-4.125199999999999534e+01
-2.815399999999999991e+01
-2.263899999999999935e+01
-1.193700000000000117e+01
-3.250599999999999934e+00
-7.591300000000000381e+00
-2.134800000000000308e-01
1.430499999999999972e+01
2.537000000000000099e+01
2.911199999999999832e+01
2.376300000000000168e+01
1.132699999999999996e+01
2.022299999999999986e+00
-4.335300000000000153e+00
-4.997799999999999798e+00
-4.140799999999999592e+00
-6.465099999999999625e+00
-7.773900000000000254e+00
-4.359300000000000175e+00
3.587200000000000166e+00
1.567099999999999937e+01
2.805000000000000071e+01
3.869200000000000017e+01
4.103800000000000381e+01
3.528699999999999903e+01
3.075400000000000134e+01
1.458200000000000074e+01
-1.748699999999999921e+00
-1.840700000000000003e+01
-2.017999999999999972e+01
-2.291900000000000048e+00
8.379299999999999526e-01
-4.055600000000000094e+00
-4.833700000000000330e+00
-5.903599999999999959e+00
-7.452200000000000379e+00
-1.005500000000000060e+00
-3.102100000000000080e+00
-1.009399999999999942e+01
-5.986399999999999721e+00
-2.156900000000000206e-01
1.897899999999999920e+00
7.295200000000000351e+00
7.937400000000000233e+00
-1.143199999999999994e+00
-4.577799999999999869e+00
-3.016900000000000137e+00
-6.679599999999999760e+00
-1.483099999999999952e+01
-1.772299999999999898e+01
-5.868299999999999628e+00
6.847599999999999909e+00
1.791099999999999781e+01
2.121499999999999986e+01
1.003599999999999959e+01
-2.957599999999999785e+00
-1.632000000000000028e+01
-1.553400000000000070e+01
-5.944700000000000095e+00
1.363099999999999845e+01
3.570300000000000296e+01
4.570000000000000284e+01
4.976300000000000523e+01
4.425399999999999778e+01
3.039999999999999858e+01
2.051399999999999935e+01
9.286199999999999122e+00
-5.401500000000000412e+00
-1.564700000000000024e+01
-1.804500000000000171e+01
-1.778699999999999903e+01
-2.176900000000000190e+01
-1.544999999999999929e+01
-1.288599999999999923e+01
-2.487699999999999889e+01
-3.865500000000000114e+01
-4.499000000000000199e+01
-4.363700000000000045e+01
-3.115399999999999991e+01
-2.048999999999999844e+01
-1.213099999999999845e+01
-3.594899999999999984e+00
9.236000000000000654e+00
1.737999999999999901e+01
1.219700000000000095e+01
3.055200000000000138e+00
-5.654099999999999682e+00
-3.696699999999999875e+00
4.766600000000000392e+00
1.388799999999999990e+01
1.186999999999999922e+01
1.600200000000000067e+00
-1.316200000000000081e+01
-1.038000000000000078e+01
2.909800000000000164e+00
5.791599999999999859e+00
8.640700000000001157e-01
-9.789799999999999613e+00
-1.753099999999999881e+01
-2.183599999999999852e+01
-2.080800000000000338e+01
-2.287099999999999866e+01
-2.634400000000000119e+01
-3.338800000000000523e+01
-3.559599999999999653e+01
-3.188300000000000267e+01
-3.182400000000000162e+01
-1.505799999999999983e+01
1.371399999999999952e+00
6.044299999999999784e+00
1.350400000000000134e+01
2.260699999999999932e+01
3.466199999999999903e+01
4.553000000000000114e+01
5.564600000000000080e+01
5.885300000000000153e+01
4.633299999999999841e+01
3.032199999999999918e+01
1.437599999999999945e+01
6.449500000000000233e-01
-5.026299999999999990e+00
3.804099999999999704e-01
1.473799999999999955e+01
2.250400000000000134e+01
2.296300000000000097e+01
1.919299999999999784e+01
7.036299999999999777e+00
-8.542099999999999582e+00
-1.940599999999999881e+01
-1.368400000000000105e+01
3.163600000000000190e+00
1.384599999999999831e+01
1.872799999999999798e+01
2.181500000000000128e+01
1.491999999999999993e+01
-5.149199999999999333e-01
-1.393099999999999916e+01
-2.144000000000000128e+01
-2.015500000000000114e+01
-1.617800000000000082e+01
-1.249099999999999966e+01
-9.813900000000000290e+00
-3.602799999999999780e+00
-2.433100000000000041e+00
-3.428799999999999848e+00
3.546899999999999942e+00
-2.531300000000000217e-01
-4.427900000000000169e+00
-1.285500000000000087e+00
-1.124300000000000077e+00
1.464599999999999902e+01
2.794599999999999795e+01
2.977800000000000225e+01
2.028800000000000026e+01
4.171000000000000402e-02
-1.392400000000000126e+01
-2.409900000000000020e+01
-2.559499999999999886e+01
-1.925300000000000011e+01
-8.706599999999999895e+00
-6.395599999999999952e+00
-5.287600000000000300e+00
-4.661500000000000199e+00
-6.386300000000000310e+00
-6.985199999999999854e+00
-5.749299999999999855e+00
1.576799999999999868e-01
6.588700000000000223e+00
7.949900000000000411e+00
6.132600000000000051e+00
9.784299999999999997e+00
1.064200000000000124e+01
1.058000000000000007e+01
3.130199999999999871e+00
-1.763400000000000079e+00
-7.752200000000000202e+00
-1.648900000000000077e+01
-2.266499999999999915e+01
-1.719599999999999795e+01
-3.368900000000000006e+00
2.686199999999999921e+00
2.463600000000000012e+00
5.242399999999999949e+00
1.586099999999999888e+01
1.380299999999999905e+01
7.977699999999999569e+00
1.359099999999999975e+00
-3.766700000000000159e+00
-7.240099999999999980e+00
-6.388200000000000323e+00
-5.706299999999999706e-01
-1.395000000000000018e+00
-3.693200000000000038e+00
1.256499999999999950e+00
2.023800000000000043e+00
-2.785099999999999909e+00
-6.970100000000000406e+00
-1.347499999999999964e+01
-1.624699999999999989e+01
-2.211100000000000065e+01
-3.121699999999999875e+01
-3.351800000000000068e+01
-2.468099999999999739e+01
-1.485099999999999909e+01
-1.149799999999999933e+01
-8.793400000000000105e+00
-1.248099999999999987e+01
-8.831400000000000361e+00
-3.352300000000000280e-01
9.768299999999999983e+00
2.427899999999999991e+01
2.744400000000000261e+01
2.852199999999999847e+01
3.092999999999999972e+01
3.358899999999999864e+01
3.500000000000000000e+01
3.549900000000000233e+01
3.460600000000000165e+01
2.897400000000000020e+01
2.252199999999999847e+01
1.575300000000000011e+01
7.466300000000000381e+00
-1.962199999999999944e+00
-1.392400000000000126e+01
-2.628500000000000014e+01
-2.611699999999999733e+01
-1.522499999999999964e+01
2.147499999999999964e+00
1.232799999999999940e+01
1.363099999999999845e+01
1.351599999999999824e+01
9.008200000000000429e+00
1.033599999999999852e+01
1.433599999999999852e+01
1.787599999999999767e+01
1.013899999999999935e+01
1.583900000000000086e+00
2.842499999999999805e+00
9.231299999999998951e-01
7.795900000000000052e-01
-1.651799999999999935e+00
-1.056299999999999883e+01
-1.751200000000000045e+01
-2.740599999999999881e+01
-3.858699999999999619e+01
-3.690500000000000114e+01
-3.152100000000000080e+01
-2.717000000000000171e+01
-2.957900000000000063e+01
-3.338499999999999801e+01
-2.658900000000000219e+01
-1.898900000000000077e+01
-1.418799999999999883e+01
-1.847700000000000031e+01
-2.573499999999999943e+01
-2.257000000000000028e+01
-1.333599999999999852e+01
4.532499999999999862e-01
4.519499999999999851e+00
8.675200000000000689e-01
-2.866599999999999704e-01
4.238000000000000433e+00
5.678600000000000314e+00
7.772300000000000431e+00
1.505299999999999905e+01
2.081099999999999994e+01
2.474699999999999989e+01
2.329599999999999937e+01
1.994599999999999795e+01
1.340400000000000169e+01
1.644900000000000029e+00
-5.984099999999999753e+00
-2.188899999999999846e+00
5.876100000000000767e-01
-2.944100000000000161e+00
1.908300000000000274e-02
3.353800000000000114e+00
1.522700000000000031e+01
2.571499999999999986e+01
2.930499999999999972e+01
2.966600000000000037e+01
2.043400000000000105e+01
1.728200000000000003e+01
1.842000000000000171e+01
1.712300000000000111e+01
1.331499999999999950e+01
1.102400000000000091e+01
6.652599999999999625e+00
-6.922099999999999920e-01
-3.515099999999999891e+00
3.211699999999999555e-01
3.545900000000000052e+00
6.660499999999999865e+00
1.036599999999999966e+01
1.722799999999999798e+01
2.274800000000000111e+01
2.547300000000000253e+01
2.425699999999999790e+01
1.564900000000000091e+01
9.032500000000000639e+00
1.475000000000000089e+00
-1.108000000000000007e+01
-2.066199999999999903e+01
-2.374900000000000233e+01
-2.150699999999999790e+01
-2.021900000000000119e+01
-2.056400000000000006e+01
-2.186199999999999832e+01
-2.595899999999999963e+01
-2.586199999999999832e+01
-2.407600000000000051e+01
-2.498499999999999943e+01
-2.708399999999999963e+01
-2.213100000000000023e+01
-1.427900000000000169e+01
-1.072900000000000098e+01
-1.449400000000000155e+01
-1.655400000000000205e+01
-1.449900000000000055e+01
-5.592399999999999594e+00
-1.358199999999999859e-02
8.156399999999999206e-01
-1.208700000000000108e+00
-8.051999999999999602e+00
-8.169600000000000861e+00
5.885699999999999932e+00
1.895599999999999952e+01
2.223400000000000176e+01
1.477400000000000091e+01
6.538499999999999979e+00
4.466000000000000192e+00
-6.610400000000000276e+00
-1.344700000000000095e+01
-1.397299999999999898e+01
-3.355199999999999960e+00
7.500799999999999912e+00
9.131800000000000139e+00
4.240899999999999892e+00
-6.677300000000000457e-01
-4.685500000000000220e+00
-5.028400000000000425e+00
1.021700000000000053e+00
3.163800000000000168e+00
5.938299999999999912e+00
1.000200000000000067e+01
1.149699999999999989e+01
9.291199999999999903e+00
1.044299999999999962e+01
8.595200000000000173e+00
7.157099999999999795e+00
5.890399999999999636e+00
4.869100000000000428e+00
1.145700000000000074e+01
1.157300000000000040e+01
1.593900000000000006e+01
2.103400000000000247e+01
2.358800000000000097e+01
2.335599999999999810e+01
1.416999999999999993e+01
9.177400000000000446e+00
1.184700000000000131e+01
1.212099999999999866e+01
4.046899999999999942e+00
3.545100000000000140e+00
4.103100000000000636e-01
-4.902599999999999625e+00
-1.103400000000000070e+01
-1.675600000000000023e+01
-1.541999999999999993e+01
-1.344400000000000084e+01
-1.573499999999999943e+01
-1.609299999999999997e+01
-1.435299999999999976e+01
-1.171400000000000041e+01
-1.407300000000000040e+01
-1.330799999999999983e+01
-7.405899999999999928e+00
-6.674400000000000333e+00
-4.188900000000000290e+00
-6.057100000000000151e+00
-4.339500000000000135e+00
-1.160900000000000043e+00
-1.808100000000000041e+00
2.432799999999999851e+00
7.758700000000000152e+00
8.800300000000000011e+00
7.741200000000000081e+00
2.052299999999999791e+00
-4.998000000000000220e+00
-9.686299999999999244e+00
-1.302599999999999980e+01
-9.868100000000000094e+00
8.069600000000000106e-01
8.060000000000000497e+00
1.149200000000000088e+01
1.329700000000000060e+01
1.016399999999999970e+01
1.248399999999999954e+00
-3.629300000000000193e+00
-8.808899999999999508e+00
-1.076900000000000013e+01
-8.130499999999999616e+00
-6.998999999999999666e+00
-7.740700000000000358e+00
-9.321699999999999875e+00
-2.079200000000000159e+00
2.164000000000000146e+00
-3.163899999999999935e+00
-8.049400000000000333e+00
-1.175200000000000067e+01
-1.088499999999999979e+01
-9.814099999999999824e+00
-1.028999999999999915e+01
-1.158699999999999974e+01
-6.296899999999999942e+00
-6.495499999999999885e-02
-1.794699999999999962e+00
1.432800000000000074e+00
9.328200000000000713e+00
1.837000000000000099e+01
2.364000000000000057e+01
1.528400000000000070e+01
4.502900000000000347e+00
4.631099999999999994e+00
6.960399999999999920e+00
7.922600000000000087e+00
8.076599999999999113e+00
1.051900000000000013e+01
8.709600000000000009e+00
5.863900000000000112e+00
4.582300000000000040e+00
-1.106700000000000017e+00
-6.002100000000000435e+00
-8.768499999999999517e+00
-3.721299999999999830e+00
3.637300000000000200e+00
5.014300000000000423e+00
6.680500000000000327e+00
4.968600000000000350e+00
4.124699999999999811e+00
1.079800000000000093e+00
2.495299999999999851e+00
6.723399999999999821e+00
5.500399999999999956e+00
4.676999999999999602e+00
4.400500000000000078e+00
-1.339299999999999935e+00
-7.524799999999999933e+00
-1.373299999999999876e+01
-1.708999999999999986e+01
-1.593799999999999883e+01
-1.732999999999999829e+01
-1.357000000000000028e+01
-1.083900000000000041e+01
-1.137099999999999866e+01
-7.431600000000000428e+00
-1.667899999999999938e+00
6.888099999999999667e+00
1.853300000000000125e+01
2.373300000000000054e+01
2.619900000000000162e+01
2.737900000000000134e+01
2.175699999999999790e+01
1.098299999999999876e+01
6.481700000000000017e+00
3.682300000000000129e+00
7.959199999999999608e-01
2.029900000000000038e+00
2.083800000000000097e-01
-1.216900000000000093e+00
-1.060100000000000042e+00
9.468200000000001060e-01
5.382299999999999862e+00
7.292099999999999582e+00
1.015299999999999869e+01
2.185800000000000054e+01
1.874299999999999855e+01
5.484700000000000131e+00
-5.250899999999999679e+00
-1.077799999999999869e+01
-1.159900000000000020e+01
-1.787900000000000134e+01
-2.450699999999999790e+01
-3.080499999999999972e+01
-3.105499999999999972e+01
-2.460199999999999676e+01
-1.507099999999999973e+01
-8.435000000000000497e+00
-8.055600000000000094e+00
-1.196499999999999986e+01
-1.419500000000000028e+01
-4.627100000000000435e+00
6.877299999999999969e+00
1.172700000000000031e+01
9.998100000000000875e+00
-1.258599999999999997e-01
-4.079200000000000159e+00
-6.187500000000000000e+00
-4.914900000000000269e+00
-5.827899999999999636e+00
-3.165700000000000180e+00
-3.976599999999999913e+00
-2.322599999999999998e+00
-2.841600000000000126e+00
-4.670899999999999608e+00
-8.032000000000000250e-01
2.048399999999999999e+00
9.496700000000000585e+00
1.126099999999999923e+01
1.081000000000000050e+01
9.257799999999999585e+00
9.731700000000000017e+00
5.225699999999999790e+00
3.009999999999999787e+00
1.679899999999999949e+00
-6.101699999999999902e-01
2.351800000000000279e-01
5.535899999999999821e+00
1.381000000000000050e+01
1.328900000000000148e+01
6.367200000000000415e+00
-1.803900000000000059e+00
-2.522400000000000198e+00
6.749100000000000099e-01
8.572899999999999965e-01
2.830799999999999983e+00
2.317200000000000149e+00
-1.668700000000000183e-01
-5.315400000000000347e+00
-6.443500000000000227e+00
-4.433300000000000018e+00
-5.385200000000000209e+00
-1.020800000000000018e+01
-1.188400000000000034e+01
-1.015099999999999980e+01
-6.932800000000000296e+00
-1.677999999999999936e+00
-5.331900000000000084e+00
-7.296599999999999753e+00
-9.202799999999999869e+00
-7.387100000000000222e+00
-2.378099999999999881e+00
-1.399599999999999955e+00
2.519400000000000084e+00
3.912300000000000111e+00
7.628999999999999559e+00
7.161900000000000155e+00
1.266499999999999915e+01
1.581299999999999883e+01
1.877499999999999858e+01
2.583699999999999974e+01
2.743699999999999761e+01
3.096499999999999986e+01
2.307600000000000051e+01
2.356800000000000139e+01
2.350199999999999889e+01
1.880599999999999739e+01
1.749500000000000099e+01
1.288099999999999845e+01
5.792500000000000426e+00
-4.376500000000000057e+00
-9.878299999999999415e+00
-1.203999999999999915e+01
-1.795299999999999940e+01
-2.063699999999999690e+01
-1.724800000000000111e+01
-1.497700000000000031e+01
-1.466400000000000148e+01
-1.455799999999999983e+01
-1.688100000000000023e+01
-2.099599999999999866e+01
-2.084300000000000352e+01
-2.168400000000000105e+01
-1.988899999999999935e+01
-1.679700000000000060e+01
-1.659400000000000119e+01
-1.479599999999999937e+01
-1.616499999999999915e+01
-1.684199999999999875e+01
-1.252400000000000091e+01
1.809099999999999930e+00
1.028599999999999959e+01
7.461299999999999599e+00
2.505399999999999849e+00
-2.944700000000000095e+00
-3.626999999999999780e+00
-3.451900000000000190e+00
1.859299999999999953e+00
5.811600000000000321e+00
5.406100000000000350e+00
5.872399999999999842e+00
4.735000000000000320e+00
3.886200000000000099e+00
2.891700000000000159e+00
1.060300000000000020e+00
1.084400000000000031e+00
5.581800000000000317e+00
1.321000000000000085e+01
1.727700000000000102e+01
2.109400000000000119e+01
2.414099999999999824e+01
1.930499999999999972e+01
1.245199999999999996e+01
1.111200000000000010e+01
1.162500000000000000e+01
1.111700000000000088e+01
6.662200000000000344e+00
2.079800000000000093e+00
-3.702900000000000080e+00
-1.446599999999999930e+01
-1.803999999999999915e+01
-1.717900000000000205e+01
-1.703400000000000247e+01
-1.479199999999999982e+01
-1.260900000000000176e+01
-6.044400000000000439e+00
-1.979200000000000070e+00
4.928899999999999615e+00
8.792400000000000659e+00
8.819100000000000605e+00
6.793199999999999683e+00
7.825700000000000323e+00
8.039300000000000779e+00
8.409000000000000696e+00
5.369799999999999685e+00
8.048000000000000043e+00
1.268400000000000105e+01
6.425399999999999778e+00
4.596799999999999997e+00
-1.572300000000000031e+00
-2.612699999999999800e+00
-3.847799999999999887e+00
-1.655299999999999994e+00
3.747800000000000020e-01
1.983400000000000052e+00
1.511800000000000033e+00
-1.484800000000000009e-01
-9.332899999999999530e-02
-1.100900000000000073e-01
-8.144800000000000040e+00
-1.610599999999999810e+01
-2.088699999999999690e+01
-3.047300000000000253e+01
-3.102699999999999747e+01
-2.263899999999999935e+01
-1.291699999999999982e+01
-8.985500000000000043e+00
-4.161999999999999922e+00
-2.525799999999999823e+00
-5.791100000000000136e-01
-8.982299999999999729e-01
2.251399999999999846e+00
6.931199999999999584e+00
7.448999999999999844e+00
7.903800000000000381e+00
5.204900000000000304e+00
4.287499999999999645e+00
4.186499999999999666e+00
5.641399999999999970e+00
5.271899999999999586e+00
5.375700000000000145e+00
6.114099999999999646e+00
1.021799999999999997e+01
1.252200000000000024e+01
4.564799999999999969e+00
-1.859799999999999898e+00
-2.050600000000000200e+00
1.958700000000000108e+00
8.809100000000000819e+00
1.656500000000000128e+01
1.697299999999999898e+01
1.582900000000000063e+01
1.524300000000000033e+01
1.459700000000000131e+01
1.086200000000000010e+01
8.015700000000000713e+00
1.165999999999999925e+00
-6.781600000000000072e+00
-1.185500000000000043e+01
-1.244200000000000017e+01
-1.078200000000000003e+01
-1.720499999999999829e+01
-1.769200000000000017e+01
-1.647200000000000131e+01
-9.358100000000000307e+00
-2.520999999999999908e+00
2.683399999999999785e+00
6.339800000000000324e+00
8.214600000000000790e+00
1.544299999999999962e+01
1.805799999999999983e+01
1.265499999999999936e+01
8.676299999999999457e+00
4.744699999999999918e+00
2.035600000000000076e+00
1.369699999999999918e+00
-1.858500000000000041e+00
-4.991999999999999993e+00
-9.673600000000000421e+00
-1.214499999999999957e+01
-1.009900000000000020e+00
6.853699999999999903e+00
9.110200000000000742e+00
1.205199999999999960e+01
8.568400000000000460e+00
1.273599999999999888e+01
1.047799999999999976e+01
5.327899999999999636e+00
2.566199999999999815e+00
-3.264699999999999935e+00
-5.323199999999999932e+00
-1.321400000000000041e+01
-1.742999999999999972e+01
-1.370500000000000007e+01
-6.857000000000000206e+00
-6.309599999999999653e+00
-8.447900000000000631e+00
-1.180400000000000027e+01
-8.265200000000000102e+00
-8.807999999999999829e+00
-4.878099999999999881e+00
7.514399999999999968e-01
8.190300000000000580e+00
