           fp  Imperial Valley, 2317 UTC, El Centro Array 6, Huston Road        
   3909    1.00000E-02  0  0  0.  0.  0.  0.  0.
  0.82728E+00  0.79422E+00  0.10223E+01  0.13567E+01  0.14233E+01  0.11155E+01
  0.79401E+00  0.80561E+00  0.10096E+01  0.10143E+01  0.80966E+00  0.84187E+00
  0.13824E+01  0.20981E+01  0.24326E+01  0.22416E+01  0.18857E+01  0.17463E+01
  0.17991E+01  0.16768E+01  0.11664E+01  0.52549E+00  0.31732E+00  0.75140E+00
  0.13709E+01  0.15715E+01  0.13839E+01  0.14677E+01  0.21319E+01  0.27170E+01
  0.23441E+01  0.10781E+01 -0.33320E-01 -0.23804E+00  0.13767E+00  0.36225E+00
  0.34641E+00  0.57790E+00  0.11562E+01  0.14839E+01  0.11005E+01  0.36008E+00
 -0.60451E-02  0.27697E+00  0.88274E+00  0.14199E+01  0.16720E+01  0.14810E+01
  0.78519E+00 -0.11321E+00 -0.67509E+00 -0.68063E+00 -0.46285E+00 -0.34471E+00
 -0.18533E+00  0.30032E+00  0.95421E+00  0.13059E+01  0.12352E+01  0.11164E+01
  0.12311E+01  0.13734E+01  0.12202E+01  0.83698E+00  0.52583E+00  0.26622E+00
 -0.24752E+00 -0.96046E+00 -0.12200E+01 -0.45277E+00  0.98425E+00  0.20194E+01
  0.20174E+01  0.13492E+01  0.76671E+00  0.43165E+00 -0.51180E-01 -0.75036E+00
 -0.11404E+01 -0.79555E+00 -0.41931E-01  0.45409E+00  0.48302E+00  0.39866E+00
  0.56840E+00  0.10885E+01  0.17837E+01  0.22008E+01  0.16115E+01 -0.25527E+00
 -0.23934E+01 -0.30685E+01 -0.15867E+01  0.87720E+00  0.25685E+01  0.29581E+01
  0.27260E+01  0.23292E+01  0.14104E+01 -0.24699E+00 -0.19146E+01 -0.25690E+01
 -0.20042E+01 -0.96196E+00 -0.23236E+00  0.96148E-02 -0.59409E-02 -0.13143E+00
 -0.37026E+00 -0.58503E+00 -0.48041E+00 -0.97586E-01 -0.61631E-01 -0.87053E+00
 -0.19370E+01 -0.19045E+01 -0.36084E+00  0.13718E+01  0.16790E+01  0.58514E+00
 -0.61868E+00 -0.13794E+01 -0.23325E+01 -0.36394E+01 -0.40945E+01 -0.27672E+01
 -0.56399E+00  0.82180E+00  0.10605E+01  0.11068E+01  0.12253E+01  0.51952E+00
 -0.12784E+01 -0.28221E+01 -0.28513E+01 -0.20665E+01 -0.21506E+01 -0.31929E+01
 -0.33285E+01 -0.13451E+01  0.13287E+01  0.20139E+01 -0.75804E-01 -0.29590E+01
 -0.42656E+01 -0.38207E+01 -0.33072E+01 -0.37759E+01 -0.43991E+01 -0.39439E+01
 -0.26679E+01 -0.19688E+01 -0.23859E+01 -0.27481E+01 -0.16094E+01  0.10095E+01
  0.36113E+01  0.46160E+01  0.33747E+01  0.24791E+00 -0.36723E+01 -0.68608E+01
 -0.80575E+01 -0.72313E+01 -0.56048E+01 -0.42359E+01 -0.27400E+01 -0.10720E+00
  0.32193E+01  0.49832E+01  0.36767E+01  0.68738E+00 -0.12269E+01 -0.13142E+01
 -0.11988E+01 -0.20072E+01 -0.27023E+01 -0.21027E+01 -0.88127E+00 -0.10642E+00
  0.80235E+00  0.27999E+01  0.47974E+01  0.46931E+01  0.25729E+01  0.68609E+00
  0.46075E-01 -0.65578E+00 -0.22506E+01 -0.34985E+01 -0.34413E+01 -0.31952E+01
 -0.38146E+01 -0.40974E+01 -0.25085E+01 -0.98572E-01  0.70385E+00 -0.47532E+00
 -0.19081E+01 -0.29124E+01 -0.45552E+01 -0.67268E+01 -0.69580E+01 -0.36724E+01
  0.71581E+00  0.19031E+01 -0.15701E+01 -0.70216E+01 -0.10831E+02 -0.11766E+02
 -0.10861E+02 -0.91514E+01 -0.66727E+01 -0.35518E+01 -0.86013E+00  0.43029E+00
  0.79687E+00  0.14725E+01  0.26289E+01  0.36621E+01  0.50827E+01  0.79358E+01
  0.10559E+02  0.85732E+01  0.42286E+00 -0.88678E+01 -0.12359E+02 -0.87943E+01
 -0.26132E+01  0.25929E+01  0.63010E+01  0.65817E+01 -0.90582E+00 -0.15960E+02
 -0.29784E+02 -0.32686E+02 -0.24221E+02 -0.11305E+02  0.18310E+01  0.15389E+02
  0.25922E+02  0.25249E+02  0.12190E+02 -0.21702E+01 -0.93105E+01 -0.17670E+02
 -0.39603E+02 -0.65413E+02 -0.66839E+02 -0.33364E+02  0.92807E+01  0.29594E+02
  0.27945E+02  0.25304E+02  0.22072E+02 -0.50431E+01 -0.59599E+02 -0.10462E+03
 -0.10219E+03 -0.56683E+02  0.33991E+00  0.51324E+02  0.91201E+02  0.96393E+02
  0.37476E+02 -0.65043E+02 -0.13263E+03 -0.10550E+03 -0.12256E+02  0.62223E+02
  0.68878E+02  0.30533E+02 -0.56523E+01 -0.19479E+02 -0.16103E+02 -0.30014E+01
  0.12422E+02  0.18141E+02  0.94038E+01 -0.20980E+01 -0.47468E+01 -0.52579E+01
 -0.15424E+02 -0.26215E+02 -0.14212E+02  0.23543E+02  0.57272E+02  0.56163E+02
  0.24148E+02 -0.49043E+01 -0.50687E+01  0.14944E+02  0.23757E+02  0.35760E+01
 -0.28648E+02 -0.39983E+02 -0.21467E+02 -0.10218E+01 -0.89139E+01 -0.37303E+02
 -0.48351E+02 -0.22720E+02  0.15186E+02  0.27104E+02  0.46779E+01 -0.26284E+02
 -0.37452E+02 -0.22913E+02  0.33192E+01  0.23366E+02  0.28051E+02  0.20802E+02
  0.11488E+02  0.46601E+01 -0.36023E+01 -0.14558E+02 -0.19493E+02 -0.11692E+02
 -0.10142E+01 -0.48677E+01 -0.24432E+02 -0.39973E+02 -0.32808E+02 -0.45763E+01
  0.26939E+02  0.43455E+02  0.36213E+02  0.10098E+02 -0.17380E+02 -0.28592E+02
 -0.22159E+02 -0.11264E+02 -0.42338E+01  0.28520E+01  0.99756E+01  0.37671E+01
 -0.23130E+02 -0.52713E+02 -0.58102E+02 -0.36580E+02 -0.11416E+02 -0.84726E+00
  0.15987E+00  0.45845E+01  0.13573E+02  0.19285E+02  0.18115E+02  0.13349E+02
  0.93593E+01  0.81894E+01  0.80904E+01  0.36301E+01 -0.72766E+01 -0.15865E+02
 -0.10953E+02  0.28751E+01  0.67465E+01 -0.64679E+01 -0.19061E+02 -0.11851E+02
  0.85819E+01  0.19693E+02  0.13653E+02  0.24923E+01 -0.45505E+01 -0.10611E+02
 -0.15744E+02 -0.10921E+02  0.32739E+01  0.83241E+01 -0.65421E+01 -0.21285E+02
 -0.72714E+01  0.30711E+02  0.54369E+02  0.38032E+02 -0.18159E+01 -0.31292E+02
 -0.38153E+02 -0.32162E+02 -0.18402E+02  0.73850E+01  0.36682E+02  0.44009E+02
  0.17751E+02 -0.17090E+02 -0.22278E+02  0.11312E+02  0.56716E+02  0.83572E+02
  0.84706E+02  0.69658E+02  0.47017E+02  0.21761E+02  0.30440E+00 -0.13796E+02
 -0.26055E+02 -0.43264E+02 -0.60019E+02 -0.61834E+02 -0.43231E+02 -0.15198E+02
  0.81642E+01  0.23960E+02  0.36766E+02  0.46195E+02  0.46499E+02  0.38498E+02
  0.34375E+02  0.44948E+02  0.63241E+02  0.65197E+02  0.30625E+02 -0.34473E+02
 -0.96669E+02 -0.11907E+03 -0.91205E+02 -0.38055E+02  0.14729E+01  0.82710E+01
 -0.29268E+01 -0.35815E+01  0.15403E+02  0.34105E+02  0.28735E+02  0.14332E+01
 -0.21094E+02 -0.16992E+02  0.10007E+02  0.40070E+02  0.58450E+02  0.61385E+02
  0.48748E+02  0.23136E+02 -0.32011E+01 -0.11500E+02  0.55600E+01  0.32165E+02
  0.41742E+02  0.21979E+02 -0.14369E+02 -0.42530E+02 -0.46402E+02 -0.26700E+02
  0.58732E+01  0.39416E+02  0.62730E+02  0.66163E+02  0.49505E+02  0.29288E+02
  0.28744E+02  0.52687E+02  0.76860E+02  0.72074E+02  0.39704E+02  0.13418E+02
  0.20849E+02  0.50985E+02  0.68357E+02  0.56226E+02  0.35157E+02  0.35904E+02
  0.62265E+02  0.88348E+02  0.89504E+02  0.67233E+02  0.41357E+02  0.25409E+02
  0.16983E+02  0.89930E+01  0.94822E+00 -0.36176E+01 -0.37328E+01  0.29413E+00
  0.10627E+02  0.28796E+02  0.50951E+02  0.70666E+02  0.84309E+02  0.89808E+02
  0.84569E+02  0.71480E+02  0.63466E+02  0.71728E+02  0.89588E+02  0.98972E+02
  0.95713E+02  0.96851E+02  0.11469E+03  0.13270E+03  0.12004E+03  0.69148E+02
  0.90000E+01 -0.22656E+02 -0.15281E+02  0.91974E+01  0.23765E+02  0.24196E+02
  0.27763E+02  0.46355E+02  0.67646E+02  0.68865E+02  0.45755E+02  0.17852E+02
  0.38962E+01  0.33411E+01  0.70350E+01  0.13349E+02  0.21700E+02  0.20380E+02
 -0.13519E+01 -0.32182E+02 -0.48222E+02 -0.45799E+02 -0.47305E+02 -0.67900E+02
 -0.93105E+02 -0.10117E+03 -0.94117E+02 -0.90240E+02 -0.93530E+02 -0.89275E+02
 -0.69484E+02 -0.45699E+02 -0.31036E+02 -0.21788E+02 -0.49582E+01  0.22883E+02
  0.52149E+02  0.72042E+02  0.79772E+02  0.80157E+02  0.80797E+02  0.86552E+02
  0.94489E+02  0.94319E+02  0.76589E+02  0.41593E+02  0.86279E-01 -0.34244E+02
 -0.53780E+02 -0.61221E+02 -0.65826E+02 -0.73579E+02 -0.80757E+02 -0.79559E+02
 -0.69719E+02 -0.59886E+02 -0.55904E+02 -0.52911E+02 -0.42800E+02 -0.25386E+02
 -0.71622E+01  0.80299E+01  0.21126E+02  0.32235E+02  0.39568E+02  0.44792E+02
  0.53097E+02  0.65148E+02  0.73476E+02  0.70582E+02  0.58060E+02  0.44492E+02
  0.35876E+02  0.30818E+02  0.23802E+02  0.10869E+02 -0.68244E+01 -0.22667E+02
 -0.28783E+02 -0.23159E+02 -0.12248E+02 -0.45884E+01 -0.25675E+01 -0.25060E+01
 -0.17084E+01 -0.21475E+01 -0.70718E+01 -0.17137E+02 -0.30587E+02 -0.44450E+02
 -0.54954E+02 -0.59910E+02 -0.62075E+02 -0.66979E+02 -0.75274E+02 -0.80315E+02
 -0.76788E+02 -0.69755E+02 -0.70902E+02 -0.85663E+02 -0.10697E+03 -0.12240E+03
 -0.12518E+03 -0.11779E+03 -0.10735E+03 -0.99324E+02 -0.94934E+02 -0.92664E+02
 -0.91064E+02 -0.89665E+02 -0.88110E+02 -0.86138E+02 -0.84837E+02 -0.86169E+02
 -0.90153E+02 -0.93756E+02 -0.93934E+02 -0.90709E+02 -0.85939E+02 -0.80929E+02
 -0.77282E+02 -0.77759E+02 -0.82290E+02 -0.84309E+02 -0.76486E+02 -0.61426E+02
 -0.51480E+02 -0.54822E+02 -0.65534E+02 -0.71517E+02 -0.69107E+02 -0.64897E+02
 -0.64863E+02 -0.67892E+02 -0.70692E+02 -0.73680E+02 -0.79093E+02 -0.86323E+02
 -0.91871E+02 -0.92379E+02 -0.86133E+02 -0.73742E+02 -0.58982E+02 -0.47092E+02
 -0.40077E+02 -0.34998E+02 -0.28528E+02 -0.21147E+02 -0.14672E+02 -0.77111E+01
  0.27463E+01  0.16012E+02  0.27740E+02  0.35645E+02  0.41974E+02  0.48939E+02
  0.54878E+02  0.57220E+02  0.57511E+02  0.60745E+02  0.69897E+02  0.82964E+02
  0.95458E+02  0.10450E+03  0.11004E+03  0.11293E+03  0.11256E+03  0.10660E+03
  0.93200E+02  0.72921E+02  0.48138E+02  0.20789E+02 -0.77620E+01 -0.34542E+02
 -0.54683E+02 -0.65083E+02 -0.67901E+02 -0.68781E+02 -0.71620E+02 -0.76017E+02
 -0.79480E+02 -0.80292E+02 -0.77708E+02 -0.70796E+02 -0.58616E+02 -0.41603E+02
 -0.22293E+02 -0.43699E+01  0.93006E+01  0.18191E+02  0.23708E+02  0.26990E+02
  0.27610E+02  0.25135E+02  0.21359E+02  0.19300E+02  0.19275E+02  0.17322E+02
  0.88819E+01 -0.63371E+01 -0.24140E+02 -0.40243E+02 -0.53796E+02 -0.66225E+02
 -0.77700E+02 -0.86114E+02 -0.89776E+02 -0.90065E+02 -0.89911E+02 -0.89222E+02
 -0.82984E+02 -0.65323E+02 -0.35545E+02  0.35994E+00  0.34132E+02  0.60485E+02
  0.78635E+02  0.90493E+02  0.98332E+02  0.10348E+03  0.10615E+03  0.10668E+03
  0.10682E+03  0.10874E+03  0.11232E+03  0.11447E+03  0.11238E+03  0.10640E+03
  0.98402E+02  0.87793E+02  0.71153E+02  0.46750E+02  0.18236E+02 -0.72118E+01
 -0.24132E+02 -0.31996E+02 -0.33967E+02 -0.33296E+02 -0.30742E+02 -0.25078E+02
 -0.15694E+02 -0.41331E+01  0.72492E+01  0.17701E+02  0.27871E+02  0.37304E+02
  0.43438E+02  0.44085E+02  0.40058E+02  0.34471E+02  0.29990E+02  0.27676E+02
  0.27914E+02  0.30947E+02  0.36028E+02  0.41101E+02  0.44114E+02  0.44486E+02
  0.43092E+02  0.41208E+02  0.39704E+02  0.39011E+02  0.39352E+02  0.40868E+02
  0.43256E+02  0.45255E+02  0.44919E+02  0.41084E+02  0.34693E+02  0.28202E+02
  0.23381E+02  0.20041E+02  0.17016E+02  0.13819E+02  0.10808E+02  0.80851E+01
  0.48685E+01 -0.93983E-01 -0.78934E+01 -0.19107E+02 -0.33450E+02 -0.49339E+02
 -0.64232E+02 -0.75979E+02 -0.84028E+02 -0.89231E+02 -0.92432E+02 -0.93813E+02
 -0.93733E+02 -0.93528E+02 -0.94157E+02 -0.93582E+02 -0.86490E+02 -0.68407E+02
 -0.40368E+02 -0.90728E+01  0.18015E+02  0.37087E+02  0.47865E+02  0.50925E+02
  0.46837E+02  0.37677E+02  0.27437E+02  0.19597E+02  0.14621E+02  0.10411E+02
  0.53592E+01  0.29772E+00 -0.26177E+01 -0.25342E+01 -0.62717E+00  0.17155E+01
  0.47829E+01  0.98260E+01  0.16527E+02  0.22091E+02  0.23562E+02  0.20695E+02
  0.16121E+02  0.12731E+02  0.11469E+02  0.11483E+02  0.11710E+02  0.11718E+02
  0.11368E+02  0.10291E+02  0.80999E+01  0.52022E+01  0.32662E+01  0.43381E+01
  0.90651E+01  0.15855E+02  0.22178E+02  0.26802E+02  0.30413E+02  0.34074E+02
  0.37667E+02  0.40258E+02  0.41636E+02  0.42945E+02  0.45604E+02  0.49819E+02
  0.54494E+02  0.58444E+02  0.61608E+02  0.64779E+02  0.68324E+02  0.71656E+02
  0.74161E+02  0.76099E+02  0.77944E+02  0.79191E+02  0.78725E+02  0.76215E+02
  0.72363E+02  0.67600E+02  0.61588E+02  0.54242E+02  0.46079E+02  0.36797E+02
  0.24840E+02  0.99144E+01 -0.47602E+01 -0.14537E+02 -0.17925E+02 -0.17637E+02
 -0.16949E+02 -0.16580E+02 -0.15731E+02 -0.14198E+02 -0.11845E+02 -0.73238E+01
  0.32952E+00  0.89407E+01  0.14172E+02  0.14166E+02  0.11850E+02  0.11771E+02
  0.15677E+02  0.21981E+02  0.28614E+02  0.34708E+02  0.39575E+02  0.41527E+02
  0.38633E+02  0.30406E+02  0.18554E+02  0.61400E+01 -0.42448E+01 -0.11961E+02
 -0.18299E+02 -0.24672E+02 -0.30852E+02 -0.35360E+02 -0.37403E+02 -0.37893E+02
 -0.38383E+02 -0.39446E+02 -0.40372E+02 -0.39945E+02 -0.37165E+02 -0.31531E+02
 -0.23150E+02 -0.12821E+02 -0.21044E+01  0.67238E+01  0.11609E+02  0.12603E+02
  0.12772E+02  0.15727E+02  0.21189E+02  0.24059E+02  0.19173E+02  0.67867E+01
 -0.76396E+01 -0.18989E+02 -0.26495E+02 -0.32363E+02 -0.37932E+02 -0.42251E+02
 -0.43774E+02 -0.42378E+02 -0.39738E+02 -0.38013E+02 -0.37939E+02 -0.38074E+02
 -0.36242E+02 -0.31848E+02 -0.26193E+02 -0.20552E+02 -0.15172E+02 -0.10812E+02
 -0.99722E+01 -0.14692E+02 -0.23253E+02 -0.30560E+02 -0.32316E+02 -0.28172E+02
 -0.20659E+02 -0.12332E+02 -0.46029E+01  0.14814E+01  0.46977E+01  0.43084E+01
  0.11264E+01 -0.24021E+01 -0.35773E+01 -0.15387E+01  0.20654E+01  0.48705E+01
  0.60981E+01  0.63378E+01  0.52677E+01  0.11386E+01 -0.63706E+01 -0.13921E+02
 -0.16916E+02 -0.14249E+02 -0.94561E+01 -0.69670E+01 -0.81431E+01 -0.11390E+02
 -0.15018E+02 -0.18635E+02 -0.22232E+02 -0.25224E+02 -0.27015E+02 -0.27857E+02
 -0.28480E+02 -0.29140E+02 -0.29684E+02 -0.30444E+02 -0.32348E+02 -0.35601E+02
 -0.38789E+02 -0.40095E+02 -0.39275E+02 -0.37415E+02 -0.34764E+02 -0.30128E+02
 -0.23041E+02 -0.15204E+02 -0.82986E+01 -0.11935E+01  0.84356E+01  0.19614E+02
  0.27434E+02  0.28250E+02  0.24029E+02  0.19735E+02  0.17478E+02  0.15382E+02
  0.12335E+02  0.11242E+02  0.15830E+02  0.25092E+02  0.32713E+02  0.32537E+02
  0.24153E+02  0.12750E+02  0.38163E+01 -0.18095E+01 -0.75830E+01 -0.16441E+02
 -0.26985E+02 -0.34871E+02 -0.37361E+02 -0.35345E+02 -0.30864E+02 -0.24294E+02
 -0.15180E+02 -0.48283E+01  0.37845E+01  0.90183E+01  0.12171E+02  0.15437E+02
  0.19263E+02  0.22608E+02  0.25166E+02  0.28074E+02  0.32172E+02  0.36464E+02
  0.38851E+02  0.38164E+02  0.35170E+02  0.31567E+02  0.28462E+02  0.25883E+02
  0.23331E+02  0.20116E+02  0.15349E+02  0.86656E+01  0.17211E+01 -0.17473E+01
  0.10451E+01  0.82781E+01  0.14116E+02  0.13876E+02  0.84294E+01  0.28313E+01
  0.10974E+01  0.32372E+01  0.69191E+01  0.10578E+02  0.14163E+02  0.17865E+02
  0.20953E+02  0.21726E+02  0.18107E+02  0.88993E+01 -0.45770E+01 -0.18266E+02
 -0.27703E+02 -0.31340E+02 -0.31429E+02 -0.31525E+02 -0.33338E+02 -0.35961E+02
 -0.37482E+02 -0.36503E+02 -0.32296E+02 -0.24395E+02 -0.12941E+02  0.54943E+00
  0.13240E+02  0.22328E+02  0.26440E+02  0.25915E+02  0.22001E+02  0.16125E+02
  0.96104E+01  0.34566E+01 -0.19656E+01 -0.67251E+01 -0.10512E+02 -0.12253E+02
 -0.11125E+02 -0.78379E+01 -0.41833E+01 -0.97511E+00  0.31337E+01  0.10031E+02
  0.19291E+02  0.27479E+02  0.30650E+02  0.27649E+02  0.20901E+02  0.14058E+02
  0.90271E+01  0.52881E+01  0.17207E+01 -0.16097E+01 -0.39648E+01 -0.57394E+01
 -0.87126E+01 -0.13842E+02 -0.19340E+02 -0.21877E+02 -0.19836E+02 -0.14752E+02
 -0.93144E+01 -0.45359E+01  0.56923E+00  0.69445E+01  0.13921E+02  0.19695E+02
  0.22763E+02  0.22709E+02  0.20049E+02  0.15850E+02  0.11297E+02  0.72182E+01
  0.37441E+01  0.49569E+00 -0.29918E+01 -0.70464E+01 -0.11750E+02 -0.16791E+02
 -0.21289E+02 -0.23991E+02 -0.23982E+02 -0.21275E+02 -0.16843E+02 -0.12064E+02
 -0.79412E+01 -0.47458E+01 -0.21652E+01  0.24032E+00  0.28520E+01  0.60028E+01
  0.98129E+01  0.13702E+02  0.16241E+02  0.15883E+02  0.12028E+02  0.53867E+01
 -0.26587E+01 -0.10793E+02 -0.18090E+02 -0.23934E+02 -0.27885E+02 -0.29559E+02
 -0.28685E+02 -0.25428E+02 -0.20835E+02 -0.16626E+02 -0.14327E+02 -0.14349E+02
 -0.16027E+02 -0.18267E+02 -0.20131E+02 -0.20909E+02 -0.20052E+02 -0.17187E+02
 -0.12356E+02 -0.62886E+01 -0.54137E+00  0.30703E+01  0.35387E+01  0.13491E+01
 -0.20004E+01 -0.51513E+01 -0.74338E+01 -0.85346E+01 -0.81930E+01 -0.65287E+01
 -0.41808E+01 -0.17238E+01  0.98782E+00  0.44925E+01  0.89112E+01  0.13656E+02
  0.17903E+02  0.20992E+02  0.22420E+02  0.22058E+02  0.20534E+02  0.19022E+02
  0.18220E+02  0.17707E+02  0.16479E+02  0.14022E+02  0.10552E+02  0.64322E+01
  0.18354E+01 -0.29020E+01 -0.71104E+01 -0.10162E+02 -0.11949E+02 -0.12648E+02
 -0.12237E+02 -0.10597E+02 -0.80776E+01 -0.57368E+01 -0.46804E+01 -0.52863E+01
 -0.70565E+01 -0.91563E+01 -0.11064E+02 -0.12800E+02 -0.14649E+02 -0.16683E+02
 -0.18570E+02 -0.19863E+02 -0.20513E+02 -0.20879E+02 -0.21076E+02 -0.20336E+02
 -0.17167E+02 -0.10365E+02  0.33927E-01  0.12613E+02  0.25288E+02  0.36105E+02
  0.43700E+02  0.47415E+02  0.47308E+02  0.44263E+02  0.39924E+02  0.36069E+02
  0.33564E+02  0.31639E+02  0.28496E+02  0.23086E+02  0.16349E+02  0.10481E+02
  0.68982E+01  0.52214E+01  0.43129E+01  0.37210E+01  0.36717E+01  0.39726E+01
  0.37653E+01  0.26545E+01  0.16709E+01  0.26177E+01  0.65209E+01  0.12956E+02
  0.20627E+02  0.28103E+02  0.33847E+02  0.36092E+02  0.33522E+02  0.26546E+02
  0.17855E+02  0.10954E+02  0.74565E+01  0.57410E+01  0.28210E+01 -0.23422E+01
 -0.77802E+01 -0.11058E+02 -0.12117E+02 -0.12901E+02 -0.14373E+02 -0.15136E+02
 -0.13338E+02 -0.90043E+01 -0.37342E+01  0.11787E+01  0.54260E+01  0.86397E+01
  0.99880E+01  0.92174E+01  0.72137E+01  0.48155E+01  0.15995E+01 -0.33814E+01
 -0.98401E+01 -0.16177E+02 -0.21313E+02 -0.25731E+02 -0.30300E+02 -0.34550E+02
 -0.36866E+02 -0.36111E+02 -0.32335E+02 -0.25917E+02 -0.16965E+02 -0.61207E+01
  0.46832E+01  0.13205E+02  0.18699E+02  0.22218E+02  0.25040E+02  0.27299E+02
  0.28475E+02  0.28522E+02  0.27967E+02  0.26953E+02  0.24816E+02  0.20758E+02
  0.14633E+02  0.70246E+01 -0.10030E+01 -0.81650E+01 -0.13387E+02 -0.16548E+02
 -0.18603E+02 -0.20556E+02 -0.22374E+02 -0.23178E+02 -0.22520E+02 -0.21034E+02
 -0.19741E+02 -0.18984E+02 -0.18370E+02 -0.17438E+02 -0.16076E+02 -0.14525E+02
 -0.13259E+02 -0.12855E+02 -0.13406E+02 -0.14022E+02 -0.13303E+02 -0.10628E+02
 -0.68212E+01 -0.32337E+01 -0.31933E+00  0.25778E+01  0.59970E+01  0.94886E+01
  0.12094E+02  0.13463E+02  0.14124E+02  0.14675E+02  0.15051E+02  0.14761E+02
  0.13726E+02  0.12505E+02  0.11666E+02  0.11135E+02  0.10192E+02  0.79584E+01
  0.37154E+01 -0.29352E+01 -0.11677E+02 -0.20966E+02 -0.28375E+02 -0.31994E+02
 -0.31603E+02 -0.28480E+02 -0.24072E+02 -0.19114E+02 -0.13995E+02 -0.94080E+01
 -0.63258E+01 -0.53797E+01 -0.65732E+01 -0.94151E+01 -0.13208E+02 -0.17050E+02
 -0.19933E+02 -0.21044E+02 -0.20102E+02 -0.17452E+02 -0.13896E+02 -0.10425E+02
 -0.78892E+01 -0.66404E+01 -0.64431E+01 -0.67712E+01 -0.71368E+01 -0.72528E+01
 -0.69141E+01 -0.60507E+01 -0.48811E+01 -0.37604E+01 -0.26976E+01 -0.11335E+01
  0.15062E+01  0.49865E+01  0.82512E+01  0.10340E+02  0.11242E+02  0.11690E+02
  0.12337E+02  0.13348E+02  0.14613E+02  0.15934E+02  0.16852E+02  0.16650E+02
  0.14869E+02  0.11798E+02  0.83161E+01  0.52505E+01  0.30780E+01  0.19974E+01
  0.20640E+01  0.30580E+01  0.45463E+01  0.62167E+01  0.81309E+01  0.10488E+02
  0.13336E+02  0.16567E+02  0.20074E+02  0.23578E+02  0.26513E+02  0.28331E+02
  0.29060E+02  0.29226E+02  0.29053E+02  0.28051E+02  0.25706E+02  0.22369E+02
  0.19176E+02  0.16955E+02  0.15631E+02  0.14766E+02  0.14286E+02  0.14408E+02
  0.14979E+02  0.15372E+02  0.14950E+02  0.13471E+02  0.10952E+02  0.75211E+01
  0.35277E+01 -0.32789E+00 -0.32634E+01 -0.48320E+01 -0.51744E+01 -0.48918E+01
 -0.46299E+01 -0.45740E+01 -0.43533E+01 -0.36415E+01 -0.29400E+01 -0.34268E+01
 -0.57544E+01 -0.90540E+01 -0.11567E+02 -0.12315E+02 -0.11882E+02 -0.11489E+02
 -0.11646E+02 -0.12037E+02 -0.12400E+02 -0.12963E+02 -0.13873E+02 -0.14613E+02
 -0.14448E+02 -0.13265E+02 -0.11847E+02 -0.11128E+02 -0.11426E+02 -0.12280E+02
 -0.12912E+02 -0.12805E+02 -0.12011E+02 -0.10990E+02 -0.10056E+02 -0.89837E+01
 -0.73686E+01 -0.53937E+01 -0.39399E+01 -0.36644E+01 -0.42236E+01 -0.46116E+01
 -0.44290E+01 -0.42843E+01 -0.49329E+01 -0.62582E+01 -0.74836E+01 -0.80984E+01
 -0.83825E+01 -0.89493E+01 -0.10020E+02 -0.11243E+02 -0.12101E+02 -0.12392E+02
 -0.12214E+02 -0.11564E+02 -0.10070E+02 -0.72633E+01 -0.32619E+01  0.10899E+01
  0.47856E+01  0.73410E+01  0.88284E+01  0.94711E+01  0.94744E+01  0.90247E+01
  0.80737E+01  0.61539E+01  0.28263E+01 -0.14734E+01 -0.54538E+01 -0.80191E+01
 -0.92347E+01 -0.99078E+01 -0.10512E+02 -0.10866E+02 -0.10834E+02 -0.10756E+02
 -0.10989E+02 -0.11285E+02 -0.10869E+02 -0.92067E+01 -0.65074E+01 -0.36636E+01
 -0.17296E+01 -0.12934E+01 -0.21765E+01 -0.36394E+01 -0.49514E+01 -0.57242E+01
 -0.57896E+01 -0.50547E+01 -0.36535E+01 -0.20567E+01 -0.84789E+00 -0.47029E+00
 -0.12980E+01 -0.37435E+01 -0.77758E+01 -0.12430E+02 -0.16221E+02 -0.18282E+02
 -0.18846E+02 -0.18547E+02 -0.17572E+02 -0.15803E+02 -0.13427E+02 -0.10807E+02
 -0.78950E+01 -0.42129E+01  0.30972E+00  0.49795E+01  0.89878E+01  0.12130E+02
  0.14472E+02  0.15653E+02  0.14990E+02  0.12445E+02  0.89374E+01  0.54992E+01
  0.23702E+01 -0.78311E+00 -0.39775E+01 -0.66501E+01 -0.83570E+01 -0.93229E+01
 -0.10048E+02 -0.10557E+02 -0.10317E+02 -0.89055E+01 -0.65602E+01 -0.39819E+01
 -0.17946E+01 -0.35956E+00  0.76084E-01 -0.61137E+00 -0.22260E+01 -0.41190E+01
 -0.55792E+01 -0.62220E+01 -0.59033E+01 -0.44510E+01 -0.18759E+01  0.11286E+01
  0.32436E+01  0.36036E+01  0.27717E+01  0.22903E+01  0.31516E+01  0.48888E+01
  0.62756E+01  0.66732E+01  0.64081E+01  0.59987E+01  0.54794E+01  0.45892E+01
  0.35134E+01  0.30628E+01  0.40340E+01  0.63823E+01  0.91053E+01  0.11041E+02
  0.11810E+02  0.12026E+02  0.12495E+02  0.13284E+02  0.13616E+02  0.12736E+02
  0.10723E+02  0.84452E+01  0.68302E+01  0.61805E+01  0.60798E+01  0.58214E+01
  0.49790E+01  0.36971E+01  0.25217E+01  0.18923E+01  0.18124E+01  0.20172E+01
  0.23601E+01  0.28947E+01  0.35672E+01  0.40779E+01  0.41937E+01  0.41687E+01
  0.46039E+01  0.57501E+01  0.69236E+01  0.68608E+01  0.47717E+01  0.10822E+01
 -0.29406E+01 -0.62520E+01 -0.87127E+01 -0.10730E+02 -0.12592E+02 -0.14344E+02
 -0.16166E+02 -0.18313E+02 -0.20585E+02 -0.22070E+02 -0.21847E+02 -0.19870E+02
 -0.16996E+02 -0.14205E+02 -0.12039E+02 -0.10670E+02 -0.10087E+02 -0.99540E+01
 -0.97048E+01 -0.91358E+01 -0.87248E+01 -0.89937E+01 -0.96164E+01 -0.96279E+01
 -0.85540E+01 -0.68929E+01 -0.53314E+01 -0.38935E+01 -0.22805E+01 -0.71892E+00
  0.86971E-01 -0.61947E-01 -0.42363E+00 -0.91645E-01  0.11848E+01  0.30382E+01
  0.50908E+01  0.70986E+01  0.87563E+01  0.98129E+01  0.10433E+02  0.11160E+02
  0.12324E+02  0.13785E+02  0.15344E+02  0.17111E+02  0.19091E+02  0.20628E+02
  0.20717E+02  0.19026E+02  0.16445E+02  0.14431E+02  0.13918E+02  0.14845E+02
  0.16567E+02  0.18420E+02  0.20003E+02  0.21152E+02  0.21831E+02  0.22057E+02
  0.21876E+02  0.21463E+02  0.21026E+02  0.20612E+02  0.19952E+02  0.18663E+02
  0.16690E+02  0.14439E+02  0.12459E+02  0.11057E+02  0.10180E+02  0.95535E+01
  0.88241E+01  0.77305E+01  0.62083E+01  0.43006E+01  0.19675E+01 -0.94278E+00
 -0.43924E+01 -0.79924E+01 -0.11274E+02 -0.14036E+02 -0.16308E+02 -0.17948E+02
 -0.18646E+02 -0.18407E+02 -0.17838E+02 -0.17620E+02 -0.17820E+02 -0.17859E+02
 -0.17280E+02 -0.16121E+02 -0.14576E+02 -0.12534E+02 -0.98635E+01 -0.70483E+01
 -0.50507E+01 -0.43343E+01 -0.42704E+01 -0.38492E+01 -0.27240E+01 -0.13653E+01
 -0.28129E+00  0.46959E+00  0.98684E+00  0.11504E+01  0.91564E+00  0.75633E+00
  0.13837E+01  0.30585E+01  0.53235E+01  0.73862E+01  0.86662E+01  0.90631E+01
  0.90483E+01  0.95003E+01  0.11110E+02  0.13749E+02  0.16489E+02  0.18353E+02
  0.19010E+02  0.18796E+02  0.18280E+02  0.17856E+02  0.17553E+02  0.17109E+02
  0.16393E+02  0.15783E+02  0.15923E+02  0.16983E+02  0.18328E+02  0.19193E+02
  0.19449E+02  0.19379E+02  0.18841E+02  0.17103E+02  0.13725E+02  0.94108E+01
  0.56484E+01  0.35627E+01  0.31871E+01  0.36975E+01  0.41634E+01  0.40898E+01
  0.35327E+01  0.28887E+01  0.27022E+01  0.34360E+01  0.51486E+01  0.72907E+01
  0.89960E+01  0.97677E+01  0.98969E+01  0.99475E+01  0.99939E+01  0.95873E+01
  0.85938E+01  0.76312E+01  0.73175E+01  0.73363E+01  0.65527E+01  0.41678E+01
  0.45735E+00 -0.36617E+01 -0.74510E+01 -0.10567E+02 -0.12780E+02 -0.13873E+02
 -0.13892E+02 -0.13241E+02 -0.12318E+02 -0.11179E+02 -0.96896E+01 -0.80658E+01
 -0.70849E+01 -0.74844E+01 -0.90653E+01 -0.10450E+02 -0.10081E+02 -0.76814E+01
 -0.45709E+01 -0.24221E+01 -0.17054E+01 -0.15073E+01 -0.80095E+00  0.49268E+00
  0.17383E+01  0.26816E+01  0.39237E+01  0.62306E+01  0.96090E+01  0.13094E+02
  0.15401E+02  0.15795E+02  0.14509E+02  0.12516E+02  0.10811E+02  0.97872E+01
  0.91537E+01  0.84898E+01  0.77024E+01  0.69354E+01  0.60965E+01  0.49003E+01
  0.33916E+01  0.21576E+01  0.18234E+01  0.24166E+01  0.34252E+01  0.43790E+01
  0.50786E+01  0.52425E+01  0.42798E+01  0.17065E+01 -0.21788E+01 -0.63114E+01
 -0.95819E+01 -0.11592E+02 -0.12603E+02 -0.12999E+02 -0.12934E+02 -0.12588E+02
 -0.12486E+02 -0.13284E+02 -0.15044E+02 -0.16913E+02 -0.17782E+02 -0.17296E+02
 -0.16074E+02 -0.15021E+02 -0.14616E+02 -0.14968E+02 -0.16081E+02 -0.17786E+02
 -0.19479E+02 -0.20387E+02 -0.20144E+02 -0.18991E+02 -0.17491E+02 -0.16101E+02
 -0.15061E+02 -0.14310E+02 -0.13541E+02 -0.12536E+02 -0.11568E+02 -0.11222E+02
 -0.11597E+02 -0.12034E+02 -0.11822E+02 -0.10992E+02 -0.10127E+02 -0.96643E+01
 -0.98577E+01 -0.11119E+02 -0.13761E+02 -0.17110E+02 -0.19611E+02 -0.20182E+02
 -0.19262E+02 -0.18143E+02 -0.17402E+02 -0.16530E+02 -0.14924E+02 -0.12710E+02
 -0.10464E+02 -0.84899E+01 -0.67802E+01 -0.54518E+01 -0.47657E+01 -0.47423E+01
 -0.50040E+01 -0.50836E+01 -0.48645E+01 -0.45114E+01 -0.42269E+01 -0.41074E+01
 -0.42179E+01 -0.46719E+01 -0.54589E+01 -0.63251E+01 -0.67996E+01 -0.63985E+01
 -0.49394E+01 -0.28071E+01 -0.91881E+00 -0.13286E+00 -0.55932E+00 -0.14254E+01
 -0.18690E+01 -0.16978E+01 -0.12622E+01 -0.74062E+00 -0.23332E-01  0.70767E+00
  0.79642E+00 -0.11073E+00 -0.14404E+01 -0.22994E+01 -0.25025E+01 -0.25340E+01
 -0.25894E+01 -0.22876E+01 -0.15256E+01 -0.99717E+00 -0.14132E+01 -0.25469E+01
 -0.35708E+01 -0.41173E+01 -0.44886E+01 -0.49424E+01 -0.53136E+01 -0.53896E+01
 -0.51770E+01 -0.46211E+01 -0.35396E+01 -0.20734E+01 -0.69997E+00  0.46740E+00
  0.20778E+01  0.46327E+01  0.75791E+01  0.98796E+01  0.11250E+02  0.12276E+02
  0.13317E+02  0.14007E+02  0.14079E+02  0.13934E+02  0.13896E+02  0.13460E+02
  0.11979E+02  0.97157E+01  0.75004E+01  0.55324E+01  0.33409E+01  0.97092E+00
 -0.73964E+00 -0.14504E+01 -0.21722E+01 -0.41709E+01 -0.72520E+01 -0.97696E+01
 -0.10230E+02 -0.84269E+01 -0.51678E+01 -0.15619E+01  0.13813E+01  0.31157E+01
  0.39020E+01  0.45030E+01  0.53543E+01  0.62268E+01  0.68898E+01  0.76005E+01
  0.85759E+01  0.93863E+01  0.92492E+01  0.79646E+01  0.60312E+01  0.40767E+01
  0.25312E+01  0.18409E+01  0.22770E+01  0.34860E+01  0.45506E+01  0.48527E+01
  0.44680E+01  0.36166E+01  0.21640E+01  0.25110E+00 -0.10711E+01 -0.50430E+00
  0.20785E+01  0.53244E+01  0.77044E+01  0.86661E+01  0.85185E+01  0.76877E+01
  0.65440E+01  0.55516E+01  0.49439E+01  0.43397E+01  0.31447E+01  0.13280E+01
 -0.59849E+00 -0.23155E+01 -0.39604E+01 -0.53305E+01 -0.55466E+01 -0.39768E+01
 -0.13561E+01  0.67734E+00  0.12511E+01  0.10659E+01  0.14405E+01  0.29416E+01
  0.51915E+01  0.74930E+01  0.91963E+01  0.97123E+01  0.88436E+01  0.72469E+01
  0.60967E+01  0.59801E+01  0.62860E+01  0.59741E+01  0.47793E+01  0.34029E+01
  0.26130E+01  0.24864E+01  0.26173E+01  0.26898E+01  0.25357E+01  0.19214E+01
  0.63393E+00 -0.11241E+01 -0.27034E+01 -0.35547E+01 -0.37431E+01 -0.37701E+01
 -0.39757E+01 -0.43564E+01 -0.49057E+01 -0.58321E+01 -0.72398E+01 -0.86543E+01
 -0.92272E+01 -0.84436E+01 -0.66641E+01 -0.48124E+01 -0.36647E+01 -0.34237E+01
 -0.36670E+01 -0.36458E+01 -0.26492E+01 -0.55020E+00  0.19370E+01  0.36445E+01
  0.37860E+01  0.24609E+01  0.35971E+00 -0.17519E+01 -0.32932E+01 -0.38901E+01
 -0.34979E+01 -0.25425E+01 -0.18274E+01 -0.20534E+01 -0.33544E+01 -0.51601E+01
 -0.65879E+01 -0.71058E+01 -0.70057E+01 -0.70668E+01 -0.76397E+01 -0.80543E+01
 -0.72706E+01 -0.50889E+01 -0.25605E+01 -0.10554E+01 -0.10031E+01 -0.16583E+01
 -0.20146E+01 -0.17734E+01 -0.14257E+01 -0.14730E+01 -0.17744E+01 -0.16843E+01
 -0.87293E+00  0.17889E+00  0.72231E+00  0.65117E+00  0.72754E+00  0.17038E+01
  0.34973E+01  0.54147E+01  0.69955E+01  0.83666E+01  0.97654E+01  0.11136E+02
  0.12384E+02  0.13673E+02  0.15254E+02  0.16906E+02  0.17938E+02  0.17757E+02
  0.16425E+02  0.14623E+02  0.13168E+02  0.12523E+02  0.12624E+02  0.13071E+02
  0.13550E+02  0.13984E+02  0.14369E+02  0.14524E+02  0.14285E+02  0.13888E+02
  0.13958E+02  0.14975E+02  0.16803E+02  0.18855E+02  0.20453E+02  0.20996E+02
  0.19963E+02  0.17320E+02  0.13883E+02  0.10945E+02  0.92525E+01  0.84431E+01
  0.77332E+01  0.68550E+01  0.61074E+01  0.55213E+01  0.45710E+01  0.29442E+01
  0.13002E+01  0.88232E+00  0.22777E+01  0.47829E+01  0.70023E+01  0.79721E+01
  0.75748E+01  0.62848E+01  0.47573E+01  0.36594E+01  0.34408E+01  0.39674E+01
  0.44596E+01  0.40143E+01  0.23704E+01  0.94607E-01 -0.18893E+01 -0.28293E+01
 -0.23644E+01 -0.50177E+00  0.22263E+01  0.48620E+01  0.65009E+01  0.68834E+01
  0.64414E+01  0.58695E+01  0.56093E+01  0.57788E+01  0.61649E+01  0.61970E+01
  0.52470E+01  0.31804E+01  0.71573E+00 -0.99342E+00 -0.13184E+01 -0.64750E+00
  0.74950E-01  0.22726E+00  0.29271E-01  0.11978E+00  0.76671E+00  0.14788E+01
  0.14732E+01  0.47842E+00 -0.10211E+01 -0.23353E+01 -0.32408E+01 -0.39196E+01
 -0.44645E+01 -0.46864E+01 -0.45581E+01 -0.44985E+01 -0.50536E+01 -0.63540E+01
 -0.79842E+01 -0.92982E+01 -0.98194E+01 -0.93849E+01 -0.82299E+01 -0.68034E+01
 -0.54455E+01 -0.40636E+01 -0.23726E+01 -0.43098E+00  0.12463E+01  0.21405E+01
  0.22104E+01  0.17067E+01  0.69827E+00 -0.96951E+00 -0.31663E+01 -0.52017E+01
 -0.62411E+01 -0.60066E+01 -0.49644E+01 -0.37955E+01 -0.28944E+01 -0.24811E+01
 -0.29298E+01 -0.47625E+01 -0.79587E+01 -0.11454E+02 -0.13585E+02 -0.13361E+02
 -0.11316E+02 -0.90653E+01 -0.79204E+01 -0.80187E+01 -0.87181E+01 -0.94485E+01
 -0.10000E+02 -0.10116E+02 -0.93692E+01 -0.77435E+01 -0.60801E+01 -0.55328E+01
 -0.64486E+01 -0.79482E+01 -0.87163E+01 -0.81244E+01 -0.65811E+01 -0.50791E+01
 -0.44768E+01 -0.51420E+01 -0.68820E+01 -0.90723E+01 -0.10950E+02 -0.11920E+02
 -0.11716E+02 -0.10445E+02 -0.87057E+01 -0.74541E+01 -0.73912E+01 -0.83104E+01
 -0.92159E+01 -0.92903E+01 -0.86367E+01 -0.79143E+01 -0.73808E+01 -0.66722E+01
 -0.55308E+01 -0.43826E+01 -0.38697E+01 -0.39922E+01 -0.40667E+01 -0.34405E+01
 -0.20209E+01 -0.69049E-01  0.20923E+01  0.40682E+01  0.53435E+01  0.56262E+01
  0.51396E+01  0.43404E+01  0.34932E+01  0.27800E+01  0.27639E+01  0.40185E+01
  0.61764E+01  0.77435E+01  0.74699E+01  0.57056E+01  0.39551E+01  0.31972E+01
  0.31158E+01  0.30550E+01  0.30560E+01  0.35447E+01  0.44112E+01  0.49892E+01
  0.48735E+01  0.43455E+01  0.38623E+01  0.35199E+01  0.31431E+01  0.26392E+01
  0.20563E+01  0.15284E+01  0.12820E+01  0.14994E+01  0.20670E+01  0.26621E+01
  0.32297E+01  0.41648E+01  0.56701E+01  0.70241E+01  0.70525E+01  0.53946E+01
  0.29983E+01  0.10381E+01 -0.33814E+00 -0.19069E+01 -0.40730E+01 -0.61774E+01
 -0.72310E+01 -0.71236E+01 -0.67175E+01 -0.68128E+01 -0.72173E+01 -0.70275E+01
 -0.58624E+01 -0.45256E+01 -0.42706E+01 -0.54616E+01 -0.70852E+01 -0.77748E+01
 -0.71729E+01 -0.61281E+01 -0.56431E+01 -0.58587E+01 -0.61223E+01 -0.58640E+01
 -0.51386E+01 -0.43720E+01 -0.37977E+01 -0.33025E+01 -0.27591E+01 -0.23738E+01
 -0.25791E+01 -0.34747E+01 -0.44357E+01 -0.44831E+01 -0.32392E+01 -0.14629E+01
 -0.51433E+00 -0.11800E+01 -0.30237E+01 -0.48363E+01 -0.56292E+01 -0.52026E+01
 -0.39793E+01 -0.25569E+01 -0.13748E+01 -0.60832E+00 -0.24381E+00 -0.17097E+00
 -0.26318E+00 -0.35539E+00 -0.34110E+00 -0.29585E+00 -0.54949E+00 -0.14281E+01
 -0.28426E+01 -0.42158E+01 -0.49332E+01 -0.48022E+01 -0.41217E+01 -0.32076E+01
 -0.21150E+01 -0.76134E+00  0.74331E+00  0.20901E+01  0.30762E+01  0.38528E+01
  0.47600E+01  0.59488E+01  0.72577E+01  0.84015E+01  0.91951E+01  0.95288E+01
  0.93439E+01  0.88219E+01  0.84241E+01  0.85035E+01  0.87615E+01  0.84561E+01
  0.72750E+01  0.58466E+01  0.51703E+01  0.56308E+01  0.68400E+01  0.82585E+01
  0.95778E+01  0.10416E+02  0.10114E+02  0.83457E+01  0.56636E+01  0.30949E+01
  0.11307E+01 -0.61380E+00 -0.26433E+01 -0.49338E+01 -0.70595E+01 -0.87320E+01
 -0.97724E+01 -0.97894E+01 -0.83537E+01 -0.55957E+01 -0.24565E+01 -0.72828E-01
  0.95071E+00  0.72415E+00 -0.20647E+00 -0.11371E+01 -0.13430E+01 -0.43621E+00
  0.12398E+01  0.27270E+01  0.30911E+01  0.21055E+01  0.25096E+00 -0.17821E+01
 -0.34444E+01 -0.43854E+01 -0.44369E+01 -0.37019E+01 -0.25515E+01 -0.13666E+01
 -0.25378E+00  0.89322E+00  0.21708E+01  0.34690E+01  0.45026E+01  0.49147E+01
  0.43995E+01  0.28848E+01  0.66956E+00 -0.16797E+01 -0.36408E+01 -0.50112E+01
 -0.59421E+01 -0.66909E+01 -0.73678E+01 -0.77627E+01 -0.75465E+01 -0.65095E+01
 -0.47787E+01 -0.27079E+01 -0.69890E+00  0.92532E+00  0.20036E+01  0.26113E+01
  0.30128E+01  0.33629E+01  0.35104E+01  0.32182E+01  0.26272E+01  0.22149E+01
  0.22284E+01  0.23689E+01  0.22415E+01  0.19322E+01  0.19353E+01  0.24776E+01
  0.32604E+01  0.38748E+01  0.42935E+01  0.47706E+01  0.54606E+01  0.62158E+01
  0.66825E+01  0.65414E+01  0.57236E+01  0.44902E+01  0.32878E+01  0.22915E+01
  0.12779E+01 -0.51592E-01 -0.15803E+01 -0.28652E+01 -0.35525E+01 -0.36731E+01
 -0.34194E+01 -0.29013E+01 -0.22148E+01 -0.15868E+01 -0.12198E+01 -0.96266E+00
 -0.43084E+00  0.49943E+00  0.13953E+01  0.16386E+01  0.10681E+01  0.10931E+00
 -0.73603E+00 -0.13754E+01 -0.19735E+01 -0.24720E+01 -0.24760E+01 -0.16935E+01
 -0.35462E+00  0.95671E+00  0.18491E+01  0.23671E+01  0.27375E+01  0.29672E+01
  0.28668E+01  0.23236E+01  0.14472E+01  0.48493E+00 -0.37088E+00 -0.10445E+01
 -0.15292E+01 -0.18943E+01 -0.22281E+01 -0.25446E+01 -0.27273E+01 -0.26352E+01
 -0.22650E+01 -0.17813E+01 -0.14146E+01 -0.13363E+01 -0.16597E+01 -0.24229E+01
 -0.35329E+01 -0.46739E+01 -0.54027E+01 -0.54480E+01 -0.49817E+01 -0.45428E+01
 -0.46397E+01 -0.52998E+01 -0.61145E+01 -0.66716E+01 -0.69540E+01 -0.72021E+01
 -0.75085E+01 -0.76878E+01 -0.76027E+01 -0.74146E+01 -0.73296E+01 -0.72891E+01
 -0.70460E+01 -0.65591E+01 -0.60586E+01 -0.56988E+01 -0.52875E+01 -0.45670E+01
 -0.36439E+01 -0.29441E+01 -0.27080E+01 -0.26882E+01 -0.24520E+01 -0.19240E+01
 -0.14543E+01 -0.13934E+01 -0.16346E+01 -0.17076E+01 -0.12723E+01 -0.48665E+00
  0.23715E+00  0.79949E+00  0.15130E+01  0.26008E+01  0.37231E+01  0.41961E+01
  0.37041E+01  0.26626E+01  0.17413E+01  0.12802E+01  0.10938E+01  0.90743E+00
  0.70046E+00  0.65492E+00  0.85319E+00  0.11201E+01  0.11570E+01  0.82300E+00
  0.28284E+00 -0.23323E+00 -0.70121E+00 -0.12792E+01 -0.20082E+01 -0.26857E+01
 -0.31229E+01 -0.33950E+01 -0.36502E+01 -0.38915E+01 -0.40195E+01 -0.40068E+01
 -0.38360E+01 -0.33046E+01 -0.23130E+01 -0.12836E+01 -0.92737E+00 -0.13577E+01
 -0.17673E+01 -0.13837E+01 -0.48134E+00  0.43161E-01  0.59362E-01  0.44305E+00
  0.18193E+01  0.34394E+01  0.39913E+01  0.32245E+01  0.21726E+01  0.17869E+01
  0.18375E+01  0.14793E+01  0.50297E+00 -0.43904E+00 -0.78694E+00 -0.73299E+00
 -0.79924E+00 -0.11780E+01 -0.15877E+01 -0.17673E+01 -0.17373E+01 -0.17005E+01
 -0.18080E+01 -0.20357E+01 -0.21946E+01 -0.19621E+01 -0.11388E+01  0.11031E+00
  0.13148E+01  0.20694E+01  0.23122E+01  0.22013E+01  0.19050E+01  0.15331E+01
  0.12951E+01  0.14212E+01  0.19560E+01  0.26728E+01  0.32797E+01  0.36908E+01
  0.39920E+01  0.42864E+01  0.45842E+01  0.48442E+01  0.50700E+01  0.52991E+01
  0.55934E+01  0.59702E+01  0.63642E+01  0.65556E+01  0.62730E+01  0.54237E+01
  0.42481E+01  0.31859E+01  0.25496E+01  0.23596E+01  0.25613E+01  0.31202E+01
  0.38679E+01  0.44095E+01  0.43742E+01  0.38718E+01  0.34621E+01  0.35574E+01
  0.40338E+01  0.45342E+01  0.50450E+01  0.58580E+01  0.70728E+01  0.82978E+01
  0.90388E+01  0.91339E+01  0.87449E+01  0.80537E+01  0.70636E+01  0.57885E+01
  0.43519E+01  0.29154E+01  0.15991E+01  0.49229E+00 -0.28482E+00 -0.58799E+00
 -0.31419E+00  0.55032E+00  0.18614E+01  0.32307E+01  0.41090E+01  0.40497E+01
  0.30837E+01  0.17709E+01  0.79798E+00  0.42617E+00  0.36343E+00  0.20796E+00
 -0.43627E-01 -0.10295E+00  0.57632E-01  0.84148E-01 -0.28425E+00 -0.78998E+00
 -0.93168E+00 -0.54101E+00  0.96876E-01  0.70046E+00  0.13212E+01  0.21000E+01
  0.29852E+01  0.36987E+01  0.39931E+01  0.37931E+01  0.32977E+01  0.29362E+01
  0.30349E+01  0.33329E+01  0.30710E+01  0.18063E+01  0.88249E-01 -0.10184E+01
 -0.10880E+01 -0.75568E+00 -0.82519E+00 -0.13549E+01 -0.17816E+01 -0.16931E+01
 -0.12441E+01 -0.79838E+00 -0.57252E+00 -0.59048E+00 -0.80078E+00 -0.10969E+01
 -0.13450E+01 -0.14763E+01 -0.14290E+01 -0.10726E+01 -0.32468E+00  0.49195E+00
  0.65943E+00 -0.32012E+00 -0.21652E+01 -0.39999E+01 -0.50859E+01 -0.53031E+01
 -0.49500E+01 -0.42982E+01 -0.34129E+01 -0.22082E+01 -0.72520E+00  0.76460E+00
  0.18732E+01  0.24426E+01  0.26582E+01  0.27125E+01  0.24061E+01  0.13476E+01
 -0.42521E+00 -0.22359E+01 -0.33218E+01 -0.35286E+01 -0.32580E+01 -0.29324E+01
 -0.27682E+01 -0.29234E+01 -0.35285E+01 -0.44461E+01 -0.52093E+01 -0.53782E+01
 -0.48946E+01 -0.40195E+01 -0.30515E+01 -0.22520E+01 -0.18302E+01 -0.18583E+01
 -0.21611E+01 -0.23747E+01 -0.22894E+01 -0.20668E+01 -0.20949E+01 -0.26450E+01
 -0.36141E+01 -0.46450E+01 -0.54424E+01 -0.59993E+01 -0.64224E+01 -0.66839E+01
 -0.65917E+01 -0.60943E+01 -0.53599E+01 -0.45809E+01 -0.37880E+01 -0.29953E+01
 -0.23364E+01 -0.19111E+01 -0.15510E+01 -0.97107E+00 -0.10267E+00  0.92369E+00
  0.20324E+01  0.32237E+01  0.42467E+01  0.46342E+01  0.42629E+01  0.35652E+01
  0.30426E+01  0.27056E+01  0.22827E+01  0.18769E+01  0.19452E+01  0.26213E+01
  0.34519E+01  0.39529E+01  0.41277E+01  0.42371E+01  0.43088E+01  0.41504E+01
  0.37034E+01  0.30985E+01  0.23323E+01  0.12397E+01 -0.17572E+00 -0.15980E+01
 -0.26287E+01 -0.31031E+01 -0.31000E+01 -0.27948E+01 -0.23350E+01 -0.17893E+01
 -0.11028E+01 -0.29603E+00  0.40079E+00  0.77478E+00  0.99080E+00  0.15433E+01
  0.26523E+01  0.39364E+01  0.49664E+01  0.58384E+01  0.68547E+01  0.77164E+01
  0.75959E+01  0.61119E+01  0.39513E+01  0.21959E+01  0.13782E+01  0.13333E+01
  0.18104E+01  0.26755E+01  0.36884E+01  0.45055E+01  0.50822E+01  0.57001E+01
  0.64555E+01  0.70528E+01  0.72517E+01  0.72857E+01  0.74812E+01  0.76973E+01
  0.74601E+01  0.66185E+01  0.55020E+01  0.44508E+01  0.34855E+01  0.25236E+01
  0.16956E+01  0.11734E+01  0.10117E+01  0.12314E+01  0.19146E+01  0.28726E+01
  0.34562E+01  0.31057E+01  0.20786E+01  0.13125E+01  0.13570E+01  0.17930E+01
  0.18271E+01  0.13289E+01  0.93034E+00  0.11500E+01  0.17852E+01  0.22350E+01
  0.22931E+01  0.22896E+01  0.25882E+01  0.30414E+01  0.31065E+01  0.24812E+01
  0.14473E+01  0.60231E+00  0.23815E+00  0.10748E+00 -0.15366E+00 -0.54186E+00
 -0.75495E+00 -0.64175E+00 -0.38771E+00 -0.29167E+00 -0.44292E+00 -0.76244E+00
 -0.10579E+01 -0.10752E+01 -0.55668E+00  0.45639E+00  0.13870E+01  0.15483E+01
  0.82017E+00 -0.12785E+00 -0.51605E+00 -0.28603E+00 -0.80038E-01 -0.35144E+00
 -0.76364E+00 -0.61604E+00  0.20128E+00  0.10735E+01  0.15234E+01  0.19252E+01
  0.29210E+01  0.42880E+01  0.49576E+01  0.42672E+01  0.27938E+01  0.15848E+01
  0.87384E+00  0.70135E-01 -0.10701E+01 -0.19047E+01 -0.17915E+01 -0.10668E+01
 -0.68561E+00 -0.10154E+01 -0.14413E+01 -0.12215E+01 -0.52092E+00 -0.28058E+00
 -0.11598E+01 -0.26949E+01 -0.36669E+01 -0.33097E+01 -0.20184E+01 -0.89194E+00
 -0.58973E+00 -0.89544E+00 -0.13144E+01 -0.18399E+01 -0.28016E+01 -0.41341E+01
 -0.51541E+01 -0.51267E+01 -0.39898E+01 -0.24272E+01 -0.12904E+01 -0.95035E+00
 -0.10431E+01 -0.78552E+00  0.31693E+00  0.20925E+01  0.39060E+01  0.51939E+01
  0.57433E+01  0.55065E+01  0.45276E+01  0.30234E+01  0.14401E+01  0.23469E+00
 -0.35603E+00 -0.36288E+00 -0.43485E-01  0.19361E+00  0.52752E-01 -0.29408E+00
 -0.30436E+00  0.31730E+00  0.11759E+01  0.16225E+01  0.15298E+01  0.14542E+01
  0.18973E+01  0.27490E+01  0.35116E+01  0.38928E+01  0.39718E+01  0.38619E+01
  0.34705E+01  0.25913E+01  0.12485E+01 -0.24542E+00 -0.14577E+01 -0.21034E+01
 -0.22717E+01 -0.22956E+01 -0.24535E+01 -0.27489E+01 -0.30133E+01 -0.32228E+01
 -0.35593E+01 -0.41568E+01 -0.48196E+01 -0.51321E+01 -0.48401E+01 -0.41395E+01
 -0.34937E+01 -0.32052E+01 -0.31811E+01 -0.31158E+01 -0.28822E+01 -0.25765E+01
 -0.22605E+01 -0.18037E+01 -0.10206E+01  0.13225E-01  0.97836E+00  0.16034E+01
  0.19263E+01  0.21462E+01  0.23214E+01  0.22596E+01  0.17616E+01  0.89283E+00
  0.17069E-01 -0.44309E+00 -0.31257E+00  0.18548E+00  0.55642E+00  0.33326E+00
 -0.61458E+00 -0.19677E+01 -0.32452E+01 -0.41142E+01 -0.44884E+01 -0.42960E+01
 -0.34168E+01 -0.20189E+01 -0.76877E+00 -0.41842E+00 -0.10606E+01 -0.19981E+01
 -0.24652E+01 -0.22660E+01 -0.16203E+01 -0.66884E+00  0.45421E+00  0.12579E+01
  0.10691E+01 -0.12264E+00 -0.14414E+01 -0.19497E+01 -0.16508E+01 -0.12147E+01
 -0.91917E+00 -0.36282E+00  0.76368E+00  0.19796E+01  0.24672E+01  0.19555E+01
  0.90121E+00 -0.91286E-01 -0.73695E+00 -0.10116E+01 -0.99442E+00 -0.87419E+00
 -0.91538E+00 -0.12142E+01 -0.15747E+01 -0.18426E+01 -0.21379E+01 -0.26839E+01
 -0.33811E+01 -0.39271E+01 -0.42499E+01 -0.46312E+01 -0.52768E+01 -0.60495E+01
 -0.66848E+01 -0.71554E+01 -0.75022E+01 -0.75262E+01 -0.69972E+01 -0.61386E+01
 -0.55788E+01 -0.56097E+01 -0.58157E+01 -0.56200E+01 -0.50395E+01 -0.46137E+01
 -0.46033E+01 -0.46651E+01 -0.43526E+01 -0.37583E+01 -0.34424E+01 -0.38373E+01
 -0.48436E+01 -0.59357E+01 -0.65368E+01 -0.63959E+01 -0.56506E+01 -0.46374E+01
 -0.35693E+01 -0.24566E+01 -0.13610E+01 -0.56420E+00 -0.29974E+00 -0.35811E+00
 -0.15204E+00  0.67221E+00  0.17163E+01  0.20735E+01  0.11669E+01 -0.61561E+00
 -0.21370E+01 -0.23740E+01 -0.11720E+01  0.73065E+00  0.22968E+01  0.28394E+01
  0.21698E+01  0.48691E+00 -0.17042E+01 -0.36379E+01 -0.44998E+01 -0.38644E+01
 -0.19103E+01  0.67930E+00  0.28911E+01  0.37016E+01  0.25958E+01  0.11952E+00
 -0.22193E+01 -0.29474E+01 -0.17728E+01  0.42518E+00  0.25958E+01  0.42821E+01
  0.53674E+01  0.54807E+01  0.41825E+01  0.17200E+01 -0.77675E+00 -0.21093E+01
 -0.20131E+01 -0.13229E+01 -0.11889E+01 -0.21745E+01 -0.39020E+01 -0.55436E+01
 -0.64637E+01 -0.65359E+01 -0.58490E+01 -0.43621E+01 -0.20885E+01  0.44612E+00
  0.22458E+01  0.26407E+01  0.17478E+01  0.14050E+00 -0.17965E+01 -0.37918E+01
 -0.52480E+01 -0.54232E+01 -0.42383E+01 -0.25176E+01 -0.12811E+01 -0.95487E+00
 -0.14322E+01 -0.24694E+01 -0.36886E+01 -0.44235E+01 -0.40560E+01 -0.26822E+01
 -0.10886E+01  0.31056E-01  0.53938E+00  0.55663E+00  0.34647E-01 -0.10918E+01
 -0.24209E+01 -0.31318E+01 -0.26406E+01 -0.11810E+01  0.29932E+00  0.84545E+00
  0.25476E+00 -0.71712E+00 -0.93689E+00  0.83220E-01  0.17970E+01  0.32018E+01
  0.37273E+01  0.35007E+01  0.28552E+01  0.18832E+01  0.62975E+00 -0.53790E+00
 -0.99115E+00 -0.41069E+00  0.83262E+00  0.19421E+01  0.23371E+01  0.21036E+01
  0.18393E+01  0.20454E+01  0.26877E+01  0.32064E+01  0.30554E+01  0.21660E+01
  0.10740E+01  0.52114E+00  0.87497E+00  0.18745E+01  0.29049E+01  0.35129E+01
  0.36504E+01  0.34444E+01  0.28951E+01  0.19919E+01  0.96515E+00  0.23722E+00
  0.31283E-01  0.19284E+00  0.47459E+00  0.81818E+00  0.12099E+01  0.14744E+01
  0.14643E+01  0.12790E+01  0.11040E+01  0.86719E+00  0.34181E+00 -0.43417E+00
 -0.11037E+01 -0.14573E+01 -0.15807E+01 -0.14947E+01 -0.96905E+00 -0.38142E-01
  0.62486E+00  0.31940E+00 -0.75190E+00 -0.15725E+01 -0.14006E+01 -0.39071E+00
  0.86308E+00  0.19863E+01  0.28039E+01  0.30377E+01  0.25468E+01  0.17331E+01
  0.12456E+01  0.11531E+01  0.79963E+00 -0.39529E+00 -0.21913E+01 -0.38155E+01
 -0.47288E+01 -0.49586E+01 -0.47557E+01 -0.43228E+01 -0.38588E+01 -0.36181E+01
 -0.37655E+01 -0.41842E+01 -0.45343E+01 -0.45649E+01 -0.43413E+01 -0.41074E+01
 -0.40282E+01 -0.40622E+01 -0.41271E+01 -0.42950E+01 -0.47481E+01 -0.55205E+01
 -0.64131E+01 -0.71889E+01 -0.78239E+01 -0.84383E+01 -0.89568E+01 -0.89870E+01
 -0.81420E+01 -0.64277E+01 -0.43324E+01 -0.24637E+01 -0.11582E+01 -0.34733E+00
  0.26092E+00  0.91047E+00  0.16973E+01  0.25701E+01  0.33536E+01  0.37696E+01
  0.35708E+01  0.27538E+01  0.16827E+01  0.86235E+00  0.61551E+00  0.88730E+00
  0.13548E+01  0.17193E+01  0.18744E+01  0.18817E+01  0.18788E+01  0.19411E+01
  0.20034E+01  0.20177E+01  0.20696E+01  0.23689E+01  0.29637E+01  0.35549E+01
  0.37684E+01  0.35422E+01  0.32439E+01  0.32583E+01  0.35988E+01  0.39806E+01
  0.42181E+01  0.43252E+01  0.43670E+01  0.42886E+01  0.41002E+01  0.40287E+01
  0.43659E+01  0.51530E+01  0.60500E+01  0.65589E+01  0.63569E+01  0.54954E+01
  0.43147E+01  0.32369E+01  0.25266E+01  0.22113E+01  0.21227E+01  0.20787E+01
  0.19763E+01  0.17160E+01  0.12222E+01  0.54625E+00 -0.16299E-01 -0.49943E-01
  0.56552E+00  0.14386E+01  0.19717E+01  0.19209E+01  0.15781E+01  0.13591E+01
  0.13014E+01  0.11717E+01  0.90113E+00  0.72330E+00  0.77562E+00  0.80730E+00
  0.48175E+00 -0.19396E+00 -0.85256E+00 -0.12193E+01 -0.13352E+01 -0.13550E+01
 -0.13130E+01 -0.11576E+01 -0.89916E+00 -0.57551E+00 -0.18314E+00  0.30540E+00
  0.80426E+00  0.11314E+01  0.11494E+01  0.79655E+00  0.16207E+00 -0.47928E+00
 -0.82180E+00 -0.82781E+00 -0.79253E+00 -0.10286E+01 -0.15153E+01 -0.20468E+01
 -0.26400E+01 -0.35182E+01 -0.46816E+01 -0.57522E+01 -0.63591E+01 -0.65058E+01
 -0.63812E+01 -0.59784E+01 -0.51840E+01 -0.41253E+01 -0.32038E+01 -0.26292E+01
 -0.22402E+01 -0.17962E+01 -0.12903E+01 -0.89775E+00 -0.66999E+00 -0.50410E+00
 -0.26269E+00  0.10932E+00  0.53966E+00  0.82576E+00  0.74444E+00  0.29896E+00
 -0.14637E+00 -0.11788E+00  0.50145E+00  0.13337E+01  0.18499E+01  0.18820E+01
  0.17285E+01  0.18189E+01  0.22939E+01  0.29614E+01  0.35360E+01  0.39528E+01
  0.42699E+01  0.44874E+01  0.45160E+01  0.43386E+01  0.41268E+01  0.40181E+01
  0.39437E+01  0.37491E+01  0.34583E+01  0.32673E+01  0.33234E+01  0.35993E+01
  0.39543E+01  0.41719E+01  0.40323E+01  0.34462E+01  0.27227E+01  0.23874E+01
  0.27046E+01  0.34168E+01  0.41118E+01  0.46556E+01  0.51377E+01  0.55374E+01
  0.57069E+01  0.56429E+01  0.55926E+01  0.57829E+01  0.61722E+01  0.66027E+01
  0.70298E+01  0.74125E+01  0.75407E+01  0.71196E+01  0.60666E+01  0.46426E+01
  0.32804E+01  0.23167E+01  0.18440E+01  0.17114E+01  0.16577E+01  0.15114E+01
  0.12929E+01  0.11431E+01  0.10861E+01  0.10428E+01  0.96166E+00  0.90807E+00
  0.93001E+00  0.93482E+00  0.81592E+00  0.64900E+00  0.64350E+00  0.90933E+00
  0.12885E+01  0.16092E+01  0.18956E+01  0.23881E+01  0.32824E+01  0.45030E+01
  0.57132E+01  0.65424E+01  0.68356E+01  0.66413E+01  0.61206E+01  0.53870E+01
  0.45813E+01  0.38512E+01  0.32343E+01  0.25283E+01  0.14512E+01  0.37620E-01
 -0.12592E+01 -0.19515E+01 -0.19708E+01 -0.16328E+01 -0.12055E+01 -0.71304E+00
 -0.13124E+00  0.36819E+00  0.59277E+00  0.57354E+00  0.50629E+00  0.50763E+00
  0.46097E+00  0.22196E+00 -0.21970E+00 -0.77810E+00 -0.13262E+01 -0.16924E+01
 -0.17184E+01 -0.14217E+01 -0.10082E+01 -0.63926E+00 -0.21206E+00  0.46938E+00
  0.13499E+01  0.20657E+01  0.22937E+01  0.21646E+01  0.21041E+01  0.23837E+01
  0.29380E+01  0.35164E+01  0.38990E+01  0.39415E+01  0.35686E+01  0.28762E+01
  0.21631E+01  0.17249E+01  0.15373E+01  0.13327E+01  0.89096E+00  0.22946E+00
 -0.53846E+00 -0.12996E+01 -0.18409E+01 -0.18739E+01 -0.13128E+01 -0.52495E+00
 -0.66891E-01 -0.17891E+00 -0.64468E+00 -0.11689E+01 -0.16381E+01 -0.19321E+01
 -0.17523E+01 -0.94046E+00  0.94596E-01  0.57665E+00  0.18303E+00 -0.59878E+00
 -0.10200E+01 -0.92595E+00 -0.83200E+00 -0.12394E+01 -0.20281E+01 -0.27069E+01
 -0.30045E+01 -0.30479E+01 -0.29642E+01 -0.26299E+01 -0.19178E+01 -0.10408E+01
 -0.38710E+00 -0.73398E-01  0.99489E-01  0.27931E+00  0.35249E+00  0.20598E+00
 -0.26377E-01 -0.97441E-01  0.30757E-01  0.21057E+00  0.31466E+00  0.30200E+00
  0.66183E-01 -0.50636E+00 -0.13502E+01 -0.21905E+01 -0.27252E+01 -0.28169E+01
 -0.24518E+01 -0.17913E+01 -0.12168E+01 -0.11505E+01 -0.16063E+01 -0.20689E+01
 -0.20131E+01 -0.14488E+01 -0.77126E+00 -0.27918E+00 -0.34917E-02 -0.59964E-02
 -0.41378E+00 -0.11341E+01 -0.16690E+01 -0.15479E+01 -0.78458E+00  0.15044E+00
  0.82101E+00  0.11000E+01  0.10871E+01  0.94371E+00  0.88268E+00  0.10517E+01
  0.13582E+01  0.14895E+01  0.13460E+01  0.11819E+01  0.12547E+01  0.14031E+01
  0.12286E+01  0.64884E+00  0.10750E-01 -0.34231E+00 -0.45163E+00 -0.55062E+00
 -0.71142E+00 -0.88254E+00 -0.10503E+01 -0.12832E+01 -0.16089E+01 -0.20102E+01
 -0.24528E+01 -0.28060E+01 -0.28914E+01 -0.27020E+01 -0.24921E+01 -0.24779E+01
 -0.26149E+01 -0.27930E+01 -0.31257E+01 -0.37093E+01 -0.42893E+01 -0.45224E+01
 -0.45153E+01 -0.46661E+01 -0.51088E+01 -0.56615E+01 -0.62486E+01 -0.68425E+01
 -0.69557E+01 -0.61071E+01 -0.48911E+01 -0.47537E+01 -0.59006E+01 -0.64981E+01
 -0.50521E+01 -0.29604E+01 -0.29191E+01 -0.49111E+01 -0.57627E+01 -0.35029E+01
 -0.46343E+00 -0.31926E+00 -0.30463E+01 -0.49525E+01 -0.36887E+01 -0.11611E+01
 -0.55677E+00 -0.20783E+01 -0.31879E+01 -0.23260E+01 -0.76706E+00 -0.46509E+00
 -0.13857E+01 -0.18050E+01 -0.74413E+00  0.79762E+00  0.11922E+01  0.18901E+00
 -0.84868E+00 -0.69111E+00  0.25292E+00  0.52375E+00 -0.42464E+00 -0.15860E+01
 -0.18785E+01 -0.16867E+01 -0.21476E+01 -0.33021E+01 -0.39141E+01 -0.33344E+01
 -0.25177E+01 -0.26729E+01 -0.35288E+01 -0.38181E+01 -0.31080E+01 -0.21781E+01
 -0.16775E+01 -0.13521E+01 -0.87221E+00 -0.53309E+00 -0.58562E+00 -0.53853E+00
  0.10953E+00  0.90192E+00  0.99356E+00  0.38113E+00 -0.10425E+00 -0.10539E+00
 -0.17183E+00 -0.69164E+00 -0.12080E+01 -0.11956E+01 -0.86717E+00 -0.69673E+00
 -0.53667E+00  0.14538E+00  0.13186E+01  0.23646E+01  0.28714E+01  0.29970E+01
  0.29268E+01  0.25955E+01  0.20444E+01  0.15723E+01  0.13062E+01  0.93358E+00
  0.21064E+00 -0.62225E+00 -0.11323E+01 -0.13230E+01 -0.15274E+01 -0.18419E+01
 -0.19537E+01 -0.15572E+01 -0.76247E+00  0.25525E-01  0.55578E+00  0.10174E+01
  0.18430E+01  0.31425E+01  0.43561E+01  0.47455E+01  0.42761E+01  0.37380E+01
  0.37769E+01  0.40803E+01  0.39543E+01  0.34230E+01  0.32110E+01  0.35726E+01
  0.38551E+01  0.34576E+01  0.27372E+01  0.25148E+01  0.28933E+01  0.32032E+01
  0.29807E+01  0.25452E+01  0.24084E+01  0.25017E+01  0.23409E+01  0.17678E+01
  0.11193E+01  0.81402E+00  0.88650E+00  0.10896E+01  0.12101E+01  0.11725E+01
  0.97361E+00  0.56858E+00 -0.45965E-01 -0.74989E+00 -0.13165E+01 -0.15122E+01
 -0.12444E+01 -0.63986E+00  0.74456E-01  0.65131E+00  0.86755E+00  0.53768E+00
 -0.23193E+00 -0.87441E+00 -0.80603E+00 -0.11950E+00  0.37123E+00  0.65123E-01
 -0.67373E+00 -0.10280E+01 -0.87406E+00 -0.96046E+00 -0.17888E+01 -0.28060E+01
 -0.30678E+01 -0.24538E+01 -0.17471E+01 -0.15248E+01 -0.15463E+01 -0.13446E+01
 -0.10262E+01 -0.11199E+01 -0.17633E+01 -0.23653E+01 -0.22258E+01 -0.13477E+01
 -0.41140E+00 -0.93269E-01 -0.39336E+00 -0.85846E+00 -0.12617E+01 -0.18401E+01
 -0.27450E+01 -0.34815E+01 -0.34042E+01 -0.26502E+01 -0.21608E+01 -0.25541E+01
 -0.32839E+01 -0.32755E+01 -0.22437E+01 -0.98864E+00 -0.37584E+00 -0.37447E+00
 -0.32161E+00  0.18797E+00  0.81770E+00  0.96316E+00  0.54184E+00  0.14801E+00
  0.47878E+00  0.15204E+01  0.25036E+01  0.27346E+01  0.23062E+01  0.18433E+01
  0.17548E+01  0.20371E+01  0.27074E+01  0.38105E+01  0.48757E+01  0.49105E+01
  0.35063E+01  0.16796E+01  0.91748E+00  0.14707E+01  0.21407E+01  0.19176E+01
  0.12171E+01  0.10832E+01  0.16054E+01  0.17049E+01  0.54053E+00 -0.13966E+01
 -0.28358E+01 -0.30318E+01 -0.23108E+01 -0.14595E+01 -0.89318E+00 -0.48151E+00
 -0.21807E-01  0.33480E+00  0.17620E+00 -0.63502E+00 -0.15870E+01 -0.19553E+01
 -0.15784E+01 -0.11706E+01 -0.14566E+01 -0.22510E+01 -0.26504E+01 -0.22394E+01
 -0.16361E+01 -0.16477E+01 -0.22225E+01 -0.26909E+01 -0.27096E+01 -0.24499E+01
 -0.20290E+01 -0.13369E+01 -0.62077E+00 -0.57778E+00 -0.16922E+01 -0.39127E+01
 -0.70296E+01 -0.10469E+02 -0.12298E+02 -0.96251E+01 -0.16834E+01  0.77969E+01
  0.12898E+02  0.11086E+02  0.57602E+01  0.27390E+01  0.45808E+01  0.86447E+01
  0.10198E+02  0.67401E+01 -0.17952E+00 -0.66733E+01 -0.10100E+02 -0.11109E+02
 -0.11806E+02 -0.12122E+02 -0.93738E+01 -0.23742E+01  0.54805E+01  0.91109E+01
  0.74967E+01  0.44024E+01  0.31625E+01  0.29566E+01  0.16409E+01  0.28058E+00
  0.22687E+01  0.79456E+01  0.12434E+02  0.10146E+02  0.92073E+00 -0.91117E+01
 -0.12736E+02 -0.79146E+01  0.41648E+00  0.45712E+01  0.99171E+00 -0.63040E+01
 -0.93239E+01 -0.37201E+01  0.70971E+01  0.15431E+02  0.16484E+02  0.11685E+02
  0.56938E+01  0.15366E+01 -0.65273E+00 -0.13241E+01  0.23828E-01  0.34256E+01
  0.65592E+01  0.58945E+01  0.31162E+00 -0.69096E+01 -0.10418E+02 -0.73569E+01
  0.23066E+00  0.71522E+01  0.91761E+01  0.59176E+01  0.44745E+00 -0.35871E+01
 -0.46270E+01 -0.35514E+01 -0.20604E+01
