gil3       fn  Morgan Hill, 24 Apr 84 Gilroy 3 47381                            
   3000    2.00000E-02  0  0  0.  0.  0.  0.  0.
 -0.13123E+01 -0.13741E+01 -0.14204E+01 -0.10980E+01 -0.91623E+00 -0.87621E+00
 -0.39358E+00 -0.15526E+01 -0.75540E+00 -0.23405E+01 -0.31200E+01  0.59168E+01
  0.33810E+01 -0.96897E+01 -0.10523E+02 -0.35086E+00  0.44662E+01  0.10053E+02
 -0.67604E+01 -0.24586E+01  0.90095E+01  0.33640E+01 -0.34029E+01 -0.65220E+01
  0.77447E+01  0.73635E+01 -0.11505E+01 -0.16568E+01  0.45698E+01 -0.20099E+01
 -0.86817E+01 -0.34297E+02 -0.22150E+02  0.54091E+01  0.27168E+01  0.56686E+01
  0.11219E+01  0.22558E+02  0.17845E+02  0.35710E+00 -0.20102E+02 -0.18236E+02
  0.62536E+01  0.16273E+01  0.81240E+01  0.40347E+02  0.40061E+02  0.68563E+01
 -0.48561E+02 -0.54707E+02 -0.62072E+01  0.23766E+02  0.16443E+02 -0.93745E+01
  0.17754E+02  0.43677E+02  0.47547E+01 -0.24830E+02  0.19324E+02  0.88289E+01
 -0.79543E+01 -0.36634E+02 -0.13709E+02  0.11155E+03  0.21136E+02 -0.79743E+02
  0.15549E+02 -0.71149E+02  0.14445E+02  0.31620E+02 -0.63851E+01  0.30172E+02
 -0.12968E+03  0.13350E+02 -0.10757E+02  0.87822E+00  0.74901E+02 -0.12974E+02
 -0.60991E+02 -0.45767E+02  0.36655E+02  0.93763E+02  0.24996E+02 -0.39427E+02
  0.39271E+02  0.30007E+02  0.50798E+02 -0.25399E+02 -0.47814E+02 -0.58206E+02
 -0.14753E+03 -0.85305E+02  0.14162E+03  0.16643E+03 -0.24531E+02  0.25604E+01
  0.38751E+01  0.53529E+01  0.58188E+02 -0.28949E+02 -0.18423E+02  0.73560E+02
  0.51542E+02  0.66785E+02  0.81377E+02  0.47836E+02  0.37675E+02 -0.27265E+02
 -0.17569E+03 -0.18977E+03 -0.15347E+03 -0.54696E+02  0.13945E+03  0.19468E+03
  0.99583E+02 -0.89189E+02 -0.27303E+03 -0.23545E+03 -0.40779E+02  0.11865E+03
  0.17439E+03  0.10680E+03  0.47946E+02 -0.25718E+02 -0.11479E+03 -0.12445E+03
 -0.23544E+02  0.51971E+02  0.11284E+03  0.12288E+03  0.18816E+02  0.29550E+02
 -0.17136E+02 -0.85800E+02 -0.11209E+03 -0.82350E+02  0.76415E+02  0.24623E+03
  0.21660E+03 -0.34733E+02 -0.20952E+03 -0.24000E+03 -0.45927E+02  0.21698E+03
  0.28825E+03  0.17316E+03  0.44068E+02 -0.10216E+03 -0.15367E+03 -0.92122E+02
 -0.93200E+02 -0.46615E+02  0.22924E+02  0.22571E+02 -0.28935E+02 -0.55876E+02
 -0.75863E+02 -0.12763E+03 -0.11162E+03  0.50084E+02  0.18399E+03  0.18406E+03
  0.74865E+02 -0.30607E+02 -0.12137E+02  0.80315E+02  0.13894E+03  0.57031E+02
 -0.53608E+02 -0.99798E+02 -0.39799E+02  0.67987E+02  0.13377E+03  0.15788E+03
  0.86454E+02 -0.64268E+02 -0.21038E+03 -0.32006E+03 -0.32539E+03 -0.21068E+03
 -0.10839E+03 -0.66051E+02  0.39607E+02  0.17812E+03  0.21929E+03  0.13707E+03
 -0.57139E+02 -0.17402E+03 -0.71905E+02  0.13490E+03  0.30377E+03  0.30464E+03
  0.16810E+03  0.94913E+02  0.71446E+02  0.16109E+02 -0.52148E+02 -0.13959E+03
 -0.17431E+03 -0.90476E+02 -0.18765E+02  0.57942E+02  0.89925E+02  0.28139E+02
 -0.60526E+02 -0.15302E+03 -0.14665E+03 -0.63834E+02 -0.12631E+02 -0.84640E+01
 -0.22033E+02 -0.57163E+02 -0.10486E+03 -0.57742E+02  0.12864E+02  0.30333E+02
  0.71071E+02  0.13793E+03  0.19333E+03  0.16340E+03  0.12990E+03  0.10716E+03
 -0.56229E+02 -0.19914E+03 -0.34715E+03 -0.37882E+03 -0.26953E+03 -0.22731E+03
 -0.14231E+03 -0.69096E+02 -0.45939E+02 -0.60565E+02 -0.62917E+02 -0.81811E+01
  0.34141E+02  0.84500E+01 -0.33426E+02 -0.83946E+02 -0.39554E+02  0.69192E+02
  0.13289E+03  0.16424E+03  0.17051E+03  0.19457E+03  0.20823E+03  0.17676E+03
  0.15576E+03  0.10941E+03  0.23394E+02 -0.24166E+02 -0.10144E+02  0.32217E+02
  0.87951E+02  0.10458E+03 -0.10734E+01 -0.86088E+02 -0.18467E+02  0.10794E+03
  0.16725E+03  0.98311E+02 -0.18903E+02 -0.31933E+02 -0.26553E+02 -0.60796E+02
 -0.10068E+03 -0.15238E+03 -0.11578E+03 -0.13795E+02  0.53446E+02 -0.13427E+02
 -0.12849E+03 -0.18393E+03 -0.18603E+03 -0.17160E+03 -0.17651E+03 -0.15388E+03
 -0.13608E+02  0.20241E+03  0.31517E+03  0.31528E+03  0.20549E+03  0.74453E+02
  0.21271E+02  0.57844E+02  0.11416E+03  0.99695E+02  0.18743E+02 -0.94284E+02
 -0.13718E+03 -0.77589E+02  0.13854E+02  0.48218E+02  0.65592E+02  0.88660E+02
  0.96116E+02  0.72336E+02  0.26371E+02  0.26714E+02  0.20902E+01 -0.77533E+02
 -0.10745E+03 -0.64172E+02  0.53747E+02  0.14927E+03  0.14122E+03  0.84558E+02
  0.84698E+02  0.13213E+03  0.15112E+03  0.13841E+03  0.32129E+02 -0.80325E+02
 -0.12473E+03 -0.14962E+03 -0.18670E+03 -0.18005E+03 -0.11529E+03 -0.10444E+02
  0.10525E+03  0.15533E+03  0.15175E+03  0.91873E+02  0.20810E+02 -0.21609E+02
 -0.42554E+02 -0.52706E+02 -0.66378E+02 -0.10057E+03 -0.14020E+03 -0.15690E+03
 -0.14830E+03 -0.13435E+03 -0.11042E+03 -0.80734E+02 -0.74076E+02 -0.55324E+02
 -0.21623E+02 -0.99023E+01 -0.51530E+02 -0.14709E+03 -0.20037E+03 -0.16763E+03
 -0.12885E+03 -0.10958E+03 -0.12828E+03 -0.13104E+03 -0.80795E+02 -0.18624E+02
  0.40410E+02  0.76365E+02  0.10973E+03  0.14987E+03  0.21020E+03  0.23965E+03
  0.20584E+03  0.17014E+03  0.14009E+03  0.99829E+02  0.81104E+02  0.18803E+02
 -0.81551E+02 -0.12945E+03 -0.12699E+03 -0.73617E+02 -0.92793E+01  0.81961E+01
 -0.29088E+02 -0.65577E+02 -0.70772E+02 -0.68635E+02 -0.77107E+02 -0.87552E+02
 -0.67843E+02 -0.18927E+02  0.21448E+02  0.55606E+02  0.68985E+02  0.85682E+02
  0.10813E+03  0.96120E+02  0.73049E+02  0.50834E+02  0.40456E+02  0.28475E+02
  0.39546E+02  0.88420E+02  0.14348E+03  0.16687E+03  0.14661E+03  0.10628E+03
  0.73340E+02  0.48228E+02 -0.13596E+02 -0.68764E+02 -0.56829E+02 -0.53399E+01
  0.39527E+02  0.43980E+02  0.10851E+02 -0.12666E+02 -0.14281E+02 -0.62190E+01
 -0.34217E+01 -0.17772E+02 -0.66581E+01  0.38226E+02  0.76101E+02  0.95756E+02
  0.11267E+03  0.11675E+03  0.11423E+03  0.12093E+03  0.12662E+03  0.13277E+03
  0.11548E+03  0.60035E+02 -0.15660E+02 -0.83427E+02 -0.11217E+03 -0.11077E+03
 -0.13075E+03 -0.17084E+03 -0.20811E+03 -0.22439E+03 -0.19284E+03 -0.16191E+03
 -0.17028E+03 -0.19296E+03 -0.22582E+03 -0.24791E+03 -0.25168E+03 -0.24723E+03
 -0.20841E+03 -0.10615E+03 -0.14823E+02  0.17796E+02  0.32477E+02  0.39609E+02
  0.60334E+02  0.95749E+02  0.13401E+03  0.16743E+03  0.19687E+03  0.21709E+03
  0.22915E+03  0.23731E+03  0.19608E+03  0.11481E+03  0.31584E+02 -0.32578E+02
 -0.83217E+02 -0.12012E+03 -0.13368E+03 -0.12253E+03 -0.11194E+03 -0.13138E+03
 -0.16735E+03 -0.19625E+03 -0.17816E+03 -0.10847E+03 -0.36187E+02 -0.11249E+02
 -0.63309E+01 -0.13159E+01  0.53945E+01  0.35989E+02  0.74096E+02  0.93975E+02
  0.93154E+02  0.78171E+02  0.76614E+02  0.84501E+02  0.96282E+02  0.10685E+03
  0.10112E+03  0.10562E+03  0.12538E+03  0.12785E+03  0.99554E+02  0.64978E+02
  0.41006E+02  0.26937E+02  0.14078E+01 -0.23748E+02 -0.32572E+02 -0.26985E+02
 -0.81819E+01  0.48257E+01  0.21602E+02  0.25701E+02  0.88239E+01 -0.15103E+02
 -0.27716E+02 -0.20876E+02 -0.21913E+02 -0.26937E+02 -0.24164E+02 -0.64474E+01
  0.54518E+01  0.13506E+01 -0.19327E+02 -0.26254E+02 -0.17500E+02  0.13073E+02
  0.48493E+02  0.43972E+02  0.18663E+02 -0.68935E+01  0.41274E+01  0.25304E+02
  0.83566E+01 -0.27295E+02 -0.55988E+02 -0.61138E+02 -0.45998E+02 -0.37303E+02
 -0.44022E+02 -0.45246E+02 -0.38737E+02 -0.26183E+02 -0.73080E+01  0.21092E+02
  0.57079E+02  0.79106E+02  0.91109E+02  0.88832E+02  0.56081E+02  0.16744E+01
 -0.16355E+02 -0.26332E+01 -0.58286E+01 -0.32135E+02 -0.50236E+02 -0.32569E+02
  0.50985E+00  0.27325E+02  0.26706E+02  0.99533E+01  0.79486E+01  0.19732E+02
  0.39865E+02  0.45870E+02  0.30350E+02  0.11221E+02  0.52912E+01  0.17637E+02
  0.28404E+02  0.37026E+02  0.37375E+02  0.23501E+02  0.20162E+02  0.24339E+02
  0.13683E+02 -0.20407E+01 -0.17619E+02 -0.34075E+02 -0.52756E+02 -0.52467E+02
 -0.40477E+02 -0.33595E+02 -0.31802E+02 -0.29399E+02 -0.25418E+02 -0.23112E+02
 -0.26531E+02 -0.43949E+02 -0.69642E+02 -0.87192E+02 -0.69654E+02 -0.38510E+02
 -0.26926E+02 -0.37127E+02 -0.54180E+02 -0.43430E+02 -0.71385E+01  0.12074E+02
  0.65895E+01 -0.71680E+01 -0.40616E+01 -0.45115E+00 -0.48409E+01 -0.24827E+02
 -0.57257E+02 -0.69156E+02 -0.63330E+02 -0.47040E+02 -0.26932E+02 -0.11874E+02
  0.65477E+00  0.10412E+02  0.17541E+02  0.24207E+02  0.41439E+02  0.71542E+02
  0.93397E+02  0.10003E+03  0.95005E+02  0.71013E+02  0.38575E+02  0.27181E+02
  0.36336E+02  0.57296E+02  0.68327E+02  0.58680E+02  0.35669E+02  0.14404E+02
  0.41669E+01 -0.94661E+01 -0.28485E+02 -0.47078E+02 -0.55041E+02 -0.53720E+02
 -0.44674E+02 -0.38989E+02 -0.32857E+02 -0.22605E+02 -0.16151E+02 -0.82612E+01
 -0.41069E+01  0.17321E+00 -0.51987E+01 -0.20897E+02 -0.32509E+02 -0.34580E+02
 -0.33750E+02 -0.32740E+02 -0.35927E+02 -0.39901E+02 -0.38334E+02 -0.36624E+02
 -0.24493E+02 -0.57127E+01  0.92532E+01  0.17444E+02  0.23023E+02  0.24236E+02
  0.18283E+02  0.85254E+01  0.21389E+01  0.26727E+01 -0.41722E+01 -0.10437E+02
 -0.65061E+01  0.10280E+02  0.30454E+02  0.51257E+02  0.66448E+02  0.75018E+02
  0.76504E+02  0.67923E+02  0.48437E+02  0.27511E+02  0.17186E+02  0.16151E+02
  0.13381E+02  0.18654E+01 -0.94717E+01 -0.17171E+02 -0.88331E+01  0.43530E+01
  0.11915E+02  0.11747E+02  0.13888E+02  0.11823E+02  0.74247E+01  0.94944E+01
  0.67614E+01  0.65005E+01  0.24933E+01 -0.11044E+01 -0.46287E+01 -0.22995E+01
  0.82117E+01  0.84181E+01 -0.11356E+01 -0.77362E+01 -0.32693E+01  0.14799E+02
  0.36482E+02  0.44133E+02  0.35705E+02  0.22422E+02  0.11795E+02 -0.16730E+01
 -0.20428E+02 -0.36364E+02 -0.48047E+02 -0.55303E+02 -0.56939E+02 -0.61018E+02
 -0.62279E+02 -0.62939E+02 -0.72556E+02 -0.81377E+02 -0.72647E+02 -0.49641E+02
 -0.24623E+02  0.18328E+01  0.26837E+02  0.40591E+02  0.46248E+02  0.59113E+02
  0.73724E+02  0.91004E+02  0.10897E+03  0.11622E+03  0.11414E+03  0.10504E+03
  0.97277E+02  0.92706E+02  0.91444E+02  0.89262E+02  0.77693E+02  0.59946E+02
  0.32102E+02  0.70661E+01 -0.92214E+01 -0.23784E+02 -0.40331E+02 -0.63350E+02
 -0.91030E+02 -0.12031E+03 -0.14066E+03 -0.15132E+03 -0.15927E+03 -0.16876E+03
 -0.17348E+03 -0.17169E+03 -0.16675E+03 -0.16389E+03 -0.16245E+03 -0.14882E+03
 -0.12389E+03 -0.86938E+02 -0.55603E+02 -0.27787E+02 -0.45920E+01  0.22219E+02
  0.61062E+02  0.90812E+02  0.10845E+03  0.11186E+03  0.11086E+03  0.11272E+03
  0.11604E+03  0.10859E+03  0.95710E+02  0.85052E+02  0.77241E+02  0.65395E+02
  0.46628E+02  0.27604E+02  0.11189E+02  0.27599E+01  0.34792E+00  0.41083E+01
  0.10325E+02  0.12579E+02  0.18571E+02  0.26286E+02  0.39048E+02  0.52477E+02
  0.56339E+02  0.54256E+02  0.43693E+02  0.36817E+02  0.29301E+02  0.19566E+02
  0.29868E+01 -0.14492E+02 -0.24126E+02 -0.33150E+02 -0.39132E+02 -0.45012E+02
 -0.46471E+02 -0.43211E+02 -0.43146E+02 -0.42354E+02 -0.46220E+02 -0.54926E+02
 -0.58035E+02 -0.60910E+02 -0.60334E+02 -0.59040E+02 -0.52655E+02 -0.46149E+02
 -0.41354E+02 -0.35197E+02 -0.27081E+02 -0.18981E+02 -0.53259E+01  0.12698E+02
  0.31486E+02  0.49781E+02  0.62821E+02  0.80074E+02  0.97436E+02  0.11290E+03
  0.12277E+03  0.12833E+03  0.13104E+03  0.12729E+03  0.11592E+03  0.98990E+02
  0.76841E+02  0.46125E+02  0.10915E+02 -0.24516E+02 -0.51252E+02 -0.66400E+02
 -0.74098E+02 -0.79554E+02 -0.85049E+02 -0.87333E+02 -0.87951E+02 -0.80598E+02
 -0.71386E+02 -0.66865E+02 -0.57358E+02 -0.39184E+02 -0.13419E+02  0.55131E+01
  0.17004E+02  0.24947E+02  0.30786E+02  0.37400E+02  0.46908E+02  0.47625E+02
  0.39118E+02  0.28290E+02  0.10042E+02 -0.10027E+02 -0.24539E+02 -0.31632E+02
 -0.35462E+02 -0.29900E+02 -0.25485E+02 -0.20745E+02 -0.20901E+02 -0.29631E+02
 -0.40395E+02 -0.48343E+02 -0.46978E+02 -0.41942E+02 -0.31805E+02 -0.23975E+02
 -0.15686E+02 -0.12036E+02 -0.74199E+01 -0.22205E+01  0.67048E+00  0.87949E+01
  0.17044E+02  0.25431E+02  0.25020E+02  0.25260E+02  0.23911E+02  0.15874E+02
  0.10855E+02  0.63292E+01  0.12787E+02  0.22469E+02  0.24125E+02  0.21115E+02
  0.97136E+01  0.13301E+01 -0.37832E+00 -0.63251E+01 -0.81968E+01 -0.79224E+01
 -0.45736E+01 -0.10635E+01 -0.79154E+01 -0.22430E+02 -0.32813E+02 -0.33144E+02
 -0.32710E+02 -0.29148E+02 -0.28918E+02 -0.28065E+02 -0.27893E+02 -0.30063E+02
 -0.31359E+02 -0.26210E+02 -0.14811E+02 -0.60226E+01 -0.18527E-01  0.78633E+01
  0.15888E+02  0.21068E+02  0.22525E+02  0.19327E+02  0.22274E+02  0.32243E+02
  0.46667E+02  0.56786E+02  0.58549E+02  0.53549E+02  0.51275E+02  0.52841E+02
  0.55650E+02  0.57612E+02  0.57021E+02  0.54946E+02  0.50257E+02  0.43799E+02
  0.41230E+02  0.43101E+02  0.44828E+02  0.48918E+02  0.49629E+02  0.50127E+02
  0.51760E+02  0.47491E+02  0.36048E+02  0.22651E+02  0.11154E+02 -0.15558E+00
 -0.11108E+02 -0.20461E+02 -0.30536E+02 -0.42475E+02 -0.46912E+02 -0.47300E+02
 -0.48882E+02 -0.45758E+02 -0.46643E+02 -0.41524E+02 -0.38815E+02 -0.38906E+02
 -0.40826E+02 -0.47882E+02 -0.57951E+02 -0.66745E+02 -0.75149E+02 -0.78617E+02
 -0.79043E+02 -0.78010E+02 -0.73882E+02 -0.75995E+02 -0.74667E+02 -0.74919E+02
 -0.71746E+02 -0.64284E+02 -0.56426E+02 -0.45501E+02 -0.31817E+02 -0.17486E+02
 -0.12444E+02 -0.14923E+02 -0.13526E+02 -0.48720E+01  0.98768E+01  0.22981E+02
  0.34307E+02  0.41787E+02  0.45374E+02  0.50578E+02  0.60033E+02  0.64843E+02
  0.67387E+02  0.69123E+02  0.70959E+02  0.67499E+02  0.61474E+02  0.51406E+02
  0.40894E+02  0.36012E+02  0.34086E+02  0.32580E+02  0.27344E+02  0.23593E+02
  0.18505E+02  0.17483E+02  0.18943E+02  0.22239E+02  0.28237E+02  0.26812E+02
  0.17909E+02  0.48198E+01 -0.71020E+01 -0.11533E+02 -0.10769E+02 -0.45161E+01
  0.24130E+01  0.52691E+01  0.70238E+01  0.36533E+01 -0.92489E+00 -0.38112E+00
 -0.48263E+01 -0.11135E+02 -0.11605E+02 -0.71727E+01 -0.39963E+01 -0.10321E+02
 -0.20239E+02 -0.28479E+02 -0.31033E+02 -0.29826E+02 -0.31139E+02 -0.30089E+02
 -0.29971E+02 -0.27427E+02 -0.25283E+02 -0.24411E+02 -0.23471E+02 -0.20260E+02
 -0.15467E+02 -0.70376E+01 -0.36048E+01 -0.12494E+01  0.35391E+01  0.65585E+01
  0.76841E+01  0.54664E+01  0.25469E+01 -0.42824E+01 -0.15293E+01  0.46862E+01
  0.92616E+01  0.10558E+02  0.83710E+01  0.76790E+01  0.93433E+01  0.12789E+02
  0.16585E+02  0.23162E+02  0.28394E+02  0.35659E+02  0.43506E+02  0.46474E+02
  0.48783E+02  0.49003E+02  0.45723E+02  0.43759E+02  0.39349E+02  0.37392E+02
  0.32139E+02  0.23279E+02  0.16006E+02  0.88457E+01 -0.16327E+01 -0.12931E+02
 -0.21113E+02 -0.27618E+02 -0.36975E+02 -0.43981E+02 -0.51363E+02 -0.59089E+02
 -0.63580E+02 -0.67519E+02 -0.66050E+02 -0.61936E+02 -0.55009E+02 -0.46322E+02
 -0.40959E+02 -0.40606E+02 -0.36720E+02 -0.35138E+02 -0.29165E+02 -0.22840E+02
 -0.17200E+02 -0.70174E+01  0.58521E+00  0.10709E+02  0.20159E+02  0.27868E+02
  0.32477E+02  0.28368E+02  0.23005E+02  0.22729E+02  0.26160E+02  0.34464E+02
  0.39037E+02  0.39018E+02  0.38399E+02  0.37641E+02  0.30304E+02  0.27221E+02
  0.27955E+02  0.33805E+02  0.40123E+02  0.38997E+02  0.40265E+02  0.37249E+02
  0.30790E+02  0.25668E+02  0.23594E+02  0.22963E+02  0.20506E+02  0.18045E+02
  0.14862E+02  0.10542E+02  0.95136E+01  0.24933E+01 -0.46578E+01 -0.15047E+02
 -0.25930E+02 -0.30555E+02 -0.36562E+02 -0.42857E+02 -0.50093E+02 -0.58273E+02
 -0.63008E+02 -0.63586E+02 -0.66005E+02 -0.69204E+02 -0.69265E+02 -0.66194E+02
 -0.67173E+02 -0.64424E+02 -0.56337E+02 -0.44067E+02 -0.37289E+02 -0.35117E+02
 -0.26084E+02 -0.16856E+02 -0.92473E+01 -0.85129E+01 -0.28631E+01 -0.48805E+00
  0.46651E+01  0.13319E+02  0.17989E+02  0.24366E+02  0.25032E+02  0.21758E+02
  0.20177E+02  0.26828E+02  0.32850E+02  0.33436E+02  0.30155E+02  0.25252E+02
  0.30025E+02  0.29392E+02  0.31834E+02  0.31655E+02  0.35534E+02  0.36115E+02
  0.34952E+02  0.34883E+02  0.31314E+02  0.32175E+02  0.29438E+02  0.31369E+02
  0.34342E+02  0.41053E+02  0.36298E+02  0.29196E+02  0.23101E+02  0.21122E+02
  0.23419E+02  0.20833E+02  0.11854E+02  0.15718E+01 -0.26691E+01 -0.55956E+01
 -0.18648E+01 -0.74973E+01 -0.12605E+02 -0.14195E+02 -0.11588E+02 -0.67411E+01
 -0.87527E+01 -0.16557E+02 -0.18705E+02 -0.16032E+02 -0.17231E+02 -0.19468E+02
 -0.26428E+02 -0.28186E+02 -0.28501E+02 -0.24982E+02 -0.19111E+02 -0.17712E+02
 -0.13767E+02 -0.12608E+02 -0.52325E+01  0.11417E+01  0.37339E+01  0.61129E+01
  0.20360E+01  0.30858E+01  0.69350E+01  0.90584E+01  0.10860E+02  0.13163E+02
  0.12009E+02  0.11650E+02  0.11008E+02  0.17654E+02  0.24166E+02  0.31804E+02
  0.35196E+02  0.35232E+02  0.33643E+02  0.32732E+02  0.29394E+02  0.22564E+02
  0.18462E+02  0.13551E+02  0.14186E+02  0.16958E+02  0.17629E+02  0.15676E+02
  0.99774E+01  0.15542E+01 -0.22854E+01 -0.73306E+01 -0.15863E+02 -0.26807E+02
 -0.33090E+02 -0.38006E+02 -0.40739E+02 -0.44020E+02 -0.48415E+02 -0.51537E+02
 -0.52279E+02 -0.55941E+02 -0.61756E+02 -0.64277E+02 -0.67225E+02 -0.69370E+02
 -0.71578E+02 -0.73004E+02 -0.75383E+02 -0.74401E+02 -0.74878E+02 -0.69442E+02
 -0.60924E+02 -0.55408E+02 -0.47537E+02 -0.41002E+02 -0.35722E+02 -0.26942E+02
 -0.23309E+02 -0.19703E+02 -0.12617E+02 -0.81271E+01 -0.34187E+01  0.50560E+01
  0.14522E+02  0.24105E+02  0.31784E+02  0.37947E+02  0.47112E+02  0.53510E+02
  0.60471E+02  0.65738E+02  0.70016E+02  0.72193E+02  0.73782E+02  0.77915E+02
  0.80040E+02  0.78004E+02  0.74257E+02  0.69762E+02  0.65445E+02  0.60644E+02
  0.58954E+02  0.56320E+02  0.50298E+02  0.53783E+02  0.51589E+02  0.49536E+02
  0.47357E+02  0.41633E+02  0.41469E+02  0.36103E+02  0.34807E+02  0.32847E+02
  0.33144E+02  0.34966E+02  0.34186E+02  0.28837E+02  0.23398E+02  0.17317E+02
  0.12941E+02  0.90770E+01  0.42356E+01 -0.36417E+00 -0.64064E+01 -0.71375E+01
 -0.11594E+02 -0.15277E+02 -0.19530E+02 -0.22807E+02 -0.25876E+02 -0.26598E+02
 -0.27508E+02 -0.25937E+02 -0.25949E+02 -0.26771E+02 -0.29034E+02 -0.29413E+02
 -0.32043E+02 -0.34637E+02 -0.34051E+02 -0.33804E+02 -0.31691E+02 -0.31665E+02
 -0.32130E+02 -0.34070E+02 -0.34169E+02 -0.34365E+02 -0.37008E+02 -0.39687E+02
 -0.37820E+02 -0.39510E+02 -0.45312E+02 -0.50156E+02 -0.54015E+02 -0.51257E+02
 -0.49081E+02 -0.48826E+02 -0.47952E+02 -0.46417E+02 -0.47086E+02 -0.46449E+02
 -0.41753E+02 -0.39683E+02 -0.32400E+02 -0.29699E+02 -0.24686E+02 -0.23437E+02
 -0.21698E+02 -0.18676E+02 -0.18682E+02 -0.16308E+02 -0.15742E+02 -0.17941E+02
 -0.15243E+02 -0.10613E+02 -0.62372E+01  0.13596E+01  0.72734E+01  0.16379E+02
  0.23695E+02  0.31943E+02  0.34986E+02  0.35965E+02  0.38208E+02  0.40516E+02
  0.43732E+02  0.44991E+02  0.44838E+02  0.47150E+02  0.49059E+02  0.50523E+02
  0.47925E+02  0.48662E+02  0.50288E+02  0.50046E+02  0.52631E+02  0.53150E+02
  0.54716E+02  0.53161E+02  0.53535E+02  0.52332E+02  0.48213E+02  0.43724E+02
  0.38632E+02  0.37890E+02  0.36950E+02  0.32431E+02  0.29148E+02  0.27316E+02
  0.24994E+02  0.20111E+02  0.19009E+02  0.14763E+02  0.77836E+01  0.41323E+01
 -0.38382E+00 -0.36897E+01 -0.79607E+01 -0.12628E+02 -0.17406E+02 -0.21830E+02
 -0.23801E+02 -0.24148E+02 -0.28522E+02 -0.24563E+02 -0.25501E+02 -0.23961E+02
 -0.25249E+02 -0.25725E+02 -0.27205E+02 -0.33366E+02 -0.36492E+02 -0.37850E+02
 -0.34965E+02 -0.35296E+02 -0.34170E+02 -0.31622E+02 -0.28123E+02 -0.26657E+02
 -0.24206E+02 -0.21713E+02 -0.20619E+02 -0.23026E+02 -0.22455E+02 -0.23091E+02
 -0.22037E+02 -0.25824E+02 -0.31348E+02 -0.33685E+02 -0.34285E+02 -0.32264E+02
 -0.30222E+02 -0.25178E+02 -0.20026E+02 -0.12573E+02 -0.75823E+01 -0.36395E+01
 -0.11448E+01  0.27646E+00  0.33232E+00  0.12240E+01  0.42957E+01  0.46506E+01
  0.64092E+01  0.89074E+01  0.10759E+02  0.13368E+02  0.16344E+02  0.17539E+02
  0.16333E+02  0.16377E+02  0.19313E+02  0.18330E+02  0.16860E+02  0.16510E+02
  0.12803E+02  0.87270E+01  0.81096E+01  0.82862E+01  0.10632E+02  0.11470E+02
  0.11514E+02  0.15227E+02  0.16447E+02  0.16712E+02  0.16977E+02  0.17835E+02
  0.18341E+02  0.19556E+02  0.17776E+02  0.17343E+02  0.13173E+02  0.13436E+02
  0.18765E+02  0.20250E+02  0.18758E+02  0.16523E+02  0.10790E+02  0.52163E+01
  0.56378E+01  0.49519E+01  0.86324E+01  0.94823E+01  0.96725E+01  0.84118E+01
  0.70018E+01  0.67416E+01  0.45898E+01  0.41917E+01  0.44317E+01  0.28349E+01
  0.16042E+01  0.15415E+01  0.24233E+00 -0.35540E+01 -0.45556E+01 -0.39145E+01
 -0.19182E+01 -0.55323E+00 -0.67804E+00 -0.12392E+01  0.26329E+01  0.39499E+01
  0.39740E+01  0.89624E+01  0.84154E+01  0.88458E+01  0.21748E+01  0.15377E+01
 -0.11343E+01 -0.54145E+01 -0.10354E+02 -0.10255E+02 -0.11849E+02 -0.15021E+02
 -0.16651E+02 -0.21338E+02 -0.22366E+02 -0.25968E+02 -0.27178E+02 -0.27724E+02
 -0.24202E+02 -0.19848E+02 -0.17875E+02 -0.18716E+02 -0.19945E+02 -0.20539E+02
 -0.20255E+02 -0.20728E+02 -0.19612E+02 -0.19025E+02 -0.18582E+02 -0.17631E+02
 -0.17697E+02 -0.16129E+02 -0.17580E+02 -0.17669E+02 -0.17643E+02 -0.17690E+02
 -0.17568E+02 -0.14211E+02 -0.97523E+01 -0.96440E+01 -0.12758E+02 -0.16311E+02
 -0.21778E+02 -0.20701E+02 -0.15942E+02 -0.11508E+02 -0.79779E+01 -0.51739E+01
 -0.36183E+01 -0.52729E+01 -0.47348E+01  0.12770E+01  0.90510E+01  0.10166E+02
  0.14986E+02  0.17531E+02  0.22751E+02  0.24647E+02  0.24420E+02  0.24963E+02
  0.24390E+02  0.25451E+02  0.24746E+02  0.24458E+02  0.24494E+02  0.23944E+02
  0.25191E+02  0.26669E+02  0.24507E+02  0.24244E+02  0.26008E+02  0.25459E+02
  0.26174E+02  0.26481E+02  0.23928E+02  0.23100E+02  0.25008E+02  0.24943E+02
  0.26287E+02  0.33162E+02  0.34939E+02  0.35917E+02  0.35145E+02  0.34913E+02
  0.34957E+02  0.34487E+02  0.31075E+02  0.27632E+02  0.27302E+02  0.20144E+02
  0.18192E+02  0.15571E+02  0.15819E+02  0.11097E+02  0.71656E+01  0.45007E+01
  0.48267E+00  0.53671E-01 -0.22453E+01 -0.52458E+01 -0.98810E+01 -0.10151E+02
 -0.14121E+02 -0.23030E+02 -0.26407E+02 -0.25532E+02 -0.25264E+02 -0.24974E+02
 -0.26723E+02 -0.29195E+02 -0.31077E+02 -0.30103E+02 -0.30062E+02 -0.34845E+02
 -0.36877E+02 -0.39700E+02 -0.43538E+02 -0.45808E+02 -0.43977E+02 -0.43616E+02
 -0.42885E+02 -0.40448E+02 -0.38204E+02 -0.33122E+02 -0.30172E+02 -0.26635E+02
 -0.25698E+02 -0.25855E+02 -0.25336E+02 -0.26981E+02 -0.27295E+02 -0.26889E+02
 -0.28350E+02 -0.27779E+02 -0.28073E+02 -0.23357E+02 -0.18412E+02 -0.12541E+02
 -0.76597E+01 -0.19438E+01  0.14679E+01  0.39424E+01  0.10814E+02  0.15912E+02
  0.19438E+02  0.21642E+02  0.22415E+02  0.23325E+02  0.25311E+02  0.26212E+02
  0.20221E+02  0.20747E+02  0.21115E+02  0.20013E+02  0.20330E+02  0.19073E+02
  0.24487E+02  0.22924E+02  0.24035E+02  0.25809E+02  0.25862E+02  0.25801E+02
  0.28879E+02  0.29263E+02  0.27026E+02  0.28368E+02  0.27049E+02  0.28859E+02
  0.28053E+02  0.25490E+02  0.24151E+02  0.22068E+02  0.18655E+02  0.17298E+02
  0.11586E+02  0.49528E+01  0.30367E+01  0.79885E+00  0.13457E+01 -0.77959E+00
 -0.19761E+01 -0.28387E+01 -0.44011E+01 -0.10590E+02 -0.10723E+02 -0.13634E+02
 -0.15979E+02 -0.14797E+02 -0.15632E+02 -0.14806E+02 -0.16555E+02 -0.16520E+02
 -0.16976E+02 -0.15258E+02 -0.11257E+02 -0.13922E+02 -0.12921E+02 -0.10191E+02
 -0.92444E+01 -0.85213E+01 -0.10637E+02 -0.96363E+01 -0.82456E+01 -0.10012E+02
 -0.11371E+02 -0.77007E+01 -0.28861E+01 -0.38439E+01 -0.29380E+01 -0.24261E+01
 -0.60526E-01 -0.99235E+00  0.14354E+01  0.20336E+01 -0.14282E-01  0.26768E+01
  0.29709E+00  0.30122E+01  0.29083E+01  0.52754E+01  0.64422E+01  0.61673E+01
  0.82365E+01  0.11553E+02  0.12804E+02  0.10604E+02  0.12973E+02  0.11901E+02
  0.12352E+02  0.11765E+02  0.10659E+02  0.97276E+01  0.86072E+01  0.88681E+01
  0.94853E+01  0.10884E+02  0.10479E+02  0.93810E+01  0.44560E+01  0.30255E+01
  0.26123E+01  0.38737E+01  0.38846E+01  0.64467E+01  0.12483E+02  0.13177E+02
  0.11507E+02  0.92006E+01  0.55939E+01 -0.76149E-01 -0.44614E+01 -0.35610E+01
 -0.78782E+01 -0.11381E+02 -0.12326E+02 -0.12963E+02 -0.12551E+02 -0.13326E+02
 -0.12272E+02 -0.12367E+02 -0.12117E+02 -0.12557E+02 -0.12896E+02 -0.13750E+02
 -0.17427E+02 -0.21549E+02 -0.21836E+02 -0.22122E+02 -0.22054E+02 -0.22170E+02
 -0.21676E+02 -0.20741E+02 -0.20659E+02 -0.21422E+02 -0.17994E+02 -0.15429E+02
 -0.15066E+02 -0.15841E+02 -0.15996E+02 -0.15663E+02 -0.16012E+02 -0.12846E+02
 -0.82266E+01 -0.98360E+01 -0.69156E+01 -0.31024E+01  0.66447E+00  0.37115E+01
  0.42152E+01  0.90074E+01  0.90167E+01  0.89834E+01  0.88919E+01  0.86701E+01
  0.87232E+01  0.90384E+01  0.92826E+01  0.87210E+01  0.97216E+01  0.10535E+02
  0.11196E+02  0.16309E+02  0.19247E+02  0.18518E+02  0.23199E+02  0.23296E+02
  0.20956E+02  0.19227E+02  0.16032E+02  0.14825E+02  0.17499E+02  0.22321E+02
  0.21379E+02  0.22095E+02  0.20292E+02  0.21196E+02  0.19433E+02  0.14020E+02
  0.13842E+02  0.13737E+02  0.13603E+02  0.10678E+02  0.75590E+01  0.69559E+01
  0.61791E+01  0.59383E+01  0.68629E+01  0.71712E+01  0.78045E+01  0.80826E+01
  0.78705E+01  0.81263E+01  0.66150E+01  0.69939E+01  0.47776E+01 -0.70789E+00
 -0.16165E+00 -0.97440E+00 -0.53799E+01 -0.64558E+01 -0.58426E+01 -0.81809E+01
 -0.12409E+02 -0.11617E+02 -0.11950E+02 -0.16216E+02 -0.15353E+02 -0.15422E+02
 -0.21506E+02 -0.22425E+02 -0.22131E+02 -0.23585E+02 -0.21539E+02 -0.22595E+02
 -0.20190E+02 -0.20625E+02 -0.17314E+02 -0.18301E+02 -0.18719E+02 -0.17066E+02
 -0.16626E+02 -0.11457E+02 -0.13058E+02 -0.10451E+02 -0.11962E+02 -0.11794E+02
 -0.12987E+02 -0.11412E+02 -0.99061E+01 -0.10767E+02 -0.63347E+01 -0.67490E+01
 -0.73159E+01 -0.76955E+01 -0.85056E+01 -0.95609E+01 -0.83120E+01 -0.80580E+01
 -0.74581E+01 -0.85692E+01 -0.88395E+01 -0.36952E+01 -0.35612E+01 -0.47921E+01
  0.11126E+01  0.18341E+01  0.55395E+01  0.99311E+01  0.92937E+01  0.13348E+02
  0.15580E+02  0.13487E+02  0.16148E+02  0.21696E+02  0.22296E+02  0.22137E+02
  0.21889E+02  0.20140E+02  0.22787E+02  0.23091E+02  0.20123E+02  0.21325E+02
  0.20796E+02  0.21099E+02  0.20008E+02  0.19714E+02  0.21231E+02  0.16399E+02
  0.12861E+02  0.13049E+02  0.13079E+02  0.11568E+02  0.76083E+01  0.57844E+01
  0.66284E+01  0.12169E+02  0.14679E+02  0.97405E+01  0.70140E+01  0.70338E+01
  0.14988E+01  0.55005E+00 -0.22579E+00  0.93048E+00 -0.14015E+01 -0.58808E+01
 -0.54200E+01 -0.51844E+01 -0.43274E+01 -0.87423E+01 -0.95117E+01 -0.83475E+01
 -0.12163E+02 -0.16361E+02 -0.16167E+02 -0.16726E+02 -0.16653E+02 -0.16665E+02
 -0.16647E+02 -0.16647E+02 -0.16599E+02 -0.15949E+02 -0.15814E+02 -0.15153E+02
 -0.15356E+02 -0.14196E+02 -0.80157E+01 -0.63661E+01 -0.38891E+01 -0.53901E+01
 -0.30843E+01 -0.35496E+00 -0.14707E+00  0.35413E+01  0.41355E+01  0.46690E+01
  0.68370E+01  0.91775E+01  0.38276E+01  0.35899E+01  0.37528E+01  0.52142E+01
  0.72927E+01  0.75092E+01  0.74963E+01  0.62006E+01  0.54073E+01  0.48048E+01
  0.51953E+01  0.41603E+01  0.36236E+01  0.37885E+01  0.38686E+01  0.39105E+01
  0.41814E+01  0.14904E+01 -0.18119E+01 -0.63083E+00 -0.38431E+01 -0.82859E+01
 -0.78796E+01 -0.61262E+01 -0.78232E+01 -0.84065E+01 -0.83649E+01 -0.86309E+01
 -0.86558E+01 -0.86790E+01 -0.98664E+01 -0.14364E+02 -0.16316E+02 -0.15943E+02
 -0.16492E+02 -0.15857E+02 -0.17103E+02 -0.14651E+02 -0.12649E+02 -0.12499E+02
 -0.86357E+01 -0.92279E+01 -0.84370E+01 -0.34421E+01 -0.81989E+00  0.11086E+01
  0.82322E+00  0.51962E+01  0.71142E+01  0.49787E+01  0.56257E+01  0.60794E+01
  0.11001E+02  0.12282E+02  0.11590E+02  0.12677E+02  0.10910E+02  0.15025E+02
  0.15435E+02  0.15739E+02  0.15165E+02  0.16241E+02  0.19842E+02  0.18489E+02
  0.18290E+02  0.16871E+02  0.12216E+02  0.78103E+01  0.88858E+01  0.77292E+01
  0.84162E+01  0.76135E+01  0.70459E+01  0.77030E+01  0.66300E+01  0.70336E+01
  0.56073E+01  0.24176E+01  0.37773E+01  0.78882E+01  0.91837E+01  0.88332E+01
  0.10416E+02  0.64742E+01  0.42774E+01  0.47124E+01  0.49040E+01  0.29001E+01
 -0.13115E+01 -0.58428E+01 -0.80419E+01 -0.93644E+01 -0.14224E+02 -0.12940E+02
 -0.10662E+02 -0.11701E+02 -0.10478E+02 -0.12446E+02 -0.12259E+02 -0.14207E+02
 -0.14064E+02 -0.13458E+02 -0.12802E+02 -0.11475E+02 -0.98821E+01 -0.73226E+01
 -0.89186E+01 -0.75428E+01 -0.72869E+01 -0.68601E+01 -0.73202E+01 -0.63725E+01
 -0.59523E+01 -0.49059E+01 -0.47730E+01 -0.51585E+01 -0.66916E+01 -0.69066E+01
 -0.63807E+01 -0.69631E+01 -0.73926E+01 -0.71025E+01 -0.77792E+01 -0.61134E+01
 -0.63196E+01 -0.47402E+01 -0.14919E+01 -0.26810E+01  0.10559E+01  0.36168E+01
  0.39177E+01  0.39514E+01  0.38183E+01  0.39668E+01  0.37353E+01  0.39704E+01
  0.36567E+01  0.40328E+01  0.64597E+01  0.87520E+01  0.11065E+02  0.10054E+02
  0.94712E+01  0.10421E+02  0.10689E+02  0.53118E+01  0.52526E+01  0.25194E+01
  0.39120E+01  0.58695E+01  0.29078E+01  0.48276E+01  0.61182E+01  0.82191E+01
  0.51973E+01  0.47049E+01  0.25379E+01  0.28300E+01  0.28346E+01  0.18924E+01
  0.21989E+01  0.19185E+01  0.22071E+01  0.30288E+01  0.33619E+01  0.32148E+01
  0.17990E+01  0.11555E+01  0.35582E+01  0.29711E+01  0.35203E+01  0.29638E+01
  0.31955E+01  0.24904E+01  0.52481E+00  0.60620E+00  0.50268E+00  0.51795E+00
  0.49907E+00 -0.11019E+01 -0.56765E+01 -0.66641E+01 -0.66462E+01 -0.67268E+01
 -0.66002E+01 -0.76677E+01 -0.82204E+01 -0.77396E+01 -0.87545E+01 -0.81972E+01
 -0.68052E+01 -0.68649E+01 -0.67656E+01 -0.61776E+01 -0.50227E+01 -0.33650E+01
 -0.71990E+00  0.86960E+00  0.41361E+01  0.26596E+01  0.29826E+01  0.43412E+01
  0.28206E+01  0.28926E+01  0.26770E+01  0.28515E+01  0.26461E+01  0.28348E+01
  0.25933E+01  0.28444E+01  0.25085E+01  0.29989E+01  0.30711E+01  0.33303E+01
  0.38691E+01  0.27994E+01  0.34145E+01  0.17315E+01  0.27991E+01  0.20692E+01
  0.31769E+01  0.43490E+01  0.40091E+01  0.50806E+01  0.36570E+01  0.24123E+01
  0.13004E+00 -0.75238E-01 -0.13789E+00 -0.20450E+00 -0.48015E-01 -0.92634E-01
 -0.14200E+01 -0.16557E+01 -0.52022E+00 -0.56908E+00 -0.69028E+00 -0.22794E+01
 -0.36513E+01 -0.30754E+01 -0.29292E+01 -0.26949E+01 -0.29794E+01 -0.11408E+01
 -0.14718E+01 -0.15855E+01 -0.18121E+01 -0.20889E+01 -0.22873E+01 -0.24800E+01
 -0.24072E+01 -0.27890E+01 -0.37002E+00  0.12788E+01  0.27345E+01  0.32832E+01
  0.15801E+01 -0.12490E+01 -0.16092E+01 -0.94010E+00 -0.47814E+00 -0.11283E+01
 -0.16054E+01 -0.86033E+00 -0.38876E+00 -0.40177E+00 -0.78078E+00 -0.84223E+00
 -0.10385E+01 -0.12429E+01 -0.16023E+01 -0.13383E+01 -0.37931E+01 -0.37882E+01
 -0.48256E+01 -0.73588E+01 -0.81148E+01 -0.88968E+01 -0.86095E+01 -0.76887E+01
 -0.65026E+01 -0.66918E+01 -0.75286E+01 -0.60090E+01 -0.56294E+01 -0.72907E+01
 -0.60568E+01 -0.44993E+01 -0.25778E+01 -0.26838E+00  0.21941E+00 -0.25793E+00
  0.10622E+01  0.50429E+00  0.22365E+01  0.59752E+01  0.59018E+01  0.64033E+01
  0.70315E+01  0.65358E+01  0.66795E+01  0.68050E+01  0.66771E+01  0.67242E+01
  0.69965E+01  0.72606E+01  0.70041E+01  0.72421E+01  0.58757E+01  0.35261E+01
  0.28594E+01  0.27450E+00 -0.12567E+01 -0.29083E+00 -0.23582E+00  0.31395E+00
 -0.79910E+00 -0.47850E+00  0.51123E-01  0.80603E+00  0.29180E+01  0.31139E+01
  0.26142E+01  0.57658E+01  0.43856E+01  0.21488E+01  0.33461E+01  0.10431E+01
  0.61193E+00 -0.29366E+00  0.11766E+00 -0.18675E+00  0.87892E-01  0.69233E+00
  0.67350E+00  0.10810E+01  0.13518E+01  0.91289E+00  0.88414E+00 -0.19407E+00
 -0.13687E+01 -0.32776E+00 -0.20050E+01  0.17061E+01  0.15368E+01  0.13535E+01
  0.25254E+01  0.25191E+01  0.31100E+01  0.21326E+01  0.26451E+01  0.21624E+01
  0.26488E+01  0.20516E+01  0.29060E+01 -0.96442E+00 -0.79966E+00 -0.11012E+01
 -0.25107E+01 -0.21467E+01 -0.46418E+01 -0.40285E+01 -0.52689E+01 -0.39358E+01
 -0.37286E+01 -0.20597E+01 -0.19891E+01 -0.23670E+01 -0.64983E+00  0.10031E+01
  0.27244E+01  0.11401E+01  0.16732E+01  0.24434E+01  0.16173E+01  0.19372E+01
  0.14770E+01  0.16743E+01  0.12905E+01  0.17973E+01  0.22660E+01  0.20470E+01
  0.12973E+01 -0.23667E+00 -0.10889E+01 -0.27796E+01 -0.27232E+01 -0.39635E+01
 -0.16491E+01 -0.19163E+01 -0.59128E+00 -0.16085E+01 -0.50565E+01 -0.35183E+01
 -0.31743E+01 -0.11295E+01 -0.10209E+01 -0.60055E+00 -0.37549E-01 -0.14570E+01
 -0.25708E+01 -0.47724E+01 -0.44186E+01 -0.53735E+01 -0.39561E+01 -0.45935E+01
 -0.70846E+01 -0.78647E+01 -0.73582E+01 -0.69199E+01 -0.57257E+01 -0.69803E+01
 -0.45717E+01 -0.28086E+01 -0.19923E+01 -0.19693E+00 -0.14336E+01 -0.14639E+01
 -0.79649E+00  0.17529E+01  0.14612E+01  0.24181E+01  0.12036E+01  0.22309E+01
 -0.92376E+00 -0.33446E+01 -0.28662E+01 -0.34574E+01 -0.29206E+01  0.54546E+00
  0.40137E+01  0.43311E+01  0.49886E+01  0.60784E+01  0.88330E+01  0.76001E+01
  0.10029E+02  0.85151E+01  0.79404E+01  0.69028E+01  0.46610E+01  0.51536E+01
  0.21458E+01  0.23410E+01  0.19229E+01  0.23753E+01  0.21081E+01  0.24842E+01
  0.30795E+01  0.18452E+01  0.21128E+01  0.27404E+01  0.26722E+01  0.28072E+01
  0.37685E+01  0.33928E+01  0.32041E+01  0.33230E+01  0.20306E+01  0.10779E+01
  0.57562E+00  0.12764E+00 -0.62974E-01 -0.33037E+01 -0.60195E+01 -0.54984E+01
 -0.59362E+01 -0.52743E+01 -0.61424E+01 -0.42298E+01 -0.24781E+01 -0.34689E+01
 -0.34995E+00  0.32013E+01  0.38673E+01  0.38799E+01  0.43167E+01  0.36516E+01
  0.23453E+01  0.47999E+00  0.53881E+00 -0.14531E+01 -0.81127E+00  0.95052E+00
  0.16568E+01  0.22001E+01  0.25947E+01  0.36969E+01 -0.24338E+00 -0.15276E+01
 -0.82150E+00 -0.16092E+01 -0.18923E+01 -0.15803E+01 -0.11998E+01 -0.15734E+01
  0.70693E+00  0.56251E+00  0.21793E+01  0.39047E+01  0.19708E+01  0.16373E+01
 -0.25039E+00 -0.31716E+01 -0.41505E+01 -0.45565E+01 -0.64403E+01 -0.80085E+01
 -0.82075E+01 -0.81089E+01 -0.81811E+01 -0.82335E+01 -0.60058E+01 -0.46447E+01
 -0.40597E+01 -0.22322E+01 -0.44903E+01 -0.50373E+01 -0.29385E+01 -0.31981E+01
 -0.26817E+01 -0.23714E+00  0.96267E-01  0.21447E+01  0.46153E+01  0.44278E+01
  0.46666E+01  0.44912E+01  0.46314E+01  0.45021E+01  0.43406E+01  0.43119E+01
  0.43032E+01  0.59653E+01  0.52467E+01  0.42528E+01  0.43585E+01  0.43959E+01
  0.51148E+01  0.57915E+01  0.65004E+01  0.63587E+01  0.39490E+01  0.44890E+01
  0.42426E+01  0.24783E+01  0.75420E+00 -0.66842E+00  0.63336E+00  0.18385E+00
 -0.88737E-01 -0.63706E-01  0.22861E+00 -0.13449E+00 -0.41521E+00 -0.26623E+01
 -0.33411E+01 -0.34489E+01 -0.40051E+01 -0.24703E+01 -0.30668E+01 -0.25514E+01
 -0.30654E+01 -0.24917E+01 -0.32008E+01 -0.21586E+01 -0.35151E+01 -0.47931E+01
 -0.26472E+01 -0.36860E+01 -0.34159E+01 -0.28201E+01 -0.25721E+01 -0.33938E+01
 -0.27216E+01 -0.28817E+01 -0.26538E+01 -0.25485E+01 -0.25336E+01 -0.25349E+01
 -0.14826E+01 -0.19707E+00 -0.12819E+01 -0.22100E+01 -0.18793E+01 -0.21700E+01
 -0.94663E+00 -0.19228E+01 -0.20384E+01 -0.20957E+01 -0.16523E+01 -0.30083E+01
 -0.38537E+01 -0.23365E+01 -0.26751E+01 -0.24969E+01 -0.25519E+01 -0.19896E+01
 -0.15298E+01  0.18868E+00  0.99716E-01  0.20179E+00  0.85083E+00  0.15079E+01
  0.36267E+01  0.46278E+01  0.45190E+01  0.46074E+01  0.45027E+01  0.58780E+01
  0.56609E+01  0.55404E+01  0.61819E+01  0.59589E+01  0.56837E+01  0.56178E+01
  0.56423E+01  0.38031E+01  0.43003E+01  0.62070E+01  0.48867E+01  0.49637E+01
  0.54772E+01  0.76817E+01  0.73207E+01  0.52970E+01  0.46808E+01  0.45633E+01
  0.45002E+01  0.48191E+01  0.28942E+01  0.69195E+00  0.98686E+00 -0.15309E+01
 -0.18149E+01 -0.22095E+01 -0.28754E+01 -0.11265E+01 -0.36200E+01 -0.28823E+01
 -0.22652E+01 -0.30777E+01 -0.42138E+01 -0.31562E+01 -0.26154E+01 -0.27602E+01
 -0.29732E+01 -0.37291E+01 -0.19195E+01 -0.32804E+01 -0.19050E+01 -0.30428E+01
 -0.22906E+01 -0.38967E+01 -0.26719E+01 -0.28425E+01 -0.27557E+01 -0.37043E+01
 -0.40015E+01 -0.32350E+01 -0.54221E+01 -0.36946E+01 -0.41365E+01 -0.36937E+01
 -0.31021E+01 -0.25568E+01 -0.26929E+01 -0.38445E+01 -0.95481E+00  0.40870E-01
  0.50988E+00  0.72754E+00  0.13593E+01  0.27793E+01  0.19494E+01  0.49818E+00
  0.47854E+00  0.17778E+01  0.42108E+00  0.32294E+00 -0.54525E+00  0.29762E+00
  0.12898E+00  0.20173E+01  0.27173E+01  0.37691E+01  0.29370E+01  0.25190E+01
  0.29655E+01 -0.67154E+00  0.61335E+00 -0.11398E+01 -0.17952E+01 -0.27441E+01
 -0.28306E+01 -0.26599E+01 -0.21272E+01 -0.12478E+00  0.19761E+01  0.23598E+01
  0.87773E+00  0.10443E+01  0.75625E+00  0.28539E+00 -0.74459E+00 -0.22269E+01
 -0.20004E+01 -0.17739E+01 -0.84973E+00  0.71569E+00  0.13180E+01  0.24692E+01
  0.23113E+01  0.25777E+01  0.37809E+01  0.30619E+01  0.42167E+01  0.20963E+01
  0.25774E+01  0.39713E+01  0.32439E+01  0.42194E+01  0.30375E+01  0.44471E+01
  0.27987E+01  0.76398E+00  0.19462E+01  0.30198E+01  0.17228E+01  0.22916E+01
  0.13302E+01  0.66829E+00  0.10579E+01 -0.11083E+00  0.11130E+01  0.10720E+01
  0.32285E+01  0.17177E+01  0.41387E+00  0.25822E+01  0.13265E+01 -0.10353E+01
 -0.33990E+01 -0.66602E+00 -0.82639E+00 -0.19177E+01 -0.34193E+01 -0.24962E+01
 -0.97390E+00 -0.43737E+01 -0.30266E+01 -0.16334E+01 -0.13400E+01 -0.14146E+01
 -0.13908E+01 -0.58499E+00 -0.19748E+01 -0.57198E+00 -0.54844E+00  0.33957E+00
  0.44332E+00  0.77625E+00 -0.75272E+00 -0.32629E+01 -0.30327E+01 -0.38501E+01
 -0.47581E+01 -0.74797E+01 -0.73101E+01 -0.78804E+01 -0.70837E+01 -0.78652E+01
 -0.91531E+01 -0.64166E+01 -0.62131E+01 -0.61264E+01 -0.68056E+01 -0.58462E+01
 -0.35579E+01 -0.29083E+01 -0.33444E+01 -0.18665E+01  0.35539E+00  0.36153E+00
  0.18069E+00  0.12243E+01  0.28529E+01  0.25876E+01  0.25253E+01  0.44555E+01
  0.35267E+01  0.44315E+01  0.51854E+01  0.36475E+01  0.54510E+01  0.52863E+01
  0.71522E+01  0.58314E+01  0.68831E+01  0.70643E+01  0.42757E+01  0.59951E+01
  0.66950E+01  0.73770E+01  0.65952E+01  0.40662E+01  0.35500E+01  0.36852E+01
  0.35932E+01  0.31836E+01  0.60869E+00  0.28569E+00  0.65287E-01  0.24305E+00
  0.11527E+00 -0.25775E+00 -0.85588E+00 -0.25377E+01 -0.28059E+00  0.22733E+00
  0.34721E-02  0.15769E+00 -0.44199E+00  0.64234E-01 -0.13395E+01 -0.39254E+01
 -0.40121E+01 -0.44585E+01 -0.47199E+01 -0.44845E+01 -0.44703E+01 -0.41745E+01
 -0.35447E+01 -0.33996E+01 -0.32241E+01 -0.37039E+01 -0.25732E+01 -0.32801E+01
 -0.32369E+01 -0.39013E+01 -0.15216E+01  0.13226E+01  0.89574E+00  0.26886E+01
  0.31345E+01  0.59832E+01  0.63449E+01  0.61497E+01  0.74446E+01  0.55125E+01
  0.28506E+01  0.27142E+01  0.27668E+01  0.60196E+00 -0.20775E+01 -0.19120E+01
 -0.26531E+01 -0.32333E+01 -0.34695E+01 -0.33921E+01 -0.33386E+01 -0.33453E+01
 -0.33098E+01 -0.34008E+01 -0.24764E+01 -0.86225E+00 -0.10716E+01 -0.38566E+01
 -0.29639E+01 -0.86083E+00 -0.76028E+00 -0.10778E+01  0.11481E+01  0.34264E+01
  0.24375E+01  0.14006E+01  0.96235E-01  0.71807E+00  0.91428E-01 -0.10157E+01
 -0.86818E+00 -0.13720E+01 -0.14066E+00  0.65848E+00  0.30239E+01  0.39437E+01
  0.37237E+01  0.40183E+01  0.47855E+01  0.35160E+01  0.46612E+01  0.34803E+01
  0.25688E+01  0.20514E+01  0.30781E+01  0.48628E+01  0.46873E+01  0.51209E+01
  0.62481E+01  0.68949E+01  0.44455E+01  0.51385E+01  0.38711E+01  0.39248E+01
  0.16923E+01  0.70452E+00 -0.13068E+01 -0.44017E+01 -0.42437E+01 -0.45038E+01
 -0.43196E+01 -0.48392E+01 -0.54432E+01 -0.57076E+01 -0.55718E+01 -0.56472E+01
 -0.56724E+01 -0.64677E+01 -0.52082E+01 -0.46002E+01 -0.45150E+01 -0.43776E+01
 -0.45480E+01 -0.81377E+00 -0.71885E+00 -0.96372E+00 -0.99762E+00  0.10835E+01
  0.36050E+01  0.30280E+01  0.27867E+01  0.26237E+01  0.24465E+01  0.19335E+01
  0.20337E+01  0.18461E+01  0.20325E+01  0.19555E+01  0.19727E+01  0.20000E+01
  0.19648E+01  0.18852E+01 -0.49250E+00 -0.86777E+00 -0.21977E+00 -0.15704E+01
 -0.12604E+01 -0.15960E+01  0.37052E+00 -0.88403E+00 -0.15054E+01  0.65379E+00
  0.74600E+00  0.91846E+00  0.99038E+00  0.21217E+01  0.31403E+01  0.41207E+01
  0.17714E+01  0.14868E+01  0.14314E+01 -0.58647E+00 -0.11146E+01 -0.19384E+01
 -0.14674E+01 -0.19436E+01 -0.14045E+01 -0.41688E+01 -0.23713E+01 -0.20717E+01
 -0.38170E+01 -0.43660E+01 -0.53334E+01 -0.12883E+01 -0.30058E+01 -0.26946E+01
 -0.24498E+01 -0.25510E+01 -0.24792E+01 -0.26910E+01 -0.26415E+01 -0.26523E+01
 -0.26009E+01 -0.26037E+01 -0.26127E+01 -0.24870E+01 -0.27876E+01 -0.21934E+01
 -0.53768E+00 -0.16345E+01 -0.55782E+00 -0.18999E+01 -0.11570E+01 -0.11379E+01
 -0.33067E+00  0.41151E-02  0.22031E+00  0.97535E+00  0.10891E+01  0.33803E+01
  0.91048E+00  0.10786E+01  0.72809E+00  0.14412E+01  0.16135E+01  0.12713E+01
  0.34866E+01  0.24829E+01  0.19017E+01  0.16885E+01  0.17810E+01  0.44491E+01
  0.40372E+01  0.37460E+01  0.40722E+01  0.44730E+01  0.48175E+01  0.23697E+01
  0.37399E+01  0.42257E+01  0.23774E+01  0.10420E+01  0.99757E+00  0.21496E+01
  0.13033E+01  0.94988E+00  0.10148E+01  0.94126E+00  0.10689E+01  0.75660E+00
  0.82576E-01 -0.12105E+01 -0.10798E+01 -0.18053E+01 -0.26874E+01 -0.20673E+01
 -0.28845E+01 -0.99120E+00 -0.54116E+00 -0.45072E+00 -0.40821E+00 -0.13345E+01
 -0.11104E+01  0.68227E+00  0.15424E+01  0.13693E+01  0.12429E+01  0.97818E+00
  0.12446E+01  0.94834E+00  0.14105E+01 -0.39292E+00 -0.16149E+01 -0.21850E+01
 -0.23023E+01 -0.22182E+01 -0.22825E+01 -0.21975E+01 -0.23292E+01 -0.22092E+01
