gil3       fp  Morgan Hill, 24 Apr 84 Gilroy 3 47381                            
   3000    2.00000E-02  0  0  0.  0.  0.  0.  0.
 -0.18944E+00 -0.20161E+00  0.14594E-01  0.51323E+00  0.75424E+00  0.14618E+01
  0.13431E+01  0.53871E+01  0.55207E+01  0.20939E+01  0.21017E+01  0.29130E+01
  0.41465E+01 -0.15201E+01 -0.10882E+02 -0.60131E+01  0.11647E+02  0.10921E+02
 -0.53710E+01 -0.83208E+01  0.38452E+01 -0.14487E+01 -0.84273E+01 -0.13797E+02
 -0.17215E+02 -0.11726E+02  0.15143E+02  0.23151E+02  0.82534E+01  0.13309E+02
  0.20798E+02  0.15209E+02  0.15812E+02  0.11844E+02 -0.14224E+02 -0.50760E+01
  0.11161E+02 -0.12549E+02 -0.49062E+02 -0.29859E+02 -0.15370E+02 -0.43559E+01
  0.27525E+02  0.25616E+01 -0.13579E+02 -0.19105E+02 -0.38111E+00  0.16587E+02
  0.21091E+02  0.94703E+01 -0.87099E+01  0.11744E+02  0.29559E+02  0.55327E+01
 -0.26104E+02 -0.32025E+01 -0.12477E+02 -0.58099E+02 -0.81370E+02  0.42272E+02
  0.70484E+02  0.37942E+02  0.19871E+02 -0.14965E+03 -0.23946E+03  0.32026E+02
  0.26427E+03  0.22528E+03  0.40343E+02 -0.60281E+02 -0.17915E+03 -0.23986E+03
  0.11477E+03  0.23432E+03  0.14822E+03  0.21182E+02 -0.15571E+03 -0.10117E+03
  0.24126E+02  0.75406E+01 -0.28565E+02 -0.18843E+03 -0.21788E+03 -0.68762E+02
 -0.23307E+02  0.44098E+02  0.15873E+03  0.21598E+03  0.55336E+02 -0.18951E+03
 -0.10702E+03  0.58973E+02  0.30517E+03  0.26517E+03  0.15748E+03  0.46352E+02
 -0.22041E+03 -0.24831E+03 -0.31173E+03 -0.20454E+03  0.80101E+02  0.14132E+03
  0.18684E+03  0.13498E+03 -0.16315E+03 -0.28938E+03 -0.22919E+03 -0.10326E+02
  0.30919E+03  0.39676E+03  0.28703E+03  0.85096E+02 -0.17635E+03 -0.16372E+03
 -0.45614E+02  0.77329E+01  0.10280E+03  0.22426E+03  0.19569E+03  0.16625E+01
 -0.22934E+03 -0.30331E+03 -0.15999E+03  0.75605E+02  0.16289E+03  0.92119E+02
  0.22186E+02  0.10478E+02 -0.19370E+02 -0.16856E+03 -0.22703E+03 -0.20100E+03
  0.22449E+02  0.22917E+03  0.27919E+03  0.14166E+03 -0.87139E+02 -0.18550E+03
 -0.20727E+03 -0.18825E+03 -0.93075E+02  0.13000E+03  0.22013E+03  0.10536E+03
 -0.13129E+03 -0.21949E+03 -0.11171E+03  0.10343E+03  0.26220E+03  0.23968E+03
  0.21080E+03  0.11735E+03 -0.73296E+02 -0.18413E+03 -0.58097E+02  0.35987E+02
  0.17897E+02 -0.26601E+02 -0.17112E+02  0.46926E+02  0.25866E+02 -0.47246E+02
 -0.11419E+03 -0.79965E+02  0.24160E+02  0.14836E+03  0.16197E+03  0.12006E+03
  0.55626E+02  0.14078E+02 -0.80750E+02 -0.10842E+03 -0.16396E+02  0.12275E+02
  0.67709E+02  0.51601E+02 -0.28680E+02 -0.10472E+03 -0.18173E+03 -0.25993E+03
 -0.26081E+03 -0.18596E+03 -0.19240E+02  0.14843E+03  0.18087E+03  0.15545E+03
  0.14906E+02 -0.12752E+03 -0.13999E+03 -0.27526E+02  0.13536E+03  0.18076E+03
  0.17036E+03  0.98481E+02 -0.11506E+02 -0.65360E+02 -0.73736E+02 -0.26907E+02
  0.26693E+02  0.12391E+02 -0.23207E+01  0.45379E+02  0.76160E+02  0.10527E+03
  0.63974E+02  0.25031E+01 -0.13244E+02 -0.64030E+02 -0.13414E+03 -0.20340E+03
 -0.23827E+03 -0.15357E+03 -0.93233E+01  0.62224E+02  0.98693E+02  0.16602E+03
  0.25054E+03  0.29877E+03  0.30401E+03  0.25560E+03  0.12203E+03 -0.95789E+02
 -0.34404E+03 -0.60164E+03 -0.64980E+03 -0.46705E+03 -0.30877E+03 -0.64446E+02
  0.12029E+03  0.14861E+03  0.16390E+03  0.10792E+03 -0.47973E+02 -0.15956E+03
 -0.16099E+03 -0.72194E+02  0.64538E+02  0.14220E+03  0.14916E+03  0.12764E+03
  0.12176E+03  0.12602E+03  0.11223E+03  0.93749E+02  0.11014E+03  0.13075E+03
  0.10973E+03  0.13315E+03  0.12093E+03  0.30833E+02 -0.24399E+01 -0.50862E+02
 -0.72986E+02 -0.40630E+02  0.61080E+02  0.76363E+02  0.39612E+01 -0.48256E+02
 -0.88059E+02 -0.58540E+02  0.10239E+02  0.46965E+02  0.95268E+02  0.13632E+03
  0.11162E+03  0.74006E+02 -0.52358E+02 -0.14235E+03 -0.12028E+03 -0.70366E+02
 -0.67213E+02 -0.92748E+02 -0.10530E+03 -0.97174E+02 -0.78490E+01  0.77071E+02
  0.84559E+02  0.11798E+03  0.13708E+03  0.68194E+02 -0.11171E+01 -0.76372E+02
 -0.12384E+03 -0.58276E+02  0.41951E+02  0.94872E+02  0.52759E+02 -0.20932E+02
 -0.56173E+02 -0.13513E+01  0.49362E+02  0.37647E+02 -0.92426E+01 -0.74229E+02
 -0.59079E+02 -0.12096E+02  0.45828E+02  0.84308E+02  0.11066E+03  0.12508E+03
  0.41386E+02 -0.12963E+03 -0.25816E+03 -0.26149E+03 -0.16966E+03  0.35120E+02
  0.20096E+03  0.20534E+03  0.16977E+03  0.10811E+03  0.50872E+02  0.14889E+02
 -0.63916E+01 -0.30014E+02 -0.39365E+02 -0.54555E+02 -0.12998E+03 -0.20743E+03
 -0.22225E+03 -0.13389E+03  0.11385E+01  0.14263E+03  0.26178E+03  0.29246E+03
  0.24368E+03  0.18013E+03  0.14274E+03  0.10444E+03  0.43264E+02 -0.25127E+02
 -0.71807E+02 -0.94823E+02 -0.12191E+03 -0.18727E+03 -0.24566E+03 -0.24603E+03
 -0.17505E+03 -0.56502E+02 -0.15533E+02 -0.32502E+02 -0.12092E+02  0.22479E+02
  0.82113E+02  0.12010E+03  0.11038E+03  0.74601E+02  0.33866E+02  0.22155E+02
 -0.12855E+01 -0.38805E+02 -0.84779E+02 -0.99058E+02 -0.73770E+02 -0.26693E+02
  0.45963E+01 -0.22344E+01 -0.65873E+01  0.41161E+02  0.62410E+02  0.41014E+02
 -0.19243E+02 -0.86107E+02 -0.99868E+02 -0.84634E+02 -0.34068E+02  0.24223E+02
  0.61981E+02  0.62590E+02  0.38124E+02  0.78672E+01  0.38792E+01  0.39648E+02
  0.85358E+02  0.11428E+03  0.14161E+03  0.13982E+03  0.13145E+03  0.97049E+02
  0.24745E+02 -0.53306E+02 -0.11930E+03 -0.13250E+03 -0.86594E+02  0.23687E+02
  0.10113E+03  0.84821E+02  0.12342E+02 -0.67173E+02 -0.10215E+03 -0.86319E+02
 -0.42223E+02  0.72387E+01  0.30592E+02  0.18055E+02  0.46655E+01 -0.12318E+02
 -0.32577E+02 -0.52976E+02 -0.43077E+02  0.15011E+00  0.47151E+02  0.82046E+02
  0.69307E+02  0.19485E+02 -0.75779E+02 -0.18257E+03 -0.20314E+03 -0.17970E+03
 -0.14244E+03 -0.10336E+03 -0.79959E+02 -0.70298E+02 -0.68642E+02 -0.43061E+02
 -0.27752E+02 -0.25037E+02 -0.43127E+02 -0.80041E+02 -0.90332E+02 -0.59516E+02
  0.35773E+00  0.61385E+02  0.68104E+02  0.28991E+02 -0.57842E+01 -0.10826E+02
  0.40645E+02  0.11277E+03  0.16240E+03  0.16008E+03  0.11073E+03  0.55076E+02
  0.32520E+02  0.53174E+02  0.85766E+02  0.90758E+02  0.92410E+02  0.10255E+03
  0.11056E+03  0.12108E+03  0.10167E+03  0.64698E+02  0.26071E+02 -0.12622E+02
 -0.30688E+02 -0.51067E+02 -0.73678E+02 -0.84760E+02 -0.10204E+03 -0.11395E+03
 -0.13201E+03 -0.12745E+03 -0.11560E+03 -0.11733E+03 -0.11217E+03 -0.11054E+03
 -0.99261E+02 -0.68687E+02 -0.31120E+02  0.25450E+00  0.17775E+02  0.26418E+02
  0.19985E+02  0.45622E+02  0.11055E+03  0.16100E+03  0.17260E+03  0.13052E+03
  0.77103E+02  0.46366E+02  0.48256E+02  0.63850E+02  0.75375E+02  0.80987E+02
  0.77722E+02  0.81057E+02  0.84276E+02  0.80250E+02  0.60492E+02  0.26468E+02
  0.24848E+02  0.58261E+02  0.95787E+02  0.11585E+03  0.95831E+02  0.47815E+02
  0.97248E+01  0.61510E+01  0.28225E+02  0.47869E+02  0.68870E+02  0.59020E+02
  0.21958E+02 -0.16659E+02 -0.48113E+02 -0.59249E+02 -0.54611E+02 -0.38129E+02
 -0.23251E+02 -0.34699E+02 -0.60960E+02 -0.87443E+02 -0.94325E+02 -0.82391E+02
 -0.91258E+02 -0.93641E+02 -0.10327E+03 -0.10207E+03 -0.88413E+02 -0.89546E+02
 -0.90815E+02 -0.10078E+03 -0.11133E+03 -0.11189E+03 -0.94868E+02 -0.65644E+02
 -0.38680E+02 -0.18186E+02 -0.12431E+01  0.19038E+02  0.51984E+02  0.60569E+02
  0.44672E+02  0.47892E+02  0.71398E+02  0.10820E+03  0.13468E+03  0.11200E+03
  0.33873E+02 -0.51435E+02 -0.68221E+02 -0.24589E+02  0.99235E+01 -0.23561E+01
 -0.49669E+02 -0.74251E+02 -0.52924E+02 -0.56511E+01  0.29005E+02  0.51311E+02
  0.66621E+02  0.78036E+02  0.86575E+02  0.88079E+02  0.90566E+02  0.79410E+02
  0.57551E+02  0.36313E+02  0.17494E+02  0.17111E+02  0.13811E+02 -0.59673E+01
 -0.37189E+02 -0.70190E+02 -0.94562E+02 -0.98415E+02 -0.74214E+02 -0.57459E+02
 -0.56701E+02 -0.66654E+02 -0.87396E+02 -0.10579E+03 -0.11384E+03 -0.11450E+03
 -0.11029E+03 -0.10300E+03 -0.93714E+02 -0.77408E+02 -0.65914E+02 -0.65453E+02
 -0.60693E+02 -0.57935E+02 -0.48602E+02 -0.36116E+02 -0.80247E+01  0.35744E+02
  0.59263E+02  0.55380E+02  0.36099E+02  0.24408E+02  0.39126E+02  0.66629E+02
  0.78377E+02  0.67853E+02  0.56653E+02  0.55666E+02  0.59863E+02  0.54043E+02
  0.27690E+02  0.19145E-02 -0.14712E+02 -0.11479E+02 -0.47906E+01 -0.21227E+01
  0.15844E+00  0.53896E+01  0.20950E+02  0.44912E+02  0.55985E+02  0.39741E+02
  0.16810E+02  0.68144E+01  0.22130E+02  0.50282E+02  0.76992E+02  0.92272E+02
  0.87582E+02  0.48768E+02  0.45255E+01 -0.20963E+02 -0.26637E+02 -0.15281E+01
  0.29548E+02  0.55835E+02  0.75988E+02  0.78148E+02  0.73466E+02  0.65869E+02
  0.59206E+02  0.68894E+02  0.85923E+02  0.95651E+02  0.91430E+02  0.75959E+02
  0.52337E+02  0.27884E+02  0.14552E+01 -0.19303E+02 -0.30053E+02 -0.32059E+02
 -0.30664E+02 -0.24824E+02 -0.26675E+02 -0.35193E+02 -0.28139E+02 -0.19411E+02
 -0.11850E+02 -0.11667E+02 -0.59473E+01  0.95599E+01  0.17307E+02  0.23497E+02
  0.28093E+02  0.21422E+02  0.43537E+01 -0.13982E+02 -0.23795E+02 -0.26141E+02
 -0.21644E+02 -0.22846E+02 -0.30237E+02 -0.39562E+02 -0.52133E+02 -0.55342E+02
 -0.48408E+02 -0.34388E+02 -0.28670E+02 -0.46028E+02 -0.68251E+02 -0.74174E+02
 -0.74313E+02 -0.73373E+02 -0.78379E+02 -0.89160E+02 -0.85781E+02 -0.88612E+02
 -0.97755E+02 -0.10698E+03 -0.11257E+03 -0.10686E+03 -0.95655E+02 -0.76723E+02
 -0.57853E+02 -0.42742E+02 -0.30239E+02 -0.21384E+02 -0.12882E+02 -0.55856E+01
 -0.91301E+01 -0.74706E+01  0.56272E+01  0.26042E+02  0.42006E+02  0.37245E+02
  0.16720E+02  0.28070E+00  0.59446E+01  0.28361E+02  0.51125E+02  0.67502E+02
  0.65106E+02  0.53424E+02  0.53594E+02  0.57239E+02  0.61711E+02  0.61808E+02
  0.51718E+02  0.42800E+02  0.34425E+02  0.23047E+02  0.10699E+02  0.53602E+00
 -0.19141E+01  0.32054E+01  0.98621E+01  0.17946E+02  0.22518E+02  0.14607E+02
  0.39450E+01 -0.57813E+01 -0.78722E+01 -0.63568E+01 -0.82233E+00  0.10743E+02
  0.31280E+02  0.51502E+02  0.63752E+02  0.70325E+02  0.72883E+02  0.75753E+02
  0.71293E+02  0.66250E+02  0.56835E+02  0.47643E+02  0.38758E+02  0.30260E+02
  0.16221E+02  0.98279E+00 -0.12488E+02 -0.21192E+02 -0.25627E+02 -0.25790E+02
 -0.27294E+02 -0.29713E+02 -0.21268E+02 -0.99624E+01  0.51880E+00  0.49611E+01
  0.12887E+02  0.27140E+02  0.36150E+02  0.33637E+02  0.28004E+02  0.26246E+02
  0.28395E+02  0.26926E+02  0.18402E+02  0.55728E+01 -0.40877E+01 -0.56391E+01
 -0.11527E+02 -0.18655E+02 -0.29481E+02 -0.39329E+02 -0.38624E+02 -0.33500E+02
 -0.26996E+02 -0.30174E+02 -0.39087E+02 -0.42503E+02 -0.40296E+02 -0.29573E+02
 -0.20193E+02 -0.15094E+02 -0.12162E+02 -0.17610E+02 -0.25765E+02 -0.29529E+02
 -0.20831E+02 -0.57995E+01  0.70718E+01  0.17486E+02  0.24680E+02  0.21733E+02
  0.79606E+01 -0.13999E+02 -0.37267E+02 -0.49237E+02 -0.48819E+02 -0.37797E+02
 -0.27522E+02 -0.20332E+02 -0.21224E+02 -0.24932E+02 -0.20455E+02 -0.11267E+02
 -0.33899E+01 -0.33460E+01 -0.67048E+01 -0.47355E+01 -0.25812E-01  0.61730E+01
  0.47546E+01 -0.53068E+01 -0.12630E+02 -0.15973E+02 -0.17130E+02 -0.14757E+02
 -0.14899E+02 -0.14270E+02 -0.56250E+01  0.54533E+01  0.10954E+02  0.53705E+01
 -0.12583E+00 -0.34641E+01 -0.26353E+00  0.86712E+01  0.10804E+02  0.77951E+01
 -0.52425E+01 -0.19677E+02 -0.21119E+02 -0.18349E+02 -0.83609E+01 -0.95676E+00
  0.37469E+01  0.11065E+02  0.12868E+02  0.95381E+01  0.34339E+01  0.26133E+01
  0.10931E+02  0.22185E+02  0.24902E+02  0.20139E+02  0.10694E+02  0.81319E+00
  0.80541E+00  0.14702E+02  0.26528E+02  0.31312E+02  0.30700E+02  0.24205E+02
  0.18805E+02  0.13703E+02  0.13919E+02  0.19008E+02  0.18743E+02  0.14939E+02
  0.42348E+01 -0.10766E+02 -0.23246E+02 -0.26988E+02 -0.20607E+02 -0.86352E+01
 -0.56577E-01 -0.27068E+01 -0.93810E+01 -0.10623E+02 -0.63471E+01 -0.51139E+01
 -0.89875E+01 -0.70972E+01  0.16985E+01  0.16581E+02  0.31275E+02  0.30152E+02
  0.20789E+02  0.15007E+02  0.13224E+02  0.13572E+02  0.12790E+02  0.13976E+02
  0.20131E+02  0.25591E+02  0.34574E+02  0.36395E+02  0.32260E+02  0.30305E+02
  0.25652E+02  0.26030E+02  0.30714E+02  0.35461E+02  0.35444E+02  0.36171E+02
  0.32736E+02  0.25493E+02  0.17383E+02  0.16306E+02  0.19920E+02  0.25913E+02
  0.25018E+02  0.13344E+02  0.74952E+01  0.36051E+01  0.21336E+01 -0.42599E+01
 -0.16084E+02 -0.31888E+02 -0.50528E+02 -0.69063E+02 -0.76922E+02 -0.77565E+02
 -0.76934E+02 -0.74850E+02 -0.71149E+02 -0.63512E+02 -0.57122E+02 -0.54913E+02
 -0.51679E+02 -0.48954E+02 -0.44311E+02 -0.40476E+02 -0.42979E+02 -0.44674E+02
 -0.45633E+02 -0.35004E+02 -0.19048E+02  0.15559E+00  0.16081E+02  0.27869E+02
  0.39198E+02  0.47015E+02  0.56310E+02  0.58466E+02  0.51080E+02  0.41550E+02
  0.30033E+02  0.18740E+02  0.10608E+02  0.62473E+01  0.45622E+01  0.45219E+01
  0.37660E+01  0.96871E+00  0.58899E+00  0.46243E+00  0.19184E+01  0.32619E+01
  0.16051E+01  0.92063E+00 -0.22338E+01 -0.74897E+01 -0.90234E+01 -0.17833E+02
 -0.29772E+02 -0.46246E+02 -0.55127E+02 -0.52375E+02 -0.44452E+02 -0.27294E+02
 -0.16846E+02 -0.97786E+01 -0.99419E+01 -0.93720E+01 -0.38269E+01  0.25746E+01
  0.13962E+02  0.23631E+02  0.31556E+02  0.36004E+02  0.34928E+02  0.28731E+02
  0.26302E+02  0.28955E+02  0.36794E+02  0.42353E+02  0.44645E+02  0.44338E+02
  0.35778E+02  0.31804E+02  0.25901E+02  0.20807E+02  0.20174E+02  0.16462E+02
  0.10863E+02  0.24982E+01 -0.40609E+01 -0.10702E+02 -0.16657E+02 -0.19178E+02
 -0.15950E+02 -0.94522E+01 -0.52537E+00  0.76615E+01  0.12269E+02  0.15260E+02
  0.13186E+02  0.11968E+02  0.13652E+02  0.99926E+01  0.14210E+01 -0.55259E+01
 -0.97381E+01 -0.13584E+02 -0.16299E+02 -0.16595E+02 -0.19399E+02 -0.17414E+02
 -0.13280E+02 -0.95255E+01 -0.50442E+01 -0.48398E+01 -0.10693E+02 -0.12793E+02
 -0.97527E+01 -0.52764E+01 -0.34896E+01 -0.26616E+01  0.10458E+01 -0.86551E+00
 -0.32357E+01 -0.25993E+01  0.26630E+01  0.77916E+01  0.14111E+02  0.84404E+01
  0.65407E+00 -0.62763E+01 -0.11551E+02 -0.10063E+02 -0.96837E+01 -0.38235E+01
  0.28932E+01  0.72880E+01  0.13434E+02  0.11902E+02  0.58864E+01 -0.86910E+00
 -0.73794E+01 -0.14120E+02 -0.17708E+02 -0.11198E+02 -0.10586E+02 -0.78908E+01
 -0.12334E+02 -0.15753E+02 -0.14694E+02 -0.96782E+01 -0.88366E-01  0.79550E+01
  0.10280E+02  0.12261E+02  0.17180E+02  0.14858E+02  0.11967E+02  0.62369E+00
 -0.52488E+01 -0.21581E+01  0.50350E+01  0.12008E+02  0.16950E+02  0.20323E+02
  0.17322E+02  0.16581E+02  0.18306E+02  0.18258E+02  0.16190E+02  0.20678E+02
  0.19759E+02  0.18834E+02  0.14393E+02  0.11321E+02  0.15032E+02  0.13262E+02
  0.11478E+02  0.88494E+01 -0.35357E+00 -0.74614E+01 -0.13352E+02 -0.16131E+02
 -0.17661E+02 -0.19853E+02 -0.14004E+02 -0.12249E+02 -0.12371E+02 -0.15895E+02
 -0.16370E+02 -0.17055E+02 -0.14302E+02 -0.47242E+01  0.63075E+00  0.15613E+01
 -0.42511E+01 -0.11925E+02 -0.13126E+02 -0.13844E+02 -0.10749E+02 -0.30349E+01
 -0.14998E+01  0.58974E+00 -0.19346E+01 -0.10614E+02 -0.97192E+01 -0.80469E+01
 -0.96612E+01 -0.12053E+02 -0.11467E+02 -0.84238E+01 -0.12466E+02 -0.14137E+02
 -0.15721E+02 -0.17452E+02 -0.14996E+02 -0.11608E+02 -0.12765E+02 -0.15239E+02
 -0.13658E+02 -0.14204E+02 -0.15013E+02 -0.11098E+02 -0.12578E+02 -0.10950E+02
 -0.81593E+01 -0.90284E+01 -0.29211E+01  0.24656E+01  0.75448E+01  0.15220E+02
  0.21112E+02  0.25667E+02  0.27462E+02  0.24578E+02  0.26329E+02  0.24618E+02
  0.20636E+02  0.16084E+02  0.13902E+02  0.10472E+02  0.11841E+02  0.10513E+02
  0.48900E+01  0.26915E+01  0.62773E+01  0.58796E+01  0.43523E+01  0.26920E+01
 -0.48076E+01 -0.79026E+01 -0.15813E+02 -0.14896E+02 -0.76240E+01 -0.93324E+01
 -0.96082E+01 -0.10545E+02 -0.82024E+01 -0.10145E+02 -0.13643E+02 -0.79210E+01
 -0.54702E+01  0.23053E+00 -0.34493E+01 -0.31777E+01 -0.25384E+00  0.56217E+00
 -0.29352E+01 -0.56597E+01 -0.76861E+00  0.10549E+02  0.16015E+02  0.13942E+02
  0.84514E+01  0.59044E+01  0.86360E+01  0.12942E+02  0.16072E+02  0.73964E+01
 -0.41281E+00 -0.39293E+01 -0.47773E+01  0.20108E+01  0.29021E+01  0.22049E+01
  0.42325E+01  0.34432E+01  0.10932E+02  0.17259E+02  0.24458E+02  0.25642E+02
  0.28180E+02  0.32107E+02  0.33834E+02  0.35560E+02  0.31351E+02  0.24583E+02
  0.15335E+02  0.61686E+01  0.94396E-01 -0.12307E+01  0.76440E-01 -0.68021E-01
 -0.48748E+01 -0.13163E+02 -0.12699E+02 -0.76646E+01 -0.59479E+01 -0.60792E+01
 -0.13024E+02 -0.11760E+02 -0.13651E+02 -0.12869E+02 -0.89010E+01 -0.13494E+02
 -0.14529E+02 -0.15361E+02 -0.10512E+02 -0.70908E+01 -0.22238E+01 -0.32810E+01
 -0.11925E+02 -0.13489E+02 -0.13442E+02 -0.14608E+02 -0.17312E+02 -0.22259E+02
 -0.20479E+02 -0.17928E+02 -0.18407E+02 -0.13139E+02 -0.14112E+02 -0.10242E+02
 -0.15661E+02 -0.23118E+02 -0.24150E+02 -0.24942E+02 -0.20889E+02 -0.15578E+02
 -0.11429E+02 -0.74720E+01 -0.46599E+01  0.83365E+00  0.92213E+01  0.16631E+02
  0.22069E+02  0.28315E+02  0.32756E+02  0.35697E+02  0.37477E+02  0.36559E+02
  0.36613E+02  0.33286E+02  0.26343E+02  0.19624E+02  0.19407E+02  0.18702E+02
  0.25426E+02  0.26450E+02  0.22526E+02  0.22201E+02  0.13780E+02  0.67998E+01
  0.30949E+01  0.74965E-01 -0.39739E+01 -0.89244E+01 -0.16192E+02 -0.20790E+02
 -0.23157E+02 -0.26885E+02 -0.24998E+02 -0.24582E+02 -0.23868E+02 -0.22518E+02
 -0.21527E+02 -0.22209E+02 -0.23499E+02 -0.25024E+02 -0.26322E+02 -0.27880E+02
 -0.28555E+02 -0.24575E+02 -0.20346E+02 -0.15303E+02 -0.73991E+01 -0.57749E+01
 -0.65541E+01 -0.16772E+01 -0.35353E+00 -0.22182E+01 -0.26651E+01 -0.33149E+01
 -0.32873E+01 -0.25321E+01 -0.31473E+01 -0.24706E+01  0.13775E+01  0.31608E+01
  0.87840E+01  0.14472E+02  0.19609E+02  0.25161E+02  0.26468E+02  0.24930E+02
  0.22852E+02  0.19255E+02  0.19772E+02  0.19566E+02  0.13527E+02  0.13650E+02
  0.70965E+01  0.12148E+01 -0.48600E+01 -0.72380E+01 -0.20436E+01  0.37051E+00
  0.49637E+00 -0.69169E+01 -0.95057E+01 -0.11304E+02 -0.16669E+02 -0.17220E+02
 -0.15540E+02 -0.99971E+01 -0.97567E+01 -0.87802E+01 -0.44315E+01 -0.69707E+01
 -0.12147E+02 -0.77938E+01 -0.61780E+01 -0.27867E+01  0.10854E+01  0.14510E+01
  0.10104E+02  0.10628E+02  0.15563E+02  0.21014E+02  0.27178E+02  0.28872E+02
  0.30206E+02  0.29964E+02  0.25228E+02  0.26212E+02  0.27233E+02  0.28317E+02
  0.28207E+02  0.30116E+02  0.28454E+02  0.29076E+02  0.30763E+02  0.30025E+02
  0.28774E+02  0.23339E+02  0.20224E+02  0.15276E+02  0.12452E+02  0.74834E+01
  0.38707E+01  0.21949E+01 -0.23306E+01 -0.51916E+01 -0.10155E+02 -0.87327E+01
 -0.82498E+01 -0.72895E+01 -0.79740E+01 -0.61504E+01 -0.95530E+01 -0.14783E+02
 -0.14298E+02 -0.19019E+02 -0.22550E+02 -0.22452E+02 -0.28812E+02 -0.30242E+02
 -0.29302E+02 -0.29831E+02 -0.29608E+02 -0.29387E+02 -0.31455E+02 -0.28866E+02
 -0.26053E+02 -0.28270E+02 -0.25049E+02 -0.20481E+02 -0.19398E+02 -0.19525E+02
 -0.13263E+02 -0.13126E+02 -0.14140E+02 -0.14548E+02 -0.11263E+02 -0.88167E+01
 -0.40220E+01 -0.35423E+01 -0.59299E+01 -0.65422E+01 -0.93768E+01 -0.93083E+01
 -0.15807E+02 -0.17652E+02 -0.21889E+02 -0.28999E+02 -0.27596E+02 -0.28971E+02
 -0.25968E+02 -0.21855E+02 -0.17503E+02 -0.14893E+02 -0.13347E+02 -0.72125E+01
 -0.64545E+01 -0.70329E+01 -0.14963E+01  0.30957E+01  0.36331E+01  0.44929E+01
  0.52064E+01  0.58753E+01  0.81332E+01  0.13533E+02  0.14122E+02  0.14369E+02
  0.13912E+02  0.16654E+02  0.20297E+02  0.20978E+02  0.19468E+02  0.19486E+02
  0.20661E+02  0.22019E+02  0.24721E+02  0.23259E+02  0.27582E+02  0.30186E+02
  0.30425E+02  0.36913E+02  0.39407E+02  0.39853E+02  0.40658E+02  0.41160E+02
  0.40833E+02  0.36417E+02  0.34073E+02  0.35714E+02  0.35754E+02  0.34302E+02
  0.34349E+02  0.30947E+02  0.29076E+02  0.25604E+02  0.20406E+02  0.13051E+02
  0.96775E+01  0.46732E+01  0.45507E+01  0.36623E+01  0.77351E+00  0.17532E+01
  0.23781E+00  0.23516E+01  0.19764E+01 -0.10592E+01 -0.61569E+01 -0.53133E+01
 -0.57547E+01 -0.47864E+01 -0.66247E+01 -0.11930E+02 -0.14646E+02 -0.20426E+02
 -0.24271E+02 -0.29045E+02 -0.31472E+02 -0.31244E+02 -0.27822E+02 -0.26240E+02
 -0.28401E+02 -0.32146E+02 -0.35050E+02 -0.33248E+02 -0.34017E+02 -0.30362E+02
 -0.26228E+02 -0.25477E+02 -0.19210E+02 -0.19083E+02 -0.17907E+02 -0.12662E+02
 -0.10972E+02 -0.11326E+02 -0.62732E+01 -0.44619E+01 -0.46733E+01 -0.70982E+01
 -0.12921E+02 -0.11461E+02 -0.12642E+02 -0.11532E+02 -0.11727E+02 -0.80681E+01
 -0.51226E+01 -0.64738E+01 -0.38177E+01 -0.49656E+01 -0.29328E+01 -0.32021E+01
 -0.16738E+01  0.34937E+01  0.18253E+01  0.98535E+00 -0.56373E+01 -0.85254E+01
 -0.90394E+01 -0.53670E+01 -0.28956E+01 -0.18067E+01  0.32711E+01  0.27747E+01
 -0.17190E+01 -0.21722E+01 -0.13103E+01  0.43769E+00  0.48967E+01  0.68750E+01
  0.63143E+01  0.75411E+01  0.46054E+01  0.35829E+01  0.22111E+01 -0.41013E+00
 -0.30406E+00 -0.47240E+01 -0.60671E+00 -0.18668E+00 -0.38962E+00 -0.67891E-01
 -0.37690E+00  0.12021E+01  0.22465E+01  0.34640E+01  0.67224E+01  0.95632E+01
  0.13281E+02  0.16318E+02  0.15681E+02  0.13802E+02  0.18526E+02  0.20916E+02
  0.24044E+02  0.29071E+02  0.30109E+02  0.27028E+02  0.26980E+02  0.24520E+02
  0.20623E+02  0.19568E+02  0.15464E+02  0.16374E+02  0.14526E+02  0.14844E+02
  0.14484E+02  0.14679E+02  0.14385E+02  0.13678E+02  0.14107E+02  0.13187E+02
  0.16645E+02  0.16780E+02  0.14492E+02  0.12390E+02  0.71411E+01  0.41903E+01
 -0.10154E+01 -0.38297E+01 -0.57325E+01 -0.67910E+01 -0.10593E+02 -0.11634E+02
 -0.10569E+02 -0.14508E+02 -0.16722E+02 -0.18737E+02 -0.16540E+02 -0.16319E+02
 -0.16611E+02 -0.17006E+02 -0.18027E+02 -0.19829E+02 -0.17410E+02 -0.12411E+02
 -0.14381E+02 -0.10455E+02 -0.67421E+01 -0.45060E+01 -0.18298E+01 -0.26961E+01
 -0.38899E+01 -0.40767E+01 -0.49952E+01 -0.24817E+01  0.14250E+01  0.28722E+00
  0.22374E+01  0.70002E+00 -0.30419E-01 -0.21899E+01 -0.46386E+01 -0.40680E+01
 -0.48578E+01 -0.59227E+01 -0.10179E+02 -0.13552E+02 -0.15179E+02 -0.16483E+02
 -0.17368E+02 -0.14456E+02 -0.11908E+02 -0.12403E+02 -0.11729E+02 -0.11717E+02
 -0.11233E+02 -0.10699E+02 -0.94413E+01 -0.87625E+01 -0.33863E+01 -0.21638E+01
 -0.61957E+01 -0.45495E+01 -0.61886E+01 -0.25322E+01 -0.25392E+01 -0.70924E+00
  0.27216E+01  0.24650E+01  0.15068E+01 -0.99845E+00  0.20434E+00  0.26913E+01
  0.53153E+01  0.75026E+01  0.84955E+01  0.11077E+02  0.92159E+01  0.94630E+01
  0.10256E+02  0.75770E+01  0.74070E+01  0.82901E+01  0.80038E+01  0.10233E+02
  0.98340E+01  0.67636E+01  0.80064E+01  0.93316E+01  0.11320E+02  0.10089E+02
  0.11721E+02  0.12006E+02  0.11905E+02  0.76905E+01  0.48981E+01  0.34719E+01
  0.23087E+01  0.18314E+01  0.66540E+00  0.12898E+01  0.32265E+01  0.55855E+01
  0.14475E+01 -0.12090E+00 -0.42072E+00 -0.13555E+01 -0.20053E+01 -0.28136E+01
 -0.68263E+00 -0.13465E+01 -0.33899E+01 -0.50342E+00  0.19789E+01  0.47525E+01
  0.36296E+01  0.28041E+01  0.42384E+01  0.10302E+01  0.86995E+00 -0.28569E+01
 -0.76299E+01 -0.94195E+01 -0.93205E+01 -0.95315E+01 -0.68174E+01 -0.55432E+01
 -0.61728E+01 -0.67942E+01 -0.19132E+01 -0.17068E+01 -0.48161E+01 -0.23840E+01
 -0.41202E+01 -0.45800E+00  0.17765E+01  0.58081E+00  0.20953E+01  0.76268E+00
  0.12273E+01  0.98019E+00  0.49759E+00  0.24295E+01 -0.32916E+00 -0.41015E+01
 -0.41664E+01 -0.68411E+01 -0.80544E+01 -0.48122E+01 -0.41479E+01 -0.16600E+01
  0.49795E+00  0.20285E+01  0.21353E+01  0.32091E+01  0.36414E+01  0.38986E+01
  0.79435E+01  0.10127E+02  0.14222E+02  0.14766E+02  0.10585E+02  0.10077E+02
  0.98527E+01  0.10066E+02  0.12536E+02  0.14082E+02  0.17088E+02  0.17228E+02
  0.14532E+02  0.11251E+02  0.11827E+02  0.13596E+02  0.11522E+02  0.11096E+02
  0.11037E+02  0.87473E+01  0.64497E+01  0.44272E+01  0.35104E+01  0.94335E-01
 -0.36961E+01 -0.75225E+01 -0.11026E+02 -0.12353E+02 -0.16180E+02 -0.19024E+02
 -0.19840E+02 -0.22166E+02 -0.19847E+02 -0.17673E+02 -0.16692E+02 -0.14870E+02
 -0.16781E+02 -0.16701E+02 -0.16613E+02 -0.15453E+02 -0.14579E+02 -0.12946E+02
 -0.13978E+02 -0.12552E+02 -0.11586E+02 -0.12102E+02 -0.12039E+02 -0.11847E+02
 -0.12947E+02 -0.16139E+02 -0.15471E+02 -0.14277E+02 -0.70108E+01 -0.63049E+01
 -0.88228E+01 -0.48096E+01 -0.50712E+01 -0.40879E+01 -0.53229E+01 -0.42010E+01
 -0.18670E+01 -0.25329E+01 -0.16927E+01 -0.13683E+00  0.48753E+01  0.56571E+01
  0.58820E+01  0.10391E+02  0.11381E+02  0.10811E+02  0.10763E+02  0.10270E+02
  0.10536E+02  0.80227E+01  0.51735E+01  0.17357E+01  0.12997E+01  0.24140E+01
  0.27683E+01  0.33644E+01  0.47221E+01  0.39584E+01  0.56731E+01  0.73164E+01
  0.63102E+01  0.81355E+01  0.76181E+01  0.10175E+02  0.11751E+02  0.13351E+02
  0.12999E+02  0.13788E+02  0.16440E+02  0.17296E+02  0.16807E+02  0.14783E+02
  0.15173E+02  0.14911E+02  0.15143E+02  0.13770E+02  0.13161E+02  0.12228E+02
  0.13627E+02  0.14842E+02  0.11605E+02  0.11255E+02  0.87842E+01  0.86448E+01
  0.84736E+01  0.86619E+01  0.11784E+02  0.12666E+02  0.13592E+02  0.11473E+02
  0.97445E+01  0.10489E+02  0.55139E+01  0.35106E+01  0.36588E+01  0.32723E+01
  0.67239E-01 -0.25203E+01 -0.25983E+01 -0.83504E+01 -0.78515E+01 -0.82487E+01
 -0.10075E+02 -0.10486E+02 -0.11902E+02 -0.16688E+02 -0.18307E+02 -0.19662E+02
 -0.21501E+02 -0.23964E+02 -0.24434E+02 -0.22008E+02 -0.24236E+02 -0.22476E+02
 -0.24119E+02 -0.23745E+02 -0.24152E+02 -0.27400E+02 -0.26625E+02 -0.23718E+02
 -0.23673E+02 -0.23936E+02 -0.20488E+02 -0.19648E+02 -0.18007E+02 -0.17343E+02
 -0.14737E+02 -0.14059E+02 -0.11463E+02 -0.83883E+01 -0.12081E+02 -0.12582E+02
 -0.14575E+02 -0.10957E+02 -0.10498E+02 -0.87510E+01 -0.25359E+01 -0.42830E+00
  0.28318E+01  0.23122E+01  0.43986E+01  0.49917E+01  0.67124E+01  0.10852E+02
  0.11888E+02  0.15295E+02  0.15915E+02  0.13966E+02  0.14262E+02  0.13639E+02
  0.16538E+02  0.18105E+02  0.18668E+02  0.22352E+02  0.19661E+02  0.17871E+02
  0.18560E+02  0.17799E+02  0.21763E+02  0.21075E+02  0.19965E+02  0.21140E+02
  0.19501E+02  0.19854E+02  0.19779E+02  0.19306E+02  0.18033E+02  0.17287E+02
  0.17903E+02  0.18269E+02  0.16496E+02  0.14881E+02  0.13515E+02  0.15072E+02
  0.13346E+02  0.11012E+02  0.12123E+02  0.10836E+02  0.87717E+01  0.73746E+01
  0.51191E+01  0.49025E+01  0.83573E+00 -0.31826E+01 -0.60687E+01 -0.62571E+01
 -0.48543E+01 -0.77022E+01 -0.79763E+01 -0.69437E+01 -0.67434E+01 -0.68164E+01
 -0.66339E+01 -0.68675E+01 -0.63456E+01 -0.94885E+01 -0.78782E+01 -0.87855E+01
 -0.10251E+02 -0.11729E+02 -0.12558E+02 -0.13607E+02 -0.18549E+02 -0.17782E+02
 -0.15991E+02 -0.17713E+02 -0.16825E+02 -0.15818E+02 -0.18051E+02 -0.20404E+02
 -0.21621E+02 -0.19067E+02 -0.16990E+02 -0.15734E+02 -0.13230E+02 -0.72846E+01
 -0.56396E+01 -0.58768E+01 -0.54826E+01 -0.20165E+01  0.71354E+00  0.18934E+01
  0.15932E+01  0.39167E+01  0.63446E+01  0.57906E+01  0.67323E+01  0.60634E+01
  0.78149E+01  0.74935E+01  0.95103E+00  0.19320E+01  0.32923E+00 -0.60225E+00
 -0.94682E+00 -0.71826E+01 -0.21473E+01 -0.65875E+00 -0.15088E+01 -0.13115E+01
 -0.18543E+01 -0.17158E+01 -0.26732E+01 -0.40211E+01 -0.52002E+01 -0.50522E+01
 -0.54512E+01 -0.50568E+01 -0.55950E+01 -0.46502E+01 -0.40073E+01 -0.38846E+01
 -0.26466E+01 -0.24382E+01 -0.13938E+01 -0.34679E+01 -0.31375E+01 -0.22022E+01
  0.15032E+00 -0.10902E+01 -0.37325E+01  0.14986E+01  0.15018E+01  0.27997E+01
  0.41655E+01  0.47673E+01  0.44807E+01  0.48467E+01  0.42896E+01  0.56442E+01
  0.58570E+01  0.58981E+01  0.57527E+01  0.61035E+01  0.73023E+01  0.70690E+01
  0.10515E+02  0.12275E+02  0.14747E+02  0.15647E+02  0.14545E+02  0.16940E+02
  0.16020E+02  0.17671E+02  0.19618E+02  0.17597E+02  0.20401E+02  0.20133E+02
  0.19327E+02  0.15928E+02  0.15071E+02  0.14927E+02  0.12334E+02  0.12280E+02
  0.95867E+01  0.63955E+01  0.24035E+01  0.19037E+01  0.19767E+01  0.14020E+01
 -0.33110E+00 -0.11738E+01 -0.28572E+01 -0.85348E+00 -0.98345E+00 -0.40430E+01
 -0.33126E+01 -0.78788E+01 -0.10324E+02 -0.12079E+02 -0.11697E+02 -0.10272E+02
 -0.88000E+01 -0.82570E+01 -0.77885E+01 -0.77626E+01 -0.81633E+01 -0.76497E+01
 -0.64949E+01 -0.86697E+01 -0.11088E+02 -0.11245E+02 -0.10817E+02 -0.12991E+02
 -0.14828E+02 -0.17515E+02 -0.18398E+02 -0.16960E+02 -0.13055E+02 -0.11966E+02
 -0.14311E+02 -0.11744E+02 -0.11848E+02 -0.10943E+02 -0.11604E+02 -0.10679E+02
 -0.96921E+01 -0.80780E+01 -0.47834E+01 -0.20458E+01 -0.18119E+00  0.35023E+00
  0.57184E+00  0.43325E+00  0.42519E+00  0.39690E+00  0.26976E+00  0.37576E+00
  0.89522E-01  0.41635E+00  0.82336E+00  0.22175E+01  0.18019E+01  0.48547E+01
  0.57938E+01  0.12200E+01  0.30417E+01  0.26196E+01  0.62888E+01  0.38619E+01
  0.29991E+01  0.90787E+01  0.79988E+01  0.71439E+01  0.50927E+01  0.53074E+01
  0.48224E+01  0.32596E+01  0.32350E+01  0.91231E+00  0.12215E+01  0.33181E+01
  0.29960E+01  0.30962E+01  0.27802E+01 -0.31629E+00 -0.79698E+00 -0.10141E+01
  0.35037E+01  0.48167E+01 -0.18461E+01 -0.60924E+00 -0.18955E+01 -0.66029E+00
 -0.11783E+01  0.55579E+00  0.63575E+01  0.58702E+01  0.62195E+01  0.59477E+01
  0.60401E+01  0.53746E+01  0.38107E+01  0.34372E+01  0.33897E+01  0.33566E+01
  0.33297E+01  0.29532E+01  0.27177E+01  0.28363E+01  0.24968E+01  0.25678E+01
  0.31678E+01  0.29237E+01  0.31725E+01  0.78566E+00 -0.19386E+01 -0.52255E+01
 -0.23457E+01 -0.60864E+01 -0.73858E+01 -0.18389E+01 -0.28522E+01 -0.16313E+01
 -0.26620E+01 -0.23533E+01 -0.26373E+01 -0.24987E+01 -0.26313E+01 -0.25945E+01
 -0.26579E+01 -0.26627E+01 -0.26951E+01 -0.26488E+01 -0.25258E+01 -0.25731E+01
 -0.22683E+01 -0.28076E+01 -0.23733E+01 -0.19004E+01 -0.18414E+01 -0.31089E+01
 -0.25866E+01 -0.23012E+01 -0.23571E+01 -0.20347E+01 -0.24739E+01  0.22578E+00
  0.33361E+01  0.47518E+01  0.46861E+01  0.47576E+01  0.47630E+01  0.51831E+01
  0.43288E+01  0.47636E+01  0.44308E+01  0.58415E+01  0.74136E+01  0.97178E+01
  0.95896E+01  0.11845E+02  0.10983E+02  0.93699E+01  0.89918E+01  0.23933E+01
  0.25607E+01  0.15624E+01  0.13726E+01  0.79114E+00  0.66638E+00  0.31070E+00
  0.11666E-01 -0.27492E+00  0.62697E+00  0.10366E+01  0.18768E+01  0.17542E+01
  0.16359E+01 -0.15085E+00 -0.36183E+01 -0.47008E+01 -0.68305E+01 -0.42613E+01
 -0.38311E+01 -0.60827E+01 -0.79602E+01 -0.84400E+01 -0.82241E+01 -0.83939E+01
 -0.95908E+01 -0.97702E+01 -0.10430E+02 -0.10623E+02 -0.11854E+02 -0.12506E+02
 -0.11499E+02 -0.10350E+02 -0.69494E+01 -0.58266E+01 -0.62921E+01 -0.53759E+01
  0.14395E+01  0.39965E+01  0.27857E+01  0.39878E+01  0.53045E+01  0.68044E+01
  0.52523E+01  0.12775E+01  0.38099E+00  0.10026E+01  0.11899E+01  0.67763E+00
  0.12914E+01  0.59016E+00  0.18855E+01  0.19505E+01  0.21722E+01  0.22252E+01
  0.10456E+01  0.32217E+01  0.27238E+01  0.31526E+01  0.29904E+01  0.32243E+01
  0.23764E+01  0.33814E+00  0.10203E+01  0.36687E+01  0.35906E+01  0.29838E+01
  0.27890E+01  0.35512E+01  0.55599E+01  0.32618E+01  0.26103E+01  0.17777E+01
  0.47631E+01  0.50402E+01  0.17503E+01  0.37080E+01  0.33875E+01  0.44401E+01
  0.29311E+01  0.32033E+01  0.43359E+01  0.35502E+01  0.39867E+01  0.33153E+01
  0.30920E+01  0.29651E+01  0.29445E+01  0.31047E+01  0.28506E+01  0.65385E+00
  0.12316E+01 -0.14115E+00 -0.72997E+00  0.52466E+00  0.28718E+00 -0.10833E-01
 -0.30838E+01  0.51859E-01 -0.27561E+01 -0.50376E+01 -0.35797E+01 -0.47980E+01
 -0.31617E+01 -0.49155E+01 -0.50750E+01 -0.35582E+01 -0.38088E+01 -0.36395E+01
 -0.36637E+01 -0.36417E+01 -0.34915E+01 -0.46243E+01 -0.46897E+01 -0.46228E+01
 -0.51895E+01 -0.49603E+01 -0.57810E+01 -0.66864E+01 -0.60238E+01 -0.56149E+01
 -0.51500E+01 -0.54033E+01 -0.15290E+01 -0.30012E+01 -0.45221E+01 -0.29027E+01
 -0.30650E+01 -0.30305E+01 -0.34970E+01 -0.29505E+01 -0.33373E+01 -0.32859E+01
 -0.83030E+00 -0.19855E+00 -0.13345E+01 -0.24405E+01 -0.18157E+01 -0.18627E+01
  0.86449E+00  0.48421E+01  0.41809E+01  0.42131E+01  0.37162E+01  0.38563E+01
  0.40485E+01  0.47752E+01  0.39816E+01  0.67726E+01  0.61634E+01  0.29724E+01
  0.45904E+01  0.40769E+01  0.53184E+01  0.38957E+01  0.23460E+01  0.48413E+01
  0.39265E+01  0.33271E+01  0.35819E+01  0.32554E+01  0.38617E+01  0.51875E+01
  0.56525E+01  0.46636E+01  0.66623E+01  0.66382E+01  0.69918E+01  0.43373E+01
  0.35444E+01  0.42494E+01  0.45016E+01  0.51096E+01  0.47122E+01  0.47689E+01
  0.23022E+01  0.10069E+00 -0.23321E+01 -0.16829E+01 -0.30284E+01 -0.25624E+01
 -0.36286E+01 -0.45844E+01 -0.42013E+01 -0.47471E+01 -0.39681E+01 -0.53908E+01
 -0.74711E+01 -0.10112E+02 -0.10218E+02 -0.98400E+01 -0.87542E+01 -0.93507E+01
 -0.80559E+01 -0.81825E+01 -0.68919E+01 -0.21828E+01 -0.17627E+01 -0.17246E+01
 -0.25690E+01 -0.27522E+01 -0.25031E+01 -0.25816E+01 -0.20933E+01 -0.28836E+01
 -0.36880E+01 -0.18988E+01 -0.19814E+01 -0.13904E+01 -0.11734E+01 -0.10106E+01
 -0.52807E+00 -0.44569E+00 -0.45771E+00 -0.21036E+00 -0.75909E+00 -0.48945E+00
 -0.97973E+00 -0.37821E+00 -0.13006E+01  0.18726E+01  0.62141E+01  0.61405E+01
  0.64066E+01  0.66991E+01  0.63986E+01  0.74432E+01  0.76797E+01  0.74821E+01
  0.51655E+01  0.22920E+01  0.51186E+01  0.16423E+01  0.17630E+01  0.16145E+01
  0.11987E+01  0.53776E+00  0.56260E+00 -0.16431E+00  0.14232E+00 -0.86377E+00
 -0.31585E+01 -0.57607E+01 -0.69470E+01 -0.58534E+01 -0.61308E+01 -0.39018E+00
 -0.14242E+00 -0.23422E+00 -0.61738E+00 -0.61432E+00 -0.45014E+00 -0.61354E+00
  0.45370E+00  0.39122E+00  0.96829E+00  0.14892E+01  0.13229E+01  0.25319E+01
  0.25971E+01  0.43433E+01  0.33473E+01  0.37046E+01  0.68468E+01  0.56243E+01
  0.61129E+01  0.56326E+01  0.61958E+01  0.38322E+01  0.64267E+01  0.55491E+01
  0.32160E+01  0.11083E+01  0.43409E+01  0.56858E+01 -0.61533E-02  0.11481E+01
 -0.44399E+00  0.16921E-01  0.75914E-01  0.83278E+00  0.16259E+01  0.16110E+01
  0.16326E+01  0.16421E+01  0.15935E+01  0.16738E+01  0.14486E+01  0.16579E+01
  0.13766E+01  0.22879E+01  0.16310E+01  0.17684E+01  0.12485E+01  0.18789E+01
  0.15100E+01  0.28681E+00 -0.38155E+01 -0.31545E+01  0.47419E+00 -0.55740E+01
 -0.42452E+01 -0.67786E+01 -0.83710E+01 -0.85800E+01 -0.84370E+01 -0.82839E+01
 -0.86777E+01 -0.83796E+01 -0.85498E+01 -0.82054E+01 -0.62907E+01 -0.27754E+01
 -0.11459E+01 -0.11570E+01 -0.12224E+01 -0.90566E+00 -0.77393E+00 -0.10703E+01
 -0.58245E+00 -0.12869E+01 -0.24607E+00 -0.18975E+01  0.36673E+01  0.51164E+01
 -0.36494E+00  0.25942E+01  0.16870E+01  0.28525E+00 -0.10783E+01 -0.80504E+00
 -0.92398E+00 -0.74529E+00 -0.80582E+00 -0.67932E+00 -0.69558E+00 -0.86062E+00
 -0.30884E+01 -0.21114E+01 -0.20739E+00 -0.59143E+00 -0.46485E+00 -0.43664E+00
 -0.24564E+00 -0.20336E+00 -0.77631E+00 -0.14246E-03 -0.11160E+01  0.14818E+01
  0.29939E+01 -0.11337E+01 -0.16843E+00 -0.89011E+00 -0.31290E+00 -0.61833E+00
  0.11172E+00  0.13645E+01  0.27103E+00  0.47837E+00  0.60935E+00  0.89711E+00
  0.16132E+01  0.19674E+01  0.19596E+01  0.19640E+01  0.19805E+01  0.62162E+00
 -0.58838E+00 -0.10223E+01 -0.24674E+01 -0.22117E+01 -0.99886E+00 -0.12457E+01
 -0.66213E+00  0.24648E+01  0.64976E+00  0.27051E+01  0.19276E+01  0.15983E+01
  0.15769E+01 -0.13219E+01  0.29694E+01  0.23246E+01  0.21744E+01  0.22094E+01
  0.20693E+01  0.23595E+01  0.15077E+01  0.96565E+00  0.86986E+00  0.21718E+00
 -0.67530E-01 -0.16477E-01 -0.38552E+00  0.34512E+00 -0.57686E+00 -0.28652E+00
 -0.36276E-01 -0.41939E+00 -0.57530E+00 -0.23617E+01 -0.39443E+00 -0.33114E+00
  0.29697E-01 -0.12018E+01 -0.17175E+01 -0.83865E-01  0.27788E-01 -0.26679E+00
  0.61292E+00  0.18564E+01  0.24124E+01  0.40381E+01  0.42241E+01  0.42312E+01
  0.35064E+01  0.73357E+01  0.60279E+01  0.35720E+01  0.43351E+01  0.35621E+01
  0.15908E+01  0.43698E-01  0.67811E+00  0.42172E+00  0.16947E+00  0.15257E+01
  0.49320E+00  0.22012E+01 -0.62270E+00 -0.26665E+01  0.67200E+00 -0.13075E+01
 -0.86182E-01 -0.17320E+01 -0.29696E+01 -0.51161E+01 -0.71802E+01 -0.53940E+01
 -0.72411E+01 -0.67618E+01 -0.65782E+01 -0.60709E+01 -0.65709E+01 -0.64036E+01
 -0.66543E+01 -0.73174E+01 -0.78316E+01 -0.51874E+01 -0.42798E+00 -0.45917E+01
 -0.55416E+00  0.73255E-01  0.63632E+00  0.77918E+00  0.10486E+01  0.28138E+01
  0.32399E+01  0.51981E+01  0.45544E+01  0.59192E+01  0.51609E+01  0.50077E+01
  0.47699E+01  0.52156E+01  0.33148E+01  0.14604E+01  0.17551E+01  0.19713E+01
  0.20849E+01  0.19994E+01  0.26376E+01  0.20452E+01  0.33668E+01  0.26074E+01
  0.19002E+01  0.30667E+01  0.25221E+01  0.35237E+01  0.24199E+01  0.14991E+01
  0.28682E+01  0.19612E+01  0.25259E+01  0.27889E+01  0.24265E+01  0.25143E+01
  0.19929E+01  0.16744E+01  0.15830E+01  0.11275E+01 -0.18051E+00 -0.84325E+00
 -0.18861E+01 -0.28085E+01 -0.43080E+01 -0.36262E+01 -0.46353E+01 -0.16274E+01
 -0.14365E+01 -0.52809E+01 -0.32566E+01 -0.43829E+01 -0.32697E+01 -0.57876E+01
 -0.51812E+01 -0.98401E+00 -0.36651E+01 -0.33407E+01 -0.43452E+01 -0.40008E+01
 -0.42215E+01 -0.34150E+01 -0.31956E+01 -0.25882E+01 -0.75031E-01  0.11232E+01
  0.12274E+01  0.12230E+01  0.76006E+00  0.69105E+00  0.43098E+00 -0.86472E+00
  0.60401E+00 -0.30385E+00 -0.17587E+01 -0.22848E+01 -0.49061E+01 -0.45417E+01
 -0.69477E+01 -0.84256E+01 -0.31758E+01 -0.28561E+01 -0.18108E+01 -0.98868E+00
 -0.61101E+00  0.13928E-01 -0.56364E+00  0.36656E+00  0.66140E+00  0.11411E+01
  0.46460E+00  0.23354E+01  0.55593E+01  0.61532E+01  0.58321E+01  0.67355E+01
  0.68265E+01  0.78866E+01  0.93584E+01  0.56353E+01  0.61662E+01  0.30640E+01
  0.30499E+01  0.22938E+01  0.92646E+00  0.32002E+01  0.17683E+01  0.26968E+01
  0.26743E+01  0.30679E+01  0.26611E+01  0.18462E+01  0.16163E+01  0.16436E+01
  0.16328E+01  0.13966E+01  0.61954E+00  0.32900E+00  0.45861E+00  0.19008E+00
  0.58498E+00 -0.34714E+00  0.17607E+01  0.15302E+01 -0.55617E+00  0.82771E+00
 -0.43034E+00  0.12269E+01  0.24021E+00 -0.86717E+00  0.93273E+00  0.68186E+00
  0.11406E+01  0.20638E+01  0.29307E+01  0.21549E+01  0.21753E+01  0.11543E+01
 -0.46203E+00 -0.13243E+01 -0.11672E+01 -0.10182E+01 -0.85107E+00 -0.76841E+00
 -0.12909E+01 -0.67536E+00 -0.31442E+01 -0.30213E+01 -0.18508E+01 -0.72348E+01
 -0.71943E+01 -0.66531E+01 -0.62385E+01 -0.65136E+01 -0.87369E+01 -0.71822E+01
 -0.76441E+01 -0.82708E+01 -0.74660E+01 -0.46886E+01 -0.51523E+01 -0.54894E+01
 -0.37655E+01 -0.19048E+01 -0.12845E+01 -0.15649E+01 -0.15880E+01 -0.17918E+01
 -0.15593E+01 -0.19319E+01 -0.11482E+01 -0.14442E+01  0.16035E+01  0.19914E+01
  0.20516E+01  0.37405E+01  0.21281E+01  0.38776E+01  0.33532E+01  0.20769E+01
  0.46190E+01  0.40166E+01  0.38506E+01  0.36929E+01  0.26927E+01  0.32872E+01
  0.19557E+01 -0.77900E+00 -0.95409E+00 -0.53186E+00  0.13379E+00  0.62473E+00
  0.67550E+00  0.85518E+00  0.68314E+00  0.51732E+00  0.29741E+00  0.22351E+01
  0.11554E+00 -0.10629E+01  0.19580E+00 -0.18205E+01 -0.15788E+01 -0.34500E+01
 -0.39720E+01 -0.74790E+00 -0.39173E+01 -0.28301E+01 -0.57855E+00  0.17133E+00
 -0.19848E+00 -0.10727E+01  0.18513E+01  0.20351E+01  0.19013E+01  0.18885E+01
  0.19906E+01  0.29815E+01  0.52674E+01  0.55893E+01  0.57043E+01  0.54073E+01
  0.61943E+01  0.54233E+01  0.22880E+01  0.27520E+01  0.11051E+01  0.21043E+01
  0.10025E+01 -0.42857E+00  0.25879E+01  0.28682E+01  0.22982E+01 -0.81292E+00
 -0.19417E+00  0.11143E+01  0.18621E+01  0.16953E+01  0.19087E+01  0.30290E+01
  0.22295E+01  0.25500E+01  0.19619E+01  0.23613E+01  0.18700E+01  0.25150E+01
  0.15698E+01  0.38497E+01  0.38438E+01  0.99899E+00  0.23787E+01  0.92354E+00
  0.18411E+01  0.46468E+00 -0.17379E+01 -0.18936E+01 -0.31772E+01 -0.50456E+01
 -0.69984E+01 -0.69284E+01 -0.69709E+01 -0.69269E+01 -0.58331E+01 -0.51476E+01
 -0.39070E+01 -0.26843E+01 -0.27042E+01 -0.34678E+01 -0.82346E+00  0.11313E+01
  0.73367E+00  0.88909E+00  0.14205E+01  0.93663E+00  0.27782E+00  0.10607E+01
 -0.50283E+00  0.15535E+00 -0.21541E+01 -0.40834E+01 -0.67274E+00 -0.70612E+00
 -0.72549E+00 -0.61221E+00 -0.80052E+00 -0.92249E+00 -0.10687E+01 -0.98168E+00
 -0.12385E+01 -0.94653E+00 -0.13041E+01 -0.10082E+01 -0.11226E+01 -0.81678E+00
 -0.44681E+00 -0.53335E+00 -0.42893E-01  0.25042E+01  0.44662E+01  0.48873E+00
  0.74949E+00  0.57782E+00 -0.10670E+00  0.21794E+00  0.27905E+00  0.10337E+01
  0.25600E+00  0.26232E+00  0.19607E+00  0.48950E+00 -0.31465E-01 -0.16143E+01
 -0.17577E+01 -0.24268E+00 -0.25198E+01 -0.18073E+01 -0.11596E+01  0.16831E-01
 -0.18108E+01  0.10501E+00  0.10534E+01  0.85348E+00  0.20608E+01  0.67614E+00
  0.14887E+01  0.15089E+01  0.85122E+00  0.65770E+00 -0.16752E+00 -0.10956E+01
  0.90750E+00  0.18591E+00  0.64219E+00  0.31198E+00  0.59261E+00  0.29993E+00
  0.21998E+00 -0.34688E+00 -0.20641E+00 -0.52474E+00 -0.79917E+00 -0.56936E+00
 -0.93713E+00 -0.10292E+00 -0.29454E+00  0.34380E+00 -0.83183E+00  0.51096E+01
  0.25981E+01  0.50429E+00  0.15506E+01  0.10081E+01  0.10945E+01 -0.15924E-01
  0.79937E+00  0.86077E-01  0.72544E+00 -0.30645E+00 -0.42004E+00 -0.87990E+00
 -0.74317E+00 -0.86433E+00 -0.81706E+00 -0.84278E+00 -0.67189E+00 -0.75696E+00
