oly        fp  puget sound wa, 29 apr 65, 0728 pst, olympia, highway test lab   
   4092    2.00000E-02  0  0  0.  0.  0.  0.  0.
  0.17933E+01  0.44998E+01  0.42614E+01 -0.63640E+01 -0.10482E+02 -0.11438E+02
 -0.53954E+02  0.10466E+02  0.57403E+02 -0.12068E+02 -0.15463E+02  0.63107E+02
  0.86372E+02  0.63823E+02 -0.42931E+02 -0.13231E+03 -0.63938E+02  0.72372E+01
  0.29688E+01 -0.86142E+02 -0.69087E+02  0.28035E+02  0.10426E+03  0.10443E+03
  0.57024E+02 -0.61297E+02 -0.51423E+02  0.31855E+02  0.52620E+02 -0.30474E+02
 -0.70829E+02 -0.52850E+01  0.26611E+02  0.19234E+02  0.55996E+02  0.51356E+02
 -0.58234E+02 -0.14693E+03 -0.67608E+02  0.42589E+01  0.23072E+02 -0.88576E+01
  0.94073E+01  0.22744E+02 -0.45721E+02 -0.12734E+02  0.11189E+02  0.22259E+01
 -0.14008E+02 -0.13753E+02  0.78871E+01  0.15097E+01  0.13232E+02 -0.51796E+02
 -0.23222E+01  0.73800E+02  0.29246E+02 -0.81535E+02 -0.74344E+02  0.10922E+03
  0.58004E+02 -0.11769E+03 -0.10436E+03 -0.27293E+02 -0.48324E+01 -0.54012E+02
  0.25701E+02  0.12820E+03  0.13441E+03 -0.99447E+02 -0.56177E+02  0.16693E+02
  0.65317E+02  0.54985E+02  0.79612E+02  0.53351E+01 -0.36933E+02 -0.14807E+02
  0.85715E+02  0.44387E+02 -0.44881E+02 -0.75469E+02 -0.45308E+02  0.22333E+02
  0.11352E+03  0.15199E+03  0.60559E+02 -0.26791E+02  0.23330E+02  0.72872E+02
  0.85488E+01 -0.11819E+03 -0.13214E+03 -0.22784E+02  0.86720E+02  0.49749E+02
 -0.15389E+02  0.21076E+02  0.88601E+02  0.11643E+03  0.21024E+02 -0.51869E+02
 -0.41804E+02 -0.42176E+02 -0.18363E+03 -0.19416E+03 -0.11897E+03  0.12607E+00
  0.34956E+02 -0.22601E+02  0.52637E+01  0.80615E+02  0.45572E+02 -0.13016E+02
 -0.18977E+02 -0.11491E+02 -0.87510E+02 -0.18154E+03 -0.90663E+02  0.25457E+02
  0.47001E+02 -0.22534E+02 -0.49877E+02 -0.46399E+02 -0.26647E+02  0.34020E+02
  0.99190E+02  0.53631E+02 -0.31827E+01  0.31782E+02  0.12394E+03  0.22753E+03
  0.17047E+03  0.41521E+01 -0.74224E+02 -0.20915E+02 -0.12585E+03 -0.14314E+03
 -0.65006E+02  0.67189E+02  0.89657E+02  0.32150E+02 -0.50849E+02  0.24553E+02
  0.13272E+03  0.19443E+03  0.11347E+03  0.93316E+01  0.19014E+01 -0.15627E+02
 -0.34345E+02 -0.71771E+02 -0.70228E+02 -0.30597E+02 -0.20931E+02 -0.16983E+02
 -0.31105E+02 -0.28008E+02  0.34097E+01  0.11222E+02  0.27400E+02  0.31622E+02
  0.53457E+02  0.11314E+03  0.63304E+02 -0.34809E+02 -0.80080E+02 -0.35398E+02
 -0.34674E+02 -0.35410E+02 -0.22091E+02 -0.10964E+02  0.71439E+02  0.13145E+03
  0.12597E+03  0.36588E+02 -0.59779E+01  0.32770E+02  0.87460E+02  0.67981E+02
 -0.10360E+02 -0.10866E+03 -0.10195E+03 -0.52369E+02 -0.44135E+02 -0.91967E+02
 -0.71020E+02  0.26497E+02  0.45467E+02  0.32617E+02  0.17791E+02 -0.71025E+02
 -0.11907E+03 -0.10281E+03 -0.37153E+02 -0.59833E+02 -0.63380E+02 -0.20049E+02
  0.24284E+02 -0.11450E+02 -0.36355E+02  0.49646E+01  0.45614E+02  0.13587E+02
 -0.32707E+02 -0.35897E+02  0.20325E+02  0.30732E+02 -0.16418E+02 -0.57637E+02
 -0.25938E+02  0.39529E+02  0.52909E+02  0.68575E+02  0.40031E+02  0.82086E+01
 -0.14735E+02  0.32777E+02  0.15661E+03  0.12089E+03 -0.29158E+02 -0.11246E+03
  0.21212E+01  0.96471E+02  0.73980E+02  0.31855E+02  0.23839E+02  0.38213E+02
 -0.54893E+01 -0.10288E+03 -0.14105E+03 -0.56202E+02  0.39754E+02 -0.13509E+02
 -0.10643E+02 -0.89965E+01 -0.87934E+02 -0.88511E+02 -0.36795E+02  0.17384E+02
  0.38434E+02 -0.49476E+01  0.83482E+02  0.73652E+02 -0.86363E+02 -0.23832E+03
 -0.14198E+03  0.52215E+02  0.16433E+03  0.77716E+02  0.31835E+02  0.64553E+02
  0.86474E+02 -0.51951E+02 -0.77884E+02  0.18961E+02  0.19958E+03  0.22478E+03
 -0.41153E+01 -0.13606E+03 -0.52457E+02 -0.60111E+02 -0.22536E+02 -0.51753E+02
 -0.10824E+03 -0.87202E+02 -0.13504E+01 -0.11073E+02  0.13572E+02 -0.20187E+02
 -0.87985E+02 -0.10322E+03 -0.10288E+03 -0.91439E+02 -0.38713E+02  0.87604E+02
  0.16320E+03  0.91623E+02  0.55303E+02  0.10684E+02  0.26781E+02  0.86698E+00
 -0.20787E+01 -0.49957E+02 -0.37122E+01  0.85667E+02  0.16524E+02 -0.24563E+03
 -0.33013E+03 -0.17974E+03  0.10993E+03  0.28172E+03  0.28650E+03  0.31717E+03
  0.42282E+03  0.21014E+03 -0.12403E+03 -0.20750E+03 -0.82462E+02  0.67731E+02
  0.18240E+03  0.13786E+03 -0.41783E+02 -0.18750E+03 -0.33916E+03 -0.18899E+03
  0.76891E+02  0.23746E+03  0.24602E+03  0.19861E+03  0.23313E+03  0.32528E+03
  0.23044E+03 -0.93213E+02 -0.17670E+03 -0.30572E+02  0.10856E+03 -0.54044E+02
 -0.35257E+03 -0.50490E+03 -0.48486E+03 -0.39926E+03 -0.91083E+02  0.28659E+02
 -0.75267E+02  0.31261E+02  0.12602E+03  0.12003E+03 -0.20358E+03 -0.26771E+03
 -0.15977E+03  0.10328E+03  0.28383E+03  0.16493E+03  0.68413E+01 -0.23292E+02
  0.52559E+02 -0.17402E+02 -0.82152E+02 -0.65401E+02  0.14269E+03  0.31708E+03
  0.29739E+03  0.12231E+03 -0.20429E+03 -0.36635E+03 -0.20810E+03  0.10696E+03
  0.12497E+03 -0.13256E+03 -0.21580E+03 -0.30775E+03 -0.40825E+03 -0.47496E+03
 -0.27643E+03  0.47925E+02  0.15039E+03  0.45888E+02 -0.11377E+03 -0.10216E+03
 -0.27296E+01  0.28872E+03  0.48483E+03  0.48589E+03  0.41266E+03  0.33478E+03
  0.50375E+02 -0.11978E+02  0.16844E+03  0.34655E+03  0.57983E+03  0.47673E+03
  0.26858E+03 -0.16612E+03 -0.39795E+03 -0.35829E+03 -0.21455E+03 -0.62702E+02
 -0.48691E+02 -0.30445E+03 -0.41958E+03 -0.28093E+03  0.30125E+01  0.27825E+03
  0.48358E+03  0.37798E+03  0.10885E+03 -0.91930E+02 -0.11663E+03  0.72641E+02
  0.10945E+03  0.92136E+02  0.48370E+02  0.38513E+02  0.15790E+02 -0.89885E+02
 -0.53648E+02  0.20792E+02  0.92652E+02  0.13415E+03  0.17303E+03  0.21064E+03
  0.75279E+02 -0.13024E+03 -0.28054E+03 -0.23690E+03 -0.15619E+03 -0.18076E+03
 -0.24972E+03 -0.19154E+03 -0.16252E+03 -0.98042E+02 -0.56848E+02  0.52187E+02
  0.22161E+03  0.17653E+03 -0.19799E+02 -0.22224E+03 -0.33989E+03 -0.36429E+03
 -0.24859E+03 -0.19842E+03 -0.14086E+03  0.16736E+03  0.49515E+03  0.58452E+03
  0.28571E+03  0.78241E+02 -0.46570E+02 -0.26674E+02  0.85185E+02  0.38608E+02
 -0.10488E+03 -0.12165E+03 -0.95373E+02 -0.91397E+02 -0.17718E+03 -0.28451E+03
 -0.23171E+03 -0.63674E+01  0.15376E+03  0.20935E+03 -0.51424E+02 -0.22453E+03
 -0.10310E+03  0.15743E+03  0.20910E+03  0.19382E+02  0.61238E+01  0.50579E+02
  0.13333E+03  0.13413E+03 -0.12416E+03 -0.61561E+02  0.75738E+02  0.22243E+03
 -0.13547E+03 -0.32375E+03 -0.14050E+03  0.12796E+03  0.41692E+03  0.37043E+03
  0.17041E+03  0.10648E+03  0.57049E+02 -0.26076E+02 -0.14658E+03 -0.14575E+03
  0.21425E+02  0.10431E+03  0.47920E+02  0.26884E+02 -0.21053E+02 -0.17029E+03
 -0.36799E+03 -0.20580E+03  0.13028E+03  0.16414E+03 -0.52085E+02 -0.22229E+03
 -0.13805E+03 -0.19748E+02  0.10129E+03 -0.47284E+02 -0.12544E+03 -0.76593E+02
 -0.36289E+02 -0.13334E+03 -0.22741E+03 -0.16619E+03 -0.74207E+02 -0.72635E+02
 -0.15597E+03 -0.22431E+03 -0.15765E+03 -0.47542E+02  0.57145E+02  0.15618E+03
  0.19111E+03  0.13694E+03  0.12047E+03  0.14384E+03  0.11242E+03  0.10595E+03
  0.11401E+03  0.96984E+02  0.14580E+02  0.23802E+02  0.55321E+02  0.84439E+02
  0.14643E+03  0.28580E+03  0.32105E+03  0.28662E+03  0.20126E+03  0.12073E+03
  0.25152E+02 -0.90022E+02 -0.20538E+03 -0.12568E+03 -0.47166E+02  0.26235E+02
  0.13608E+03  0.22268E+03  0.24355E+03  0.19405E+03  0.76682E+02 -0.71196E+02
 -0.20535E+03 -0.21312E+03 -0.12521E+03 -0.10806E+03 -0.20064E+03 -0.23571E+03
 -0.13235E+03  0.46209E+02  0.85414E+02  0.71717E+02  0.40594E+02 -0.66486E+00
 -0.14255E+03 -0.23294E+03 -0.24363E+03 -0.13074E+03 -0.70578E+02 -0.23769E+02
 -0.72783E+02 -0.11522E+03 -0.11302E+03 -0.87560E+02 -0.83520E+02 -0.93352E+02
 -0.33188E+02  0.70813E+02  0.17886E+03  0.24662E+03  0.28590E+03  0.20847E+03
  0.10908E+03  0.10550E+02  0.50968E+02  0.40253E+02 -0.80329E+01  0.96377E+01
  0.49701E+02  0.75827E+02  0.23895E+02 -0.40357E+02 -0.87508E+02 -0.81947E+02
 -0.73582E+02 -0.48338E+02 -0.81042E+02 -0.12959E+03 -0.99477E+02 -0.58108E+02
 -0.56496E+02 -0.95705E+02 -0.21103E+03 -0.22770E+03 -0.12871E+03  0.53510E+02
  0.21851E+03  0.21763E+03  0.91543E+02  0.50633E+02  0.66366E+02  0.77748E+02
  0.83987E+02 -0.24052E+00 -0.88148E+02 -0.93253E+02 -0.40157E+02  0.70568E+01
  0.53973E+02  0.98670E+02  0.12311E+03  0.10709E+03  0.92381E+02  0.81566E+02
  0.13310E+03  0.17324E+03  0.14320E+03  0.92418E+02  0.70470E+02  0.35681E+02
 -0.31749E+02 -0.17851E+03 -0.25853E+03 -0.19891E+03 -0.13645E+03 -0.49090E+02
 -0.46667E+02 -0.49568E+02  0.16739E+02  0.10008E+03  0.79387E+02  0.56653E+02
  0.81865E+02  0.18437E+03  0.23246E+03  0.15516E+03 -0.55389E+02 -0.16549E+03
 -0.15107E+03 -0.10727E+03 -0.66236E+02 -0.42207E+02 -0.72570E+02 -0.87175E+02
 -0.92710E+02 -0.60799E+02 -0.37625E+02 -0.27295E+01  0.54671E+02  0.67237E+02
  0.81050E+02  0.98605E+02  0.87320E+02  0.10713E+03  0.13448E+03  0.65089E+02
  0.35889E+02 -0.47943E+02 -0.12533E+03 -0.17412E+03 -0.22602E+03 -0.23091E+03
 -0.19330E+03 -0.12138E+03 -0.56523E+02  0.31613E+02  0.12002E+03  0.14790E+03
  0.84659E+02  0.49287E+00 -0.17447E+02 -0.12663E+02 -0.95215E+02 -0.13095E+03
 -0.11473E+03 -0.57866E+02 -0.29136E+02 -0.54528E+02 -0.10409E+02  0.58778E+02
  0.13161E+03  0.10817E+03  0.10937E+03  0.12846E+03  0.15575E+03  0.15494E+03
  0.11416E+03  0.72739E+02  0.53040E+02  0.21687E+02  0.19962E+02  0.34910E+02
  0.67776E+02  0.75368E+02  0.46480E+02  0.10444E+02  0.12739E+02 -0.49519E+02
 -0.12471E+03 -0.12776E+03 -0.60004E+02  0.40545E+02  0.81782E+02  0.33761E+02
 -0.28740E+02 -0.10234E+03 -0.87939E+02 -0.88539E+02 -0.86362E+02 -0.62012E+02
 -0.73132E+02 -0.11093E+03 -0.12561E+03 -0.58762E+02  0.55614E+01  0.73595E+02
  0.83740E+02  0.31582E+02 -0.46743E+00 -0.14203E+02 -0.45743E+01  0.41981E+02
  0.78226E+02  0.71636E+02  0.26937E+02  0.11251E+02  0.74032E+00 -0.20814E+02
 -0.83132E+02 -0.77551E+02 -0.28347E+02 -0.68264E+01 -0.20168E+02  0.28136E+01
  0.59775E+02  0.94255E+02  0.57155E+02  0.27905E+02  0.37808E+02  0.21240E+02
 -0.11997E+02 -0.28989E+02 -0.15468E+02 -0.31643E+01  0.80129E+01  0.30811E+02
  0.36969E+02  0.20920E+02 -0.39908E+02 -0.75790E+02 -0.51410E+02 -0.13577E+01
 -0.51775E+01 -0.18093E+02 -0.24894E+02 -0.11345E+02  0.41600E+02  0.57765E+02
 -0.52226E+01 -0.90693E+02 -0.51042E+02  0.55109E+02  0.11188E+03  0.15585E+03
  0.15976E+03  0.10258E+03  0.38922E+02 -0.14333E+01 -0.45835E+02 -0.91302E+02
 -0.11529E+03 -0.12481E+03 -0.15192E+03 -0.14425E+03 -0.12060E+03 -0.52539E+02
  0.48924E+02  0.80177E+02  0.33675E+02  0.73412E+01  0.33368E+01 -0.11742E+02
 -0.22317E+02 -0.26839E+02 -0.28258E+02 -0.32629E+02  0.51329E+01  0.52781E+02
  0.46038E+02  0.29561E+02  0.36627E+02  0.30736E+02  0.25786E+02  0.43288E+02
  0.77246E+02  0.77286E+02  0.40669E+02 -0.41625E+01 -0.37130E+02 -0.21941E+02
  0.35900E+01  0.18717E+02  0.32780E+02  0.21867E+02 -0.13565E+02 -0.55051E+02
 -0.50481E+02 -0.11844E+02  0.43346E+02  0.11172E+02 -0.25753E+02 -0.24803E+02
  0.21567E+01  0.70911E+01  0.12968E+02  0.41356E+02  0.76497E+02  0.59011E+02
  0.85786E+01 -0.45108E+02 -0.28161E+02  0.99609E+01 -0.67967E+01 -0.56317E+02
 -0.79222E+02 -0.38150E+02 -0.45332E+01  0.21623E+01 -0.14293E+02 -0.36863E+02
 -0.43068E+02 -0.22258E+02 -0.54044E+01  0.25668E+01 -0.15655E+02 -0.27914E+02
 -0.27273E+01  0.29579E+02  0.40073E+02  0.41745E+02  0.42506E+02  0.46181E+02
  0.73404E+02  0.12171E+03  0.12764E+03  0.51767E+02 -0.23132E+02 -0.50728E+02
 -0.37896E+02 -0.17275E+02  0.54137E+01  0.34607E+02  0.57389E+02  0.13058E+02
 -0.48216E+02 -0.70462E+02 -0.55047E+02 -0.52105E+02 -0.59871E+02 -0.49812E+02
 -0.37319E+02 -0.29268E+02 -0.48961E+02 -0.47421E+02 -0.16739E+02  0.13730E+02
  0.51089E+01 -0.45820E-01  0.11865E+02  0.46896E+02  0.68966E+02  0.56266E+02
  0.98903E+01 -0.52913E+02 -0.37902E+02  0.13340E+02  0.54539E+02  0.52091E+02
  0.27767E+02 -0.14506E+02 -0.30495E+02 -0.14665E+02 -0.35462E+02 -0.57811E+02
 -0.78152E+02 -0.46413E+02 -0.78309E+01  0.64757E+01 -0.41628E+01 -0.29799E+02
 -0.33685E+02 -0.22391E+02 -0.22961E+02 -0.18575E+02  0.12979E+02  0.43589E+02
  0.34256E+02  0.15036E+02  0.29856E+02  0.64054E+02  0.80700E+02  0.71426E+02
  0.45482E+02  0.14245E+02 -0.37191E+02 -0.86681E+02 -0.74995E+02 -0.42441E+02
 -0.37426E+01  0.15700E+02  0.11718E+02  0.10536E+02  0.20061E+02  0.32415E+02
  0.43947E+02  0.38445E+02  0.28866E+02  0.39425E+02  0.32006E+02  0.24982E+02
  0.10841E+02 -0.26695E+02 -0.42114E+02 -0.36209E+02 -0.11564E+02  0.29713E-01
 -0.71149E+01 -0.13103E+02 -0.35215E+02 -0.47651E+02 -0.25561E+02  0.75798E+00
  0.25677E+02  0.30124E+02  0.27849E+02  0.24904E+02  0.38114E+02  0.32584E+02
 -0.72287E+01 -0.20698E+02 -0.16772E+01 -0.20225E+02 -0.48080E+02 -0.82535E+02
 -0.72522E+02 -0.48870E+02 -0.20480E+02 -0.86359E+01 -0.30872E+01  0.10827E+02
  0.20696E+02  0.28436E+02  0.39249E+02  0.22655E+02 -0.92115E+01 -0.33654E+02
 -0.45197E+02 -0.32494E+02 -0.22012E+02  0.60231E+01  0.22531E+02  0.22762E+02
  0.17125E+02  0.11397E+02  0.16255E+02  0.16454E+01 -0.34075E+02 -0.66083E+02
 -0.63047E+02 -0.25117E+02  0.17437E+02  0.17100E+02  0.15521E+01  0.75999E+00
  0.10129E+02 -0.53853E+01 -0.34588E+02 -0.20257E+02  0.14881E+02  0.39434E+02
  0.56443E+02  0.67492E+02  0.77232E+02  0.91415E+02  0.90054E+02  0.71842E+02
  0.53539E+02  0.41989E+02  0.34700E+02  0.23852E+02  0.29554E+02  0.35165E+02
  0.19514E+02  0.16429E+01 -0.22555E+02 -0.31907E+02 -0.16130E+02  0.15283E+02
  0.41860E+02  0.23629E+02 -0.21310E+02 -0.61413E+02 -0.92235E+02 -0.11274E+03
 -0.10146E+03 -0.85559E+02 -0.69592E+02 -0.50916E+02 -0.38385E+02 -0.35436E+02
 -0.33764E+02 -0.17123E+02  0.23641E+02  0.20600E+02 -0.38863E+01 -0.23261E+02
 -0.12702E+02  0.10635E+02  0.38109E+02  0.51955E+02  0.49771E+02  0.42507E+02
  0.35031E+02  0.24969E+02  0.51976E+00 -0.24174E+02 -0.19267E+02 -0.96746E+01
 -0.10882E+02  0.97539E+01  0.31304E+02  0.22917E+02  0.18183E+02  0.17616E+02
  0.75901E+01 -0.11319E+02 -0.30929E+01  0.19309E+02  0.33984E+02  0.22316E+02
 -0.87597E+01 -0.22010E+02 -0.43169E+02 -0.76863E+02 -0.90381E+02 -0.77197E+02
 -0.58901E+02 -0.33368E+02 -0.53953E+01  0.22238E+02  0.53310E+02  0.70971E+02
  0.56202E+02  0.53379E+02  0.50323E+02  0.47050E+02  0.32764E+02  0.16654E+02
  0.22050E+02  0.31248E+02  0.41419E+02  0.62937E+02  0.83969E+02  0.99126E+02
  0.77141E+02  0.45027E+02  0.32743E+02  0.32845E+02  0.14205E+02 -0.19131E+02
 -0.37743E+02 -0.16109E+02  0.99052E+01  0.21773E+02 -0.43253E+01 -0.45962E+00
  0.26859E+02  0.42618E+02  0.90333E+01 -0.34621E+02 -0.56526E+02 -0.62127E+02
 -0.76641E+02 -0.85316E+02 -0.68408E+02 -0.37021E+02 -0.18563E+02 -0.19013E+01
 -0.35539E+01 -0.33803E+02 -0.76981E+02 -0.96097E+02 -0.86560E+02 -0.74741E+02
 -0.79808E+02 -0.89985E+02 -0.56115E+02 -0.88003E+01  0.22695E+02  0.11965E+02
 -0.23250E+01 -0.15369E+02 -0.25159E+02 -0.30418E+02 -0.19950E+02 -0.41903E+01
  0.84343E+01  0.30611E+02  0.54519E+02  0.59293E+02  0.59928E+02  0.51222E+02
  0.28066E+02  0.12788E+02  0.14269E+02  0.22991E+02  0.33475E+02  0.27437E+02
 -0.48790E+01 -0.11616E+02  0.63477E+01  0.17739E+02  0.20852E+01 -0.17007E+02
 -0.29165E+02 -0.17502E+02 -0.85490E+01 -0.15325E+02 -0.16589E+01  0.24144E+02
  0.28317E+02  0.23910E+02  0.16674E+02 -0.27011E+01 -0.62890E+01  0.42067E+01
  0.18626E+02  0.77654E+01 -0.88148E+01 -0.63838E+01  0.11866E+02  0.28879E+01
  0.10367E+02  0.33786E+02  0.46769E+02  0.29545E+02 -0.60232E+01 -0.31127E+02
 -0.45219E+02 -0.47419E+02 -0.48889E+02 -0.49841E+02 -0.40633E+02 -0.19532E+02
 -0.25988E+01  0.14091E+02  0.88473E+01  0.52148E+01  0.78492E+01  0.10180E+02
  0.77323E+01  0.24572E+01  0.46677E+00  0.34296E+01  0.80399E+01  0.23610E+02
  0.31350E+02  0.41557E+02  0.36768E+02  0.18319E+02  0.11339E+02 -0.32767E+01
 -0.59064E+01  0.11814E+02  0.20410E+02  0.61907E+01 -0.69947E+01 -0.96244E+01
 -0.39789E+01  0.51350E+01  0.22796E+02  0.16579E+02 -0.36933E+01 -0.14200E+02
 -0.11138E+02  0.52170E+01  0.34288E+02  0.37260E+02  0.64339E+01 -0.16299E+02
 -0.20933E+02 -0.20667E+02 -0.26971E+02 -0.45900E+02 -0.63246E+02 -0.62127E+02
 -0.52337E+02 -0.50638E+02 -0.53928E+02 -0.33733E+02 -0.87597E+01 -0.10861E+02
 -0.19168E+02 -0.13541E+02 -0.73356E+01 -0.82520E+00 -0.32575E+01  0.16419E+01
  0.21844E+02  0.42078E+02  0.27997E+02  0.10936E+02  0.24752E+02  0.51743E+02
  0.66686E+02  0.62011E+02  0.43797E+02  0.76375E+01 -0.96916E+01 -0.11809E+02
 -0.43133E+01  0.10910E+02  0.74259E+01 -0.55784E+01  0.60280E+01  0.26609E+02
  0.35022E+02  0.33399E+02  0.27608E+02  0.48071E+02  0.65523E+02  0.58518E+02
  0.34022E+02  0.79139E+01 -0.14024E+02 -0.21847E+02 -0.27601E+02 -0.28699E+02
 -0.43790E+02 -0.24658E+02  0.29338E+02  0.44001E+02  0.40445E+02  0.18967E+02
  0.30865E+02  0.35157E+02  0.14262E+02 -0.11012E+02 -0.24148E+02 -0.29983E+02
 -0.33839E+02 -0.35779E+02 -0.22325E+02 -0.15319E+02 -0.33074E+02 -0.55970E+02
 -0.62591E+02 -0.50837E+02 -0.36193E+02 -0.27448E+02 -0.34066E+02 -0.32561E+02
 -0.19558E+02  0.80798E+01  0.33527E+02  0.44495E+02  0.37455E+02  0.37077E+02
  0.43483E+02  0.44383E+02  0.40478E+02  0.36695E+02  0.15877E+02 -0.20243E+02
 -0.64270E+02 -0.77178E+02 -0.53855E+02 -0.28979E+02 -0.14964E+02 -0.77323E+01
  0.50554E+00 -0.26658E+01 -0.15328E+02 -0.29329E+02 -0.37518E+02 -0.38132E+02
 -0.40602E+02 -0.47727E+02 -0.38727E+02 -0.15735E+02  0.63753E+01  0.31072E+02
  0.42931E+02  0.43078E+02  0.39241E+02  0.24756E+02  0.10820E+02 -0.33912E+01
 -0.12765E+02 -0.72263E+00  0.17618E+02  0.27165E+02  0.26675E+02  0.17575E+02
  0.30300E+01 -0.40927E+01  0.52425E+01  0.18837E+02  0.23882E+02  0.27285E+02
  0.33396E+02  0.46716E+02  0.52126E+02  0.38827E+02  0.16647E+02  0.11575E+01
  0.97319E+01  0.22016E+02  0.21038E+02  0.11724E+02  0.65159E+01  0.68751E+01
  0.84815E+01  0.14864E+02  0.31760E+01 -0.21806E+02 -0.52446E+02 -0.69732E+02
 -0.66332E+02 -0.64423E+02 -0.74500E+02 -0.63041E+02 -0.26270E+02  0.16167E+01
 -0.94349E+01 -0.29096E+02 -0.31296E+02 -0.21022E+01  0.17356E+02  0.21027E+02
  0.29686E+02  0.34754E+02  0.38910E+02  0.33848E+02  0.15645E+02  0.41641E+01
 -0.51883E+01  0.24338E+01  0.82604E+01  0.77902E+01  0.93882E+01  0.16096E+02
  0.18150E+02  0.89463E+01 -0.48196E+01 -0.11802E+02 -0.22896E+00  0.15968E+02
  0.40287E+02  0.36618E+02  0.96775E+01 -0.11483E+02 -0.17039E+02 -0.25120E+02
 -0.38617E+02 -0.52722E+02 -0.71755E+02 -0.81297E+02 -0.66960E+02 -0.48883E+02
 -0.26819E+02 -0.11976E+01  0.51371E+01 -0.12287E+02 -0.27917E+02 -0.24533E+02
 -0.91344E+01 -0.69997E+01 -0.77554E+01 -0.14656E+02 -0.11245E+02 -0.57650E+01
 -0.12970E+02 -0.10138E+02  0.20723E+00  0.14386E+02  0.19104E+02  0.32308E+02
  0.60175E+02  0.93669E+02  0.10322E+03  0.81776E+02  0.58657E+02  0.51021E+02
  0.62124E+02  0.62549E+02  0.50379E+02  0.38393E+02  0.36536E+02  0.27012E+02
  0.11708E+02  0.32788E+01  0.84775E+01  0.98740E+01  0.59253E+00 -0.11641E+02
 -0.11949E+02 -0.19142E+01  0.12318E+02  0.17789E+02  0.79570E+01 -0.37293E+01
 -0.16512E+02 -0.18860E+02 -0.16341E+02 -0.18356E+02 -0.19762E+02 -0.23510E+02
 -0.30149E+02 -0.33291E+02 -0.23928E+02 -0.14841E+02 -0.81865E+01 -0.11785E+02
 -0.17452E+02 -0.19620E+02 -0.21424E+02 -0.23289E+02 -0.24211E+02 -0.21361E+02
 -0.21766E+02 -0.24696E+02 -0.28174E+02 -0.29006E+02 -0.36469E+02 -0.42473E+02
 -0.42940E+02 -0.38144E+02 -0.28816E+02 -0.25177E+02 -0.10921E+02  0.37307E+01
  0.82519E+01  0.97921E+01 -0.10753E+02 -0.21747E+02 -0.22306E+02 -0.15046E+02
  0.76658E+01  0.23594E+02  0.23917E+02  0.29380E+02  0.36700E+02  0.34680E+02
  0.16781E+02 -0.26389E+01 -0.35327E+01 -0.72556E+01 -0.23117E+02 -0.30582E+02
 -0.29073E+02 -0.18376E+02 -0.10417E+02 -0.22993E+02 -0.43507E+02 -0.41693E+02
 -0.35347E+02 -0.26384E+02 -0.78086E+01  0.15848E+02  0.13920E+02 -0.11413E+00
 -0.71524E+01  0.87476E+01  0.20480E+02  0.27922E+02  0.29921E+02  0.33895E+02
  0.25854E+02  0.24110E+02  0.39342E+02  0.64398E+02  0.77531E+02  0.82359E+02
  0.85726E+02  0.89825E+02  0.86865E+02  0.75661E+02  0.70998E+02  0.69804E+02
  0.60305E+02  0.37816E+02  0.16453E+02  0.37908E+01 -0.71376E+01 -0.72062E+01
 -0.59369E+01 -0.81035E+01 -0.39428E+01  0.41722E+01  0.29479E+01 -0.43897E+01
 -0.15105E+02 -0.16116E+02 -0.83340E+01 -0.74586E+01 -0.22371E+02 -0.37922E+02
 -0.50614E+02 -0.54697E+02 -0.54763E+02 -0.50207E+02 -0.45893E+02 -0.47482E+02
 -0.57891E+02 -0.50779E+02 -0.44245E+02 -0.36950E+02 -0.39511E+02 -0.36536E+02
 -0.25986E+02 -0.11847E+02 -0.46740E+01  0.30899E+00 -0.61151E+01 -0.22274E+01
  0.82918E+01  0.10324E+02  0.80053E+01  0.19467E+02  0.26792E+02  0.28429E+02
  0.20422E+02  0.14697E+02  0.11101E+02  0.85389E+01 -0.23277E+01 -0.14229E+02
 -0.21536E+02 -0.27384E+02 -0.30737E+02 -0.31017E+02 -0.27404E+02 -0.19440E+02
 -0.14276E+02 -0.93543E+01 -0.62586E+01 -0.63265E+01 -0.58775E+01  0.10826E+01
  0.72804E+01  0.70605E+01 -0.12585E+00 -0.36918E+01 -0.35164E+01 -0.69436E+00
  0.92150E+01  0.19277E+02  0.28488E+02  0.29849E+02  0.26039E+02  0.20892E+02
  0.20336E+02  0.22094E+02  0.12291E+02 -0.12729E+00 -0.15947E+01  0.59425E+01
  0.19534E+02  0.26006E+02  0.20433E+02  0.11147E+02  0.41133E+01 -0.15516E+01
 -0.21976E+00  0.49756E+01  0.41176E+01 -0.35243E+01 -0.58733E+01  0.74445E+01
  0.18634E+02  0.26263E+02  0.12234E+02  0.51544E+00 -0.35964E+01 -0.16554E+01
 -0.47378E+00 -0.12700E+01  0.62391E+01  0.15178E+02  0.24634E+02  0.26211E+02
  0.22130E+02  0.26994E+02  0.10046E+02 -0.17762E+02 -0.48825E+02 -0.59505E+02
 -0.52117E+02 -0.45700E+02 -0.36850E+02 -0.25354E+02 -0.13461E+02 -0.95997E+01
 -0.14560E+02 -0.26942E+02 -0.37773E+02 -0.46930E+02 -0.48421E+02 -0.40024E+02
 -0.26974E+02 -0.11064E+02  0.40862E+01  0.19723E+02  0.26174E+02  0.29158E+02
  0.22862E+02  0.13526E+02  0.10365E+02  0.67790E+01  0.48662E+01 -0.26439E+01
 -0.65030E+01 -0.93272E+01 -0.10326E+02 -0.15280E+02 -0.14239E+02 -0.51682E+01
  0.61858E+01  0.12307E+02  0.10397E+02  0.89147E+01  0.66108E+01  0.13860E+02
  0.25276E+02  0.37545E+02  0.47532E+02  0.54418E+02  0.52481E+02  0.47503E+02
  0.30478E+02  0.13242E+02  0.29111E+01 -0.40128E+01 -0.69813E+01 -0.88233E+01
 -0.51591E+01  0.21552E+01 -0.47732E+00 -0.13330E+02 -0.17574E+02 -0.21179E+02
 -0.20494E+02 -0.19505E+02 -0.11609E+02  0.34959E+01  0.20244E+02  0.31152E+02
  0.33329E+02  0.34746E+02  0.22719E+02  0.60967E+01  0.79705E+01  0.22896E+02
  0.20116E+02  0.21267E+01 -0.16380E+02 -0.15903E+02 -0.60576E+01 -0.30865E+01
 -0.13561E+02 -0.22027E+02 -0.21520E+02 -0.16723E+02 -0.12047E+02 -0.10079E+02
 -0.10210E+02 -0.57775E+01  0.13930E+01  0.61299E+01  0.93154E+01  0.11680E+02
  0.14713E+02  0.16682E+02  0.18164E+02  0.13410E+02  0.33934E+01 -0.71403E+01
 -0.18435E+02 -0.23037E+02 -0.19638E+02 -0.19373E+02 -0.21145E+02 -0.23010E+02
 -0.28373E+02 -0.28473E+02 -0.25105E+02 -0.20308E+02 -0.16606E+02 -0.12509E+02
 -0.57343E+01  0.28344E+01  0.12225E+02  0.23227E+02  0.24463E+02  0.21594E+02
  0.17598E+02  0.68786E+01 -0.37795E+01 -0.79896E+01 -0.41069E+01 -0.30243E+01
 -0.57134E+01 -0.54829E+01 -0.23625E+01 -0.35016E+01 -0.12641E+02 -0.17765E+02
 -0.16624E+02 -0.16791E+02 -0.24867E+02 -0.27377E+02 -0.22282E+02 -0.12564E+02
 -0.14223E+02 -0.75477E+01  0.39336E+01  0.18701E+02  0.23641E+02  0.23227E+02
  0.25733E+02  0.33987E+02  0.45527E+02  0.47819E+02  0.42201E+02  0.40537E+02
  0.48789E+02  0.50744E+02  0.44698E+02  0.40568E+02  0.39631E+02  0.38543E+02
  0.32100E+02  0.21914E+02  0.16443E+02  0.18576E+02  0.18276E+02 -0.12813E+01
 -0.16885E+02 -0.29141E+02 -0.36380E+02 -0.45931E+02 -0.62358E+02 -0.75894E+02
 -0.81796E+02 -0.72428E+02 -0.58770E+02 -0.47152E+02 -0.39245E+02 -0.32738E+02
 -0.32011E+02 -0.34753E+02 -0.39138E+02 -0.44101E+02 -0.40152E+02 -0.30241E+02
 -0.81317E+01  0.22345E+01  0.12327E+02  0.18707E+02  0.18365E+02  0.16653E+02
  0.21419E+02  0.31418E+02  0.28122E+02  0.16126E+02  0.16602E+02  0.26660E+02
  0.35440E+02  0.37344E+02  0.31673E+02  0.28345E+02  0.25898E+02  0.24302E+02
  0.19512E+02  0.12014E+02 -0.24190E+01 -0.13325E+02 -0.20915E+02 -0.25767E+02
 -0.28430E+02 -0.33678E+02 -0.26911E+02 -0.12722E+02  0.18024E+01  0.10759E+02
  0.13966E+02  0.15469E+02  0.22448E+02  0.24894E+02  0.19947E+02  0.72435E+01
  0.26613E+01  0.81721E+00 -0.46775E+01 -0.99291E+01 -0.91881E+01 -0.56789E+01
  0.75054E+00  0.15274E+00  0.34790E+01  0.93908E+01  0.18072E+02  0.17017E+02
  0.10487E+02  0.18880E+01 -0.35776E+01 -0.60316E+01 -0.93984E+01 -0.20765E+02
 -0.27813E+02 -0.23696E+02 -0.15107E+02 -0.76443E+01  0.30589E+00  0.99594E+01
  0.20100E+02  0.21935E+02  0.21611E+02  0.25607E+02  0.32279E+02  0.34997E+02
  0.30902E+02  0.26441E+02  0.27638E+02  0.29809E+02  0.30642E+02  0.28980E+02
  0.27410E+02  0.21338E+02  0.85115E+01 -0.26403E+01 -0.14492E+02 -0.22814E+02
 -0.28369E+02 -0.28082E+02 -0.31172E+02 -0.37759E+02 -0.39176E+02 -0.38249E+02
 -0.35223E+02 -0.38069E+02 -0.43074E+02 -0.42602E+02 -0.41888E+02 -0.35575E+02
 -0.26494E+02 -0.19633E+02 -0.71757E+01 -0.55722E+00  0.28666E+01  0.34316E+01
  0.34485E+01  0.37703E+01  0.79266E+01  0.13512E+02  0.13835E+02  0.12120E+02
  0.10801E+02  0.13589E+02  0.19937E+02  0.16641E+02  0.53766E+01 -0.13554E+02
 -0.21046E+02 -0.97080E+01  0.31212E+01  0.17752E+01 -0.61110E+01 -0.10043E+02
 -0.22613E+01 -0.91422E+01 -0.20586E+02 -0.30752E+02 -0.27533E+02 -0.17924E+02
 -0.11024E+02 -0.12153E+02 -0.18910E+02 -0.22625E+02 -0.21989E+02 -0.16029E+02
 -0.11346E+02 -0.36218E+01 -0.11589E+01 -0.60882E+01 -0.12782E+02 -0.89491E+01
  0.54702E+01  0.29898E+02  0.45808E+02  0.43132E+02  0.42129E+02  0.45172E+02
  0.46755E+02  0.53207E+02  0.56037E+02  0.48739E+02  0.41288E+02  0.40258E+02
  0.46101E+02  0.42210E+02  0.27551E+02  0.21987E+02  0.29504E+02  0.43167E+02
  0.52967E+02  0.53396E+02  0.50602E+02  0.47382E+02  0.41241E+02  0.27435E+02
  0.11742E+02  0.29552E+01 -0.29722E+01 -0.56446E+01 -0.32065E+01  0.26083E+01
  0.59591E+01  0.23434E+01  0.55295E+00 -0.46139E+01 -0.16656E+02 -0.31102E+02
 -0.38612E+02 -0.33710E+02 -0.34010E+02 -0.44138E+02 -0.60105E+02 -0.62657E+02
 -0.57756E+02 -0.50452E+02 -0.43118E+02 -0.40561E+02 -0.44087E+02 -0.44116E+02
 -0.33771E+02 -0.19837E+02 -0.11275E+01  0.39536E+01  0.10642E+01  0.91245E+00
  0.44412E+01  0.70262E+01  0.67522E+01  0.13364E+01 -0.54178E+01 -0.27733E+01
  0.13923E+01  0.72616E+01  0.14804E+02  0.23988E+02  0.27149E+02  0.21244E+02
  0.15247E+02  0.53563E+01 -0.36833E+01 -0.10442E+02 -0.15404E+02 -0.21737E+02
 -0.27948E+02 -0.29810E+02 -0.24827E+02 -0.18993E+02 -0.27487E+02 -0.44802E+02
 -0.48947E+02 -0.40345E+02 -0.35790E+02 -0.44710E+02 -0.43289E+02 -0.26748E+02
 -0.11972E+02 -0.26106E+01  0.45907E+01  0.11913E+02  0.23343E+02  0.37540E+02
  0.45075E+02  0.40351E+02  0.37300E+02  0.37869E+02  0.37982E+02  0.33835E+02
  0.28595E+02  0.23535E+02  0.21093E+02  0.20810E+02  0.14200E+02  0.80165E+01
  0.39308E+01 -0.67543E+01 -0.17136E+02 -0.18726E+02 -0.15296E+02 -0.12322E+02
 -0.19510E+02 -0.30042E+02 -0.39114E+02 -0.39698E+02 -0.42625E+02 -0.49749E+02
 -0.53740E+02 -0.48756E+02 -0.40365E+02 -0.33708E+02 -0.24616E+02 -0.10687E+02
  0.30596E+01  0.61297E+01  0.45454E+01  0.73730E+01  0.14064E+02  0.14915E+02
  0.10839E+02  0.41467E+01  0.41781E+01  0.12271E+02  0.23225E+02  0.28642E+02
  0.25329E+02  0.22078E+02  0.26342E+02  0.33738E+02  0.41502E+02  0.49143E+02
  0.51249E+02  0.48580E+02  0.44664E+02  0.49753E+02  0.58766E+02  0.58350E+02
  0.46436E+02  0.33609E+02  0.26321E+02  0.21436E+02  0.21662E+02  0.22497E+02
  0.15758E+02  0.60083E+01 -0.27068E+01 -0.52757E+01 -0.60196E+01 -0.39640E+01
 -0.45538E+01 -0.77301E+01 -0.11148E+02 -0.14474E+02 -0.18835E+02 -0.20061E+02
 -0.18214E+02 -0.14481E+02 -0.12360E+02 -0.73174E+01 -0.55908E+01 -0.98563E+01
 -0.16098E+02 -0.14675E+02 -0.79574E+01  0.55507E+00  0.27718E+00 -0.23127E+01
  0.17899E+01  0.53146E+01  0.61327E+01  0.61604E+01  0.27504E+01 -0.38537E+00
 -0.33689E+01  0.10402E+01  0.72740E+01  0.28310E+01 -0.10221E+02 -0.20505E+02
 -0.16855E+02 -0.10317E+02 -0.20438E+01 -0.31705E+01 -0.21984E+01  0.41890E+01
  0.11519E+02  0.10970E+02  0.14771E+01 -0.72855E+01 -0.15713E+02 -0.16840E+02
 -0.12796E+02 -0.84782E+01 -0.74767E+01 -0.54409E+01 -0.15497E+01  0.38928E+01
 -0.10686E+01 -0.77034E+01 -0.13797E+01  0.64041E+01  0.61261E+01  0.21669E+01
  0.14927E+01  0.62635E+01  0.12373E+02  0.13310E+02  0.91355E+01  0.40183E+01
  0.42157E+00  0.42774E+01  0.78587E+01  0.61467E+01  0.18789E+01 -0.80752E+00
  0.11902E+01 -0.17102E+01 -0.13372E+02 -0.22236E+02 -0.20818E+02 -0.15599E+02
 -0.17893E+02 -0.22683E+02 -0.28112E+02 -0.25814E+02 -0.17464E+02 -0.85362E+01
 -0.10134E+02 -0.16691E+02 -0.23493E+02 -0.24576E+02 -0.18297E+02 -0.11259E+02
 -0.50728E+01 -0.63102E+01 -0.10742E+02 -0.15965E+02 -0.19759E+02 -0.22854E+02
 -0.24215E+02 -0.21440E+02 -0.17144E+02 -0.12727E+02 -0.93154E+01 -0.48083E+01
 -0.27081E+00  0.27134E+01  0.75538E+01  0.15101E+02  0.24047E+02  0.32840E+02
  0.42789E+02  0.42759E+02  0.35034E+02  0.30319E+02  0.30379E+02  0.32295E+02
  0.25084E+02  0.13401E+02  0.65243E+01  0.29932E+01  0.25336E+01  0.63553E-02
 -0.14269E+01  0.94222E+00  0.33718E+01 -0.58704E+00 -0.98397E+01 -0.16232E+02
 -0.22109E+02 -0.27742E+02 -0.33588E+02 -0.37427E+02 -0.40688E+02 -0.41546E+02
 -0.40914E+02 -0.38061E+02 -0.34235E+02 -0.31870E+02 -0.26675E+02 -0.20051E+02
 -0.14096E+02 -0.69551E+01 -0.60460E+00  0.45283E+01  0.96612E+01  0.13973E+02
  0.20018E+02  0.27858E+02  0.36094E+02  0.42017E+02  0.45355E+02  0.48904E+02
  0.51908E+02  0.55275E+02  0.56757E+02  0.53737E+02  0.48039E+02  0.42767E+02
  0.36673E+02  0.31402E+02  0.23361E+02  0.13496E+02  0.96537E+01  0.59943E+01
  0.21820E+01 -0.54320E+01 -0.12834E+02 -0.21422E+02 -0.25630E+02 -0.22354E+02
 -0.14788E+02 -0.13642E+02 -0.13469E+02 -0.88856E+01 -0.34198E+01  0.70754E+00
  0.23709E+01  0.45510E+01  0.93169E+01  0.14569E+02  0.17388E+02  0.20907E+02
  0.25672E+02  0.30621E+02  0.32465E+02  0.30082E+02  0.22527E+02  0.13755E+02
  0.87852E+01  0.66750E+01  0.51731E+01  0.36103E+01  0.23209E+01  0.11837E+01
 -0.16575E+01 -0.65372E+01 -0.10595E+02 -0.13193E+02 -0.10712E+02 -0.69219E+01
 -0.40447E+01 -0.63095E+01 -0.94559E+01 -0.13212E+02 -0.17332E+02 -0.20540E+02
 -0.22380E+02 -0.23642E+02 -0.24904E+02 -0.27231E+02 -0.29375E+02 -0.30425E+02
 -0.29923E+02 -0.28419E+02 -0.26944E+02 -0.26292E+02 -0.24483E+02 -0.20789E+02
 -0.17459E+02 -0.13370E+02 -0.97069E+01 -0.65917E+01 -0.46324E+01 -0.60194E+01
 -0.10297E+02 -0.14209E+02 -0.18183E+02 -0.21853E+02 -0.21417E+02 -0.18941E+02
 -0.19905E+02 -0.24397E+02 -0.22744E+02 -0.12756E+02 -0.13388E+01  0.55458E+01
  0.86274E+01  0.90629E+01  0.10501E+02  0.13065E+02  0.11766E+02  0.85501E+01
  0.53341E+01  0.34259E+01  0.37690E+01  0.34118E+01  0.76184E+01  0.15261E+02
  0.21506E+02  0.18897E+02  0.14402E+02  0.13954E+02  0.15452E+02  0.13544E+02
  0.72538E+01  0.22726E+01 -0.20090E+01 -0.26097E+01  0.20524E+01  0.35507E+01
  0.35890E+01  0.63346E+01  0.98107E+01  0.11248E+02  0.12686E+02  0.14550E+02
  0.16170E+02  0.18248E+02  0.19930E+02  0.21307E+02  0.20099E+02  0.18801E+02
  0.17076E+02  0.15229E+02  0.12654E+02  0.78875E+01  0.42472E+01  0.20064E+01
  0.27167E+01  0.53133E+01  0.84574E+01  0.10812E+02  0.96974E+01  0.66066E+01
  0.33943E+01  0.91238E+00  0.49936E+00 -0.15663E+00 -0.99497E+00 -0.32626E+01
 -0.53472E+01 -0.72493E+01 -0.93335E+01 -0.10626E+02 -0.13014E+02 -0.17104E+02
 -0.21590E+02 -0.25133E+02 -0.28462E+02 -0.32004E+02 -0.34266E+02 -0.31905E+02
 -0.28084E+02 -0.22589E+02 -0.19345E+02 -0.19629E+02 -0.20916E+02 -0.18675E+02
 -0.12660E+02 -0.11391E+02 -0.15505E+02 -0.21840E+02 -0.24615E+02 -0.22158E+02
 -0.19274E+02 -0.16694E+02 -0.11740E+02 -0.52650E+01  0.90652E+00  0.58913E+01
  0.10847E+02  0.11452E+02  0.12242E+02  0.17107E+02  0.19874E+02  0.23493E+02
  0.25836E+02  0.28026E+02  0.30309E+02  0.31740E+02  0.32319E+02  0.31743E+02
  0.31655E+02  0.32601E+02  0.34795E+02  0.37233E+02  0.39428E+02  0.41654E+02
  0.44062E+02  0.43520E+02  0.42827E+02  0.40978E+02  0.37578E+02  0.34056E+02
  0.30931E+02  0.23456E+02  0.17016E+02  0.12918E+02  0.10281E+02  0.87089E+01
  0.22091E+01 -0.62981E+01 -0.15535E+02 -0.18657E+02 -0.17611E+02 -0.16079E+02
 -0.16218E+02 -0.20464E+02 -0.24741E+02 -0.29930E+02 -0.32472E+02 -0.32762E+02
 -0.33204E+02 -0.33008E+02 -0.33146E+02 -0.33344E+02 -0.34090E+02 -0.34075E+02
 -0.34425E+02 -0.35534E+02 -0.38531E+02 -0.33312E+02 -0.23593E+02 -0.10952E+02
 -0.32093E+01 -0.25541E+01 -0.44539E+01 -0.30379E+01  0.78149E+00  0.46010E+01
  0.33100E+01 -0.42171E+01 -0.82456E+01 -0.91408E+01 -0.63249E+01 -0.14094E+01
 -0.11486E+01 -0.40209E+01 -0.83228E+01 -0.12807E+02 -0.13337E+02 -0.11189E+02
 -0.86162E+01 -0.67122E+01 -0.54774E+01 -0.43946E+01 -0.22775E+01 -0.14076E+01
 -0.18762E+01 -0.23448E+01 -0.34218E+01 -0.10308E+01  0.28203E+01  0.64584E+01
  0.10523E+02  0.14648E+02  0.14453E+02  0.12006E+02  0.88304E+01  0.37074E+01
  0.24480E+01  0.57516E+01  0.77158E+01  0.67607E+01  0.52878E+01  0.84386E+01
  0.12138E+02  0.12794E+02  0.15398E+02  0.18427E+02  0.21851E+02  0.25276E+02
  0.26997E+02  0.24489E+02  0.20460E+02  0.17314E+02  0.17209E+02  0.17865E+02
  0.20163E+02  0.23465E+02  0.24486E+02  0.18388E+02  0.10312E+02  0.16586E+01
 -0.70559E+01 -0.99909E+01 -0.73893E+01 -0.95030E+01 -0.13381E+02 -0.13578E+02
 -0.75405E+01 -0.65005E+00  0.16464E+01 -0.11375E+01 -0.55338E+01 -0.60366E+01
 -0.23719E+01  0.16273E+01  0.58999E+01  0.54878E+01  0.32502E+01 -0.20436E+00
 -0.53938E+01 -0.44675E+01  0.26021E+00  0.55045E+01  0.58212E+01  0.42512E+01
  0.23164E+01 -0.44763E-01 -0.22237E+01 -0.43116E+01 -0.77077E+01 -0.93702E+01
 -0.10090E+02 -0.87412E+01 -0.55371E+01 -0.17248E+01  0.59659E+00 -0.35618E+01
 -0.11523E+02 -0.16868E+02 -0.16982E+02 -0.16456E+02 -0.14349E+02 -0.11847E+02
 -0.91319E+01 -0.48353E+01 -0.23477E+00  0.71503E+00 -0.18033E+01 -0.46871E+01
 -0.73881E+01 -0.10911E+02 -0.14130E+02 -0.17775E+02 -0.18683E+02 -0.17401E+02
 -0.15084E+02 -0.12980E+02 -0.12094E+02 -0.13672E+02 -0.14125E+02 -0.12691E+02
 -0.10862E+02 -0.90954E+01 -0.73275E+01 -0.44351E+01 -0.13905E+01  0.16843E+01
  0.39984E+01  0.17797E+01 -0.11997E+01 -0.50615E+01 -0.35391E+01  0.29110E+01
  0.10913E+02  0.13652E+02  0.13744E+02  0.17608E+02  0.22537E+02  0.25275E+02
  0.23085E+02  0.23024E+02  0.28348E+02  0.29199E+02  0.26096E+02  0.21198E+02
  0.17577E+02  0.15751E+02  0.14473E+02  0.13559E+02  0.12281E+02  0.12249E+02
  0.92972E+01  0.57368E+01  0.22981E+01  0.75653E-01 -0.17203E+01 -0.29388E+01
 -0.49483E+01 -0.86003E+01 -0.12709E+02 -0.15874E+02 -0.17063E+02 -0.17247E+02
 -0.17676E+02 -0.16460E+02 -0.14486E+02 -0.11932E+02 -0.95316E+01 -0.73741E+01
 -0.72543E+01 -0.66486E+01 -0.55862E+01 -0.41894E+01 -0.31577E+01 -0.20955E+01
 -0.30328E+00  0.37703E+01  0.84219E+01  0.92101E+01  0.65303E+01  0.34855E+01
  0.10591E+00  0.19282E+01  0.67621E+01  0.12357E+02  0.17342E+02  0.17127E+02
  0.13473E+02  0.82678E+01  0.51009E+01  0.29987E+01  0.10789E+01 -0.14188E+01
 -0.43423E+01 -0.68711E+01 -0.88514E+01 -0.74858E+01 -0.41740E+01 -0.21701E+01
 -0.22038E+01 -0.22987E+01 -0.32518E+00  0.23480E+01  0.88400E+00 -0.25574E+01
 -0.70636E+01 -0.92579E+01 -0.80756E+01 -0.59502E+01 -0.18782E+01  0.37453E+01
  0.84559E+01  0.10825E+02  0.10151E+02  0.87466E+01  0.86814E+01  0.93155E+01
  0.98586E+01  0.90325E+01  0.64415E+01  0.31818E+01  0.56031E+00 -0.20611E+01
 -0.42870E+01 -0.64826E+01 -0.88609E+01 -0.99311E+01 -0.76247E+01 -0.49535E+01
 -0.17347E+01 -0.85836E+00 -0.18986E+01 -0.17830E+01 -0.90701E+00  0.24330E+01
  0.61379E+01  0.90518E+01  0.94407E+01  0.94645E+01  0.87886E+01  0.84470E+01
  0.88660E+01  0.92851E+01  0.97036E+01  0.97265E+01  0.64034E+01  0.28981E+01
 -0.15811E+01 -0.45396E+01 -0.45474E+01 -0.45248E+01 -0.49285E+01 -0.91951E+01
 -0.14070E+02 -0.19341E+02 -0.23852E+02 -0.26475E+02 -0.27183E+02 -0.27222E+02
 -0.27109E+02 -0.27118E+02 -0.27157E+02 -0.27410E+02 -0.27113E+02 -0.27122E+02
 -0.23572E+02 -0.17071E+02 -0.95966E+01 -0.29434E+01  0.31620E+01  0.84459E+01
  0.14126E+02  0.19075E+02  0.21378E+02  0.22160E+02  0.22972E+02  0.23754E+02
  0.24687E+02  0.22761E+02  0.18585E+02  0.14195E+02  0.96533E+01  0.48680E+01
  0.69120E+00 -0.89990E+00  0.10682E+01  0.30060E+01  0.49742E+01  0.73075E+01
  0.88803E+01  0.68635E+01  0.32649E+01 -0.10637E+01 -0.52708E+01 -0.94167E+01
 -0.12863E+02 -0.12142E+02 -0.95648E+01 -0.59837E+01 -0.15813E+01  0.96556E+00
 -0.16850E+00 -0.23367E+01 -0.52653E+01 -0.80419E+01 -0.10149E+02 -0.87882E+01
 -0.63018E+01 -0.34806E+01 -0.44647E+00  0.23748E+01  0.48312E+01  0.82611E+01
  0.80710E+01  0.51127E+01  0.11810E+01 -0.89484E+00  0.14098E+01  0.38972E+01
  0.66888E+01  0.89330E+01  0.11725E+02  0.13178E+02  0.12594E+02  0.11795E+02
  0.12915E+02  0.15402E+02  0.18316E+02  0.21048E+02  0.23931E+02  0.26876E+02
  0.29425E+02  0.29115E+02  0.27162E+02  0.24357E+02  0.20123E+02  0.16071E+02
  0.11410E+02  0.73588E+01  0.29114E+01 -0.14445E+01 -0.65001E+01 -0.10947E+02
 -0.15333E+02 -0.17864E+02 -0.19999E+02 -0.23320E+02 -0.27067E+02 -0.28594E+02
 -0.28173E+02 -0.27784E+02 -0.26572E+02 -0.26152E+02 -0.24302E+02 -0.22725E+02
 -0.19932E+02 -0.16287E+02 -0.12246E+02 -0.70797E+01 -0.17013E+01  0.41953E+01
  0.10152E+02  0.14862E+02  0.18081E+02  0.21757E+02  0.19743E+02  0.16270E+02
  0.12401E+02  0.79544E+01  0.37516E+01 -0.69544E+00 -0.51422E+01 -0.54214E+01
 -0.31148E+01 -0.38232E+00  0.18026E+01  0.14931E+01  0.42300E+00 -0.98167E+00
 -0.20215E+01 -0.34564E+01 -0.48914E+01 -0.59609E+01 -0.73963E+01 -0.88318E+01
 -0.86536E+01 -0.80504E+01 -0.74776E+01 -0.68745E+01 -0.75788E+01 -0.79182E+01
 -0.75583E+01 -0.66200E+01 -0.57428E+01 -0.88198E+01 -0.12809E+02 -0.17530E+02
 -0.18111E+02 -0.15287E+02 -0.12127E+02 -0.91809E+01 -0.36787E+01  0.26144E+01
  0.96987E+01  0.12646E+02  0.96307E+01  0.48512E+01  0.38138E+01  0.54838E+01
  0.75188E+01  0.95847E+01  0.11834E+02  0.13869E+02  0.16300E+02  0.17424E+02
  0.14958E+02  0.12341E+02  0.91147E+01  0.61021E+01  0.24505E+01 -0.27825E+01
 -0.73459E+01 -0.94753E+01 -0.10266E+02 -0.11270E+02 -0.12091E+02 -0.11208E+02
 -0.98988E+01 -0.95325E+01 -0.87703E+01 -0.83729E+01 -0.80356E+01 -0.63908E+01
 -0.39238E+01 -0.14567E+01  0.58476E+00  0.11978E+01  0.26007E+01  0.56170E+01
  0.81765E+01  0.92770E+01  0.87348E+01  0.75542E+01  0.61607E+01  0.50112E+01
  0.24629E+01 -0.16970E+01 -0.57968E+01 -0.95615E+01 -0.13690E+02 -0.15507E+02
 -0.12030E+02 -0.81876E+01 -0.39803E+01 -0.10500E+01  0.25802E+01  0.49936E+01
  0.60387E+01  0.72061E+01  0.84651E+01  0.11093E+02  0.12048E+02  0.12122E+02
  0.11587E+02  0.11874E+02  0.12192E+02  0.12479E+02  0.12584E+02  0.11017E+02
  0.92377E+01  0.70315E+01  0.58909E+01  0.57849E+01  0.56781E+01  0.55423E+01
  0.44025E+01  0.28376E+01  0.22451E+01  0.26580E+01  0.12759E+01  0.41090E+00
  0.88473E+00  0.25756E+01  0.44491E+01  0.61402E+01  0.80445E+01  0.97359E+01
  0.95107E+01  0.91344E+01  0.97913E+01  0.10875E+02  0.11532E+02  0.12799E+02
  0.12239E+02  0.97337E+01  0.57679E+01  0.40233E+00 -0.14043E+01 -0.30278E+01
 -0.40432E+01 -0.60627E+01 -0.71086E+01 -0.76373E+01 -0.74970E+01 -0.76612E+01
 -0.78859E+01 -0.77762E+01 -0.81836E+01 -0.82570E+01 -0.85429E+01 -0.73390E+01
 -0.58915E+01 -0.44751E+01 -0.26627E+01 -0.27373E+01 -0.31769E+01 -0.36167E+01
 -0.46348E+01 -0.58966E+01 -0.67327E+01 -0.77821E+01 -0.80104E+01 -0.79954E+01
 -0.74644E+01 -0.58075E+01 -0.62502E+01 -0.71191E+01 -0.79875E+01 -0.84014E+01
 -0.84496E+01 -0.99896E+01 -0.12077E+02 -0.14378E+02 -0.17014E+02 -0.18403E+02
 -0.16172E+02 -0.12817E+02 -0.87012E+01 -0.43427E+01  0.80638E+00  0.27608E+01
  0.39543E+01  0.48126E+01  0.84692E+01  0.13068E+02  0.17576E+02  0.20896E+02
  0.24003E+02  0.23490E+02  0.21698E+02  0.19146E+02  0.18053E+02  0.17812E+02
  0.18117E+02  0.18087E+02  0.16384E+02  0.11303E+02  0.66786E+01  0.43655E+01
  0.32081E+01  0.17150E+01  0.16107E+00 -0.13327E+01 -0.28269E+01 -0.40782E+01
 -0.51170E+01 -0.61563E+01 -0.72265E+01 -0.89055E+01 -0.11406E+02 -0.13025E+02
 -0.12911E+02 -0.12797E+02 -0.12500E+02 -0.12022E+02 -0.11727E+02 -0.11615E+02
 -0.11138E+02 -0.10844E+02 -0.99107E+01 -0.81875E+01 -0.64038E+01 -0.44377E+01
 -0.45408E+01 -0.73823E+01 -0.11075E+02 -0.15225E+02 -0.18888E+02 -0.21274E+02
 -0.22292E+02 -0.23644E+02 -0.24600E+02 -0.27475E+02 -0.28341E+02 -0.26895E+02
 -0.22772E+02 -0.18467E+02 -0.13889E+02 -0.93717E+01 -0.58885E+01 -0.37741E+01
 -0.39114E+01 -0.52051E+01 -0.55550E+01 -0.27110E+01  0.55862E+00  0.37979E+01
  0.76145E+01  0.11310E+02  0.15340E+02  0.19219E+02  0.23188E+02  0.26488E+02
  0.27507E+02  0.28130E+02  0.28418E+02  0.29285E+02  0.28722E+02  0.26487E+02
  0.24068E+02  0.21589E+02  0.19141E+02  0.16693E+02  0.14245E+02  0.11554E+02
  0.88626E+01  0.74489E+01  0.95038E+01  0.11863E+02  0.13614E+02  0.14301E+02
  0.14927E+02  0.15554E+02  0.15845E+02  0.16076E+02  0.16734E+02  0.17026E+02
  0.17471E+02  0.15453E+02  0.12552E+02  0.11568E+02  0.12166E+02  0.12765E+02
  0.12816E+02  0.12168E+02  0.11550E+02  0.97461E+01  0.72128E+01  0.43451E+01
  0.18122E+01 -0.10549E+01 -0.41956E+01 -0.83094E+01 -0.13001E+02 -0.18088E+02
 -0.22565E+02 -0.27622E+02 -0.30334E+02 -0.30674E+02 -0.30618E+02 -0.29923E+02
 -0.29867E+02 -0.29445E+02 -0.28750E+02 -0.28692E+02 -0.28239E+02 -0.27938E+02
 -0.27484E+02 -0.24201E+02 -0.19397E+02 -0.14410E+02 -0.92401E+01 -0.42525E+01
  0.96521E-01  0.12821E+01  0.82510E+00 -0.20952E+00 -0.10310E+01 -0.17001E+01
 -0.84797E+00  0.82576E+00  0.27127E+01  0.35959E+01  0.28673E+01  0.10126E+01
 -0.19809E-01  0.56073E+00  0.16575E+01  0.26940E+01  0.45222E+01  0.61978E+01
  0.78435E+01  0.11223E+02  0.15090E+02  0.18379E+02  0.22246E+02  0.23467E+02
  0.22771E+02  0.21528E+02  0.19859E+02  0.18403E+02  0.17100E+02  0.17713E+02
  0.19239E+02  0.19244E+02  0.16998E+02  0.13748E+02  0.10103E+02  0.66707E+01
  0.42730E+01  0.29401E+01  0.18810E+01  0.10047E+01 -0.44964E+00 -0.23602E+01
 -0.46966E+01 -0.70330E+01 -0.93692E+01 -0.11675E+02 -0.12399E+02 -0.11663E+02
 -0.11474E+02 -0.10707E+02 -0.93620E+01 -0.71350E+01 -0.53034E+01 -0.52361E+01
 -0.53515E+01 -0.56797E+01 -0.58254E+01 -0.65185E+01 -0.66339E+01 -0.69620E+01
 -0.76863E+01 -0.10965E+02 -0.15552E+02 -0.20322E+02 -0.23571E+02 -0.23656E+02
 -0.22555E+02 -0.20024E+02 -0.17128E+02 -0.14384E+02 -0.11488E+02 -0.87745E+01
 -0.58485E+01 -0.35304E+01 -0.22778E+01 -0.16637E+01 -0.10193E+01 -0.31410E+00
  0.18208E+01  0.43510E+01  0.69116E+01  0.90765E+01  0.11667E+02  0.13346E+02
  0.14050E+02  0.14938E+02  0.15794E+02  0.16103E+02  0.17842E+02  0.19914E+02
  0.21835E+02  0.23756E+02  0.25920E+02  0.26320E+02  0.25076E+02  0.22403E+02
  0.17479E+02  0.14167E+02  0.11129E+02  0.82729E+01  0.58123E+01  0.29865E+01
  0.70831E+00 -0.25436E+01 -0.64344E+01 -0.99298E+01 -0.13790E+02 -0.16039E+02
 -0.15853E+02 -0.15668E+02 -0.16184E+02 -0.16515E+02 -0.17183E+02 -0.18275E+02
 -0.19643E+02 -0.19823E+02 -0.20156E+02 -0.17112E+02 -0.13126E+02 -0.81956E+01
 -0.53650E+01 -0.45732E+01 -0.41457E+01 -0.39319E+01 -0.31094E+01 -0.20742E+01
 -0.10085E+01  0.56850E-01  0.10918E+01  0.21267E+01  0.35570E+01  0.58388E+01
  0.74210E+01  0.84859E+01  0.71171E+01  0.44096E+01  0.16718E+01 -0.12183E+01
 -0.43214E+01 -0.67857E+01 -0.92806E+01 -0.11532E+02 -0.11929E+02 -0.10408E+02
 -0.85225E+01 -0.62722E+01 -0.43870E+01 -0.19238E+01  0.56964E+00  0.38843E+01
  0.69860E+01  0.96924E+01  0.11273E+02  0.11059E+02  0.10023E+02  0.91994E+01
  0.92586E+01  0.97443E+01  0.11658E+02  0.13999E+02  0.15944E+02  0.15486E+02
  0.14815E+02  0.13383E+02  0.12559E+02  0.11492E+02  0.10425E+02  0.88103E+01
  0.82300E+01  0.93226E+01  0.10385E+02  0.11812E+02  0.12508E+02  0.11350E+02
  0.94302E+01  0.71153E+01  0.51955E+01  0.29108E+01  0.38268E+00 -0.15372E+01
 -0.19361E+01 -0.75321E+00  0.61211E+00  0.21599E+01  0.31600E+01  0.28215E+01
  0.14790E+01 -0.46031E-01 -0.22099E+01 -0.34005E+01 -0.34656E+01 -0.42914E+01
 -0.39612E+01 -0.37528E+01 -0.43049E+01 -0.52526E+01 -0.65351E+01 -0.74525E+01
 -0.85526E+01 -0.94394E+01 -0.10753E+02 -0.11701E+02 -0.12984E+02 -0.13932E+02
 -0.15641E+02 -0.17137E+02 -0.18877E+02 -0.20434E+02 -0.20622E+02 -0.19928E+02
 -0.19204E+02 -0.18296E+02 -0.17237E+02 -0.15905E+02 -0.13934E+02 -0.11628E+02
 -0.94435E+01 -0.75025E+01 -0.53182E+01 -0.29818E+01 -0.79754E+00  0.11433E+01
  0.34799E+01  0.42646E+01  0.34981E+01  0.21533E+01  0.14174E+01  0.28568E+00
 -0.72478E+00  0.42569E+00  0.20929E+01  0.39732E+01  0.60051E+01  0.82507E+01
  0.10131E+02  0.10672E+02  0.98760E+01  0.88663E+01  0.78876E+01  0.68784E+01
  0.58995E+01  0.48599E+01  0.40638E+01  0.34807E+01  0.27153E+01  0.23758E+01
  0.19756E+01  0.15755E+01  0.12060E+01  0.83651E+00  0.43678E+00  0.67672E-01
  0.82413E+00  0.14592E+01  0.20639E+01  0.24862E+01  0.29087E+01  0.37266E+01
  0.41498E+01  0.45728E+01  0.66694E+01  0.92219E+01  0.10071E+02  0.10343E+02
  0.10675E+02  0.10795E+02  0.11432E+02  0.11735E+02  0.12616E+02  0.13406E+02
  0.12158E+02  0.10544E+02  0.89014E+01  0.72886E+01  0.50680E+01  0.34555E+01
  0.18131E+01  0.13268E+01  0.71905E+00 -0.11054E+01 -0.37512E+01 -0.59705E+01
 -0.89810E+01 -0.11990E+02 -0.14727E+02 -0.15425E+02 -0.16183E+02 -0.18219E+02
 -0.18977E+02 -0.18244E+02 -0.16355E+02 -0.14496E+02 -0.13185E+02 -0.11295E+02
 -0.10257E+02 -0.97976E+01 -0.91550E+01 -0.85423E+01 -0.68649E+01 -0.40010E+01
 -0.10761E+01  0.20316E+01  0.38008E+01  0.38666E+01  0.35676E+01  0.32991E+01
  0.39129E+01  0.47704E+01  0.59930E+01  0.68198E+01  0.76773E+01  0.86568E+01
  0.10306E+02  0.11133E+02  0.11657E+02  0.11816E+02  0.12126E+02  0.12498E+02
  0.12261E+02  0.11477E+02  0.10845E+02  0.10061E+02  0.92772E+01  0.83107E+01
  0.75266E+01  0.69557E+01  0.67803E+01  0.66353E+01  0.66726E+01  0.67410E+01
  0.73260E+01  0.92195E+01  0.10595E+02  0.12337E+02  0.12161E+02  0.85486E+01
  0.44186E+01 -0.10687E+00 -0.42370E+01 -0.73631E+01 -0.87554E+01 -0.91442E+01
 -0.97755E+01 -0.10164E+02 -0.10797E+02 -0.11155E+02 -0.11574E+02 -0.12206E+02
 -0.12595E+02 -0.13623E+02 -0.13799E+02 -0.13610E+02 -0.13361E+02 -0.12959E+02
 -0.12527E+02 -0.11913E+02 -0.11481E+02 -0.10684E+02 -0.10070E+02 -0.92738E+01
 -0.82957E+01 -0.68604E+01 -0.56386E+01 -0.53294E+01 -0.54159E+01 -0.58675E+01
 -0.65626E+01 -0.89310E+01 -0.11056E+02 -0.11721E+02 -0.11626E+02 -0.11531E+02
 -0.10402E+02 -0.80255E+01 -0.58013E+01 -0.30602E+01 -0.19316E+01 -0.11985E+01
 -0.31353E+00  0.48012E+00  0.11823E+01  0.18843E+01  0.29512E+01  0.38963E+01
  0.60582E+01  0.88890E+01  0.11294E+02  0.12573E+02  0.14247E+02  0.15770E+02
  0.17048E+02  0.17505E+02  0.17172E+02  0.16990E+02  0.16625E+02  0.16261E+02
  0.16047E+02  0.14831E+02  0.13827E+02  0.12609E+02  0.12457E+02  0.13187E+02
  0.13308E+02  0.12516E+02  0.11085E+02  0.93808E+01  0.71892E+01  0.55154E+01
  0.34443E+01  0.18003E+01 -0.87667E-01 -0.63709E+00 -0.82164E+00 -0.15535E+01
 -0.28030E+01 -0.46308E+01 -0.66411E+01 -0.88646E+01 -0.10936E+02 -0.12977E+02
 -0.13679E+02 -0.13835E+02 -0.12500E+02 -0.10647E+02 -0.89469E+01 -0.76423E+01
 -0.68246E+01 -0.63417E+01 -0.58892E+01 -0.60453E+01 -0.76619E+01 -0.96739E+01
 -0.12415E+02 -0.13302E+02 -0.10964E+02 -0.74095E+01 -0.30639E+01 -0.78702E+00
  0.18171E+00  0.11200E+01  0.19056E+01  0.24791E+01  0.34478E+01  0.42942E+01
  0.52319E+01  0.58046E+01  0.63774E+01  0.69197E+01  0.70972E+01  0.76389E+01
  0.77859E+01  0.85715E+01  0.84747E+01  0.75872E+01  0.66994E+01  0.54163E+01
  0.41330E+01  0.22108E+01  0.28849E+00 -0.18465E+01 -0.37987E+01 -0.48685E+01
 -0.59393E+01 -0.65835E+01 -0.72886E+01 -0.77199E+01 -0.83946E+01 -0.90692E+01
 -0.97742E+01 -0.89277E+01 -0.73511E+01 -0.57744E+01 -0.38327E+01 -0.22559E+01
 -0.64862E+00  0.11412E+01  0.27185E+01  0.28050E+01  0.24961E+01  0.18222E+01
  0.93551E+00 -0.11370E+01 -0.20845E+01 -0.23023E+01 -0.21545E+01 -0.21878E+01
 -0.20096E+01 -0.18618E+01 -0.18950E+01 -0.17465E+01 -0.15669E+01 -0.16313E+01
 -0.14518E+01 -0.12724E+01 -0.13358E+01 -0.11860E+01 -0.97573E+00 -0.79549E+00
 -0.85849E+00  0.52260E-01  0.78058E+00  0.90065E+00  0.13860E+01  0.18715E+01
  0.20226E+01  0.25389E+01  0.30250E+01  0.35112E+01  0.36631E+01  0.41497E+01
  0.46670E+01  0.51539E+01  0.53063E+01  0.57940E+01  0.63122E+01  0.57046E+01
  0.50673E+01  0.40950E+01  0.30625E+01  0.22733E+01  0.18802E+01  0.12735E+01
  0.48577E+00 -0.12022E+00 -0.54307E+00 -0.11179E+01 -0.19057E+01 -0.16900E+01
 -0.16561E+01 -0.14086E+01 -0.11307E+01 -0.85278E+00 -0.12134E+01 -0.16958E+01
 -0.22080E+01 -0.26900E+01 -0.34150E+01 -0.39271E+01 -0.44085E+01 -0.48896E+01
 -0.55837E+01 -0.58821E+01 -0.50548E+01 -0.41970E+01 -0.27914E+01 -0.15988E+01
 -0.74048E+00  0.69587E+00  0.18889E+01  0.27170E+01  0.41537E+01  0.53776E+01
  0.62366E+01  0.76430E+01  0.88671E+01  0.92998E+01  0.98551E+01  0.10684E+02
  0.10904E+02  0.11703E+02  0.12288E+02  0.12722E+02  0.13064E+02  0.12615E+02
  0.11983E+02  0.11504E+02  0.10691E+02  0.10060E+02  0.95803E+01  0.89493E+01
  0.84703E+01  0.80209E+01  0.77853E+01  0.73364E+01  0.67353E+01  0.53432E+01
  0.32209E+01  0.10377E+01 -0.10848E+01 -0.32073E+01 -0.55124E+01 -0.68746E+01
 -0.79023E+01 -0.85044E+01 -0.91369E+01 -0.97389E+01 -0.10372E+02 -0.11187E+02
 -0.11821E+02 -0.12423E+02 -0.13026E+02 -0.13447E+02 -0.13959E+02 -0.15597E+02
 -0.16991E+02 -0.18265E+02 -0.19872E+02 -0.18651E+02 -0.16883E+02 -0.14537E+02
 -0.12830E+02 -0.11518E+02 -0.98419E+01 -0.87437E+01 -0.74633E+01 -0.63961E+01
 -0.53290E+01 -0.36538E+01 -0.25568E+01 -0.14599E+01 -0.14280E+01 -0.15484E+01
 -0.16691E+01 -0.20030E+01 -0.21544E+01 -0.26408E+01 -0.27623E+01 -0.29144E+01
 -0.34319E+01 -0.37974E+01 -0.45282E+01 -0.53201E+01 -0.57167E+01 -0.61440E+01
 -0.65714E+01 -0.63602E+01 -0.57233E+01 -0.49042E+01 -0.27771E+01  0.14184E+01
  0.50661E+01  0.96261E+01  0.13639E+02  0.17863E+02  0.20354E+02  0.20959E+02
  0.20621E+02  0.20008E+02  0.19822E+02  0.19209E+02  0.18627E+02  0.18226E+02
  0.17643E+02  0.17029E+02  0.16841E+02  0.16197E+02  0.15188E+02  0.13783E+02
  0.12347E+02  0.10181E+02  0.79851E+01  0.54539E+01  0.21316E+01 -0.97779E+00
 -0.42699E+01 -0.75921E+01 -0.10884E+02 -0.14208E+02 -0.15645E+02 -0.17112E+02
 -0.18154E+02 -0.17948E+02 -0.17317E+02 -0.16503E+02 -0.14382E+02 -0.11682E+02
 -0.91652E+01 -0.64656E+01 -0.54700E+01 -0.46567E+01 -0.40261E+01 -0.32131E+01
 -0.30087E+01 -0.36560E+01 -0.36645E+01 -0.26389E+01 -0.12178E+01  0.23358E+00
  0.15025E+01  0.21019E+01  0.23059E+01  0.26925E+01  0.25314E+01  0.36783E+01
  0.50077E+01  0.65499E+01  0.82442E+01  0.92086E+01  0.97776E+01  0.97074E+01
  0.96674E+01  0.96278E+01  0.95575E+01  0.93048E+01  0.92043E+01  0.91644E+01
  0.90942E+01  0.90544E+01  0.78890E+01  0.61153E+01  0.41893E+01  0.26285E+01
  0.10677E+01 -0.82781E+00 -0.24191E+01 -0.31281E+01 -0.40500E+01 -0.41811E+01
 -0.35515E+01 -0.29523E+01 -0.19577E+01 -0.96308E+00  0.31610E-01  0.60048E+00
  0.16257E+01  0.21642E+01  0.23377E+01  0.21157E+01  0.20460E+01  0.21893E+01
  0.23934E+01  0.25368E+01  0.21022E+01  0.18807E+01  0.92914E+00  0.31233E+00
 -0.85203E+00 -0.18338E+01 -0.24504E+01 -0.34015E+01 -0.42005E+01 -0.51818E+01
 -0.57676E+01 -0.67487E+01 -0.77297E+01 -0.80718E+01 -0.88700E+01 -0.92727E+01
 -0.98274E+01 -0.10169E+02 -0.10967E+02 -0.11338E+02 -0.12075E+02 -0.12872E+02
 -0.13213E+02 -0.14010E+02 -0.14198E+02 -0.14934E+02 -0.15365E+02 -0.16131E+02
 -0.16501E+02 -0.15381E+02 -0.13499E+02 -0.11252E+02 -0.91879E+01 -0.80360E+01
 -0.77051E+01 -0.69177E+01 -0.61300E+01 -0.55552E+01 -0.44020E+01 -0.38570E+01
 -0.30684E+01 -0.18840E+01 -0.13078E+01 -0.51838E+00  0.66673E+00  0.12438E+01
  0.20341E+01  0.30071E+01  0.37979E+01  0.45891E+01  0.55327E+01  0.63244E+01
  0.78770E+01  0.11833E+02  0.17128E+02  0.22241E+02  0.27171E+02  0.29851E+02
  0.30432E+02  0.30861E+02  0.31077E+02  0.30260E+02  0.28956E+02  0.27714E+02
  0.26471E+02  0.25229E+02  0.23988E+02  0.22898E+02  0.21170E+02  0.18074E+02
  0.15617E+02  0.12217E+02  0.93958E+01  0.63306E+01  0.34795E+01  0.68921E+00
 -0.23745E+01 -0.41299E+01 -0.50635E+01 -0.62098E+01 -0.71734E+01 -0.81362E+01
 -0.92515E+01 -0.10244E+02 -0.11146E+02 -0.11195E+02 -0.10241E+02 -0.87079E+01
 -0.63534E+01 -0.64623E+01 -0.74839E+01 -0.89006E+01 -0.10713E+02 -0.11003E+02
 -0.10138E+02 -0.99411E+01 -0.99265E+01 -0.10095E+02 -0.10080E+02 -0.99131E+01
 -0.98979E+01 -0.10096E+02 -0.10080E+02 -0.96991E+01 -0.98960E+01 -0.98798E+01
 -0.10046E+02 -0.96947E+01 -0.98909E+01 -0.98739E+01 -0.10070E+02 -0.10052E+02
 -0.90311E+01 -0.81920E+01 -0.75658E+01 -0.63311E+01 -0.50657E+01 -0.36784E+01
 -0.24737E+01 -0.18772E+01 -0.13109E+01 -0.11096E+01 -0.78644E+00 -0.58484E+00
 -0.59602E+00 -0.59607E-01  0.14241E+00  0.49653E+00  0.66829E+00  0.68796E+00
  0.12554E+01  0.14274E+01  0.17821E+01  0.19542E+01  0.27045E+01  0.32723E+01
  0.42052E+01  0.49253E+01  0.54933E+01  0.62131E+01  0.67815E+01  0.75018E+01
  0.84652E+01  0.90034E+01  0.97239E+01  0.10688E+02  0.11043E+02  0.11976E+02
  0.12910E+02  0.12717E+02  0.12039E+02  0.10964E+02  0.99203E+01  0.90886E+01
  0.78318E+01  0.70008E+01  0.57438E+01  0.49126E+01  0.39900E+01  0.29761E+01
  0.21142E+01  0.88728E+00  0.25248E-01 -0.11715E+01 -0.22468E+01 -0.35045E+01
 -0.44276E+01 -0.56861E+01 -0.69744E+01 -0.82634E+01 -0.95222E+01 -0.10842E+02
 -0.11705E+02 -0.12995E+02 -0.14284E+02 -0.16791E+02 -0.18964E+02 -0.21684E+02
 -0.22944E+02 -0.23018E+02 -0.23153E+02 -0.23259E+02 -0.22999E+02 -0.22284E+02
 -0.20747E+02 -0.19181E+02 -0.17828E+02 -0.16110E+02 -0.14757E+02 -0.12827E+02
 -0.11476E+02 -0.10125E+02 -0.81964E+01 -0.60859E+01 -0.28807E+01 -0.10749E-01
  0.30717E+01  0.63056E+01  0.91431E+01  0.12011E+02  0.15213E+02  0.18292E+02
  0.21492E+02  0.24357E+02  0.26461E+02  0.26647E+02  0.26863E+02  0.26712E+02
  0.26562E+02  0.25954E+02  0.24949E+02  0.23761E+02  0.22360E+02  0.21140E+02
  0.19949E+02  0.18909E+02  0.18537E+02  0.18590E+02  0.18824E+02  0.18479E+02
  0.17768E+02  0.16843E+02  0.15734E+02  0.14837E+02  0.13755E+02  0.13189E+02
  0.12074E+02  0.11019E+02  0.10084E+02  0.89947E+01  0.84515E+01  0.73290E+01
  0.55960E+01  0.36485E+01  0.16687E+01  0.11300E+00 -0.18400E+01 -0.38254E+01
 -0.57826E+01 -0.77410E+01 -0.95195E+01 -0.11148E+02 -0.12353E+02 -0.13560E+02
 -0.15164E+02 -0.16346E+02 -0.17590E+02 -0.18441E+02 -0.19295E+02 -0.19786E+02
 -0.20248E+02 -0.20775E+02 -0.21243E+02 -0.21105E+02 -0.20545E+02 -0.20017E+02
 -0.19493E+02 -0.18545E+02 -0.16749E+02 -0.15167E+02 -0.13438E+02 -0.11863E+02
 -0.98960E+01 -0.83276E+01 -0.65798E+01 -0.50179E+01 -0.32462E+01 -0.93034E+00
  0.74102E-01  0.19283E+00  0.64768E-01  0.11561E+00 -0.38460E+00 -0.34090E+00
 -0.84853E+00 -0.78178E+00 -0.13273E+01 -0.12379E+01 -0.17911E+01 -0.97934E+00
 -0.49853E-01  0.17273E+01  0.38959E+01  0.58475E+01  0.74297E+01  0.93728E+01
  0.11342E+02  0.13459E+02  0.15389E+02  0.16949E+02  0.18871E+02  0.20240E+02
