sef        fn  puget sound wa, 29 apr 65, 0728 pst, federal ofc bldg, seattle   
   3705    2.00000E-02  0  0  0.  0.  0.  0.  0.
  0.63986E+00  0.47210E+00  0.87851E+00  0.32854E+01  0.90138E+01  0.19937E+02
  0.27421E+02  0.17043E+02  0.16578E+01 -0.17581E+02 -0.25565E+02 -0.19600E+02
 -0.13395E+02 -0.69927E+01 -0.30229E+01 -0.12605E+02 -0.21095E+02 -0.10978E+02
  0.35440E+01  0.12034E+02  0.74826E+01  0.31667E+01  0.19613E+02  0.41748E+02
  0.33942E+02 -0.11486E+02 -0.26991E+02 -0.10184E+02  0.11211E+02 -0.26154E-01
 -0.17139E+02 -0.25636E+01  0.27545E+02  0.40101E+02  0.18948E+02 -0.65107E+01
 -0.22555E+02 -0.19835E+02 -0.21010E+02 -0.41471E+02 -0.69123E+02 -0.49746E+02
 -0.18893E+02  0.15775E+02  0.19523E+02  0.41937E+01  0.50127E+01  0.20525E+02
  0.18666E+02  0.79389E+01  0.40121E+01  0.85016E+01  0.73306E+01  0.69067E+01
 -0.70518E+01 -0.11534E+02  0.19325E+01  0.25847E+02  0.30898E+02  0.19066E+02
  0.14850E+02  0.22698E+02  0.21664E+02 -0.15684E+02 -0.57296E+02 -0.58099E+02
 -0.35212E+02 -0.14417E+02 -0.16962E+02 -0.16363E+02  0.18724E+01  0.13383E+02
  0.70801E+01  0.20984E+01  0.17707E+02  0.44678E+02  0.31866E+02  0.83517E+00
 -0.19915E+02 -0.26857E+02 -0.24785E+02 -0.13258E+02 -0.45431E+01  0.21305E+01
  0.31714E+01  0.47645E+01 -0.32590E+01 -0.85349E+00  0.13359E+02  0.31727E+02
  0.28168E+02  0.10564E+02 -0.13459E+02 -0.39787E+02 -0.23968E+02  0.66270E+01
  0.18246E+02  0.10575E+02 -0.17414E+02 -0.21205E+02 -0.17173E+02 -0.71959E+01
 -0.12945E+02 -0.12149E+02  0.12742E+02  0.23562E+02  0.17707E+02 -0.49599E+01
 -0.27481E+02 -0.26707E+02 -0.78687E+01  0.10762E+02  0.25673E+02  0.33743E+02
  0.39798E+02  0.26240E+02  0.12398E+02  0.11264E+02  0.16428E+02  0.21632E+02
  0.19704E+02 -0.10037E+00 -0.14902E+02 -0.13198E+02 -0.83634E+01 -0.82968E+01
 -0.20469E+02 -0.16968E+02 -0.60354E+01  0.45778E+00 -0.65901E+00  0.11873E+02
  0.32593E+02  0.27084E+02 -0.54645E+01 -0.15875E+02 -0.18564E+02 -0.25333E+02
 -0.34569E+02 -0.94229E+01  0.21844E+02  0.51794E+02  0.35413E+02  0.27725E+02
  0.33039E+02  0.36510E+02  0.84416E+01 -0.19911E+02 -0.44626E+02 -0.42071E+02
 -0.27105E+02 -0.17164E+02 -0.25411E+02 -0.11614E+02  0.12225E+02  0.25283E+02
  0.36062E+02  0.37033E+02  0.38302E+02  0.37896E+02  0.34110E+02  0.99490E+01
 -0.16022E+02 -0.13132E+02 -0.73373E+01 -0.27397E+01 -0.46746E+01 -0.66659E+01
 -0.13041E+02 -0.21225E+02 -0.26971E+02 -0.25424E+02 -0.19677E+02 -0.59072E+01
  0.13570E+01  0.69155E+01  0.70198E+01  0.65195E+01  0.77834E+01  0.17268E+02
  0.28415E+02  0.38817E+02  0.28820E+02  0.19946E+02  0.95163E+01 -0.32101E+00
 -0.42688E+01 -0.92953E+01 -0.18888E+02 -0.24617E+02 -0.16771E+02 -0.25317E+00
  0.18371E+02  0.32784E+02  0.27911E+02  0.10153E+02 -0.14979E+02 -0.33450E+02
 -0.37974E+02 -0.29480E+02 -0.16483E+02 -0.34910E+01  0.86313E+01  0.19564E+02
  0.91182E+01 -0.28425E+01 -0.13811E+02 -0.32965E+02 -0.49929E+02 -0.46936E+02
 -0.30421E+02 -0.15756E+02 -0.44490E+01  0.78166E+01  0.17882E+02  0.29621E+02
  0.31911E+02  0.25679E+02 -0.66701E+01 -0.29324E+02 -0.42995E+02 -0.38484E+02
 -0.26215E+02 -0.11831E+02  0.15413E+02  0.37552E+02  0.37826E+02  0.24537E+02
  0.23808E+01 -0.96289E+01 -0.15367E+02 -0.19415E+02 -0.44838E+02 -0.39048E+02
 -0.23070E+02 -0.22502E+02 -0.19103E+02 -0.19015E+02 -0.47320E+01  0.59980E+02
  0.54975E+02  0.39772E+02  0.20985E+02 -0.84145E+00 -0.18041E+02 -0.21341E+02
 -0.12100E+02  0.38806E+01  0.21115E+02  0.42036E+02  0.20213E+02 -0.78312E+01
 -0.31719E+02 -0.46775E+02 -0.43526E+02 -0.36340E+02 -0.35859E+02 -0.23157E+02
  0.53627E+01  0.14222E+02  0.12198E+02  0.14506E+02  0.28716E+02  0.18747E+02
  0.20729E+01 -0.18848E+02 -0.44974E+02 -0.21718E+02  0.20945E+02  0.55758E+02
  0.56176E+02  0.36195E+02  0.32062E+02  0.19483E+02 -0.64452E+01 -0.34278E+02
 -0.61187E+02 -0.86132E+02 -0.11349E+03 -0.13791E+03 -0.12826E+03 -0.94196E+02
 -0.54706E+02 -0.43798E+01  0.54917E+02  0.97267E+02  0.12092E+03  0.13196E+03
  0.15047E+03  0.17007E+03  0.14908E+03  0.10989E+03  0.66589E+02  0.20353E+02
 -0.19242E+02 -0.54921E+02 -0.92053E+02 -0.12671E+03 -0.14316E+03 -0.16561E+03
 -0.18843E+03 -0.17192E+03 -0.11879E+03 -0.39563E+02  0.42091E+02  0.75313E+02
  0.10649E+03  0.11581E+03  0.90443E+02  0.47476E+02  0.35227E+02  0.59395E+02
  0.10421E+03  0.15133E+03  0.11605E+03  0.71536E+02  0.36921E+02  0.76367E+01
  0.27951E+01  0.75172E+01 -0.13845E+01 -0.54173E+01 -0.71757E+01 -0.12693E+02
 -0.36649E+02 -0.88809E+02 -0.12135E+03 -0.11879E+03 -0.11562E+03 -0.94047E+02
 -0.70137E+02 -0.49937E+02 -0.32395E+02 -0.16109E+02 -0.17015E+01  0.14670E+02
  0.29950E+02  0.44727E+02  0.47398E+02  0.76742E+02  0.11486E+03  0.10374E+03
  0.93020E+02  0.86301E+02  0.10943E+03  0.13121E+03  0.15465E+03  0.16020E+03
  0.18100E+03  0.18019E+03  0.14472E+03  0.13196E+03  0.89431E+02  0.43063E+02
  0.55510E+00 -0.53658E+02 -0.88238E+02 -0.14304E+03 -0.21406E+03 -0.26647E+03
 -0.31250E+03 -0.31504E+03 -0.27411E+03 -0.18015E+03 -0.23193E+02  0.76013E+02
  0.12239E+03  0.16327E+03  0.19179E+03  0.20847E+03  0.20940E+03  0.15784E+03
  0.46948E+02 -0.89388E+02 -0.21244E+03 -0.31409E+03 -0.36079E+03 -0.29526E+03
 -0.22549E+03 -0.14625E+03 -0.64770E+02 -0.16635E+02 -0.48988E+01  0.47953E+02
  0.11792E+03  0.17839E+03  0.20015E+03  0.19385E+03  0.17492E+03  0.15388E+03
  0.90466E+02 -0.25896E+02 -0.15681E+03 -0.25503E+03 -0.28306E+03 -0.23549E+03
 -0.15805E+03 -0.33856E+02  0.76645E+02  0.14442E+03  0.19094E+03  0.23658E+03
  0.26718E+03  0.30266E+03  0.33403E+03  0.36231E+03  0.35589E+03  0.32407E+03
  0.26804E+03  0.19950E+03  0.12522E+03  0.39284E+02 -0.31181E+02 -0.73531E+02
 -0.11454E+03 -0.15200E+03 -0.20504E+03 -0.24860E+03 -0.28667E+03 -0.30744E+03
 -0.26984E+03 -0.22216E+03 -0.19283E+03 -0.21418E+03 -0.25644E+03 -0.29884E+03
 -0.31543E+03 -0.23222E+03 -0.10917E+03  0.81664E+01  0.98033E+02  0.21302E+03
  0.30185E+03  0.34674E+03  0.32649E+03  0.28287E+03  0.20543E+03  0.11130E+03
  0.16864E+02 -0.27521E+02 -0.86446E+02 -0.12068E+03 -0.11339E+03 -0.10159E+03
 -0.11956E+03 -0.14424E+03 -0.15872E+03 -0.14881E+03 -0.58855E+02  0.44608E+02
  0.11698E+03  0.13651E+03  0.15971E+03  0.97297E+02  0.32418E+01 -0.74579E+02
 -0.14980E+03 -0.20123E+03 -0.21694E+03 -0.17007E+03 -0.84423E+02 -0.38417E+01
  0.29855E+02  0.36107E+02  0.44788E+02  0.44753E+02  0.27393E+02 -0.29677E+02
 -0.39400E+02 -0.23549E+02  0.22980E+01  0.44005E+02  0.88334E+02  0.14893E+03
  0.71513E+02 -0.42616E+02 -0.10960E+03 -0.15218E+03 -0.18408E+03 -0.17243E+03
 -0.16130E+03 -0.14469E+03 -0.11872E+03 -0.30796E+02  0.69894E+02  0.13811E+03
  0.18313E+03  0.20841E+03  0.15952E+03  0.82642E+02  0.23160E+02 -0.45312E+02
 -0.48317E+02  0.13914E+02  0.78677E+02  0.17792E+03  0.26262E+03  0.32121E+03
  0.34415E+03  0.28961E+03  0.24145E+03  0.10933E+03 -0.60265E+02 -0.18569E+03
 -0.22428E+03 -0.22760E+03 -0.20419E+03 -0.14654E+03 -0.12440E+03 -0.10564E+03
 -0.13791E+03 -0.16481E+03 -0.18115E+03 -0.15353E+03 -0.10556E+03 -0.40996E+02
  0.28602E+02  0.69008E+02  0.97806E+02  0.11180E+03  0.99077E+02  0.82003E+02
  0.65909E+02  0.32463E+02  0.12585E+01 -0.35569E+01  0.20017E+02  0.44739E+02
  0.70209E+02  0.91110E+02  0.10563E+03  0.93126E+02  0.93294E+02  0.71821E+02
  0.44792E+02 -0.14517E+02 -0.82633E+02 -0.12170E+03 -0.13619E+03 -0.14417E+03
 -0.14987E+03 -0.12251E+03 -0.91783E+02 -0.70245E+02 -0.37733E+02  0.30688E+01
  0.55447E+02  0.98037E+02  0.12498E+03  0.15018E+03  0.19042E+03  0.22330E+03
  0.25983E+03  0.25257E+03  0.19046E+03  0.99896E+02  0.75516E+02  0.67376E+02
  0.64021E+02  0.34974E+02 -0.44603E+02 -0.10830E+03 -0.16462E+03 -0.17171E+03
 -0.15707E+03 -0.14403E+03 -0.13083E+03 -0.10128E+03 -0.73292E+02 -0.49869E+02
 -0.40913E+02 -0.19589E+02  0.49298E+02  0.97327E+02  0.13883E+03  0.17406E+03
  0.15968E+03  0.12598E+03  0.55679E+02 -0.53436E+01 -0.38554E+02 -0.56163E+02
 -0.32043E+02 -0.19810E+02 -0.61463E+01 -0.27687E+02 -0.87502E+02 -0.14831E+03
 -0.19681E+03 -0.19810E+03 -0.15470E+03 -0.99912E+02 -0.35208E+02  0.39319E+02
  0.93040E+02  0.11476E+03  0.86942E+02  0.61657E+02  0.36665E+02  0.20032E+02
  0.13795E+02  0.11420E+02  0.12925E+02  0.27000E+02  0.32712E+02  0.32803E+02
  0.34449E+02  0.53082E+02  0.86283E+02  0.12395E+03  0.13855E+03  0.12158E+03
  0.84676E+02  0.37180E+02  0.31538E+01 -0.24606E+01 -0.21970E+02 -0.55172E+02
 -0.98472E+02 -0.12983E+03 -0.12638E+03 -0.11650E+03 -0.10472E+03 -0.10568E+03
 -0.10912E+03 -0.10615E+03 -0.96680E+02 -0.90320E+02 -0.93683E+02 -0.10806E+03
 -0.11609E+03 -0.10278E+03 -0.73159E+02 -0.29868E+02  0.22080E+02  0.61988E+02
  0.83210E+02  0.78243E+02  0.86664E+02  0.77796E+02  0.49736E+02  0.38290E+02
  0.39039E+02  0.31509E+02  0.16039E+02  0.97018E+01 -0.36256E+02 -0.82082E+02
 -0.11384E+03 -0.14720E+03 -0.18472E+03 -0.18233E+03 -0.14300E+03 -0.98047E+02
 -0.42344E+02  0.12382E+02  0.51173E+02  0.80264E+02  0.11569E+03  0.16506E+03
  0.18168E+03  0.17402E+03  0.15200E+03  0.11684E+03  0.86642E+02  0.53831E+02
  0.25155E+02  0.31965E+01 -0.18082E+02 -0.33081E+02 -0.44246E+02 -0.46573E+02
 -0.43000E+02 -0.46013E+02 -0.48060E+02 -0.51330E+02 -0.48787E+02 -0.36316E+02
 -0.76764E+01  0.10530E+02  0.41172E+02  0.71613E+02  0.63918E+02  0.32258E+02
 -0.11101E+02 -0.63194E+02 -0.85857E+02 -0.89818E+02 -0.68982E+02 -0.21622E+02
  0.25558E+02  0.70449E+02  0.93908E+02  0.10464E+03  0.71915E+02  0.33183E+02
  0.49002E+01 -0.10863E+02 -0.15286E+02 -0.72337E+01  0.19883E+02  0.41191E+02
  0.58156E+02  0.78309E+02  0.10012E+03  0.12070E+03  0.13650E+03  0.11844E+03
  0.78789E+02  0.83099E+01 -0.67322E+02 -0.16087E+03 -0.23726E+03 -0.26810E+03
 -0.27629E+03 -0.23431E+03 -0.16672E+03 -0.61799E+02  0.18862E+02  0.88871E+02
  0.13233E+03  0.15259E+03  0.14321E+03  0.12980E+03  0.11664E+03  0.10354E+03
  0.94068E+02  0.88803E+02  0.66160E+02  0.44247E+02  0.19716E+02 -0.50495E+01
 -0.32922E+02 -0.28579E+02 -0.70244E+01  0.13986E+02  0.29577E+02  0.33604E+02
  0.39741E+02  0.45312E+02  0.42445E+02  0.19799E+02 -0.15764E+02 -0.25563E+02
 -0.53374E+02 -0.70165E+02 -0.91442E+02 -0.11196E+03 -0.13447E+03 -0.15167E+03
 -0.16510E+03 -0.15208E+03 -0.13526E+03 -0.84157E+02 -0.30819E+02  0.17352E+01
  0.41310E+02  0.70068E+02  0.95992E+02  0.11388E+03  0.12855E+03  0.13715E+03
  0.14083E+03  0.12686E+03  0.95561E+02  0.68931E+02  0.52664E+02  0.45415E+02
  0.38865E+02  0.14168E+02 -0.17119E+02 -0.39269E+02 -0.45767E+02 -0.44438E+02
 -0.41306E+02 -0.39814E+02 -0.39418E+02 -0.45123E+02 -0.68222E+02 -0.96923E+02
 -0.12237E+03 -0.13428E+03 -0.14831E+03 -0.16922E+03 -0.14680E+03 -0.10027E+03
 -0.43942E+02  0.14471E+02  0.68677E+02  0.10622E+03  0.12092E+03  0.11902E+03
  0.11703E+03  0.90510E+02  0.67937E+02  0.57909E+02  0.55221E+02  0.42470E+02
  0.40768E+02  0.48273E+02  0.47346E+02  0.38402E+02  0.20866E+02 -0.10536E+01
 -0.13564E+02 -0.20225E+02 -0.25714E+02 -0.34369E+02 -0.45131E+02 -0.57978E+02
 -0.60573E+02 -0.59831E+02 -0.35306E+02  0.45468E+01  0.39708E+02  0.74298E+02
  0.96869E+02  0.11438E+03  0.10436E+03  0.89633E+02  0.68929E+02  0.29109E+02
 -0.16823E+02 -0.44007E+02 -0.57359E+02 -0.70259E+02 -0.65130E+02 -0.37661E+02
 -0.97272E+01  0.79962E+01 -0.12236E+01 -0.23920E+02 -0.50057E+02 -0.75603E+02
 -0.87101E+02 -0.96692E+02 -0.93017E+02 -0.73965E+02 -0.54727E+02 -0.37636E+02
 -0.19491E+02  0.28793E+01  0.34191E+02  0.66709E+02  0.10368E+03  0.13810E+03
  0.16378E+03  0.16502E+03  0.15268E+03  0.12047E+03  0.78527E+02  0.15334E+02
 -0.51848E+02 -0.10341E+03 -0.13503E+03 -0.13465E+03 -0.10203E+03 -0.64918E+02
 -0.22859E+02  0.27473E+02  0.61753E+02  0.80638E+02  0.74130E+02  0.48020E+02
  0.24585E+02 -0.84283E+00 -0.19164E+02 -0.40410E+02 -0.49891E+02 -0.56112E+02
 -0.55533E+02 -0.47782E+02 -0.35173E+02 -0.16157E+02 -0.30121E+01  0.59772E+01
  0.10001E+02  0.15915E+02  0.20721E+02  0.23137E+02  0.22607E+02  0.27894E+02
  0.32233E+02  0.26965E+02  0.38113E+01 -0.22264E+02 -0.45820E+02 -0.60874E+02
 -0.57066E+02 -0.49420E+02 -0.40175E+02 -0.30554E+02 -0.12928E+02 -0.60314E+00
  0.78051E+01  0.82187E+01 -0.64679E+01 -0.25498E+02 -0.42005E+02 -0.33136E+02
 -0.13714E+02  0.15114E+02  0.28041E+02  0.42755E+02  0.48565E+02  0.34802E+02
  0.14171E+02 -0.51775E+01 -0.23709E+02 -0.39302E+02 -0.54436E+02 -0.62672E+02
 -0.63367E+02 -0.65098E+02 -0.64976E+02 -0.66182E+02 -0.63653E+02 -0.47749E+02
 -0.28460E+02 -0.85864E+01  0.12992E+02  0.23914E+02  0.30407E+02  0.32424E+02
  0.31956E+02  0.22478E+02  0.74621E+01 -0.61950E+01 -0.17301E+02 -0.20610E+02
 -0.19625E+02 -0.92822E+01  0.46351E+01  0.18993E+02  0.29759E+02  0.40968E+02
  0.60322E+02  0.75098E+02  0.84059E+02  0.89535E+02  0.94103E+02  0.95436E+02
  0.95150E+02  0.88337E+02  0.67961E+02  0.43389E+02  0.22863E+02  0.30392E+01
 -0.19339E+02 -0.33030E+02 -0.40856E+02 -0.46996E+02 -0.48014E+02 -0.44339E+02
 -0.39807E+02 -0.33204E+02 -0.25388E+02 -0.58654E+01  0.11635E+02  0.22286E+02
  0.27838E+02  0.25445E+02  0.20266E+02  0.93013E+01 -0.80045E+01 -0.28369E+02
 -0.44563E+02 -0.47985E+02 -0.45838E+02 -0.42164E+02 -0.40904E+02 -0.36298E+02
 -0.30334E+02 -0.15645E+02  0.32400E+01  0.20321E+02  0.34312E+02  0.47945E+02
  0.51671E+02  0.39553E+02  0.24235E+02  0.14621E+02  0.12354E+02  0.16568E+02
  0.22848E+02  0.30410E+02  0.39166E+02  0.51025E+02  0.62686E+02  0.66148E+02
  0.60130E+02  0.42671E+02  0.25914E+02  0.15135E+02  0.53445E+01 -0.20110E+01
 -0.68971E+01 -0.62748E+01 -0.40149E+01 -0.24050E+01 -0.16982E+01 -0.39994E+01
 -0.69834E+01 -0.11762E+02 -0.16311E+02 -0.18078E+02 -0.90312E+01  0.19691E+01
  0.29940E+01  0.45269E-01 -0.72210E+01 -0.19613E+02 -0.27526E+02 -0.31810E+02
 -0.33753E+02 -0.36268E+02 -0.38235E+02 -0.38719E+02 -0.30646E+02 -0.21262E+02
 -0.94129E+01 -0.50632E+01 -0.79547E+01 -0.12661E+02 -0.19035E+02 -0.26034E+02
 -0.25543E+02 -0.23361E+02 -0.17882E+02 -0.14168E+02 -0.16361E+02 -0.19343E+02
 -0.26328E+02 -0.37257E+02 -0.45099E+02 -0.52927E+02 -0.45720E+02 -0.32960E+02
 -0.24801E+02 -0.92680E+01  0.80875E+01  0.18414E+02  0.21483E+02  0.22262E+02
  0.19868E+02  0.12686E+02  0.11099E+02  0.92864E+01  0.62496E+01  0.36921E+01
  0.44386E+01  0.87087E+01  0.13142E+02  0.23039E+02  0.33327E+02  0.34522E+02
  0.32112E+02  0.27960E+02  0.23788E+02  0.25430E+02  0.22461E+02  0.12887E+02
  0.74865E+01  0.71468E+01  0.85934E+01  0.65994E+01  0.72457E+01  0.95692E+01
  0.10035E+02  0.17143E+02  0.25301E+02  0.28260E+02  0.29270E+02  0.27809E+02
  0.20585E+02  0.10294E+02 -0.12513E+00 -0.65117E+01 -0.87398E+01 -0.16963E+02
 -0.27239E+02 -0.40723E+02 -0.50635E+02 -0.57686E+02 -0.62961E+02 -0.62611E+02
 -0.49128E+02 -0.37185E+02 -0.27448E+02 -0.18366E+02 -0.10800E+02 -0.45403E+01
  0.37639E+01  0.14221E+02  0.26898E+02  0.30062E+02  0.23303E+02  0.13218E+02
  0.13758E+01 -0.17285E+02 -0.33436E+02 -0.43222E+02 -0.45591E+02 -0.45764E+02
 -0.42199E+02 -0.31169E+02 -0.16807E+02 -0.19035E+01  0.14063E+02  0.28047E+02
  0.38868E+02  0.46126E+02  0.49838E+02  0.50377E+02  0.47004E+02  0.38165E+02
  0.21364E+02  0.45162E+01 -0.12936E+02 -0.26786E+02 -0.38125E+02 -0.43268E+02
 -0.43362E+02 -0.42134E+02 -0.38935E+02 -0.30752E+02 -0.25327E+02 -0.27053E+02
 -0.28601E+02 -0.29361E+02 -0.24946E+02 -0.12744E+02  0.24360E+01  0.17741E+02
  0.31757E+02  0.45058E+02  0.56325E+02  0.65593E+02  0.64220E+02  0.61028E+02
  0.52038E+02  0.37705E+02  0.21168E+02  0.12017E+01 -0.21401E+02 -0.48388E+02
 -0.58989E+02 -0.50838E+02 -0.37174E+02 -0.11471E+02  0.25383E+02  0.50056E+02
  0.67723E+02  0.81510E+02  0.83853E+02  0.71988E+02  0.58626E+02  0.43031E+02
  0.26659E+02  0.14231E+02  0.43382E+01 -0.44599E+01 -0.10761E+02 -0.15198E+02
 -0.15735E+02 -0.14406E+02 -0.15965E+02 -0.21447E+02 -0.26032E+02 -0.31070E+02
 -0.33175E+02 -0.33860E+02 -0.35208E+02 -0.39593E+02 -0.47779E+02 -0.46920E+02
 -0.41091E+02 -0.36424E+02 -0.27149E+02 -0.19010E+02 -0.73859E+01  0.71651E+01
  0.22172E+02  0.39333E+02  0.56364E+02  0.73566E+02  0.87329E+02  0.10121E+03
  0.10463E+03  0.87928E+02  0.70828E+02  0.47735E+02  0.26258E+02  0.45389E+01
 -0.81546E+01 -0.11716E+02 -0.15291E+02 -0.17139E+02 -0.19235E+02 -0.17530E+02
 -0.12283E+02 -0.47164E+01 -0.56526E+01 -0.10652E+02 -0.16023E+02 -0.21670E+02
 -0.28211E+02 -0.38472E+02 -0.52850E+02 -0.57756E+02 -0.58377E+02 -0.47422E+02
 -0.31763E+02 -0.17551E+02 -0.66108E+01  0.24869E+01  0.10790E+02  0.18194E+02
  0.17078E+02  0.19219E+02  0.28107E+02  0.36402E+02  0.47804E+02  0.58090E+02
  0.61109E+02  0.55981E+02  0.38674E+02  0.19974E+02  0.53389E+01 -0.28086E+01
 -0.34712E+01  0.11038E+01  0.53047E+01  0.49794E+01 -0.20341E+01 -0.81348E+01
 -0.11443E+02 -0.14710E+02 -0.16374E+02 -0.17865E+02 -0.23411E+02 -0.32572E+02
 -0.45070E+02 -0.57893E+02 -0.62047E+02 -0.55603E+02 -0.43447E+02 -0.40038E+02
 -0.35219E+02 -0.31456E+02 -0.26245E+02 -0.17282E+02 -0.13269E+02 -0.10143E+02
 -0.37091E+01  0.20711E+01  0.74430E+01  0.12272E+02  0.10823E+02 -0.88242E+00
 -0.15664E+02 -0.23269E+02 -0.30465E+02 -0.32985E+02 -0.34701E+02 -0.32993E+02
 -0.29411E+02 -0.27274E+02 -0.25969E+02 -0.24155E+02 -0.16732E+02 -0.65132E+01
  0.49766E+01  0.18188E+02  0.27605E+02  0.33913E+02  0.37404E+02  0.39780E+02
  0.42254E+02  0.45711E+02  0.47820E+02  0.43712E+02  0.39541E+02  0.33972E+02
  0.28928E+02  0.19613E+02  0.49201E+01 -0.13943E+02 -0.37128E+02 -0.57718E+02
 -0.68154E+02 -0.68573E+02 -0.54186E+02 -0.38171E+02 -0.24018E+02 -0.13052E+02
 -0.50559E+01 -0.17387E+01  0.24770E+01  0.25102E+01  0.11914E+01  0.54532E+01
  0.15645E+02  0.26434E+02  0.36714E+02  0.46929E+02  0.50598E+02  0.45381E+02
  0.38312E+02  0.28654E+02  0.11480E+02 -0.56427E+01 -0.20733E+02 -0.42497E+02
 -0.49353E+02 -0.50676E+02 -0.49163E+02 -0.39356E+02 -0.22334E+02 -0.51866E+01
  0.10175E+02  0.21492E+02  0.31295E+02  0.36912E+02  0.42727E+02  0.47914E+02
  0.50368E+02  0.45044E+02  0.38026E+02  0.30244E+02  0.21604E+02  0.10677E+02
 -0.33942E+00 -0.11769E+02 -0.16831E+02 -0.20126E+02 -0.21357E+02 -0.18868E+02
 -0.12206E+02 -0.54157E+01  0.20492E+01  0.53104E+01  0.81955E+01  0.89808E+01
  0.51967E+01 -0.30413E+01 -0.16605E+02 -0.29445E+02 -0.32236E+02 -0.30314E+02
 -0.26192E+02 -0.24669E+02 -0.23708E+02 -0.19830E+02 -0.16329E+02 -0.10123E+02
 -0.19873E+01  0.67642E+01  0.15221E+02  0.24973E+02  0.34316E+02  0.39379E+02
  0.40311E+02  0.36882E+02  0.33223E+02  0.27355E+02  0.23436E+02  0.22818E+02
  0.22651E+02  0.18438E+02  0.12413E+02  0.68881E+01  0.19079E-02 -0.60144E+01
 -0.13296E+02 -0.14537E+02 -0.96548E+01 -0.60578E+01  0.84219E+00  0.11664E+02
  0.23484E+02  0.35723E+02  0.50384E+02  0.61198E+02  0.68507E+02  0.69813E+02
  0.66525E+02  0.54284E+02  0.38496E+02  0.21775E+02  0.43466E+01 -0.12635E+02
 -0.28130E+02 -0.43459E+02 -0.49946E+02 -0.51908E+02 -0.53461E+02 -0.54188E+02
 -0.50069E+02 -0.44081E+02 -0.42030E+02 -0.38605E+02 -0.30793E+02 -0.24720E+02
 -0.19475E+02 -0.15550E+02 -0.10316E+02 -0.11479E+02 -0.13323E+02 -0.11737E+02
 -0.98832E+01 -0.23518E+01  0.45601E+01  0.13110E+02  0.19637E+02  0.28491E+02
  0.34996E+02  0.38632E+02  0.37317E+02  0.33981E+02  0.28663E+02  0.18390E+02
  0.75887E+01 -0.41351E+01 -0.13796E+02 -0.21779E+02 -0.24957E+02 -0.24846E+02
 -0.22270E+02 -0.20902E+02 -0.16140E+02 -0.15304E+02 -0.17511E+02 -0.23736E+02
 -0.31148E+02 -0.38344E+02 -0.41274E+02 -0.40364E+02 -0.35625E+02 -0.26846E+02
 -0.18616E+02 -0.10532E+02 -0.54030E+01  0.64699E+00  0.40728E+00 -0.79161E+01
 -0.17640E+02 -0.25543E+02 -0.32309E+02 -0.38769E+02 -0.39899E+02 -0.38971E+02
 -0.31869E+02 -0.21393E+02 -0.10935E+02 -0.13434E+01  0.65244E+01  0.14981E+02
  0.24281E+02  0.37504E+02  0.48324E+02  0.50490E+02  0.46467E+02  0.40626E+02
  0.27269E+02  0.15008E+02  0.56267E+01 -0.18939E+01  0.18917E+01  0.11496E+02
  0.24382E+02  0.36090E+02  0.45805E+02  0.55468E+02  0.61090E+02  0.62061E+02
  0.61400E+02  0.55447E+02  0.48796E+02  0.40849E+02  0.29878E+02  0.17373E+02
  0.61619E+01 -0.60521E+01 -0.14178E+02 -0.13583E+02 -0.12892E+02 -0.12786E+02
 -0.12427E+02 -0.13213E+02 -0.16729E+02 -0.20470E+02 -0.23188E+02 -0.23496E+02
 -0.21157E+02 -0.16102E+02 -0.15206E+02 -0.16112E+02 -0.16511E+02 -0.18666E+02
 -0.23854E+02 -0.31190E+02 -0.34671E+02 -0.33909E+02 -0.32221E+02 -0.28274E+02
 -0.23956E+02 -0.22500E+02 -0.26325E+02 -0.27477E+02 -0.25266E+02 -0.22044E+02
 -0.20113E+02 -0.20651E+02 -0.21767E+02 -0.22562E+02 -0.22849E+02 -0.23199E+02
 -0.24481E+02 -0.22436E+02 -0.16988E+02 -0.11682E+02 -0.62855E+01 -0.73895E+00
  0.56356E+01  0.15521E+02  0.24807E+02  0.32507E+02  0.37869E+02  0.44497E+02
  0.43515E+02  0.42739E+02  0.39387E+02  0.31878E+02  0.25170E+02  0.23691E+02
  0.22022E+02  0.19105E+02  0.18204E+02  0.17030E+02  0.13444E+02  0.71797E+01
 -0.68371E+00 -0.48607E+01 -0.70492E+01 -0.99038E+01 -0.11478E+02 -0.10050E+02
 -0.58775E+01 -0.16377E+01  0.31354E+01  0.72869E+01  0.10425E+02  0.12799E+02
  0.14436E+02  0.97315E+01  0.23235E+01 -0.42589E+01 -0.65687E+01 -0.78521E+01
 -0.85343E+01 -0.85590E+01 -0.67513E+01 -0.25512E+01  0.19368E+01  0.59779E+01
  0.10681E+02  0.14414E+02  0.17887E+02  0.20440E+02  0.22218E+02  0.24295E+02
  0.26012E+02  0.25204E+02  0.23457E+02  0.20017E+02  0.15884E+02  0.98202E+01
 -0.29207E+01 -0.17562E+02 -0.33412E+02 -0.43628E+02 -0.50845E+02 -0.52005E+02
 -0.47342E+02 -0.36625E+02 -0.24638E+02 -0.14485E+02 -0.43949E+01  0.53567E+01
  0.13509E+02  0.18453E+02  0.21067E+02  0.19736E+02  0.16849E+02  0.15374E+02
  0.13824E+02  0.13599E+02  0.12335E+02  0.98241E+01  0.63414E+01  0.18882E+00
 -0.54341E+01 -0.12243E+02 -0.18658E+02 -0.19795E+02 -0.21707E+02 -0.23047E+02
 -0.19715E+02 -0.16041E+02 -0.99375E+01  0.55585E+01  0.13307E+02  0.20184E+02
  0.25598E+02  0.26970E+02  0.28715E+02  0.28968E+02  0.24566E+02  0.19479E+02
  0.13612E+02  0.67944E+01  0.29278E+01 -0.12899E+00 -0.70485E+00 -0.50078E+00
 -0.15840E+00  0.32950E+00 -0.16023E+01 -0.70980E+01 -0.12428E+02 -0.18455E+02
 -0.20633E+02 -0.19498E+02 -0.18640E+02 -0.19884E+02 -0.22009E+02 -0.21035E+02
 -0.19421E+02 -0.17935E+02 -0.14927E+02 -0.10285E+02 -0.62062E+01  0.12261E+01
  0.50369E+01  0.44343E+01  0.53082E+01  0.64849E+01  0.42858E+01  0.78063E+00
 -0.13697E+01  0.79118E+00  0.37207E+01  0.87760E+01  0.13713E+02  0.16477E+02
  0.16661E+02  0.15583E+02  0.10980E+02  0.16472E+01 -0.86298E+01 -0.15785E+02
 -0.17084E+02 -0.15824E+02 -0.10416E+02 -0.15953E+01  0.67476E+01  0.12427E+02
  0.88842E+01  0.35886E+01 -0.19353E+01 -0.93433E+01 -0.17606E+02 -0.24974E+02
 -0.30589E+02 -0.35010E+02 -0.33747E+02 -0.32547E+02 -0.24343E+02 -0.93952E+01
  0.56721E+01  0.15833E+02  0.22361E+02  0.28262E+02  0.34587E+02  0.36886E+02
  0.29923E+02  0.16968E+02  0.36225E+01 -0.61734E+01 -0.16444E+02 -0.26778E+02
 -0.29037E+02 -0.24839E+02 -0.19492E+02 -0.37726E+01  0.12719E+02  0.24986E+02
  0.35410E+02  0.39035E+02  0.34981E+02  0.25245E+02  0.14719E+02  0.28553E+01
 -0.64495E+01 -0.12700E+02 -0.16362E+02 -0.18853E+02 -0.21003E+02 -0.21213E+02
 -0.19252E+02 -0.18308E+02 -0.18624E+02 -0.18113E+02 -0.16935E+02 -0.15031E+02
 -0.10374E+02 -0.45614E+01  0.16495E+01  0.95420E+01  0.18001E+02  0.27659E+02
  0.37496E+02  0.40273E+02  0.40428E+02  0.36423E+02  0.29796E+02  0.20908E+02
  0.12902E+02  0.62268E+01  0.40425E+01  0.29098E+01  0.32237E+01  0.52630E+01
  0.71002E+01  0.10627E+02  0.16730E+02  0.22008E+02  0.25733E+02  0.28950E+02
  0.31062E+02  0.30338E+02  0.27824E+02  0.24874E+02  0.22037E+02  0.19925E+02
  0.17832E+02  0.15559E+02  0.13139E+02  0.10916E+02  0.63127E+01  0.90652E+00
 -0.57693E+01 -0.14054E+02 -0.20746E+02 -0.23060E+02 -0.27587E+02 -0.30690E+02
 -0.31033E+02 -0.30807E+02 -0.32014E+02 -0.34407E+02 -0.35116E+02 -0.31454E+02
 -0.28344E+02 -0.28925E+02 -0.30029E+02 -0.30416E+02 -0.31623E+02 -0.32617E+02
 -0.32485E+02 -0.32246E+02 -0.30285E+02 -0.28107E+02 -0.25614E+02 -0.24211E+02
 -0.24509E+02 -0.24991E+02 -0.23704E+02 -0.19939E+02 -0.16167E+02 -0.12127E+02
 -0.80271E+01 -0.22981E+01  0.36911E+01  0.93848E+01  0.12669E+02  0.15202E+02
  0.17544E+02  0.19656E+02  0.18912E+02  0.16959E+02  0.13548E+02  0.94936E+01
  0.53945E+01  0.10048E+01 -0.35914E+01 -0.76248E+01 -0.75505E+01 -0.67501E+01
 -0.59348E+01 -0.55376E+01 -0.50363E+01 -0.36365E+01 -0.33368E+01 -0.37766E+01
 -0.47687E+01 -0.62826E+01 -0.63427E+01 -0.68837E+01 -0.50487E+01 -0.10536E+01
  0.19820E+01  0.56745E+01  0.10683E+02  0.15984E+02  0.18922E+02  0.19899E+02
  0.21535E+02  0.23239E+02  0.24764E+02  0.27113E+02  0.30574E+02  0.34270E+02
  0.37902E+02  0.40831E+02  0.41382E+02  0.41065E+02  0.39669E+02  0.38133E+02
  0.36018E+02  0.33037E+02  0.30281E+02  0.22982E+02  0.12930E+02  0.69368E+01
 -0.19509E+01 -0.95441E+01 -0.11277E+02 -0.12087E+02 -0.12231E+02 -0.10340E+02
 -0.56738E+01 -0.43834E+01 -0.55324E+01 -0.81911E+01 -0.13107E+02 -0.17385E+02
 -0.22468E+02 -0.25633E+02 -0.24944E+02 -0.23823E+02 -0.21217E+02 -0.17456E+02
 -0.14718E+02 -0.11204E+02 -0.69248E+01 -0.24921E+01  0.15436E+00  0.16037E+01
  0.17255E+01  0.64672E+00 -0.57354E+00 -0.16925E+01 -0.18711E+01 -0.15456E+01
  0.32096E+00  0.33145E+01  0.65846E+01  0.10687E+02  0.15872E+02  0.21169E+02
  0.25940E+02  0.27497E+02  0.27625E+02  0.27612E+02  0.26838E+02  0.23932E+02
  0.17337E+02  0.90964E+01 -0.19589E-01 -0.88553E+01 -0.17321E+02 -0.25659E+02
 -0.32965E+02 -0.38120E+02 -0.40109E+02 -0.42018E+02 -0.41617E+02 -0.40380E+02
 -0.39293E+02 -0.38107E+02 -0.36228E+02 -0.32847E+02 -0.29124E+02 -0.25247E+02
 -0.21097E+02 -0.17211E+02 -0.12948E+02 -0.84117E+01 -0.45057E+01 -0.17292E+01
  0.22720E+00  0.18970E+01  0.35563E+01  0.52945E+01  0.77607E+01  0.10440E+02
  0.13158E+02  0.15917E+02  0.18322E+02  0.19799E+02  0.21135E+02  0.22222E+02
  0.21787E+02  0.20663E+02  0.19536E+02  0.17847E+02  0.15878E+02  0.14309E+02
  0.12614E+02  0.12132E+02  0.12068E+02  0.11703E+02  0.11842E+02  0.13329E+02
  0.14197E+02  0.13868E+02  0.13484E+02  0.11605E+02  0.87198E+01  0.54803E+01
  0.11152E+01 -0.35924E+01 -0.79933E+01 -0.13211E+02 -0.19039E+02 -0.20976E+02
 -0.21871E+02 -0.20371E+02 -0.18855E+02 -0.16223E+02 -0.12628E+02 -0.10491E+02
 -0.86588E+01 -0.68559E+01 -0.44406E+01 -0.11180E+01  0.34959E+01  0.35894E+01
  0.28332E+01  0.42511E+00  0.46103E+00  0.12139E+01  0.23070E+01  0.33186E+01
  0.41743E+01  0.50455E+01  0.77155E+01  0.10032E+02  0.10177E+02  0.90890E+01
  0.10367E+02  0.10977E+02  0.98614E+01  0.92268E+01  0.87349E+01  0.55429E+01
  0.86312E+00 -0.44166E+01 -0.10931E+02 -0.18168E+02 -0.26105E+02 -0.32393E+02
 -0.35529E+02 -0.35146E+02 -0.35021E+02 -0.32432E+02 -0.29557E+02 -0.24834E+02
 -0.18450E+02 -0.10563E+02 -0.30037E+01  0.70817E+01  0.15384E+02  0.19953E+02
  0.24638E+02  0.28674E+02  0.30133E+02  0.30164E+02  0.30364E+02  0.30563E+02
  0.30214E+02  0.29966E+02  0.28570E+02  0.24290E+02  0.18526E+02  0.12162E+02
  0.56488E+01 -0.11146E+01 -0.69744E+01 -0.12723E+02 -0.16214E+02 -0.17945E+02
 -0.18642E+02 -0.17548E+02 -0.12355E+02 -0.59793E+01  0.43415E+00  0.59253E+01
  0.10589E+02  0.11372E+02  0.77060E+01  0.33233E+01 -0.13842E+01 -0.61664E+01
 -0.92177E+01 -0.89536E+01 -0.81042E+01 -0.70120E+01 -0.54986E+01 -0.27138E+01
  0.33587E+00  0.35193E+01  0.66121E+01  0.99667E+01  0.13265E+02  0.16876E+02
  0.18829E+02  0.18758E+02  0.19244E+02  0.20358E+02  0.22026E+02  0.23630E+02
  0.25446E+02  0.27150E+02  0.28969E+02  0.30066E+02  0.27780E+02  0.25158E+02
  0.20210E+02  0.11405E+02  0.59078E+01  0.77146E+00 -0.44811E+01 -0.97723E+01
 -0.16187E+02 -0.24289E+02 -0.28986E+02 -0.33004E+02 -0.35190E+02 -0.34570E+02
 -0.33045E+02 -0.32297E+02 -0.28231E+02 -0.21624E+02 -0.15773E+02 -0.11247E+02
 -0.70494E+01 -0.24921E+01  0.11464E+01  0.28665E+01  0.45072E+01  0.59900E+01
  0.84787E+01  0.12239E+02  0.15194E+02  0.16930E+02  0.18593E+02  0.19543E+02
  0.19670E+02  0.19674E+02  0.17017E+02  0.12463E+02  0.80008E+01  0.25306E+01
 -0.39070E+01 -0.10928E+02 -0.19013E+02 -0.25297E+02 -0.29659E+02 -0.30134E+02
 -0.29887E+02 -0.29107E+02 -0.25819E+02 -0.21879E+02 -0.17857E+02 -0.13763E+02
 -0.97666E+01 -0.61444E+01 -0.32359E+01 -0.12700E+00  0.15969E+01 -0.28016E+00
 -0.28222E+01 -0.54844E+01 -0.80252E+01 -0.10458E+02 -0.12956E+02 -0.12608E+02
 -0.94118E+01 -0.58286E+01 -0.16115E+01  0.27535E+01  0.57970E+01  0.59711E+01
  0.55632E+01  0.38556E+01  0.22219E+01  0.24451E+00 -0.21589E+01 -0.50031E+01
 -0.82845E+01 -0.12394E+02 -0.16531E+02 -0.22235E+02 -0.23948E+02 -0.23562E+02
 -0.23008E+02 -0.18672E+02 -0.11718E+02 -0.45396E+01  0.16866E+01  0.62751E+01
  0.94081E+01  0.11191E+02  0.13321E+02  0.14066E+02  0.12114E+02  0.10010E+02
  0.64169E+01  0.25850E+01  0.10741E+00 -0.20293E+00  0.20607E+01  0.53653E+01
  0.85245E+01  0.11587E+02  0.13180E+02  0.13476E+02  0.12577E+02  0.11228E+02
  0.97081E+01  0.81995E+01  0.75303E+01  0.72869E+01  0.57946E+01  0.19974E+01
 -0.29293E+01 -0.76171E+01 -0.10719E+02 -0.13312E+02 -0.15692E+02 -0.15900E+02
 -0.15343E+02 -0.14580E+02 -0.13835E+02 -0.10085E+02 -0.38177E+01  0.23723E+01
  0.86825E+01  0.12316E+02  0.14555E+02  0.16541E+02  0.18547E+02  0.15787E+02
  0.11208E+02  0.67557E+01  0.42709E+01  0.31862E+01  0.35421E+01  0.52908E+01
  0.60632E+01  0.70121E+01  0.77235E+01  0.93013E+01  0.10694E+02  0.11849E+02
  0.13042E+02  0.14700E+02  0.14109E+02  0.12971E+02  0.12062E+02  0.11258E+02
  0.91429E+01  0.90351E+01  0.11406E+02  0.14883E+02  0.17662E+02  0.18698E+02
  0.20200E+02  0.19873E+02  0.17603E+02  0.15196E+02  0.13477E+02  0.12527E+02
  0.10549E+02  0.96393E+01  0.96372E+01  0.10013E+02  0.95799E+01  0.79656E+01
  0.56512E+01  0.17713E+01 -0.36034E+01 -0.91711E+01 -0.13701E+02 -0.14093E+02
 -0.13506E+02 -0.12740E+02 -0.11525E+02 -0.10372E+02 -0.92036E+01 -0.10201E+02
 -0.12079E+02 -0.14053E+02 -0.17880E+02 -0.21553E+02 -0.20827E+02 -0.15799E+02
 -0.11282E+02 -0.78123E+01 -0.46143E+01 -0.13074E+01  0.20113E+01  0.52375E+01
  0.79116E+01  0.10807E+02  0.12281E+02  0.11283E+02  0.90581E+01  0.50057E+01
  0.12110E+01 -0.28071E+01 -0.74630E+01 -0.13797E+02 -0.16747E+02 -0.16422E+02
 -0.17312E+02 -0.16584E+02 -0.15086E+02 -0.11634E+02 -0.65263E+01 -0.13138E+01
  0.48918E+01  0.14055E+02  0.22185E+02  0.26985E+02  0.26755E+02  0.22784E+02
  0.17739E+02  0.12354E+02  0.60552E+01 -0.94608E-01 -0.34618E+01 -0.59267E+01
 -0.91154E+01 -0.12610E+02 -0.16030E+02 -0.18791E+02 -0.20641E+02 -0.22895E+02
 -0.24310E+02 -0.22770E+02 -0.20526E+02 -0.17992E+02 -0.14947E+02 -0.11817E+02
 -0.74708E+01 -0.27449E+01  0.17344E+01  0.34303E+01  0.44057E+01  0.52240E+01
  0.57877E+01  0.37255E+01  0.14941E+01 -0.43559E+00 -0.24289E+01 -0.36145E+01
 -0.37632E+01 -0.39605E+01 -0.36925E+01 -0.33920E+01 -0.29833E+01 -0.22705E+01
 -0.41649E+00  0.17171E+01  0.33536E+01  0.35194E+01  0.35800E+01  0.37630E+01
  0.38258E+01  0.31717E+01  0.65896E+00 -0.29324E+01 -0.58124E+01 -0.86858E+01
 -0.11242E+02 -0.13214E+02 -0.15213E+02 -0.17098E+02 -0.19192E+02 -0.20010E+02
 -0.18137E+02 -0.15906E+02 -0.13430E+02 -0.11044E+02 -0.85810E+01 -0.61595E+01
 -0.30601E+01  0.74360E+00  0.46733E+01  0.84828E+01  0.11336E+02  0.13887E+02
  0.16251E+02  0.18546E+02  0.20814E+02  0.21393E+02  0.20802E+02  0.19893E+02
  0.19119E+02  0.17963E+02  0.18895E+02  0.22492E+02  0.26433E+02  0.29739E+02
  0.30254E+02  0.30227E+02  0.29919E+02  0.25855E+02  0.19823E+02  0.13623E+02
  0.71655E+01  0.53512E+00 -0.38914E+01 -0.65280E+01 -0.92587E+01 -0.10953E+02
 -0.10436E+02 -0.87784E+01 -0.55248E+01 -0.34395E+01 -0.26231E+01 -0.32137E+01
 -0.41484E+01 -0.52143E+01 -0.60337E+01 -0.61721E+01 -0.69186E+01 -0.83269E+01
 -0.96603E+01 -0.11800E+02 -0.14179E+02 -0.16097E+02 -0.18082E+02 -0.19355E+02
 -0.19372E+02 -0.19053E+02 -0.17195E+02 -0.14930E+02 -0.12632E+02 -0.99696E+01
 -0.69044E+01 -0.42425E+01 -0.15773E+01  0.10277E+01  0.36472E+01  0.62514E+01
  0.75570E+01  0.78029E+01  0.80334E+01  0.81028E+01  0.85490E+01  0.10185E+02
  0.11989E+02  0.14075E+02  0.14997E+02  0.13872E+02  0.13390E+02  0.12899E+02
  0.11798E+02  0.10190E+02  0.88055E+01  0.73463E+01  0.58795E+01  0.46624E+01
  0.49335E+01  0.55552E+01  0.65909E+01  0.78652E+01  0.10117E+02  0.12711E+02
  0.14243E+02  0.12384E+02  0.10248E+02  0.70494E+01  0.26913E+01 -0.60422E+00
 -0.37541E+01 -0.68740E+01 -0.99080E+01 -0.13058E+02 -0.15520E+02 -0.17215E+02
 -0.17902E+02 -0.17395E+02 -0.17306E+02 -0.18387E+02 -0.18925E+02 -0.18021E+02
 -0.17024E+02 -0.15441E+02 -0.14022E+02 -0.12887E+02 -0.10873E+02 -0.71700E+01
 -0.41791E+01 -0.17135E+01 -0.56039E+00 -0.13056E+01 -0.16660E+01 -0.29549E+01
 -0.49891E+01 -0.41504E+01 -0.17183E+01  0.13074E+01  0.42295E+01  0.67941E+01
  0.97323E+01  0.10504E+02  0.83855E+01  0.59992E+01  0.34418E+01  0.63923E+00
 -0.31961E+01 -0.68543E+01 -0.10950E+02 -0.15472E+02 -0.20531E+02 -0.24276E+02
 -0.26021E+02 -0.27630E+02 -0.29022E+02 -0.28757E+02 -0.26539E+02 -0.23903E+02
 -0.20998E+02 -0.18133E+02 -0.13874E+02 -0.91530E+01 -0.42701E+01 -0.97870E+00
  0.14446E+01  0.28843E+01  0.38811E+01  0.47747E+01  0.61842E+01  0.84339E+01
  0.10723E+02  0.13095E+02  0.15449E+02  0.17830E+02  0.18964E+02  0.19691E+02
  0.20465E+02  0.21076E+02  0.21788E+02  0.20992E+02  0.18104E+02  0.14866E+02
  0.13197E+02  0.13528E+02  0.14114E+02  0.14898E+02  0.15633E+02  0.15763E+02
  0.15380E+02  0.14962E+02  0.14581E+02  0.13572E+02  0.10672E+02  0.76691E+01
  0.65291E+01  0.62847E+01  0.59266E+01  0.65953E+01  0.86749E+01  0.10704E+02
  0.12857E+02  0.14939E+02  0.16352E+02  0.16852E+02  0.17588E+02  0.16288E+02
  0.13012E+02  0.96550E+01  0.60712E+01  0.27795E+01 -0.29521E+00 -0.33167E+01
 -0.61769E+01 -0.79840E+01 -0.97166E+01 -0.10276E+02 -0.10000E+02 -0.96931E+01
 -0.91432E+01 -0.80327E+01 -0.68209E+01 -0.56504E+01 -0.46760E+01 -0.36640E+01
 -0.25541E+01 -0.82591E+00 -0.96875E+00 -0.20400E+01 -0.32082E+01 -0.44435E+01
 -0.53609E+01 -0.53379E+01 -0.50650E+01 -0.46313E+01 -0.43244E+01 -0.34017E+01
 -0.14607E+01  0.58492E+00  0.27313E+01  0.47401E+01  0.59086E+01  0.67872E+01
  0.76802E+01  0.86136E+01  0.96142E+01  0.10563E+02  0.11537E+02  0.11929E+02
  0.12515E+02  0.13280E+02  0.14111E+02  0.14916E+02  0.15664E+02  0.14089E+02
  0.11804E+02  0.93877E+01  0.69673E+01  0.45465E+01  0.24607E+01  0.43409E+00
 -0.15634E+01 -0.34346E+01 -0.39003E+01 -0.40682E+01 -0.38190E+01 -0.36079E+01
 -0.41960E+01 -0.46020E+01 -0.69933E+01 -0.11098E+02 -0.15270E+02 -0.18555E+02
 -0.21211E+02 -0.23711E+02 -0.26134E+02 -0.27636E+02 -0.28148E+02 -0.28656E+02
 -0.29523E+02 -0.30791E+02 -0.31813E+02 -0.31751E+02 -0.30108E+02 -0.28325E+02
 -0.26367E+02 -0.24623E+02 -0.22861E+02 -0.21104E+02 -0.17908E+02 -0.14744E+02
 -0.11688E+02 -0.87121E+01 -0.55468E+01 -0.24088E+01 -0.16328E+00  0.19654E+01
  0.40817E+01  0.61113E+01  0.84723E+01  0.10123E+02  0.10613E+02  0.11150E+02
  0.10738E+02  0.96280E+01  0.82372E+01  0.68565E+01  0.54227E+01  0.34879E+01
  0.10523E+01 -0.13283E+01 -0.37882E+01 -0.41936E+01 -0.26230E+01 -0.76601E+00
  0.12318E+01  0.31765E+01  0.49115E+01  0.65337E+01  0.81215E+01  0.96897E+01
  0.11250E+02  0.12690E+02  0.12633E+02  0.11639E+02  0.10645E+02  0.95341E+01
  0.84408E+01  0.60828E+01  0.29742E+01  0.38353E+00 -0.10365E+01 -0.24012E+01
 -0.41769E+01 -0.47929E+01 -0.26789E+01 -0.69369E-01  0.26591E+01  0.54691E+01
  0.73759E+01  0.83347E+01  0.83495E+01  0.65472E+01  0.38827E+01  0.31950E+01
  0.41295E+01  0.49146E+01  0.61580E+01  0.66516E+01  0.62382E+01  0.57464E+01
  0.51908E+01  0.34265E+01  0.12069E+01 -0.12779E+01 -0.24235E+01 -0.20474E+01
 -0.21378E+01 -0.20529E+01 -0.20875E+01 -0.23945E+01 -0.33693E+01 -0.43553E+01
 -0.54981E+01 -0.61262E+01 -0.56127E+01 -0.48718E+01 -0.40861E+01 -0.30131E+01
 -0.98889E+00  0.15613E+01  0.44623E+01  0.73372E+01  0.10190E+02  0.11886E+02
  0.12661E+02  0.12880E+02  0.12648E+02  0.10824E+02  0.84171E+01  0.59323E+01
  0.33508E+01  0.15266E+01  0.19333E+01  0.28847E+01  0.39893E+01  0.51351E+01
  0.56692E+01  0.48159E+01  0.38919E+01  0.27555E+01  0.17907E+01  0.33762E+00
 -0.12907E+01 -0.23294E+01 -0.34650E+01 -0.37162E+01 -0.17516E+01  0.59008E+00
  0.30923E+01  0.56022E+01  0.81160E+01  0.10582E+02  0.11652E+02  0.11578E+02
  0.11395E+02  0.11098E+02  0.10878E+02  0.10215E+02  0.84437E+01  0.60613E+01
  0.35559E+01  0.10544E+01 -0.14880E+01 -0.39220E+01 -0.64715E+01 -0.84801E+01
 -0.99735E+01 -0.10867E+02 -0.10685E+02 -0.10436E+02 -0.10046E+02 -0.97449E+01
 -0.92978E+01 -0.84961E+01 -0.75979E+01 -0.67256E+01 -0.57972E+01 -0.52380E+01
 -0.40707E+01 -0.19111E+01  0.23363E+00  0.24120E+01  0.42548E+01  0.62842E+01
  0.74704E+01  0.75530E+01  0.68032E+01  0.52362E+01  0.36775E+01  0.20100E+01
  0.40284E+00 -0.12158E+01 -0.27188E+01 -0.43336E+01 -0.59973E+01 -0.76794E+01
 -0.93609E+01 -0.11032E+02 -0.12800E+02 -0.14378E+02 -0.15295E+02 -0.16298E+02
 -0.17133E+02 -0.18039E+02 -0.17378E+02 -0.16293E+02 -0.13021E+02 -0.77537E+01
 -0.30080E+01  0.61802E+00  0.40311E+01  0.67358E+01  0.74939E+01  0.80575E+01
  0.78560E+01  0.65954E+01  0.51969E+01  0.36827E+01  0.22320E+01  0.10532E+01
 -0.20366E+00 -0.83369E+00 -0.65055E+00 -0.50418E+00 -0.14779E+01 -0.27040E+01
 -0.29645E+01 -0.29455E+01 -0.17212E+01 -0.86624E-01  0.13316E+01  0.27016E+01
  0.40007E+01  0.53968E+01  0.63305E+01  0.66265E+01  0.69188E+01  0.71143E+01
  0.76008E+01  0.89342E+01  0.96561E+01  0.98185E+01  0.99588E+01  0.10028E+02
  0.97994E+01  0.94553E+01  0.89320E+01  0.78051E+01  0.62491E+01  0.46115E+01
  0.29366E+01  0.13553E+01  0.64707E-01 -0.19821E+01 -0.43130E+01 -0.67215E+01
 -0.90957E+01 -0.11571E+02 -0.13990E+02 -0.16292E+02 -0.18181E+02 -0.19647E+02
 -0.20946E+02 -0.22422E+02 -0.22568E+02 -0.20803E+02 -0.18940E+02 -0.16857E+02
 -0.14979E+02 -0.13566E+02 -0.12295E+02 -0.11076E+02 -0.96138E+01 -0.78676E+01
 -0.60686E+01 -0.38367E+01 -0.14849E+01  0.87115E+00  0.32723E+01  0.54466E+01
  0.70281E+01  0.73419E+01  0.73130E+01  0.72734E+01  0.67270E+01  0.57073E+01
  0.46771E+01  0.36063E+01  0.28718E+01  0.24174E+01  0.19004E+01  0.15217E+01
  0.95388E+00  0.18703E+01  0.34373E+01  0.38963E+01  0.44718E+01  0.54022E+01
  0.64338E+01  0.76894E+01  0.85956E+01  0.87072E+01  0.88538E+01  0.88622E+01
  0.89832E+01  0.89144E+01  0.91444E+01  0.99497E+01  0.10696E+02  0.11577E+02
  0.12335E+02  0.13224E+02  0.12424E+02  0.10214E+02  0.79977E+01  0.55950E+01
  0.33084E+01  0.10894E+01  0.69494E+00  0.12894E+01  0.20000E+01  0.27260E+01
  0.38215E+01  0.60328E+01  0.76435E+01  0.75576E+01  0.72298E+01  0.67563E+01
  0.62909E+01  0.53557E+01  0.40702E+01  0.28444E+01  0.14287E+01  0.91224E+00
  0.19887E+01  0.25693E+01  0.32918E+01  0.38540E+01  0.45281E+01  0.51017E+01
  0.58507E+01  0.72263E+01  0.87777E+01  0.10384E+02  0.11469E+02  0.10733E+02
  0.10632E+02  0.11314E+02  0.10884E+02  0.97486E+01  0.86024E+01  0.62431E+01
  0.28507E+01 -0.45611E+00 -0.40541E+01 -0.60521E+01 -0.66217E+01 -0.78708E+01
 -0.90597E+01 -0.10425E+02 -0.11675E+02 -0.12992E+02 -0.13169E+02 -0.12748E+02
 -0.11993E+02 -0.10917E+02 -0.98714E+01 -0.87555E+01 -0.77147E+01 -0.65552E+01
 -0.61346E+01 -0.66436E+01 -0.72166E+01 -0.78835E+01 -0.85211E+01 -0.91742E+01
 -0.98169E+01 -0.10479E+02 -0.11037E+02 -0.10630E+02 -0.99621E+01 -0.92206E+01
 -0.84946E+01 -0.77435E+01 -0.70303E+01 -0.62507E+01 -0.57927E+01 -0.58392E+01
 -0.59573E+01 -0.61060E+01 -0.62558E+01 -0.64024E+01 -0.65536E+01 -0.67017E+01
 -0.67915E+01 -0.60943E+01 -0.51042E+01 -0.40882E+01 -0.30396E+01 -0.20143E+01
 -0.98245E+00  0.17537E+00  0.14704E+01  0.27943E+01  0.48525E+01  0.71149E+01
  0.94919E+01  0.11394E+02  0.12643E+02  0.13905E+02  0.14675E+02  0.14231E+02
  0.13593E+02  0.12865E+02  0.12340E+02  0.11916E+02  0.11527E+02  0.11124E+02
  0.10693E+02  0.96163E+01  0.83673E+01  0.73487E+01  0.63741E+01  0.54213E+01
  0.44563E+01  0.35094E+01  0.23530E+01  0.10465E+01 -0.27918E+00 -0.16391E+01
 -0.30034E+01 -0.43608E+01 -0.57189E+01 -0.70737E+01 -0.84889E+01 -0.98933E+01
 -0.11351E+02 -0.12876E+02 -0.14307E+02 -0.14916E+02 -0.15330E+02 -0.15686E+02
 -0.15903E+02 -0.16021E+02 -0.16195E+02 -0.16059E+02 -0.15278E+02 -0.14393E+02
 -0.13471E+02 -0.12308E+02 -0.10995E+02 -0.96594E+01 -0.83164E+01 -0.69706E+01
 -0.56462E+01 -0.41513E+01 -0.27829E+01 -0.21121E+01 -0.15494E+01 -0.10539E+01
 -0.53224E+00 -0.43981E-01  0.59356E+00  0.16863E+01  0.32344E+01  0.49020E+01
  0.66370E+01  0.79656E+01  0.82687E+01  0.84564E+01  0.85737E+01  0.88441E+01
  0.91263E+01  0.91178E+01  0.75170E+01  0.56331E+01  0.37274E+01  0.33441E+01
  0.29762E+01  0.23404E+01  0.16715E+01  0.10630E+01  0.10781E+01  0.14556E+01
  0.21771E+01  0.30298E+01  0.34170E+01  0.20032E+01  0.35143E+00 -0.15196E+01
 -0.26811E+01 -0.33269E+01 -0.37781E+01 -0.44035E+01 -0.38792E+01 -0.15037E+01
  0.99572E+00  0.33395E+01  0.55014E+01  0.63215E+01  0.67060E+01  0.66551E+01
  0.55906E+01  0.40459E+01  0.23755E+01  0.69117E+00 -0.92866E+00 -0.26519E+01
 -0.30610E+01 -0.18799E+01 -0.55964E+00  0.88854E+00  0.23527E+01  0.39374E+01
  0.50644E+01  0.61888E+01  0.69114E+01  0.62102E+01  0.51856E+01  0.41098E+01
  0.30727E+01  0.21372E+01  0.11171E+01  0.61666E+00  0.98655E+00  0.14060E+01
  0.20243E+01  0.35501E+01  0.53717E+01  0.72131E+01  0.91155E+01  0.10851E+02
  0.12248E+02  0.13583E+02  0.14925E+02  0.16008E+02  0.15757E+02  0.15086E+02
  0.14351E+02  0.12894E+02  0.10923E+02  0.89536E+01  0.72275E+01  0.57968E+01
  0.43558E+01  0.29492E+01  0.16219E+01  0.64608E+00 -0.29529E+00 -0.50474E+00
  0.56611E+00  0.21152E+01  0.37733E+01  0.52903E+01  0.62186E+01  0.69873E+01
  0.76558E+01  0.71390E+01  0.62347E+01  0.49691E+01  0.26597E+01 -0.67868E+00
 -0.45873E+01 -0.80440E+01 -0.10448E+02 -0.12103E+02 -0.13856E+02 -0.13843E+02
 -0.12310E+02 -0.10769E+02 -0.88774E+01 -0.65751E+01 -0.36383E+01  0.39534E+00
  0.20867E+01  0.19205E+01  0.12547E+01 -0.69791E+00 -0.27921E+01 -0.50391E+01
 -0.71664E+01 -0.97156E+01 -0.13108E+02 -0.16727E+02 -0.19392E+02 -0.21673E+02
 -0.22763E+02 -0.22272E+02 -0.21729E+02 -0.20805E+02 -0.19728E+02 -0.18575E+02
 -0.17398E+02 -0.15714E+02 -0.14150E+02 -0.12862E+02 -0.11239E+02 -0.91157E+01
 -0.71275E+01 -0.51171E+01 -0.34318E+01 -0.18175E+01 -0.87900E+00 -0.10973E+01
 -0.16368E+01 -0.41985E+01 -0.78613E+01 -0.11510E+02 -0.13510E+02 -0.13756E+02
 -0.13367E+02 -0.10829E+02 -0.73881E+01 -0.46871E+01 -0.20726E+01 -0.69251E-02
  0.18007E+01  0.34173E+01  0.50781E+01  0.64546E+01  0.77186E+01  0.89445E+01
  0.10423E+02  0.12375E+02  0.14267E+02  0.15377E+02  0.16453E+02  0.17488E+02
  0.18933E+02  0.20604E+02  0.22397E+02  0.22913E+02  0.22746E+02  0.21493E+02
  0.20149E+02  0.18736E+02  0.17566E+02  0.16119E+02  0.14521E+02  0.13146E+02
  0.10480E+02  0.88750E+01  0.82510E+01  0.81479E+01  0.98753E+01  0.11986E+02
  0.12428E+02  0.12071E+02  0.11485E+02  0.10671E+02  0.10616E+02  0.10217E+02
  0.96831E+01  0.81443E+01  0.56830E+01  0.36869E+01  0.19171E+01  0.30549E-01
 -0.22786E+01 -0.47531E+01 -0.70086E+01 -0.88774E+01 -0.10579E+02 -0.12063E+02
 -0.13465E+02 -0.13417E+02 -0.12890E+02 -0.12281E+02 -0.11644E+02 -0.10542E+02
 -0.91201E+01 -0.76098E+01 -0.60971E+01 -0.46005E+01 -0.28813E+01 -0.10775E+01
  0.41929E+00  0.12547E+01  0.19807E+01  0.25749E+01  0.31158E+01  0.24804E+01
  0.14485E+01  0.46025E+00  0.82515E-01  0.21873E-02  0.33099E+00  0.78927E+00
  0.67564E+00 -0.56180E+00 -0.18600E+01 -0.38457E+01 -0.65897E+01 -0.93646E+01
 -0.11010E+02 -0.12709E+02 -0.13689E+02 -0.13450E+02 -0.13119E+02 -0.12475E+02
 -0.11807E+02 -0.11430E+02 -0.11158E+02 -0.10280E+02 -0.88384E+01 -0.73273E+01
 -0.55969E+01 -0.41246E+01 -0.27613E+01 -0.14099E+01 -0.37632E+00  0.52976E+00
  0.15807E+01  0.21534E+01  0.16139E+01  0.81275E+00 -0.48650E-01 -0.11157E+01
 -0.31682E+01 -0.55567E+01 -0.74833E+01 -0.84441E+01 -0.85323E+01 -0.84345E+01
 -0.82997E+01 -0.81501E+01 -0.75159E+01 -0.63897E+01 -0.52151E+01 -0.38839E+01
 -0.22992E+01 -0.67748E+00  0.32506E+00  0.86133E+00  0.14013E+01  0.16913E+01
  0.12727E+01  0.57446E+00 -0.14990E+00 -0.88897E+00 -0.16799E+01 -0.33176E+01
 -0.52757E+01 -0.69091E+01 -0.74491E+01 -0.76791E+01 -0.77932E+01 -0.79924E+01
 -0.76505E+01 -0.62187E+01 -0.46224E+01 -0.29471E+01 -0.13011E+01  0.35674E+00
  0.18511E+01  0.32941E+01  0.47935E+01  0.62266E+01  0.79253E+01  0.95426E+01
  0.10646E+02  0.11382E+02  0.11401E+02  0.11369E+02  0.11253E+02  0.11190E+02
  0.11180E+02  0.11309E+02  0.11473E+02  0.11578E+02  0.11247E+02  0.10720E+02
  0.10277E+02  0.96849E+01  0.10005E+02  0.11191E+02  0.12733E+02  0.14432E+02
  0.16160E+02  0.16612E+02  0.16152E+02  0.15634E+02  0.14974E+02  0.13713E+02
  0.11714E+02  0.89921E+01  0.62199E+01  0.33706E+01  0.97778E+00 -0.13576E+01
 -0.30688E+01 -0.39913E+01 -0.48004E+01 -0.54931E+01 -0.62059E+01 -0.69326E+01
 -0.76167E+01 -0.75946E+01 -0.74402E+01 -0.71880E+01 -0.69893E+01 -0.64170E+01
 -0.54589E+01 -0.44988E+01 -0.35007E+01 -0.25339E+01 -0.17678E+01 -0.72408E+00
  0.85453E+00  0.24494E+01  0.41204E+01  0.49870E+01  0.55156E+01  0.57134E+01
  0.50511E+01  0.42931E+01  0.34954E+01  0.26691E+01  0.18294E+01  0.83424E+00
 -0.11491E+00 -0.10739E+01 -0.18115E+01 -0.22309E+01 -0.29361E+01 -0.36402E+01
 -0.41266E+01 -0.43956E+01 -0.46931E+01 -0.46502E+01 -0.48336E+01 -0.53926E+01
 -0.52380E+01 -0.48585E+01 -0.43922E+01 -0.43276E+01 -0.41464E+01 -0.34383E+01
 -0.27142E+01 -0.14856E+01  0.75922E-01  0.13474E+01  0.21125E+01  0.28412E+01
  0.33468E+01  0.38272E+01  0.41369E+01  0.43652E+01  0.45793E+01  0.47755E+01
  0.51552E+01  0.56215E+01  0.60920E+01  0.63656E+01  0.59757E+01  0.54894E+01
  0.49701E+01  0.39888E+01  0.24373E+01  0.80412E+00 -0.23953E+01 -0.58703E+01
 -0.92330E+01 -0.10760E+02 -0.12085E+02 -0.12440E+02 -0.11900E+02 -0.11341E+02
 -0.10773E+02 -0.10213E+02 -0.97016E+01 -0.92127E+01 -0.86784E+01 -0.77898E+01
 -0.71877E+01 -0.70415E+01 -0.74691E+01 -0.79905E+01 -0.86121E+01 -0.83727E+01
 -0.72971E+01 -0.64192E+01 -0.58556E+01 -0.50677E+01 -0.32357E+01 -0.12434E+01
  0.95005E+00  0.33261E+01  0.49931E+01  0.66001E+01  0.77927E+01  0.81605E+01
  0.87222E+01  0.93955E+01  0.96500E+01  0.91584E+01  0.86738E+01  0.79575E+01
  0.69869E+01  0.57398E+01  0.43653E+01  0.31582E+01  0.24315E+01  0.18797E+01
  0.20397E+01  0.23557E+01  0.25032E+01  0.21389E+01  0.18821E+01  0.18559E+01
  0.19035E+01  0.19429E+01  0.19851E+01  0.23624E+01  0.30036E+01  0.36551E+01
  0.42386E+01  0.39969E+01  0.35342E+01  0.31563E+01  0.22106E+01  0.65207E+00
 -0.86638E+00 -0.23224E+01 -0.37347E+01 -0.52300E+01 -0.63944E+01 -0.65526E+01
 -0.65030E+01 -0.65478E+01 -0.67541E+01 -0.69391E+01 -0.67335E+01 -0.62977E+01
 -0.58781E+01 -0.53700E+01 -0.48706E+01 -0.43724E+01 -0.40171E+01 -0.31818E+01
 -0.21686E+01 -0.99257E+00  0.39484E+00  0.18110E+01  0.32257E+01  0.46393E+01
  0.58800E+01  0.67724E+01  0.76973E+01  0.86882E+01  0.96847E+01  0.10673E+02
  0.11018E+02  0.10306E+02  0.93842E+01  0.83938E+01  0.74059E+01  0.58942E+01
  0.35270E+01  0.11102E+01 -0.10619E+01 -0.31309E+01 -0.51863E+01 -0.59971E+01
 -0.60744E+01 -0.58061E+01 -0.52220E+01 -0.46728E+01 -0.41138E+01 -0.41753E+01
 -0.44022E+01 -0.49290E+01 -0.54570E+01 -0.60646E+01 -0.59984E+01 -0.54449E+01
 -0.48665E+01 -0.42483E+01 -0.36650E+01 -0.35306E+01 -0.34870E+01 -0.34894E+01
 -0.34632E+01 -0.34606E+01 -0.31647E+01 -0.26795E+01 -0.21733E+01 -0.16496E+01
 -0.11868E+01 -0.88933E+00  0.11315E-01  0.10153E+01  0.20591E+01  0.31019E+01
  0.41137E+01  0.49453E+01  0.57310E+01  0.67731E+01  0.80642E+01  0.93019E+01
  0.10117E+02  0.10987E+02  0.11775E+02  0.12710E+02  0.12895E+02  0.12183E+02
  0.11482E+02  0.10660E+02  0.10066E+02  0.96266E+01  0.86386E+01  0.70528E+01
  0.54700E+01  0.38008E+01  0.24407E+01  0.12773E+01  0.64918E-01 -0.15399E+01
 -0.40630E+01 -0.65123E+01 -0.81931E+01 -0.92742E+01 -0.10300E+02 -0.10517E+02
 -0.10271E+02 -0.10082E+02 -0.98568E+01 -0.97168E+01 -0.97232E+01 -0.97813E+01
 -0.10262E+02 -0.10929E+02 -0.11607E+02 -0.12305E+02 -0.12700E+02 -0.12875E+02
 -0.13032E+02 -0.13200E+02 -0.13126E+02 -0.12413E+02 -0.11481E+02 -0.10541E+02
 -0.96490E+01 -0.87458E+01 -0.77380E+01 -0.67860E+01 -0.58038E+01 -0.48213E+01
 -0.35326E+01 -0.24710E+01 -0.17858E+01 -0.15476E+01 -0.14806E+01 -0.14466E+01
 -0.12106E+01 -0.74637E+00 -0.37477E+00 -0.43494E-01  0.21765E+00  0.83769E+00
  0.21598E+01  0.36283E+01  0.50342E+01  0.61727E+01  0.72896E+01  0.84262E+01
  0.92357E+01  0.93411E+01  0.93733E+01  0.97791E+01  0.10481E+02  0.11200E+02
  0.11868E+02  0.12234E+02  0.12501E+02  0.12725E+02  0.12734E+02  0.12685E+02
  0.12470E+02  0.12058E+02  0.11469E+02  0.10963E+02  0.10206E+02  0.91746E+01
  0.80143E+01  0.68373E+01  0.56359E+01  0.48541E+01  0.44100E+01  0.39865E+01
  0.35539E+01  0.31569E+01  0.27470E+01  0.24586E+01  0.22283E+01  0.21532E+01
  0.21959E+01  0.22484E+01  0.22957E+01  0.21514E+01  0.13828E+01  0.53825E+00
 -0.37837E+00 -0.10389E+01 -0.18760E+01 -0.28373E+01 -0.37810E+01 -0.47371E+01
 -0.52764E+01 -0.52871E+01 -0.52353E+01 -0.51098E+01 -0.49853E+01 -0.48579E+01
 -0.46493E+01 -0.44751E+01 -0.43352E+01 -0.41773E+01 -0.40425E+01 -0.38041E+01
 -0.33125E+01 -0.27133E+01 -0.21036E+01 -0.15092E+01 -0.12213E+01 -0.11763E+01
 -0.15270E+01 -0.19155E+01 -0.24386E+01 -0.32417E+01 -0.41683E+01 -0.50205E+01
 -0.58580E+01 -0.60093E+01 -0.57690E+01 -0.54916E+01 -0.51433E+01 -0.44929E+01
 -0.43499E+01 -0.43262E+01 -0.43770E+01 -0.42710E+01 -0.39522E+01 -0.36072E+01
 -0.29449E+01 -0.17750E+01 -0.43702E+00  0.52455E+00  0.11246E+01  0.16505E+01
  0.21096E+01  0.26251E+01  0.31709E+01  0.34339E+01  0.35219E+01  0.35099E+01
  0.36253E+01  0.41294E+01  0.43841E+01  0.42704E+01  0.40604E+01  0.36200E+01
  0.25201E+01  0.60408E+00  0.65480E-01
