           fn  Chile Earthquake, 3 March 85, Data processed in Chile, Llolleo   
   4000    2.50000E-02  0  0  0.  0.  0.  0.  0.
 -0.71926E+00 -0.84131E+01 -0.20552E+02 -0.26692E+02 -0.25529E+02 -0.14011E+02
 -0.14596E+00  0.15373E+02  0.34384E+02  0.42959E+02  0.26530E+02 -0.74437E+01
 -0.24339E+02 -0.19430E+02 -0.14417E+02 -0.57043E+01  0.80321E+01  0.16336E+02
  0.12256E+02  0.38882E+01  0.63274E+01  0.11130E+02  0.63742E+01 -0.33750E+01
 -0.89003E+01 -0.14190E+02 -0.21476E+02 -0.23341E+02 -0.19179E+02 -0.12430E+02
 -0.68820E+01 -0.27172E+01 -0.10733E+01 -0.14220E+01 -0.12454E+01  0.27619E+01
  0.16413E+02  0.29852E+02  0.29951E+02  0.20508E+02  0.54578E+01 -0.15579E+02
 -0.26055E+02 -0.12526E+02  0.16085E+02  0.39969E+02  0.45039E+02  0.28996E+02
  0.11321E+00 -0.32213E+02 -0.54778E+02 -0.53179E+02 -0.31935E+02  0.33513E+01
  0.29806E+02  0.24057E+02  0.11124E+02  0.99883E+01  0.91799E+01  0.76966E+01
  0.46473E+01 -0.88837E+00  0.11989E+01  0.34761E+01  0.94437E+00  0.27711E+01
 -0.66829E+01 -0.28963E+02 -0.43812E+02 -0.35954E+02 -0.91708E+01  0.23381E+02
  0.45175E+02  0.59489E+02  0.58794E+02  0.35917E+02  0.69806E+01 -0.26559E+02
 -0.45219E+02 -0.34812E+02 -0.14227E+02  0.37531E+00  0.39177E+01  0.14547E+01
  0.50516E+01  0.82111E+01 -0.31790E+01 -0.17008E+02 -0.25067E+02 -0.26528E+02
 -0.24993E+02 -0.17720E+02 -0.29317E+01  0.16611E+02  0.25718E+02  0.25327E+02
  0.34144E+02  0.37984E+02  0.25883E+02  0.11475E+02  0.10473E+02  0.12599E+02
 -0.13766E+01 -0.22935E+02 -0.39926E+02 -0.51386E+02 -0.57785E+02 -0.43213E+02
 -0.65951E+01  0.29041E+02  0.51172E+02  0.48090E+02  0.30945E+02  0.14291E+02
  0.27269E+01 -0.45589E+01 -0.11626E+02 -0.17303E+02 -0.14833E+02 -0.53269E+01
 -0.42220E+00 -0.37529E+01 -0.80290E+01 -0.11748E+02 -0.11629E+02 -0.42507E+01
 -0.63901E+01 -0.14734E+02 -0.99603E+01  0.24842E+01  0.10012E+02  0.17608E+02
  0.23388E+02  0.16869E+02  0.73341E+01  0.10509E+02  0.14173E+02  0.11167E+02
  0.10061E+02  0.89163E+01  0.25205E+01 -0.93722E+01 -0.23326E+02 -0.40834E+02
 -0.46217E+02 -0.33004E+02 -0.16103E+02  0.60730E+01  0.26291E+02  0.33029E+02
  0.10552E+02 -0.21843E+02 -0.29326E+02 -0.12379E+02  0.32465E+01  0.14898E+02
  0.29471E+02  0.38122E+02  0.30929E+02  0.60650E+01 -0.26525E+02 -0.36886E+02
 -0.25499E+02 -0.10250E+02  0.82588E+00  0.16914E+02  0.28128E+02  0.26984E+02
  0.19455E+02  0.26048E+01 -0.22224E+02 -0.30828E+02 -0.71404E+01  0.21025E+02
  0.23072E+02  0.16579E+02  0.15420E+02  0.56422E+01 -0.12178E+02 -0.26604E+02
 -0.38599E+02 -0.38096E+02 -0.19585E+02 -0.90932E+01 -0.32895E+01  0.16011E+02
  0.36123E+02  0.42575E+02  0.33664E+02  0.20455E+02  0.96752E+01 -0.33327E+00
 -0.73706E+01 -0.46220E+01  0.35112E+01 -0.23636E-01 -0.10225E+02 -0.20687E+02
 -0.23405E+02 -0.17701E+02 -0.16955E+02 -0.13894E+02  0.19845E+01  0.16064E+02
  0.21408E+02  0.23844E+02  0.20134E+02  0.43804E+01 -0.68959E+01 -0.58744E+01
  0.53784E+01  0.73936E+01  0.79751E+00  0.58869E+01  0.94779E+01 -0.48852E+01
 -0.24486E+02 -0.25283E+02 -0.20172E+02 -0.20693E+02 -0.89067E+01  0.56675E+01
  0.50098E+01  0.71170E+01  0.11892E+02  0.11520E+02  0.24191E+02  0.33636E+02
  0.35179E+02  0.28794E+02  0.73334E+01 -0.11968E+02 -0.23286E+02 -0.30745E+02
 -0.30303E+02 -0.18927E+02 -0.14714E+02 -0.19767E+02 -0.14213E+02  0.13683E+01
  0.30285E+01 -0.53759E+01  0.87563E+01  0.26469E+02  0.14447E+02  0.15474E+01
 -0.13931E+01  0.39393E+01  0.13286E+02  0.82637E+01  0.55925E+01  0.11551E+02
  0.15857E+02  0.72528E+01 -0.11188E+02 -0.21056E+02 -0.19827E+02 -0.24665E+02
 -0.14408E+02  0.65974E+01  0.80583E+01 -0.26620E+01 -0.55560E+01  0.15539E+01
  0.11546E+02  0.16313E+02  0.12660E+02  0.41587E+01 -0.58246E+00  0.74218E+01
  0.25193E+01 -0.11850E+02 -0.16053E+02 -0.16899E+02 -0.14254E+02  0.36583E+00
  0.13722E+02  0.14375E+02  0.10361E+02  0.39489E+01  0.99165E+00 -0.58927E+01
 -0.10871E+02  0.27235E+01  0.12827E+02  0.11745E+02  0.82901E+01  0.65101E+01
  0.17648E+01 -0.10942E+02 -0.20139E+02 -0.13558E+02 -0.10917E+02 -0.10992E+02
 -0.67068E+01 -0.76541E+01 -0.10704E+02 -0.73434E+01  0.15999E+01  0.12142E+02
  0.14617E+02  0.12271E+02  0.21891E+02  0.23592E+02  0.71388E+01  0.13747E+00
  0.57225E+00  0.31692E+00 -0.23004E+01 -0.74490E+01 -0.13106E+02 -0.19538E+02
 -0.10127E+02 -0.80672E+01 -0.66116E+01 -0.34640E+00  0.35028E+01  0.16405E+01
 -0.43459E+00 -0.23014E+01 -0.47714E+01 -0.19663E+01 -0.10634E+02 -0.19101E+02
 -0.41403E+01  0.20543E+02  0.21733E+02  0.57636E+01  0.45085E+01  0.12630E+02
  0.48796E+01 -0.54872E+01 -0.86026E+01 -0.38064E+01 -0.23832E+01 -0.48385E+01
 -0.51637E+01  0.10924E+01  0.11185E+02  0.71461E+01  0.92125E+01  0.16235E+02
  0.33734E+01 -0.13673E+02 -0.20464E+02 -0.21584E+02 -0.19846E+02 -0.11417E+02
 -0.68989E+01 -0.18720E+01  0.64694E+01  0.12241E+01 -0.40554E-01  0.16825E+02
  0.12755E+02 -0.14505E+02 -0.15011E+02  0.11889E+02  0.36437E+02  0.24974E+02
  0.11019E+02  0.23724E+02  0.21899E+02 -0.71234E+01 -0.22743E+02 -0.27490E+02
 -0.36149E+02 -0.30860E+02 -0.21588E+02 -0.24279E+02 -0.16543E+02  0.58303E+00
  0.14261E+02  0.17729E+02 -0.35774E+01 -0.15405E+02 -0.17760E+01  0.12159E+02
  0.25530E+02  0.19203E+02  0.40237E+01  0.57243E+00 -0.12812E+02 -0.33548E+02
 -0.30558E+02 -0.19301E+01  0.29179E+02  0.44407E+02  0.34027E+02  0.27291E+02
  0.32866E+02  0.25286E+02  0.11612E+02 -0.12926E+02 -0.29396E+02 -0.10884E+02
  0.98475E+01  0.13942E+02  0.27234E+02  0.24912E+02 -0.10936E+01 -0.11431E+02
 -0.22916E+02 -0.34989E+02 -0.13346E+02  0.19833E+02  0.48763E+02  0.58162E+02
  0.36064E+02  0.33650E+02  0.54808E+02  0.40383E+02 -0.44553E+01 -0.32290E+02
 -0.61080E+02 -0.91852E+02 -0.80433E+02 -0.13033E+02  0.27622E+02  0.13494E+02
  0.37225E+00  0.18493E+02  0.25936E+02 -0.17926E+02 -0.67021E+02 -0.58261E+02
 -0.23109E+02 -0.12387E+02  0.11554E+02  0.52177E+02  0.54432E+02  0.13391E+02
 -0.30840E+02 -0.36160E+02 -0.13856E+02  0.88855E+01  0.50645E+02  0.78804E+02
  0.41484E+02 -0.20406E+02 -0.45024E+02 -0.32335E+02  0.13553E+02  0.47939E+02
  0.30616E+02 -0.23958E+02 -0.94391E+01  0.40614E+02  0.16248E+02 -0.96061E+02
 -0.14402E+03 -0.66452E+02  0.17389E+02  0.18067E+02  0.55418E+01  0.48652E+02
  0.10159E+03  0.65953E+02 -0.27831E+02 -0.50866E+02 -0.36488E+02 -0.48796E+02
 -0.43891E+02  0.10618E+02  0.66394E+02  0.10630E+03  0.91062E+02  0.25923E+02
 -0.51190E+02 -0.11255E+03 -0.11835E+03 -0.10068E+03 -0.82805E+02 -0.12188E+02
  0.42367E+02  0.38683E+02  0.54805E+02  0.54113E+02 -0.23181E+02 -0.11107E+03
 -0.12412E+03 -0.59389E+02  0.17529E+02  0.69521E+02  0.84463E+02  0.98410E+02
  0.93509E+02  0.74268E+02  0.65959E+02  0.37712E+02 -0.45631E+02 -0.10458E+03
 -0.79040E+02 -0.51685E+02 -0.81015E+02 -0.70934E+02 -0.24903E+02  0.15936E+02
  0.35582E+02  0.57776E+02  0.91945E+02  0.11284E+03  0.10096E+03  0.51189E+02
 -0.26909E+02 -0.11976E+03 -0.15666E+03 -0.15804E+03 -0.16005E+03 -0.13271E+03
 -0.71174E+02 -0.14398E+02  0.57531E+02  0.10682E+03  0.13263E+03  0.13966E+03
  0.14707E+03  0.17314E+03  0.15252E+03  0.86271E+02  0.47632E+02  0.57468E+02
  0.19238E+02 -0.55441E+02 -0.64504E+02 -0.40151E+02 -0.33310E+02 -0.32096E+02
 -0.24919E+02 -0.13821E+02 -0.36469E+02 -0.89614E+02 -0.11311E+03 -0.88248E+02
 -0.41824E+02  0.79873E+01  0.43038E+02  0.65966E+02  0.11587E+03  0.11968E+03
  0.65233E+02  0.33022E+02  0.38248E+02  0.37394E+02  0.11160E+02 -0.23226E+02
 -0.29127E+02  0.50535E+01  0.62866E+02  0.79158E+02  0.24205E+02 -0.48933E+02
 -0.49490E+02 -0.30154E+02 -0.10788E+02 -0.19756E+01 -0.43285E+02 -0.95279E+02
 -0.94936E+02 -0.66925E+02 -0.36755E+02 -0.45547E+02 -0.13429E+03 -0.16412E+03
 -0.79284E+02  0.18019E+02  0.63817E+02  0.87463E+02  0.95616E+02  0.87138E+02
  0.84648E+02  0.10043E+03  0.13707E+03  0.74727E+02 -0.46509E+02 -0.14970E+03
 -0.10384E+03  0.90431E+02  0.17774E+03  0.15061E+03  0.36514E+02 -0.88420E+02
 -0.16104E+03 -0.17948E+03 -0.16928E+03 -0.19250E+03 -0.21463E+03 -0.92815E+02
  0.45620E+02  0.16809E+03  0.28253E+03  0.20394E+03  0.52935E+01 -0.16869E+03
 -0.24482E+03 -0.17742E+03 -0.26540E+02  0.67853E+02  0.91040E+02  0.19010E+03
  0.26462E+03  0.13269E+03  0.54866E+02  0.12267E+03  0.80007E+02 -0.17206E+03
 -0.33625E+03 -0.28680E+03 -0.15348E+03  0.38165E+02  0.20098E+03  0.29347E+03
  0.23602E+03  0.58703E+01 -0.48050E+02  0.36324E+02 -0.59088E+02 -0.26749E+03
 -0.25010E+03  0.38748E+02  0.86681E+02 -0.74783E+02 -0.81012E+02 -0.11281E+02
  0.14318E+03  0.28735E+03  0.23672E+03  0.10409E+03  0.27623E+02 -0.26595E+02
 -0.92879E+02 -0.86059E+02 -0.97769E+02 -0.13451E+03 -0.18280E+03 -0.19008E+03
 -0.11885E+03  0.30786E+02  0.11555E+03  0.12665E+03  0.95081E+02  0.83109E+02
  0.72734E+02  0.44126E+02  0.16246E+02 -0.84528E+02 -0.11034E+03 -0.34103E+02
  0.11439E+03  0.22532E+03  0.15823E+03 -0.21733E+02 -0.17141E+03 -0.23187E+03
 -0.15061E+03 -0.86156E+02 -0.26425E+02  0.33338E+02 -0.33786E+02 -0.31359E+02
  0.63291E+01  0.41768E+02  0.93631E+02  0.12444E+03  0.10281E+03  0.34299E+02
 -0.10931E+03 -0.18877E+03 -0.11331E+03 -0.54903E+02  0.32128E+02  0.11830E+03
  0.16197E+03  0.18083E+03  0.18591E+03  0.15613E+03 -0.21432E+01 -0.94896E+02
 -0.51974E+02  0.27584E+02  0.11226E+02 -0.96585E+02 -0.16853E+03 -0.14992E+03
 -0.19734E+02  0.98306E+02  0.10980E+02 -0.80379E+02  0.37748E+02  0.97538E+02
  0.26792E+02 -0.16226E+02 -0.11676E+02 -0.41900E+02 -0.51113E+02 -0.66770E+02
 -0.87268E+02 -0.52664E+02  0.25754E+02  0.11451E+03  0.17893E+03  0.21264E+03
  0.18448E+03  0.11479E+03  0.87559E+02  0.19860E+02 -0.11508E+03 -0.14695E+03
 -0.57867E+02 -0.39739E+02 -0.62983E+02 -0.38337E+02 -0.62143E-01 -0.88793E+02
 -0.17612E+03 -0.67874E+02  0.13160E+03  0.16833E+03 -0.32801E+02 -0.19384E+03
 -0.24442E+03 -0.23253E+03 -0.11811E+03 -0.55347E+02 -0.30634E+02  0.39512E+02
  0.11710E+03  0.16675E+03  0.14535E+03  0.14872E+03  0.13062E+03  0.10002E+03
  0.13761E+03  0.17464E+03  0.17755E+03  0.65026E+02 -0.79869E+02 -0.14973E+03
 -0.15288E+03 -0.10906E+03 -0.14626E+03 -0.20374E+03 -0.72622E+02  0.44214E+02
  0.93292E+02  0.74320E+02  0.35951E+01  0.24096E+02  0.13035E+03  0.18788E+03
  0.15516E+03  0.66231E+02 -0.48577E+02 -0.16269E+03 -0.23331E+03 -0.21132E+03
 -0.86887E+02 -0.89344E+01 -0.10223E+03 -0.21368E+03 -0.20448E+03 -0.72219E+02
  0.18881E+02  0.13779E+02 -0.69906E+01  0.76994E+02  0.16137E+03  0.16177E+03
  0.15941E+03  0.18448E+03  0.16904E+03  0.65486E+02  0.81396E+01  0.34536E+02
  0.54839E+02  0.33598E+02 -0.16391E+01  0.11651E+02  0.23670E+02 -0.97356E+01
 -0.29381E+02 -0.12977E+02 -0.55580E+02 -0.12724E+03 -0.11994E+03 -0.95738E+02
 -0.10167E+03 -0.96985E+02 -0.85154E+02 -0.58697E+02 -0.75018E+01 -0.21851E+01
 -0.30631E+02 -0.66382E+02  0.13709E+01  0.91134E+02  0.10286E+03  0.11872E+03
  0.12601E+03  0.15040E+03  0.17468E+03  0.80686E+02 -0.48736E+02 -0.12214E+03
 -0.14042E+03 -0.95160E+02 -0.85726E+02 -0.96606E+02 -0.21468E+02  0.84011E+02
  0.15045E+03  0.15659E+03  0.95364E+02 -0.17417E+02 -0.51293E+02  0.14173E+02
 -0.48884E+01 -0.72438E+02 -0.10678E+03 -0.10490E+03 -0.85870E+02 -0.71370E+02
 -0.71002E+01  0.28706E+02 -0.31418E+02 -0.54440E+02  0.65263E+01  0.42168E+02
 -0.46294E+02 -0.72026E+02  0.14969E+03  0.33842E+03  0.33966E+03  0.21333E+03
  0.14873E+03  0.24109E+03  0.26789E+03  0.16575E+03 -0.24961E+02 -0.22322E+03
 -0.34204E+03 -0.38460E+03 -0.34757E+03 -0.22923E+03 -0.77654E+02  0.18057E+02
  0.50897E+01 -0.63346E+02 -0.11706E+03 -0.65985E+02  0.45965E+02 -0.12508E+01
 -0.44036E+02 -0.31612E+02 -0.57975E+02 -0.53519E+00  0.91814E+02  0.19051E+03
  0.21967E+03  0.15141E+03  0.92157E+02  0.95472E+01 -0.60562E+02 -0.83521E+02
 -0.14148E+03 -0.16787E+03 -0.88680E+02  0.42965E+02  0.15254E+03  0.12949E+03
  0.13230E+03  0.20382E+03  0.13512E+03 -0.81832E+02 -0.21495E+03 -0.14872E+03
 -0.58466E+02 -0.83239E+02 -0.14057E+03 -0.11577E+03  0.49645E+02  0.21465E+03
  0.18345E+03 -0.36223E+02 -0.25543E+03 -0.26301E+03 -0.17644E+03  0.11399E+02
  0.17375E+03  0.20583E+03  0.19741E+03  0.98261E+02 -0.61418E+01 -0.41150E+02
  0.89736E+02  0.10033E+03 -0.96119E+02 -0.15586E+03 -0.13205E+03 -0.14155E+03
 -0.11815E+02  0.83147E+02  0.91333E+02  0.57425E+02 -0.43892E+02 -0.40851E+02
  0.59117E+02  0.10191E+03  0.99544E+02  0.13017E+03  0.10301E+03  0.69783E+02
  0.64842E+01 -0.56511E+02 -0.78698E+02 -0.64056E+02 -0.50997E+02 -0.22760E+02
  0.65587E+01 -0.79487E+01  0.34216E+02  0.28982E+02  0.14316E+02 -0.30950E+02
 -0.13370E+03 -0.18940E+03 -0.11366E+03  0.17539E+01  0.71061E+02  0.93024E+02
  0.10314E+03  0.10374E+03 -0.12624E+02 -0.94824E+01  0.11937E+03  0.15187E+03
  0.10759E+03  0.28905E+02 -0.23633E+02 -0.66521E+02 -0.89724E+02 -0.54625E+02
 -0.71746E+02 -0.39030E+02  0.24340E+02  0.66900E+02  0.81567E+02  0.16248E+02
 -0.73573E+02 -0.14347E+03 -0.16192E+03 -0.61608E+02  0.38598E+02  0.88289E+01
  0.14706E+02  0.27466E+01 -0.80060E+01  0.21124E+02  0.31366E+02  0.22517E+02
  0.18727E+02  0.10074E+02 -0.61122E+02 -0.81533E+02  0.90095E+01  0.92359E+02
  0.13023E+03  0.73297E+02 -0.12619E+01 -0.44069E+02 -0.21023E+02  0.18184E+02
 -0.84029E+01 -0.96831E+02 -0.15570E+03 -0.17542E+03 -0.11074E+03  0.17001E+02
  0.94288E+02  0.12723E+03  0.10161E+03  0.56887E+01 -0.76655E+02 -0.62150E+02
 -0.45644E+02 -0.68904E+02  0.49805E+01  0.80766E+02  0.35193E+02 -0.16921E+02
 -0.15919E+01 -0.19950E+02 -0.25494E+02  0.28423E+02 -0.17684E+02 -0.14718E+03
 -0.14581E+03 -0.65338E+02  0.18462E+02  0.44149E+02  0.11865E+02  0.67525E+02
  0.16668E+03  0.11031E+03 -0.26715E+02 -0.23335E+02 -0.22034E+02  0.25388E+02
  0.11421E+03  0.13484E+03  0.57834E+02 -0.93639E+02 -0.13931E+03 -0.81178E+02
  0.35355E+02  0.14178E+03  0.98801E+02  0.11467E+02 -0.56153E+01 -0.49753E+02
 -0.60359E+02 -0.23016E+02 -0.79413E+02 -0.16561E+03 -0.15328E+03 -0.69324E+01
  0.13340E+03  0.20732E+03  0.24537E+03  0.20025E+03  0.14356E+03  0.13775E+03
  0.10929E+03 -0.22045E+02 -0.11537E+03 -0.48679E+02 -0.38678E+02 -0.22230E+03
 -0.21734E+03 -0.48273E+02  0.25869E+02  0.48302E+02  0.81948E+02  0.83200E+02
  0.73037E+02  0.12769E+03  0.10998E+03  0.87728E+02  0.11721E+03  0.68206E+02
 -0.66413E+02 -0.11112E+03 -0.36383E+02 -0.60199E+02 -0.21035E+03 -0.32160E+03
 -0.26966E+03 -0.17320E+03 -0.19146E+03 -0.22581E+03 -0.89345E+02  0.16554E+03
  0.28593E+03  0.31582E+03  0.29887E+03  0.27351E+03  0.17191E+03 -0.13674E+03
 -0.40032E+03 -0.28788E+03 -0.83886E+02  0.56504E+02  0.61086E+02  0.11662E+02
 -0.47777E+02 -0.14499E+03 -0.21080E+03 -0.25448E+03 -0.80123E+01  0.21466E+03
  0.21057E+03  0.18866E+03  0.20224E+03  0.18564E+03  0.11266E+03  0.90120E+02
  0.11083E+03  0.80200E+01 -0.76169E+02 -0.24483E+02  0.66000E+02  0.64438E+02
  0.48959E+02 -0.24862E+02 -0.18086E+03 -0.21932E+03 -0.15703E+03 -0.10131E+03
 -0.13665E+03 -0.17838E+03 -0.19511E+02  0.17146E+03  0.19550E+03  0.12897E+03
 -0.19049E+02 -0.17688E+03 -0.10163E+03  0.68662E+02  0.22317E+03  0.24578E+03
  0.34408E+02 -0.16402E+03 -0.16405E+03 -0.33929E+02  0.13844E+03  0.25629E+03
  0.25320E+03  0.15649E+03 -0.88108E+02 -0.26633E+03 -0.17036E+03  0.58494E+01
  0.47335E+02  0.13993E+03  0.17401E+03 -0.72536E+02 -0.23256E+03 -0.25780E+03
 -0.20524E+03  0.41149E+01 -0.14994E+02 -0.22077E+03 -0.18285E+03 -0.11016E+03
  0.78622E+01  0.22989E+03  0.32300E+03  0.29913E+03  0.21714E+03  0.75881E+02
  0.27619E+01  0.46857E+02  0.15898E+03 -0.19044E+02 -0.22805E+03 -0.13624E+03
 -0.21012E+03 -0.28457E+03  0.58537E+01  0.17882E+03  0.19071E+03  0.11418E+03
 -0.56375E+02 -0.63867E+01  0.45269E+02 -0.77138E+02 -0.20393E+03 -0.27277E+03
 -0.16646E+03 -0.37706E+02 -0.18361E+03 -0.23252E+03  0.25070E+02  0.23565E+03
  0.31891E+03  0.34460E+03  0.15522E+03 -0.13236E+03 -0.22048E+03 -0.19288E+03
 -0.20143E+03  0.12654E+02  0.88674E+02  0.13043E+03  0.27696E+03  0.33508E+03
  0.43283E+03  0.30045E+03 -0.10071E+03 -0.38888E+03 -0.40396E+03 -0.20616E+03
  0.10525E+03  0.37943E+03  0.25185E+03 -0.20467E+03 -0.39816E+03 -0.63805E+02
  0.11312E+03 -0.12886E+03 -0.21811E+03 -0.18869E+02 -0.46951E+02  0.16341E+03
  0.45114E+03  0.32617E+03  0.21514E+03  0.13221E+03  0.30088E+02  0.31997E+01
 -0.62103E+02 -0.25392E+03 -0.38377E+03 -0.15489E+03  0.12573E+03  0.86945E+02
 -0.39263E+02 -0.12241E+03 -0.71479E+02 -0.12792E+02  0.36987E+02  0.18860E+03
  0.82592E+02 -0.21557E+03 -0.34149E+03 -0.99424E+02  0.70419E+02 -0.13211E+03
 -0.35649E+03 -0.34642E+03 -0.96331E+02  0.50411E+02  0.43855E+02  0.21814E+03
  0.38089E+03  0.19616E+03 -0.67354E+01 -0.21206E+03 -0.28156E+03  0.48108E+02
  0.25654E+03  0.95011E+02 -0.19547E+03 -0.33582E+03 -0.35079E+03 -0.23494E+03
  0.14472E+02  0.17597E+03  0.25808E+03  0.19830E+03 -0.66779E+02 -0.84300E+02
  0.12451E+03  0.26622E+03  0.26715E+03  0.15668E+03  0.14238E+03  0.20055E+03
  0.24984E+03  0.27014E+03  0.14700E+03  0.35950E+02  0.25980E+02 -0.93915E+02
 -0.26843E+03 -0.22153E+03  0.55565E+02  0.12617E+03  0.24142E+02 -0.12134E+03
 -0.24359E+03 -0.21814E+03 -0.59327E+02  0.20946E+03  0.26762E+03  0.54018E+02
 -0.16012E+03 -0.23426E+03 -0.15295E+03 -0.85757E+02 -0.86224E+02 -0.10476E+03
 -0.55887E+02  0.25218E+02  0.60722E+02  0.14347E+03  0.23730E+03  0.37726E+03
  0.31322E+03  0.25988E+02 -0.71233E+02  0.74966E+02  0.18230E+03  0.91736E+02
  0.74782E+01 -0.11650E+02  0.10224E+02  0.25610E+02  0.96941E+02  0.56506E+02
 -0.11163E+03 -0.12325E+03 -0.46684E+02  0.30254E+02 -0.11467E+02 -0.21611E+03
 -0.40073E+03 -0.39565E+03 -0.30881E+03 -0.18449E+03 -0.13905E+03 -0.13195E+03
  0.30585E+01  0.15698E+03  0.23238E+03  0.68607E+02 -0.78250E+02 -0.11353E+03
 -0.10975E+03  0.14641E+03  0.32014E+03  0.31041E+03  0.22811E+03  0.83494E+02
  0.93092E+02  0.10131E+03 -0.39879E+02 -0.28576E+03 -0.26958E+03  0.12998E+03
  0.45715E+03  0.43954E+03  0.22983E+03  0.28700E+02 -0.28363E+03 -0.45333E+03
 -0.11789E+03  0.24311E+03  0.26661E+03  0.11497E+03 -0.16051E+03 -0.31608E+03
 -0.28246E+03 -0.19770E+03 -0.20551E+03 -0.32613E+03 -0.33984E+03 -0.15665E+03
  0.77146E+02  0.13666E+03  0.93587E+02  0.66434E+02 -0.11234E+03 -0.32446E+03
 -0.24285E+03 -0.22929E+02  0.76509E+02  0.18329E+03  0.26174E+03  0.23416E+03
  0.28527E+03  0.39987E+03  0.34538E+03  0.13426E+03 -0.24218E+03 -0.41514E+03
 -0.46852E+03 -0.54443E+03 -0.24500E+03  0.16651E+03  0.19604E+03 -0.45480E+02
 -0.11745E+03 -0.85067E+02 -0.81826E+02 -0.17847E+02  0.21079E+03  0.30333E+03
  0.25682E+03  0.14771E+03  0.60462E+02  0.21161E+03  0.29282E+03  0.21795E+03
  0.19657E+03  0.10959E+03  0.14505E+02 -0.32357E+02 -0.11498E+03 -0.19199E+03
 -0.27439E+03 -0.12977E+03  0.10375E+03  0.27599E+03  0.30821E+03  0.16994E+03
  0.10427E+03  0.23212E+02 -0.10160E+03 -0.13368E+03 -0.21186E+03 -0.36459E+03
 -0.34372E+03 -0.27319E+03 -0.21139E+03 -0.22919E+03 -0.32903E+03 -0.33604E+03
 -0.26201E+03 -0.13585E+03  0.59519E+02  0.28696E+03  0.41264E+03  0.31016E+03
  0.23428E+03  0.20173E+03  0.15312E+03  0.18789E+03  0.24620E+03  0.23143E+03
  0.14920E+03 -0.17541E+02 -0.50501E+02  0.79501E+02  0.30762E+02  0.37176E+02
  0.19410E+02 -0.88589E+02  0.10282E+03  0.16974E+03 -0.87187E+01 -0.14781E+03
 -0.22654E+03 -0.17031E+03 -0.59181E+02 -0.22895E+02 -0.18404E+02 -0.62923E+02
 -0.18524E+03 -0.13591E+03  0.95267E+01  0.17898E+02  0.45605E+02  0.98606E+02
  0.36276E+02 -0.74132E+02 -0.17797E+02  0.13206E+03  0.22048E+03  0.24248E+03
  0.21540E+03  0.64947E+02 -0.14893E+03 -0.25473E+03 -0.17408E+03 -0.37201E+02
  0.16568E+03  0.41053E+03  0.33298E+03  0.32248E+02 -0.18600E+03 -0.24499E+03
 -0.41752E+03 -0.44428E+03 -0.24203E+03 -0.88974E+02 -0.11036E+02 -0.67784E+02
 -0.12262E+03 -0.94410E+02  0.49343E+01  0.14097E+03  0.22606E+03  0.11413E+03
 -0.41201E+02  0.15397E+02  0.16494E+03  0.17391E+03  0.16128E+03  0.23009E+03
  0.23082E+03  0.22534E+03  0.15875E+03  0.48104E+02 -0.13887E+03 -0.37193E+03
 -0.24158E+03  0.11945E+03  0.67245E+02 -0.13544E+03 -0.17737E+03 -0.17643E+03
 -0.86071E+02  0.52013E+02  0.10193E+03 -0.14822E+02 -0.62020E+02 -0.10357E+03
 -0.12402E+03 -0.96815E+01  0.28753E+02 -0.69992E+02 -0.13261E+03 -0.72339E+02
  0.40363E+02  0.14018E+03  0.16089E+03  0.46368E+02  0.94079E+01 -0.21353E+02
 -0.74456E+02 -0.22809E+03 -0.28297E+03 -0.13018E+03 -0.16241E+02  0.15185E+03
  0.17796E+03  0.14271E+03  0.20901E+03  0.28722E+03  0.29536E+03  0.13823E+03
 -0.96609E+02 -0.89499E+02 -0.45285E+02 -0.26259E+03 -0.21713E+03  0.77286E+02
  0.63130E+02 -0.41114E+02  0.66639E+02  0.49842E+02 -0.95665E+02 -0.24562E+03
 -0.34330E+03 -0.13419E+03 -0.62431E+02 -0.32899E+02  0.37437E+03  0.50451E+03
  0.21477E+03 -0.70351E+01 -0.12191E+03 -0.12224E+03 -0.10820E+03 -0.67094E+02
  0.10420E+03  0.12325E+03 -0.21144E+02 -0.16892E+03 -0.42583E+02  0.13382E+03
  0.24267E+02 -0.36563E+02 -0.97368E+02 -0.26943E+03 -0.50106E+02  0.15452E+03
  0.48296E+02 -0.12357E+03 -0.18249E+03 -0.11046E+02  0.80712E+02  0.34879E+02
  0.10747E+03  0.20192E+03  0.17126E+03  0.13114E+03  0.10048E+03 -0.19045E+02
 -0.17288E+03 -0.23358E+03 -0.19745E+03 -0.86490E+02  0.38566E+02  0.25335E+02
  0.10403E+03  0.25359E+03  0.21397E+03  0.13622E+03  0.76365E+02  0.90983E+02
  0.14866E+03  0.17187E+03  0.16018E+03  0.63882E+02 -0.10916E+01  0.10898E+02
 -0.62992E+02 -0.10700E+03 -0.83218E+02 -0.73785E+02 -0.11964E+03 -0.19369E+03
 -0.16710E+03 -0.37983E+02  0.23122E+02  0.59793E+02  0.17600E+02 -0.10184E+03
 -0.22013E+03 -0.20715E+03 -0.48930E+02  0.14882E+03  0.17992E+03  0.10127E+03
  0.75591E+02 -0.30813E+02 -0.26879E+03 -0.36203E+03 -0.54242E+02  0.16890E+03
  0.80939E+01  0.73220E+02  0.28532E+03  0.27806E+03  0.27399E+03  0.28067E+03
  0.21817E+03 -0.12856E+02 -0.28828E+03 -0.30282E+03 -0.59498E+02  0.21756E+02
 -0.22652E+03 -0.22394E+03 -0.19599E+03 -0.93462E+02  0.92248E+02  0.12458E+03
  0.15665E+03  0.11937E+03  0.76493E+02  0.19568E+02 -0.16621E+03 -0.31653E+03
 -0.19628E+03 -0.54717E+02 -0.45730E+02 -0.10577E+03 -0.12095E+03 -0.16807E+03
 -0.32611E+03 -0.23179E+03  0.24535E+02  0.20931E+03  0.31710E+03  0.31864E+03
  0.35878E+03  0.38634E+03  0.31267E+03  0.24058E+03  0.16160E+03  0.14293E+03
  0.30352E+02 -0.27476E+03 -0.41895E+03 -0.34849E+03 -0.24883E+03 -0.22047E+03
 -0.21474E+03 -0.20603E+03 -0.76771E+02  0.51422E+02 -0.73477E+02 -0.22562E+03
 -0.19552E+03  0.47382E+02  0.28082E+03  0.40451E+03  0.35603E+03  0.12679E+03
 -0.14205E+02 -0.29106E+02  0.19069E+02  0.11378E+03  0.18491E+03  0.25565E+03
  0.32971E+03  0.23311E+03 -0.60614E+01 -0.27432E+03 -0.36618E+03 -0.10507E+03
  0.22759E+03  0.29473E+03  0.12531E+03 -0.10012E+03 -0.19281E+03  0.64233E+01
  0.54314E+02 -0.89314E+02 -0.17743E+03 -0.14748E+03  0.75368E+02  0.22315E+03
  0.16943E+03  0.10183E+02  0.24885E+01  0.50577E+02 -0.98905E+02 -0.16031E+03
 -0.34979E+02 -0.35085E+02 -0.12923E+03 -0.99122E+02 -0.84649E+02 -0.10557E+03
 -0.13419E+03 -0.12633E+02  0.91146E+02  0.38867E+02 -0.10991E+02  0.44252E+02
  0.45048E+02 -0.77261E+02 -0.28475E+02  0.29664E+02  0.14331E+03  0.30757E+03
  0.23965E+03  0.26649E+02 -0.12360E+03 -0.24454E+03 -0.45247E+03 -0.58417E+03
 -0.49457E+03 -0.21642E+03  0.10811E+03  0.34077E+03  0.24904E+03  0.36142E+02
 -0.26983E+02 -0.33701E+01  0.70268E+02  0.21124E+03  0.33247E+03  0.39380E+03
  0.42923E+03  0.41059E+03  0.22293E+03 -0.12828E+03 -0.46862E+03 -0.68427E+03
 -0.56540E+03 -0.14297E+03  0.14858E+03  0.17593E+03  0.14343E+03  0.72543E+02
 -0.16613E+03 -0.29385E+03 -0.36950E+03 -0.16697E+03  0.21339E+03  0.32298E+03
  0.31523E+03  0.29601E+03  0.35638E+03  0.34452E+03  0.14732E+03  0.24793E+02
 -0.24298E+01 -0.16493E+03 -0.35739E+03 -0.26877E+03  0.37984E+01  0.15000E+03
  0.85344E+02  0.73414E+02  0.79599E+02  0.12611E+03  0.20381E+03  0.13182E+03
  0.65008E+02 -0.62448E+02 -0.14116E+03 -0.13213E+03 -0.16262E+03 -0.20605E+03
 -0.24431E+03 -0.30298E+03 -0.33359E+03 -0.28069E+03  0.16194E+02  0.19575E+03
  0.16733E+03  0.83822E+02 -0.66484E+02 -0.18343E+03 -0.13652E+03 -0.76046E+02
  0.20919E+01  0.21226E+03  0.34090E+03  0.29416E+03  0.14183E+03 -0.37157E+02
 -0.15537E+03 -0.13268E+03  0.86909E+02  0.19113E+03  0.11490E+03  0.91746E+02
  0.58534E+02 -0.75048E+02 -0.13894E+03 -0.12716E+03 -0.61483E+02 -0.60454E+01
 -0.67202E+02 -0.74123E+02  0.56796E+02  0.17479E+03  0.11703E+03 -0.45914E+01
 -0.10009E+03 -0.16305E+03 -0.13322E+03 -0.89366E+01  0.30566E+02 -0.18357E+02
  0.85235E+02  0.23097E+03  0.27377E+03  0.23434E+03  0.64423E+02 -0.57736E+02
 -0.11096E+03 -0.16749E+03 -0.17146E+03 -0.14923E+03 -0.13879E+03 -0.70904E+02
 -0.26585E+02 -0.10054E+03 -0.12871E+03  0.26915E+02  0.16381E+03  0.10500E+03
 -0.85611E+02 -0.45153E+02  0.14276E+03  0.15729E+03  0.69311E+02  0.45090E+02
  0.45965E+02  0.17231E+02  0.52010E+02  0.15871E+03  0.20864E+03  0.10224E+03
 -0.54908E+02 -0.12609E+03 -0.14217E+03 -0.15334E+03 -0.12545E+03  0.19300E+02
  0.22131E+03  0.27250E+03  0.17608E+03  0.26790E+02 -0.20388E+03 -0.29005E+03
 -0.31832E+03 -0.30235E+03 -0.20715E+03 -0.40374E+02  0.17357E+03  0.16301E+03
  0.80911E+02 -0.31116E+01 -0.15914E+03 -0.28297E+03 -0.25932E+03 -0.59990E+02
  0.11006E+03  0.19121E+03  0.19489E+03  0.12129E+03  0.11764E+03  0.14535E+03
  0.15158E+03  0.12794E+03  0.77186E+02  0.90229E+02  0.14728E+03  0.22287E+03
  0.17862E+03 -0.25061E+02 -0.11521E+03 -0.17168E+03 -0.32831E+03 -0.33538E+03
 -0.18486E+03 -0.75187E+02 -0.20985E+02 -0.45815E+01 -0.61558E+02 -0.12623E+03
 -0.85741E+02  0.43495E+02  0.21999E+03  0.26862E+03  0.13661E+03 -0.54130E+01
 -0.48391E+02 -0.37694E+02  0.52592E+02  0.14491E+03  0.57610E+02 -0.64599E+02
 -0.13831E+03 -0.17994E+03 -0.64052E+02  0.66690E+02  0.29115E+02 -0.56250E+02
 -0.97842E+02 -0.67657E+02  0.39244E+02  0.89522E+02  0.65973E+02 -0.17335E+02
 -0.94333E+00  0.54386E+01 -0.84779E+02  0.37429E+02  0.22448E+03  0.21598E+03
  0.10189E+03  0.70837E+02  0.11136E+03  0.38363E+02 -0.12565E+03 -0.17725E+03
 -0.12486E+03 -0.13445E+03 -0.14251E+03 -0.76662E+02  0.78339E+01  0.78219E+02
  0.47703E+02 -0.12946E+03 -0.18044E+03 -0.27351E+01  0.18319E+03  0.14957E+03
  0.24265E+02  0.19346E+02  0.23122E+02  0.45904E+02  0.10272E+03  0.11724E+03
  0.12615E+03  0.87725E+02 -0.46075E+02 -0.15827E+03 -0.20424E+03 -0.24569E+03
 -0.21487E+03 -0.10119E+03 -0.62987E+02 -0.64390E+02 -0.40505E+02  0.10447E+02
  0.56355E+02  0.76388E+02  0.13226E+03  0.20349E+03  0.15498E+03  0.71596E+02
  0.38930E+02 -0.76755E+01 -0.49982E+02  0.20178E+02  0.65544E+02 -0.27635E+02
 -0.10445E+03 -0.10469E+03 -0.88918E+02 -0.16232E+02  0.78712E+02  0.68586E+02
  0.49213E+02  0.33418E+02  0.16571E+02 -0.35178E+00 -0.58311E+01  0.59963E+02
  0.54067E+02 -0.27575E+01  0.13101E+02  0.34755E+02  0.62523E+02  0.43146E+02
 -0.19647E+02 -0.81632E+02 -0.13140E+03 -0.17375E+03 -0.12076E+03  0.17753E+02
  0.81347E+02  0.72976E+02  0.55504E+02  0.41130E+02 -0.91283E+01  0.88223E+00
  0.72867E+02  0.11393E+03  0.14665E+03  0.11584E+03  0.27802E+02 -0.59152E+02
 -0.84913E+02 -0.12358E+03 -0.20824E+03 -0.18102E+03 -0.16712E+02  0.70403E+02
  0.32670E+02 -0.75563E+00 -0.10651E+02 -0.24845E+02 -0.77838E+00  0.86035E+02
  0.12122E+03  0.86814E+02  0.10402E+03  0.66802E+02 -0.16168E+02 -0.93420E+01
  0.40025E+01 -0.35754E+02 -0.12804E+03 -0.15431E+03 -0.22855E+02  0.65107E+02
  0.85282E+02  0.13469E+03  0.10471E+03  0.13185E+02 -0.31732E+02 -0.69447E+02
 -0.11633E+03 -0.91404E+02 -0.33996E+02  0.20935E+02  0.10530E+02 -0.44714E+02
 -0.88114E+02 -0.15330E+03 -0.13841E+03 -0.24229E+02  0.12265E+02 -0.15682E+02
  0.14939E+02  0.81425E+02  0.72116E+02  0.18500E+02 -0.89495E+01 -0.42010E+02
 -0.13371E+03 -0.15528E+03 -0.60345E+02  0.10546E+02  0.83393E+02  0.11131E+03
  0.74168E+02  0.10389E+03  0.17641E+03  0.16163E+03  0.68315E+02 -0.71030E+01
  0.24975E+01  0.44918E+02  0.53488E+02  0.33310E+02 -0.24257E+02 -0.90564E+02
 -0.12528E+03 -0.15563E+03 -0.18153E+03 -0.13248E+03 -0.77474E+02 -0.24650E+02
  0.46552E+02  0.76085E+02  0.94617E+02  0.97278E+02  0.90146E+02  0.88103E+02
  0.84763E+02  0.38048E+02 -0.44910E+02 -0.31996E+02  0.29255E+02  0.12568E+02
  0.22378E+01  0.56215E+01 -0.35312E+02 -0.58256E+02 -0.69639E+01  0.20430E+02
  0.31892E+01 -0.12749E+02  0.11270E+02 -0.29367E+01  0.10417E+01  0.66285E+02
  0.65437E+02  0.29094E+01 -0.30380E+02 -0.46665E+02 -0.82050E+02 -0.11582E+03
 -0.78904E+02 -0.16575E+02  0.49065E+02  0.93595E+02  0.74449E+02  0.76084E+01
 -0.55198E+02 -0.63339E+02 -0.35046E+02  0.16906E+02  0.70460E+02  0.10966E+03
  0.99881E+02  0.71130E+02  0.60856E+02  0.25435E+02 -0.32396E+02 -0.10099E+03
 -0.14307E+03 -0.14384E+03 -0.50737E+02  0.50600E+02  0.42180E+02  0.37598E+02
  0.11407E+03  0.11588E+03  0.67351E+01 -0.92443E+02 -0.13550E+03 -0.11085E+03
 -0.48230E+02  0.21074E+01  0.13733E+02 -0.23970E+00 -0.43634E+02 -0.54500E+02
 -0.22843E+02 -0.26595E+02  0.12968E+02  0.76839E+02  0.79236E+02  0.10856E+03
  0.14481E+03  0.11549E+03  0.56472E+02  0.53293E+01 -0.16476E+02 -0.40272E+02
 -0.61942E+02 -0.56372E+02 -0.54335E+02 -0.26329E+02 -0.30471E+02 -0.79882E+02
 -0.11171E+03 -0.91542E+02 -0.32960E+02 -0.84396E+01  0.83083E+01  0.40710E+02
  0.57906E+02  0.41381E+02  0.21823E+02  0.44507E+02  0.10118E+03  0.95635E+02
  0.24184E+02 -0.51025E+02 -0.63597E+02  0.24502E+02  0.35951E+02 -0.30567E+02
  0.12924E+02  0.64529E+02 -0.34736E+01 -0.70352E+02 -0.55127E+02 -0.53537E+02
 -0.52116E+02 -0.67180E+01  0.34721E+02  0.57465E+02  0.57592E+02  0.32577E+02
  0.46459E+02  0.55685E+02 -0.12509E+01 -0.49193E+02 -0.51828E+02 -0.57688E+02
 -0.58821E+02  0.97175E+01  0.18702E+02 -0.47816E+02 -0.58765E+02 -0.28728E+02
  0.19254E+01  0.33595E+02  0.62148E+02  0.71738E+02  0.10537E+03  0.11758E+03
  0.53066E+02 -0.89130E+01  0.13184E+02  0.68407E+02  0.65711E+02  0.23853E+02
 -0.21890E+02 -0.56887E+02 -0.90200E+02 -0.10837E+03 -0.92222E+02 -0.10030E+03
 -0.11174E+03 -0.11896E+03 -0.11163E+03 -0.73725E+02 -0.30629E+01  0.61871E+02
  0.52333E+02  0.60594E+02  0.10178E+03  0.11571E+03  0.67722E+02  0.37696E+02
  0.70981E+02  0.69220E+02  0.31744E+02  0.23828E+02  0.23929E+02 -0.42978E+01
 -0.51664E+02 -0.78274E+02 -0.30193E+02  0.36360E+02  0.23708E+02 -0.20918E+02
 -0.36816E+02 -0.28635E+02 -0.27038E+02 -0.12445E+02 -0.10833E+02 -0.44357E+02
 -0.97985E+02 -0.11825E+03 -0.85434E+02 -0.40322E+02 -0.14611E+02 -0.10711E+02
  0.36912E+02  0.10853E+03  0.10437E+03  0.46293E+02  0.17314E+02  0.40476E+02
  0.67831E+02  0.38059E+02  0.51023E+01  0.11743E+02  0.20661E+02  0.10034E+02
  0.23044E+01  0.49253E+01 -0.24864E+02 -0.68855E+01  0.33112E+02  0.57058E+02
  0.45273E+02 -0.43012E+01 -0.33631E+02 -0.69826E+02 -0.83522E+02 -0.73919E+02
 -0.73221E+02 -0.78029E+02 -0.72905E+02 -0.42877E+02  0.26378E+01  0.41445E+02
  0.67022E+02  0.45503E+02  0.27809E+02  0.10387E+02 -0.16228E+02 -0.61001E+01
  0.27533E+02  0.68508E+02  0.71898E+02  0.16539E+02 -0.24383E+02 -0.18254E+01
  0.25949E+02 -0.17514E+02 -0.30453E+02  0.72971E+01  0.91616E+01  0.15018E+02
  0.47247E+02  0.45474E+02 -0.14021E+02 -0.62199E+02 -0.68321E+02 -0.77486E+02
 -0.74400E+02 -0.34852E+02 -0.12202E+02  0.18350E+01  0.20051E+02  0.59109E+02
  0.10482E+03  0.83260E+02  0.42190E+02  0.25396E+01 -0.14865E+02  0.28189E+02
  0.50241E+02  0.25960E+02 -0.39716E+02 -0.10356E+03 -0.85447E+02 -0.25430E+02
 -0.57171E+01 -0.79403E+01  0.43882E+01  0.52094E+00  0.30616E+01  0.43596E+02
  0.76666E+02  0.41415E+02  0.10057E+02  0.18077E+02  0.48022E+01 -0.46118E+02
 -0.73467E+02 -0.62768E+02 -0.40989E+02  0.10067E+02  0.32688E+02  0.32852E+01
 -0.12063E+02 -0.93739E+01 -0.32002E+02 -0.45102E+02 -0.15836E+02  0.12022E+02
  0.25936E+02  0.65630E+02  0.61077E+02  0.28261E+02  0.15309E+02 -0.33267E+02
 -0.88305E+02 -0.83362E+02 -0.54716E+02 -0.19784E+02 -0.57075E+01 -0.39606E+01
  0.10423E+02  0.42182E+02  0.60076E+02  0.71514E+02  0.71314E+02  0.43772E+02
  0.86779E+01 -0.17634E+02 -0.29189E+02 -0.38596E+02 -0.12039E+02  0.46476E+02
  0.63156E+02  0.53325E+02  0.17207E+02 -0.21259E+02 -0.25423E+02 -0.19371E+02
 -0.58750E+01  0.11447E+02  0.36887E+02  0.33389E+02 -0.60627E+01 -0.39338E+02
 -0.37305E+02 -0.70099E+01  0.12462E+01 -0.13765E+02 -0.76213E+01  0.27438E+02
  0.59105E+02  0.43498E+02  0.78331E+01 -0.16008E+02 -0.28714E+02 -0.47271E+02
 -0.64663E+02 -0.49928E+02  0.18934E+02  0.73814E+02  0.55528E+02 -0.32137E+01
 -0.17987E+02  0.15664E+01 -0.41778E+01 -0.12636E+02 -0.83983E+01 -0.51447E+02
 -0.10402E+03 -0.81832E+02 -0.25402E+02  0.27525E+02  0.31093E+02  0.41027E+01
  0.12894E+02  0.48177E+02  0.64656E+02  0.58221E+02  0.56916E+02  0.32671E+02
 -0.12631E+02 -0.27474E+02 -0.21816E+02 -0.24316E+02 -0.37148E+02 -0.24649E+02
 -0.13815E+02 -0.15178E+02 -0.26625E+02 -0.35261E+02 -0.30191E+02  0.15875E+01
  0.43032E+02  0.51583E+02  0.12081E+02 -0.24336E+02 -0.40203E+02 -0.22568E+02
  0.48157E+01  0.94956E+01  0.78790E+01 -0.32155E+01 -0.33004E+02 -0.14750E+02
  0.14892E+02  0.20925E+02  0.42461E+02  0.47311E+02  0.35000E+02  0.25762E+02
  0.21086E+02  0.17937E+02 -0.25553E+01  0.12325E+01  0.17236E+02 -0.11775E+01
 -0.29755E+02 -0.49640E+02 -0.45641E+02 -0.36051E+02 -0.23749E+02  0.32132E+02
  0.72113E+02  0.31418E+02 -0.42667E+02 -0.63166E+02 -0.57709E+02 -0.61565E+02
 -0.52303E+02 -0.17194E+02 -0.24425E+01 -0.21983E+02 -0.15755E+02  0.17138E+02
  0.57657E+02  0.87037E+02  0.92881E+02  0.91758E+02  0.64329E+02  0.35935E+02
  0.17803E+02  0.98690E+00 -0.62486E+01 -0.37521E+02 -0.50153E+02 -0.36173E+02
 -0.38580E+02 -0.22614E+02  0.12384E+02  0.19715E+02 -0.13983E+01 -0.18446E+02
 -0.29807E+02 -0.26599E+02 -0.49315E+01  0.99995E+01 -0.12519E+02 -0.32136E+02
 -0.43057E+02 -0.36252E+02 -0.15114E+02  0.17717E+02  0.39398E+02  0.35620E+02
  0.19162E+02  0.32702E+02  0.61483E+02  0.38102E+02 -0.81535E+01 -0.26686E+02
 -0.13870E+02  0.94999E+00  0.16355E+02  0.26232E+02  0.22354E+02  0.19239E+02
  0.67509E+01 -0.18291E+02 -0.16747E+02 -0.75567E+00 -0.44214E+01 -0.26581E+02
 -0.49134E+02 -0.66587E+02 -0.90056E+02 -0.72410E+02 -0.93817E+01  0.20398E+02
  0.29621E+01 -0.81196E+01 -0.14948E+01 -0.85679E+01  0.11324E+02  0.60529E+02
  0.59642E+02  0.29853E+02  0.37820E+02  0.54928E+02  0.75797E+02  0.10696E+03
  0.10572E+03  0.74049E+02  0.36637E+02 -0.92567E+01 -0.45752E+02 -0.95324E+02
 -0.15478E+03 -0.16729E+03 -0.14271E+03 -0.11129E+03 -0.59506E+02 -0.60038E+01
  0.30189E+02  0.27875E+02  0.31145E+02  0.55179E+02  0.47581E+02  0.46580E+02
  0.82886E+02  0.10003E+03  0.69855E+02  0.25439E+02  0.14766E+02  0.23563E+01
 -0.13849E+02 -0.23386E+02 -0.19846E+02  0.86267E+01  0.31961E+02  0.42759E+02
  0.42466E+02  0.46360E+02  0.27736E+02 -0.28114E+02 -0.70409E+02 -0.53952E+02
 -0.12785E+02 -0.13431E+02 -0.33901E+02 -0.34114E+02 -0.31835E+02 -0.43808E+02
 -0.63042E+02 -0.61441E+02 -0.42569E+02 -0.31641E+02 -0.45886E+01  0.30572E+02
  0.46217E+02  0.43856E+02  0.40326E+02  0.36651E+02  0.29186E+02  0.12021E+02
 -0.82197E+01 -0.95118E+01  0.14433E+02  0.78642E+01 -0.42641E+01 -0.17985E+02
 -0.24623E+02 -0.24067E+01  0.25715E+02  0.24322E+02 -0.30678E+01 -0.41198E+01
 -0.90929E+01 -0.34388E+02 -0.34186E+02  0.54013E+01  0.49544E+02  0.60970E+02
  0.21074E+02 -0.16804E+02 -0.35269E+02 -0.24024E+02 -0.99212E+01 -0.49072E+01
 -0.16098E+01 -0.17977E+02 -0.18547E+02 -0.25994E+01 -0.17316E+01  0.81111E+01
  0.29963E+02  0.33411E+02  0.39482E+02  0.66360E+02  0.72264E+02  0.46109E+02
  0.14449E+01 -0.50742E+02 -0.82702E+02 -0.90736E+02 -0.77725E+02 -0.72720E+02
 -0.60414E+02 -0.33208E+02 -0.11017E+02  0.60184E+01  0.17451E+02  0.46555E+02
  0.69374E+02  0.62991E+02  0.30531E+02 -0.81488E+01 -0.11354E+02  0.10403E+01
  0.14456E+01  0.15299E+02  0.23704E+02  0.21950E+02  0.59746E+01 -0.77012E+01
  0.39201E+01 -0.80802E+01 -0.33495E+02 -0.30565E+02 -0.15753E+01  0.21893E+02
  0.50665E+02  0.54752E+02  0.34770E+02  0.23746E+02  0.28155E+01 -0.22846E+02
 -0.35352E+02 -0.27805E+02 -0.35856E+02 -0.60047E+02 -0.60997E+02 -0.46712E+02
 -0.35685E+02 -0.26974E+02 -0.56807E+01  0.22359E+02  0.40185E+02  0.58947E+02
  0.70973E+02  0.60244E+02  0.28523E+02  0.36703E+01 -0.13486E+01 -0.97186E+01
 -0.31687E+02 -0.43901E+02 -0.35670E+02 -0.17840E+02 -0.15943E+02 -0.77131E+01
  0.25360E+02  0.37049E+02  0.12646E+02 -0.32734E+01  0.50323E+01  0.64296E+01
  0.26478E+01  0.10973E+02  0.21867E+02  0.13606E+02 -0.26767E+01  0.21786E+02
  0.33275E+02  0.13504E+02 -0.12885E+00 -0.21430E+02 -0.39175E+02 -0.44234E+02
 -0.41375E+02 -0.29271E+02 -0.11155E+02  0.61862E+01  0.19063E+02  0.23227E+02
  0.27386E+02  0.24877E+02  0.20117E+02  0.17892E+02 -0.44135E+01 -0.41026E+02
 -0.59044E+02 -0.49772E+02 -0.19381E+02  0.12343E+02  0.26800E+02  0.23093E+02
  0.98228E+01  0.56312E+01  0.88503E+01  0.86000E+01  0.85064E+01 -0.69614E+00
  0.30321E+01  0.19487E+02  0.31896E+02  0.19029E+02  0.80959E+01  0.12782E+02
  0.53573E+01 -0.12459E+01  0.26617E+01 -0.63493E+01 -0.33786E+02 -0.37006E+02
 -0.11740E+02 -0.12707E+02 -0.34454E+02 -0.45175E+02 -0.48462E+02 -0.51817E+02
 -0.32012E+02  0.99218E+00  0.23056E+02  0.38579E+02  0.51916E+02  0.49688E+02
  0.49524E+02  0.65155E+02  0.59437E+02  0.34361E+02 -0.37390E+01 -0.33352E+02
 -0.45826E+02 -0.46491E+02 -0.38318E+02 -0.23346E+02 -0.64652E+01 -0.18724E+01
 -0.56927E+01 -0.58661E+01  0.89862E+01  0.36159E+02  0.59092E+02  0.42426E+02
  0.83099E+01 -0.35253E+01 -0.66740E+01 -0.20719E+02 -0.34925E+02 -0.52307E+02
 -0.57644E+02 -0.33692E+02 -0.20767E+01  0.19125E+02  0.33727E+02  0.42711E+02
  0.44942E+02  0.53082E+02  0.46373E+02  0.18847E+02 -0.61569E+01 -0.18269E+02
 -0.29032E+02 -0.27127E+02 -0.16481E+02 -0.29467E+02 -0.50164E+02 -0.43095E+02
 -0.20844E+02 -0.24365E+02 -0.25406E+02  0.61254E+01  0.30606E+02  0.46255E+02
  0.73685E+02  0.68433E+02  0.25750E+02  0.10003E+02  0.19914E+02  0.90193E+01
 -0.80463E+01 -0.14978E+02 -0.26365E+02 -0.31624E+02 -0.24266E+02 -0.42773E+02
 -0.46952E+02 -0.21136E+02 -0.99186E+01 -0.71674E+01 -0.19061E+02 -0.21567E+02
 -0.94981E+01  0.57248E+01  0.23448E+02  0.28810E+02  0.34072E+02  0.18706E+02
 -0.53870E+01  0.14328E+01  0.15107E+02  0.65470E+01 -0.95546E+01  0.75529E+01
  0.32439E+02  0.14591E+02 -0.66507E+01 -0.11718E+02 -0.29370E+02 -0.42083E+02
 -0.29760E+02 -0.16732E+02 -0.43742E+01  0.21519E+02  0.30558E+02  0.94527E+01
 -0.22766E+01  0.44729E+01  0.45816E+01 -0.91183E+01 -0.13167E+02  0.11374E+01
  0.14307E+02  0.14039E+02  0.61505E+01  0.50952E+00  0.97260E+01  0.25268E+02
  0.23811E+02  0.22621E+02  0.21507E+02  0.38197E+01 -0.34133E+01  0.20260E+00
 -0.37739E+01 -0.14085E+02 -0.30634E+02 -0.42402E+02 -0.42677E+02 -0.21042E+02
  0.24287E+02  0.49687E+02  0.39959E+02  0.11849E+02 -0.15517E+02 -0.24583E+02
 -0.17719E+02  0.36818E+01  0.16569E+02  0.16106E+02  0.18594E+02  0.16570E+02
  0.76324E+01 -0.20733E+01 -0.10789E+02 -0.62069E+01  0.69983E+01  0.87560E+01
 -0.10742E+00  0.98587E+00  0.20723E+02  0.17827E+02 -0.48604E+01 -0.11975E+02
 -0.12979E+01 -0.12686E+02 -0.28954E+02 -0.10731E+02 -0.10121E+02 -0.41573E+02
 -0.49971E+02 -0.26263E+02 -0.75819E+01  0.86428E+01  0.18281E+02  0.12664E+02
  0.10402E+01 -0.10382E+02 -0.11351E+02 -0.18743E+01  0.13136E+02  0.20843E+02
  0.28133E+02  0.33654E+02  0.25414E+02  0.60024E+01 -0.21986E+02 -0.46298E+02
 -0.41352E+02 -0.13581E+02  0.15400E+02  0.18051E+02 -0.15000E+02 -0.34031E+02
 -0.38522E+02 -0.27163E+02 -0.10645E+02 -0.88141E+01  0.10729E+02  0.41884E+02
  0.53021E+02  0.59741E+02  0.52678E+02  0.26361E+02 -0.61487E+01 -0.25533E+02
 -0.31023E+02 -0.14040E+02  0.49688E+01 -0.34130E+00 -0.77395E+01 -0.21473E+02
 -0.20561E+02 -0.21681E+01 -0.99333E+00 -0.35952E+01 -0.84645E+01 -0.19451E+02
 -0.84194E+01  0.21848E+02  0.37550E+02  0.32769E+02  0.29735E+02  0.28877E+02
  0.16694E+02  0.21669E+01 -0.14208E+02 -0.11013E+02  0.15434E+02  0.26527E+02
  0.22179E+02  0.23062E+02  0.15888E+02 -0.10948E+02 -0.18227E+02 -0.10648E+02
 -0.12260E+02 -0.10726E+02 -0.14568E+02 -0.27196E+02 -0.38285E+02 -0.30536E+02
 -0.88575E+01  0.84226E+01  0.15231E+02  0.12135E+01 -0.18909E+02 -0.13223E+02
  0.16098E+02  0.27580E+02  0.16348E+02  0.94718E+01  0.28878E+01 -0.61110E+01
 -0.20731E+02 -0.33992E+02 -0.43539E+02 -0.43270E+02 -0.34029E+02 -0.17180E+02
  0.81280E+01  0.21826E+02  0.31372E+02  0.42586E+02  0.49470E+02  0.46028E+02
  0.41207E+02  0.28848E+02  0.43895E+01 -0.12791E+02 -0.17040E+02 -0.10068E+02
 -0.73837E+00  0.85250E+01  0.26317E+02  0.24143E+02 -0.14781E+00 -0.18268E+02
 -0.18484E+02 -0.78078E+01 -0.20216E+01 -0.77303E+01 -0.11414E+02 -0.78328E+01
 -0.25789E+02 -0.53613E+02 -0.58783E+02 -0.38337E+02 -0.12541E+02 -0.46849E+00
  0.84143E+01  0.17761E+02  0.27163E+02  0.30529E+02  0.28199E+02  0.21557E+02
  0.25240E+01 -0.11470E+01  0.52515E+01  0.10583E+02  0.35443E+01 -0.11388E+02
 -0.14218E+02 -0.67241E+01 -0.10881E+01 -0.18828E+01 -0.10058E+02 -0.18696E+02
 -0.97328E+01  0.68400E+01  0.18311E+02  0.12903E+02  0.70755E+00 -0.17033E+01
  0.30698E+01  0.59524E+01 -0.10093E+01 -0.18347E+02 -0.31984E+02 -0.43552E+02
 -0.38594E+02 -0.18374E+02 -0.18566E+02 -0.29475E+02 -0.15874E+02  0.13982E+02
  0.47761E+02  0.73220E+02  0.67172E+02  0.55748E+02  0.48897E+02  0.31252E+02
  0.24076E+02  0.17047E+02 -0.78651E+01 -0.26251E+02 -0.36043E+02 -0.38137E+02
 -0.21549E+02 -0.96648E+01 -0.17599E+02 -0.26108E+02 -0.13352E+02  0.17101E+01
  0.56627E+01  0.98295E+01  0.85129E+01 -0.61209E+01 -0.16262E+02 -0.39861E+01
  0.20601E+02  0.39259E+02  0.48894E+02  0.34658E+02  0.11962E+02  0.45388E+01
  0.75653E+00 -0.16337E+02 -0.22082E+02 -0.97581E+01 -0.13482E+01  0.47976E+01
  0.13233E+02  0.15418E+02  0.75333E+01 -0.47596E+01 -0.99370E+01 -0.82409E+00
 -0.12275E+02 -0.49844E+02 -0.70643E+02 -0.61011E+02 -0.40244E+02 -0.16987E+02
 -0.44156E+01  0.45490E+01  0.22570E+02  0.46564E+02  0.65772E+02  0.62925E+02
  0.47941E+02  0.31194E+02  0.10607E+02 -0.11784E+02 -0.28049E+02 -0.34571E+02
 -0.27037E+02 -0.28624E+02 -0.37618E+02 -0.26279E+02 -0.43411E+01 -0.26848E+01
 -0.50348E+01  0.34106E+01  0.73064E+01 -0.39606E+01 -0.60215E+01  0.12771E+02
  0.32536E+02  0.39370E+02  0.31158E+02  0.13759E+02 -0.90040E+01 -0.32597E+02
 -0.36539E+02 -0.20436E+02 -0.91889E+01 -0.98313E+01 -0.15501E+02 -0.92654E+01
  0.88186E+00  0.91904E+01  0.98142E+01 -0.75863E+01 -0.21674E+02 -0.71536E+01
  0.14655E+02  0.19287E+02  0.18207E+02  0.12335E+02  0.43638E+01  0.57914E+01
  0.13982E+00 -0.23163E+02 -0.37592E+02 -0.20222E+02  0.16142E+02  0.52164E+02
  0.66473E+02  0.51584E+02  0.26572E+02  0.12843E+02  0.86701E+01 -0.75633E+01
 -0.27245E+02 -0.33127E+02 -0.30082E+02 -0.25632E+02 -0.16910E+02 -0.15253E+01
  0.14554E+02  0.24975E+02  0.41467E+02  0.48023E+02  0.33179E+02  0.15556E+02
 -0.17703E+00 -0.81999E+01 -0.18100E+02 -0.32852E+02 -0.42004E+02 -0.48642E+02
 -0.40252E+02 -0.17051E+02  0.11196E+02  0.21540E+02  0.98041E+01 -0.12508E+02
 -0.23159E+02 -0.22526E+02 -0.27392E+02 -0.25395E+02 -0.68543E+01  0.20569E+02
  0.41011E+02  0.52536E+02  0.56326E+02  0.46960E+02  0.28520E+02  0.19608E+02
  0.70492E-01 -0.25196E+02 -0.36056E+02 -0.33812E+02 -0.29065E+02 -0.45569E+02
 -0.43192E+02 -0.17467E+02 -0.42519E+01  0.66559E+01  0.23037E+02  0.27367E+02
  0.25351E+02  0.27703E+02  0.33164E+02  0.28969E+02  0.92633E+01 -0.11513E+02
 -0.28438E+02 -0.40848E+02 -0.41349E+02 -0.25475E+02 -0.67421E+01 -0.15111E+01
 -0.13271E+02 -0.23676E+02 -0.15962E+02 -0.11610E+02 -0.83463E+01  0.75607E+01
  0.27025E+02  0.31950E+02  0.35536E+02  0.46081E+02  0.45030E+02  0.41926E+02
  0.28541E+02 -0.12870E+01 -0.17039E+02 -0.24366E+02 -0.37423E+02 -0.36192E+02
 -0.18271E+02 -0.16687E+02 -0.26864E+02 -0.19199E+02 -0.89904E+01 -0.13426E+02
 -0.18822E+02 -0.21730E+02 -0.10317E+02  0.10301E+02  0.18803E+02  0.21027E+02
  0.20250E+02  0.16264E+02  0.70853E+01  0.93195E+00  0.16534E+01  0.43151E+01
  0.97367E+01  0.75214E+01  0.50240E+01  0.24855E+01  0.50570E+01  0.19623E+02
  0.35010E+02  0.29113E+02  0.12356E+02 -0.38741E+01 -0.15925E+02 -0.13198E+02
 -0.70439E+01 -0.14635E+02 -0.31607E+02 -0.35086E+02 -0.25651E+02 -0.11312E+02
  0.76693E+01  0.18179E+02  0.19446E+02  0.12311E+02  0.18342E+01  0.17043E+01
  0.94342E+01  0.67638E+01 -0.19961E+01 -0.84793E+01 -0.14353E+02 -0.81730E+01
 -0.15933E+01 -0.52243E+01  0.89322E+01  0.28631E+02  0.37731E+02  0.42046E+02
  0.39031E+02  0.27098E+02  0.99514E+01 -0.60830E+01 -0.27062E+02 -0.45014E+02
 -0.45792E+02 -0.35545E+02 -0.25726E+02 -0.15982E+02 -0.28907E+01  0.90728E+01
  0.42044E+01 -0.66469E+01  0.82654E-01  0.70354E+01  0.95611E+01  0.11657E+02
  0.65927E+01  0.47383E+01  0.59138E+01  0.37853E+01  0.35253E+01  0.52213E+01
  0.11467E+02  0.18600E+02  0.29775E+02  0.28901E+02  0.99283E+01 -0.74344E+01
 -0.17481E+02 -0.22435E+02 -0.20229E+02 -0.27421E+01  0.13512E+02  0.16496E+02
  0.13613E+02  0.65224E+00 -0.15904E+02 -0.22782E+02 -0.27934E+02 -0.33040E+02
 -0.25496E+02 -0.15615E+02 -0.10675E+02 -0.71717E+00  0.64679E+01 -0.27319E+01
 -0.23135E+01  0.90658E+01  0.93183E+01  0.97981E+01  0.11400E+02  0.17803E+01
 -0.82604E+01 -0.72137E+01 -0.51516E+01  0.34812E-01  0.14644E+02  0.32031E+02
  0.34009E+02  0.21783E+02  0.15082E+02  0.11197E+02  0.46199E+01 -0.42472E+01
 -0.14578E+02 -0.24955E+02 -0.25307E+02 -0.13766E+02 -0.66597E+01 -0.19580E+01
 -0.40097E+01 -0.18096E+02 -0.28233E+02 -0.26135E+02 -0.14479E+02  0.37457E+01
  0.21131E+02  0.29662E+02  0.29384E+02  0.16999E+02 -0.20495E+01 -0.17794E+02
 -0.22898E+02 -0.23083E+02 -0.16644E+02 -0.50277E+01  0.16207E+01  0.18536E+01
 -0.69248E+01 -0.12959E+02 -0.86583E+01 -0.53560E+01 -0.32625E+01  0.63009E+01
  0.20755E+02  0.30715E+02  0.32299E+02  0.21344E+02  0.12063E+02  0.45277E+01
 -0.65006E+01 -0.20702E+02 -0.30708E+02 -0.31225E+02 -0.28531E+02 -0.11509E+02
  0.15144E+02  0.33425E+02  0.35405E+02  0.31252E+02  0.24823E+02  0.19012E+02
  0.15085E+02  0.57318E+01 -0.91506E+01 -0.26971E+02 -0.32850E+02 -0.19119E+02
 -0.87591E+01 -0.83679E+01 -0.51205E+01 -0.48816E+01 -0.42185E+01 -0.19130E+01
 -0.51142E+00 -0.29456E+01 -0.89981E+01 -0.85265E+01  0.29387E+01  0.18798E+02
  0.31802E+02  0.31201E+02  0.20717E+02  0.15884E+02  0.15115E+02  0.99183E+01
 -0.21709E+01 -0.14530E+02 -0.12390E+02 -0.11984E+02 -0.15063E+02 -0.12460E+02
 -0.77363E+01  0.16203E+01  0.12511E+02  0.17262E+02  0.11798E+02  0.40959E+01
  0.18777E+01  0.17141E+01 -0.55572E+01 -0.17042E+02 -0.23961E+02 -0.23664E+02
 -0.14037E+02  0.28408E+01  0.20365E+02  0.23999E+02  0.13786E+02  0.86202E+01
  0.50246E+01 -0.41669E+01 -0.12309E+02 -0.11660E+02 -0.91825E+01 -0.91963E+01
 -0.44935E+01  0.68412E+01  0.14173E+02  0.95879E+01  0.31279E+01  0.45891E+01
  0.12364E+02  0.15245E+02  0.64205E+01 -0.63571E+01 -0.14505E+02 -0.18939E+02
 -0.13859E+02 -0.16603E+00  0.32205E+01 -0.22906E+01 -0.85502E+01 -0.99742E+01
  0.19317E+00  0.10391E+02  0.10410E+02  0.60690E+01  0.34757E+01  0.24365E+00
  0.48846E+00  0.71030E+01  0.71979E+01 -0.65987E+01 -0.17567E+02 -0.17769E+02
 -0.13860E+02 -0.55340E+01  0.17492E+01  0.47799E+01  0.77646E+01  0.12546E+02
  0.11115E+02  0.38673E+01 -0.12238E+00 -0.39438E+01 -0.15484E+01  0.61974E+01
  0.13550E+02  0.10441E+02 -0.26052E+01 -0.91697E+01 -0.12195E+02 -0.12649E+02
 -0.11125E+02 -0.93690E+01 -0.84005E+01 -0.64205E+01  0.52181E+00  0.44823E+01
  0.10817E+01 -0.40315E+01 -0.13297E+01  0.19614E+01 -0.56866E+00 -0.38418E+01
 -0.10119E+01  0.70342E+01  0.57559E+01  0.11434E+01  0.19938E+01  0.66663E+01
  0.68298E+01  0.61292E+01  0.84833E+01  0.22094E+01 -0.77140E+01 -0.89126E+01
 -0.35761E+01 -0.46404E+01 -0.16026E+02 -0.23784E+02 -0.17426E+02 -0.43218E+01
  0.21594E+01  0.69195E+00  0.11556E+01  0.16773E+01 -0.26927E+01 -0.53674E+01
  0.30735E+01  0.16055E+02  0.19973E+02  0.16874E+02  0.11823E+02  0.11193E+02
  0.62434E+01 -0.40465E+01 -0.67086E+01 -0.77294E+01 -0.98788E+01 -0.84382E+01
 -0.52831E+01 -0.44097E+01 -0.57512E-01  0.50472E+01  0.73523E+01  0.41346E+01
 -0.13421E+00 -0.31059E+01 -0.20768E+01  0.37421E+01  0.59849E+01  0.41639E+01
  0.52426E+01  0.92162E+01  0.12099E+02  0.13353E+02  0.10626E+02  0.86381E+01
  0.57853E+01 -0.54637E+00 -0.40915E+01 -0.60334E+01 -0.68064E+01 -0.40455E+01
 -0.34659E+00  0.35796E+01  0.25062E+01  0.33104E+00  0.18707E+01 -0.23339E+01
 -0.11973E+02 -0.18844E+02 -0.17684E+02 -0.93928E+01  0.42939E+00  0.70661E+01
  0.10280E+02  0.10468E+02  0.75455E+01  0.68647E+01  0.84173E+01  0.54582E+01
 -0.61792E+00 -0.72482E+01 -0.10954E+02 -0.87831E+01 -0.61521E+01 -0.11044E+01
  0.44370E+01  0.44314E+01  0.25634E+01  0.17765E+01  0.11217E+00 -0.43776E+01
 -0.52348E+01  0.18075E+01  0.23581E+01 -0.43241E+01 -0.78385E+01 -0.10793E+02
 -0.10118E+02 -0.49887E+01 -0.34723E+01 -0.50589E+01 -0.53619E+01  0.28065E+00
  0.75033E+01  0.12211E+02  0.14366E+02  0.14174E+02  0.10375E+02  0.80984E+01
  0.86631E+01  0.70009E+01  0.34369E+00 -0.80782E+01 -0.10492E+02 -0.12673E+02
 -0.15160E+02 -0.12498E+02 -0.77867E+01 -0.24179E+01  0.12887E+01  0.25026E+00
 -0.37380E+01 -0.47982E+01 -0.15451E+01  0.37231E+01  0.91544E+01  0.10528E+02
  0.86895E+01  0.58639E+01  0.50270E+01  0.48997E+01  0.25314E+01 -0.13137E+01
 -0.56739E+01 -0.88731E+01 -0.10827E+02 -0.11013E+02 -0.85576E+01 -0.59089E+01
 -0.37780E+01  0.66628E+00  0.30284E+01  0.36270E+01  0.68615E+01  0.93495E+01
  0.94322E+01  0.92577E+01  0.66702E+01  0.12921E+01 -0.28158E+01 -0.57504E+01
 -0.68786E+01 -0.37717E+01 -0.48179E+00  0.95145E+00  0.38284E+01  0.73859E+01
  0.77552E+01  0.59306E+01  0.60569E+01  0.33325E+01 -0.58234E+00 -0.67738E+00
 -0.12434E+01 -0.15757E+01 -0.19755E+00  0.14327E+01  0.10770E+01 -0.84181E+00
 -0.55712E+00  0.76370E+00  0.28223E+00 -0.86178E+00 -0.11684E+01 -0.13826E+01
 -0.43261E+01 -0.66392E+01 -0.40508E+01 -0.22327E+01 -0.22963E+01 -0.64545E-01
  0.65852E+00 -0.10234E+01 -0.45622E+01 -0.63294E+01 -0.52887E+01 -0.43761E+01
 -0.27514E+01 -0.86357E+00  0.11601E+01  0.35275E+01  0.69040E+01  0.95704E+01
  0.88309E+01  0.58510E+01  0.44153E+01  0.34880E+01  0.23342E+00 -0.17708E+01
 -0.26693E+01 -0.51535E+01 -0.70579E+01 -0.61524E+01 -0.55978E+01 -0.56607E+01
 -0.48398E+01 -0.33308E+01 -0.15616E+01 -0.16366E+00  0.16012E+01  0.94939E+00
 -0.10302E+01 -0.11597E+01  0.31005E+00  0.24339E+01  0.50540E+01  0.65181E+01
  0.49534E+01  0.31766E+01  0.27024E+01  0.19450E+01 -0.14355E+00 -0.58813E+00
  0.87675E+00  0.13418E+01  0.25769E+00  0.70579E+00  0.18657E+01  0.23390E+01
  0.14735E+01 -0.10825E+01 -0.31497E+01 -0.26917E+01 -0.73689E+00 -0.39077E+00
 -0.12942E+01 -0.65418E+00 -0.11299E+00 -0.84745E+00 -0.83849E+00 -0.13357E+01
 -0.25184E+01 -0.16455E+01  0.55344E+00  0.25622E+01  0.37180E+01  0.37450E+01
  0.30609E+01  0.10188E+01 -0.77310E+00 -0.11176E+01 -0.12021E+01 -0.22532E+01
 -0.23160E+01 -0.20641E+01 -0.17653E+01 -0.12832E+01 -0.16651E+01 -0.21683E+01
 -0.13326E+01 -0.32991E-01  0.42458E+00  0.15440E+01  0.29268E+01  0.23623E+01
  0.13167E+01  0.11191E+01 -0.81249E+00 -0.29421E+01 -0.27645E+01 -0.20511E+01
 -0.96432E+00 -0.41228E+00  0.46354E+00  0.67622E+00  0.43026E+00  0.85206E+00
  0.97058E+00  0.13153E+01  0.12321E+01  0.72927E+00  0.10202E+01  0.15348E+01
  0.13797E+01  0.18275E+01  0.21538E+01  0.14581E+01  0.72595E+00 -0.51733E+00
 -0.14230E+01 -0.10845E+01 -0.11019E+01 -0.17820E+01 -0.27040E+01 -0.29557E+01
 -0.11121E+01  0.72162E+00  0.14488E+01  0.14916E+01  0.72344E+00  0.27133E+00
  0.64990E+00  0.16156E+01  0.20973E+01  0.19622E+01  0.17204E+01  0.84361E+00
  0.35538E-01 -0.71442E+00 -0.15384E+01 -0.13953E+01 -0.71388E+00 -0.63233E+00
 -0.10554E+01 -0.15059E+01 -0.18693E+01 -0.12997E+01  0.65031E-01  0.15964E+00
 -0.21575E+00  0.65351E-01  0.67802E+00  0.13887E+01  0.20003E+01  0.23347E+01
  0.16014E+01  0.31157E+00 -0.63215E-01 -0.35940E+00 -0.11739E+01 -0.15044E+01
 -0.14581E+01 -0.11284E+01 -0.68609E+00 -0.88030E+00 -0.99686E+00 -0.27848E+00
  0.84759E+00  0.17921E+01  0.16715E+01  0.10686E+01  0.81713E+00  0.10520E+01
  0.70691E+00  0.34843E-02 -0.36183E+00 -0.73045E+00 -0.10049E+01 -0.88866E+00
 -0.43055E+00 -0.49379E+00 -0.92979E+00 -0.11792E+01 -0.87545E+00 -0.49370E+00
 -0.75819E-01  0.26896E+00  0.80591E-02 -0.56527E+00 -0.45908E+00 -0.20514E+00
 -0.31965E+00 -0.33715E+00 -0.10930E+00  0.18565E+00  0.26008E+00  0.80289E-01
  0.39068E+00  0.98312E+00  0.12332E+01  0.92037E+00  0.39123E+00  0.30147E-01
 -0.25912E+00 -0.74313E+00 -0.73239E+00 -0.26097E+00 -0.17958E+00 -0.38672E+00
 -0.33037E+00  0.44656E-01  0.30293E+00  0.43832E+00  0.64990E+00  0.60740E+00
  0.30944E+00  0.80168E-01  0.38515E-01  0.58337E-01 -0.44765E-01 -0.33031E+00
 -0.42157E+00 -0.33641E+00 -0.17491E+00 -0.48547E-01  0.12239E-02 -0.47703E-01
 -0.11895E+00 -0.16606E+00 -0.10778E+00 -0.30675E-01  0.53473E-01  0.97390E-01
  0.75040E-01  0.97305E-01  0.11813E+00  0.13413E+00  0.27649E+00  0.28062E+00
  0.23489E+00  0.21312E+00  0.21487E+00  0.12269E+00  0.66897E-03 -0.12489E+00
 -0.16917E+00 -0.14478E+00 -0.10575E+00 -0.79884E-01  0.15818E-01  0.39803E-01
 -0.29219E-02 -0.62996E-01 -0.56855E-01 -0.53820E-01  0.13327E-01  0.61655E-01
  0.48950E-01 -0.29514E-01 -0.31488E-01  0.18305E-01  0.66043E-01  0.37921E-01
 -0.17888E-01 -0.79006E-01 -0.77469E-01 -0.28982E-01  0.14907E-01 -0.22188E-01
 -0.14235E-01  0.50110E-02  0.20204E-01  0.28468E-01  0.62129E-01  0.55788E-01
  0.38780E-01  0.29358E-02  0.34171E-02 -0.14873E-01 -0.20699E-01 -0.29172E-01
 -0.14319E-01 -0.58809E-02  0.12692E-01 -0.22242E-02 -0.12571E-02 -0.10458E-01
  0.13570E-02 -0.37343E-02  0.20545E-02 -0.12827E-01 -0.40254E-02 -0.59413E-02
  0.51284E-02 -0.38752E-02  0.39015E-02 -0.43193E-02  0.44199E-02 -0.34543E-02
  0.48299E-02 -0.40203E-02  0.41091E-02 -0.41124E-02
