-9.239200000000000745e-01
-1.477500000000000036e+00
-5.259400000000000297e+00
-2.021499999999999986e+01
-4.370499999999999829e+01
-3.830400000000000205e+01
3.679400000000000404e+01
6.757300000000000750e+01
6.158800000000000097e+01
-2.473600000000000065e+01
-1.536899999999999977e+02
-2.226299999999999955e+02
-1.795000000000000000e+02
7.659499999999999886e+01
1.240900000000000034e+02
1.257199999999999989e+02
2.827500000000000124e+00
-2.044000000000000057e+02
-1.832800000000000011e+02
-7.398799999999999955e+01
7.263299999999999557e+01
1.448600000000000136e+02
1.160199999999999960e+02
3.766599999999999682e+01
-4.259000000000000341e+01
-9.434299999999998931e+01
3.050000000000000000e+01
1.157800000000000011e+02
-1.044500000000000028e+02
-9.844100000000000250e+01
1.253700000000000081e+01
-1.380699999999999932e+02
-5.857000000000000028e+01
1.202999999999999972e+02
9.798899999999999011e+01
-1.965500000000000114e+02
-2.168799999999999955e+02
-7.803799999999999670e+01
-1.208900000000000006e+02
-7.481399999999999295e+01
-7.686499999999999488e+01
-1.380699999999999932e+02
-2.268499999999999943e+02
1.957199999999999918e+01
1.227600000000000051e+02
5.330199999999999960e+01
4.699000000000000199e+01
1.694699999999999989e+02
2.755699999999999932e+02
1.827800000000000011e+02
8.897899999999999920e+01
8.070899999999999963e+00
1.348100000000000023e+02
1.000199999999999960e+02
-1.049000000000000057e+02
-8.078300000000000125e+01
9.411499999999999488e+01
-1.164599999999999902e+01
-3.795799999999999841e+01
4.986800000000000210e+01
3.253999999999999915e+01
3.294599999999999795e+01
8.368299999999999272e+01
1.944999999999999929e+01
-3.591299999999999955e+02
-3.298999999999999773e+02
-1.588199999999999932e+02
-2.120699999999999932e+02
-1.576299999999999955e+02
1.195799999999999983e+02
6.214800000000000324e+01
-8.489200000000001012e+01
-4.913000000000000256e+01
-1.396900000000000119e+01
1.139799999999999924e+00
5.119899999999999807e+01
1.550500000000000114e+02
8.151500000000000057e+01
1.207900000000000063e+02
1.488400000000000034e+02
1.353400000000000034e+02
3.517999999999999972e+01
-6.402400000000000091e+01
9.259200000000001296e+01
2.248199999999999932e+02
2.695199999999999818e+02
1.081500000000000057e+02
-2.348700000000000045e+02
-2.778600000000000136e+02
-1.723300000000000125e+02
-1.064699999999999989e+02
9.381199999999999761e+00
2.518199999999999861e+01
1.570500000000000114e+02
2.681600000000000250e+02
2.996399999999999864e+02
3.962799999999999727e+02
4.494900000000000091e+02
4.478500000000000227e+02
4.502099999999999795e+02
4.030199999999999818e+02
3.469900000000000091e+02
4.229100000000000250e+02
4.423700000000000045e+02
3.923700000000000045e+02
3.880600000000000023e+02
3.099100000000000250e+02
1.696100000000000136e+02
1.473600000000000136e+02
4.185999999999999943e+01
9.185399999999999920e+01
2.090900000000000034e+02
2.073300000000000125e+02
4.906600000000000250e+01
-1.655300000000000011e+02
-2.864499999999999886e+02
-6.828799999999999955e+02
-3.603799999999999955e+02
-4.990699999999999648e+01
-4.026800000000000068e+02
-3.530400000000000205e+02
-4.358000000000000114e+02
-5.885399999999999636e+02
-5.455199999999999818e+02
-4.106100000000000136e+02
-1.896999999999999886e+02
-3.691100000000000136e+01
-9.157099999999999795e+01
-3.562400000000000091e+02
-1.658199999999999932e+02
-5.042399999999999949e+01
-2.699200000000000159e+02
-4.129900000000000091e+02
-2.906499999999999773e+02
-4.968199999999999932e+02
-6.533500000000000227e+02
-2.200800000000000125e+02
2.940299999999999727e+02
8.317400000000000091e+02
9.676100000000000136e+02
2.294399999999999977e+02
-4.849599999999999795e+02
-5.392599999999999909e+02
-5.469800000000000182e+02
-2.025199999999999889e+01
3.516399999999999864e+02
1.638100000000000023e+02
-1.635099999999999909e+02
-4.698999999999999773e+02
-6.128200000000000500e+02
-4.677400000000000091e+02
4.497899999999999920e+01
3.566600000000000250e+02
3.743899999999999864e+02
4.284399999999999977e+02
4.412799999999999727e+02
5.554900000000000091e+02
4.684100000000000250e+02
-4.412500000000000000e+01
-2.864900000000000091e+01
4.421600000000000108e+01
-2.718999999999999773e+02
-3.394700000000000273e+02
-3.680099999999999909e+02
-4.596800000000000068e+02
-6.887000000000000455e+02
-6.210800000000000409e+02
-4.575000000000000000e+01
4.000199999999999818e+02
6.108999999999999773e+02
6.638899999999999864e+02
7.410199999999999818e+02
6.906200000000000045e+02
3.564499999999999886e+02
5.179299999999999926e+01
-2.395699999999999719e+01
2.616300000000000026e+01
1.679499999999999886e+02
-4.331000000000000405e+00
-3.479599999999999795e+02
-1.057099999999999937e+02
2.258700000000000045e+02
2.152800000000000011e+02
7.250499999999999545e+01
-8.548899999999999011e+01
-1.613499999999999943e+02
-1.635500000000000114e+02
-4.118899999999999295e+01
2.196200000000000045e+02
3.622699999999999818e+02
3.727699999999999818e+02
2.676499999999999773e+02
-1.771399999999999864e+02
-5.269900000000000091e+02
-5.555199999999999818e+02
-6.051200000000000045e+02
-4.722099999999999795e+02
1.858199999999999932e+02
4.544200000000000159e+02
4.591200000000000045e+02
5.877999999999999545e+02
6.311100000000000136e+02
5.648700000000000045e+02
4.924800000000000466e+01
-5.214600000000000364e+02
-8.332100000000000364e+02
-7.533099999999999454e+02
-4.691399999999999864e+02
-1.624399999999999977e+02
1.643900000000000006e+01
-2.864800000000000324e+01
1.521100000000000136e+02
4.247400000000000091e+02
4.651999999999999886e+02
8.515100000000001046e+01
-4.283700000000000045e+02
-5.734400000000000546e+02
-6.296399999999999864e+02
-4.906000000000000227e+02
-1.620800000000000125e+02
5.592499999999999716e+01
2.549600000000000080e+02
4.964900000000000091e+02
5.671799999999999500e+02
4.245899999999999750e+02
9.348700000000000898e+01
-3.245400000000000205e+02
-2.050999999999999943e+02
2.015900000000000247e+01
3.016499999999999915e+01
-3.514300000000000068e+01
4.932800000000000296e+01
3.026800000000000068e+02
3.771399999999999864e+02
5.130599999999999454e+02
6.031900000000000546e+02
5.411499999999999773e+02
1.530900000000000034e+02
-4.240699999999999932e+02
-5.382599999999999909e+02
-3.081399999999999864e+02
-1.052000000000000028e+02
3.940699999999999648e+01
1.400600000000000023e+02
1.051500000000000057e+02
-4.159899999999999665e+01
-1.984499999999999886e+02
-3.274300000000000068e+02
-2.759900000000000091e+02
-1.862400000000000091e+02
-1.903000000000000114e+02
5.626399999999999579e+01
2.968399999999999750e+02
1.072800000000000011e+02
-1.485399999999999920e+02
-2.127299999999999898e+02
-6.806700000000000195e+00
2.288600000000000136e+02
2.696100000000000136e+02
1.989799999999999898e+02
-4.675800000000000267e+01
-9.480899999999999750e+01
-9.264600000000000080e+01
-2.056500000000000057e+02
-1.859799999999999898e+02
-1.997299999999999898e+02
-2.364399999999999977e+02
-3.055299999999999727e+02
-3.326499999999999773e+02
-2.338000000000000114e+02
-1.133499999999999943e+02
-7.510899999999999466e+01
-8.864299999999998647e+01
-2.955000000000000071e+01
-4.243699999999999695e-01
9.001400000000000290e+00
1.054500000000000028e+02
1.252699999999999960e+02
6.115800000000000125e+01
1.337199999999999989e+01
-6.875100000000000477e+01
-8.080800000000000693e+01
4.082800000000000296e+01
2.680600000000000094e+00
-1.252999999999999936e+01
7.423199999999999932e+01
7.759799999999999898e+01
1.404499999999999886e+02
1.809799999999999898e+02
1.961800000000000068e+02
2.695600000000000023e+02
3.493399999999999750e+02
3.873700000000000045e+02
3.472099999999999795e+02
2.998600000000000136e+02
2.750099999999999909e+02
2.267899999999999920e+02
2.408100000000000023e+02
1.502299999999999898e+02
-4.663199999999999790e+01
-2.546599999999999966e+02
-4.928299999999999841e+02
-5.544199999999999591e+02
-3.771100000000000136e+02
-1.037999999999999972e+02
1.290200000000000102e+02
1.601500000000000057e+02
-1.969399999999999977e+02
-6.500000000000000000e+02
-7.046499999999999773e+02
-6.171799999999999500e+02
-3.559599999999999795e+02
3.723199999999999932e+02
6.272899999999999636e+02
5.475299999999999727e+02
5.463500000000000227e+02
3.047099999999999795e+02
1.037199999999999989e+02
1.992500000000000000e+02
2.444199999999999875e+02
1.047900000000000098e+01
-1.920000000000000000e+02
-2.606200000000000045e+02
-2.847400000000000091e+02
-1.823799999999999955e+02
5.771899999999999409e+01
1.007600000000000051e+02
3.060599999999999810e+01
-6.326200000000000045e+01
-1.603499999999999943e+02
-4.774600000000000222e+01
9.509299999999998931e+01
-1.733999999999999986e+01
-1.941100000000000136e+02
-2.500600000000000023e+02
-2.729599999999999795e+02
-1.270199999999999960e+02
1.939799999999999898e+02
2.685000000000000000e+02
2.799599999999999795e+02
2.696899999999999977e+02
2.109900000000000091e+02
2.535200000000000102e+02
2.023400000000000034e+02
3.814399999999999835e+01
-6.073899999999999721e+01
-9.551299999999999102e+01
-1.184500000000000028e+02
-1.024599999999999937e+02
-9.473299999999998988e+01
-1.414699999999999989e+02
-1.773300000000000125e+02
-1.079399999999999977e+02
3.250399999999999778e+01
1.902899999999999920e+02
2.124900000000000091e+02
6.889699999999999136e+01
-7.729099999999999682e+01
-1.725800000000000125e+02
-1.631399999999999864e+02
-5.632200000000000095e+00
1.113599999999999994e+02
1.217500000000000000e+02
8.309200000000001296e+01
7.325799999999999557e+01
1.919900000000000162e+01
-3.711599999999999788e+00
9.826000000000000512e+01
1.474199999999999875e+02
9.631200000000001182e+01
-2.281099999999999994e+01
-8.423200000000001353e+01
-4.902399999999999380e+01
1.326500000000000057e+01
-3.367999999999999972e+01
-1.506399999999999864e+02
-1.592199999999999989e+02
-1.107900000000000063e+02
-7.399500000000000455e+01
4.028099999999999881e+01
8.546899999999999409e+01
1.666099999999999781e+01
-2.871999999999999886e+01
2.230199999999999960e+00
4.098799999999999955e+01
3.237599999999999767e+01
4.826399999999999579e+01
1.729899999999999949e+01
-3.853300000000000125e+01
-1.134299999999999997e+01
1.164400000000000013e+01
-3.894400000000000261e+01
-5.435899999999999466e+01
-7.623499999999999943e+01
-1.340200000000000102e+02
-2.035300000000000011e+02
-2.086200000000000045e+02
-2.485500000000000114e+02
-1.813000000000000114e+02
1.610900000000000176e+01
6.220399999999999352e+01
4.566499999999999915e+01
2.974800000000000111e+01
4.802700000000000102e+01
1.059300000000000068e+02
1.691899999999999977e+02
2.213100000000000023e+02
2.348600000000000136e+02
1.755800000000000125e+02
1.477800000000000011e+02
1.620099999999999909e+02
1.309499999999999886e+02
5.665299999999999869e+01
1.329099999999999859e+01
2.481400000000000006e+01
2.190800000000000125e+01
5.613799999999999901e-01
-5.852700000000000102e+01
-1.335399999999999920e+02
-1.925399999999999920e+02
-2.096800000000000068e+02
-1.477700000000000102e+02
-1.383700000000000045e+02
-1.400900000000000034e+02
-7.749500000000000455e+01
-2.510199999999999676e+01
-4.410699999999999932e+01
-5.424399999999999977e+01
5.177399999999999558e+00
5.085999999999999943e+01
7.300300000000000011e+01
1.253599999999999994e+02
1.759799999999999898e+02
1.478600000000000136e+02
1.267999999999999972e+02
1.581299999999999955e+02
1.279099999999999966e+02
2.765900000000000247e+01
-1.885000000000000142e+01
-1.808099999999999952e+01
1.607499999999999929e+01
6.441700000000000159e+01
8.151999999999999602e+01
6.510699999999999932e+01
2.867099999999999937e+01
4.172600000000000620e+01
4.705600000000000449e+01
-4.321399999999999864e+01
-1.428199999999999932e+02
-2.145900000000000034e+02
-2.522500000000000000e+02
-2.054000000000000057e+02
-1.362899999999999920e+02
-8.400399999999999068e+01
-6.817399999999999238e+01
-5.790500000000000114e+01
-9.859100000000000819e+01
-9.065200000000000102e+01
1.125000000000000000e+00
-1.922200000000000131e+01
-1.015099999999999980e+01
1.884299999999999997e+01
6.177199999999999847e+01
1.128799999999999955e+02
1.000199999999999960e+02
9.116700000000000159e+01
1.159300000000000068e+02
7.831499999999999773e+01
4.601099999999999746e+00
-1.852299999999999969e+01
1.751599999999999824e+01
7.800000000000000000e+01
8.858100000000000307e+01
8.700299999999998590e+01
9.710399999999999920e+01
1.321500000000000057e+02
1.364099999999999966e+02
7.690399999999999636e+01
4.133399999999999608e+01
6.997299999999999898e+01
8.694299999999999784e+01
7.725399999999999068e+01
7.240700000000000358e+00
-7.242499999999999716e+01
-1.338100000000000023e+02
-1.859799999999999898e+02
-1.253799999999999955e+02
-7.187999999999999545e+01
-1.001200000000000045e+02
-1.318400000000000034e+02
-1.542700000000000102e+02
-1.711100000000000136e+02
-1.486699999999999875e+02
-1.370300000000000011e+02
-1.209699999999999989e+02
-1.101599999999999966e+02
-6.210899999999999466e+01
3.228199999999999648e+01
7.061199999999999477e+01
6.897599999999999909e+01
6.293100000000000449e+01
7.557099999999999795e+01
8.315399999999999636e+01
1.307100000000000080e+02
1.630399999999999920e+02
1.299199999999999875e+02
3.549800000000000466e+01
3.360099999999999909e+01
6.396300000000000097e+01
5.358500000000000085e+01
4.484499999999999886e+01
3.645799999999999841e+01
4.599899999999999523e+01
3.878099999999999881e+01
5.210199999999999676e+01
3.852300000000000324e+01
-3.948499999999999943e+01
-9.715500000000000114e+01
-5.120799999999999841e+01
-2.959800000000000253e+01
-5.090899999999999892e+01
-4.098899999999999721e+01
-3.740899999999999892e+01
-3.867699999999999960e+01
1.865500000000000114e+01
3.338100000000000023e+01
-5.929800000000000182e+00
-2.683199999999999719e+01
-7.262300000000000466e+01
-8.011199999999999477e+01
-2.514499999999999957e+01
-2.692600000000000104e+00
-1.395199999999999996e+01
1.300900000000000034e+01
-4.447000000000000064e+00
-7.754699999999999704e+01
-8.434200000000001296e+01
-7.746300000000000807e+01
-4.183800000000000097e+01
-4.395100000000000229e+00
2.666300000000000026e+01
7.416700000000000159e+01
4.472399999999999665e+01
4.477799999999999869e+01
1.017300000000000040e+02
1.129300000000000068e+02
2.682699999999999818e+01
2.537799999999999834e+00
2.516499999999999915e+01
-2.082300000000000040e+01
-5.953100000000000058e+00
1.364599999999999902e+01
-5.624299999999999855e+00
1.903500000000000014e+01
5.514899999999999380e+01
5.515100000000000335e+01
1.687000000000000099e+01
1.685299999999999798e+01
6.486399999999999011e+01
5.801899999999999835e+01
-3.586699999999999733e+01
-5.974699999999999989e+01
-2.299300000000000210e+01
1.577599999999999980e+01
3.254599999999999937e+01
1.683599999999999852e+01
9.449400000000000688e+00
-1.908099999999999952e+01
-3.127599999999999980e+01
-2.602899999999999991e+01
-7.827899999999999636e+00
1.419700000000000095e+01
-1.098299999999999876e+01
-5.276800000000000068e+01
-8.756700000000000728e+01
-8.268099999999999739e+01
-6.742799999999999727e+01
-1.018900000000000006e+02
-1.004000000000000057e+02
-7.627199999999999136e+01
-2.173300000000000054e+01
1.966499999999999915e+01
1.672299999999999898e+00
1.004199999999999982e+01
2.926199999999999690e+01
3.330899999999999750e+01
3.388400000000000034e+01
3.463199999999999790e+01
4.095799999999999841e+01
1.439599999999999902e+01
4.000799999999999912e+00
2.715699999999999648e+01
2.970300000000000296e+01
-1.186599999999999966e+01
-5.275500000000000256e+01
1.444900000000000162e+01
9.399799999999999045e+01
7.662100000000000932e+01
1.314499999999999957e+01
-1.148000000000000043e+01
1.727700000000000102e+01
1.479800000000000004e+01
-1.616499999999999915e+01
-3.099199999999999733e+01
-3.079599999999999937e+01
-3.264600000000000080e+01
-3.789000000000000057e+01
-2.327899999999999991e+01
-1.120800000000000018e+00
2.897699999999999942e+00
2.736000000000000099e-01
9.439499999999999558e-01
-2.004400000000000048e+01
-2.733099999999999952e+01
1.527599999999999980e+01
5.168299999999999983e+01
4.866300000000000381e+01
2.880000000000000071e+01
1.807199999999999918e+01
6.846899999999999764e+00
-4.624500000000000277e+00
1.028400000000000070e+01
2.731699999999999662e+01
1.407200000000000095e+01
3.287199999999999989e+01
5.347200000000000131e+01
2.901500000000000057e+01
-7.922399999999999665e+00
-3.527300000000000324e+01
-5.072899999999999920e+01
-5.372100000000000364e+01
-4.857800000000000296e+01
-3.988300000000000267e+01
-4.450699999999999790e+01
-3.590999999999999659e+01
-7.539100000000000357e+00
5.507699999999999818e+00
-4.415899999999999714e+00
1.975700000000000012e+00
2.267999999999999972e+01
2.057700000000000085e+00
-2.580300000000000371e-01
1.193700000000000117e+01
2.448300000000000054e+01
1.015600000000000058e+01
-2.581099999999999994e+01
-1.326900000000000013e+01
9.528999999999999915e+00
2.199099999999999966e+01
-9.458299999999999486e+00
-4.192300000000000182e+01
6.716800000000000104e+00
2.856599999999999895e+01
3.527000000000000313e+01
3.820499999999999829e+01
2.118099999999999739e+01
9.437699999999999534e+00
9.126699999999999591e+00
2.525199999999999889e+01
1.961400000000000077e+01
2.339999999999999858e+01
3.568699999999999761e+01
4.557199999999999562e+01
2.819000000000000128e+01
1.836700000000000088e+01
3.702300000000000324e+01
2.592099999999999937e+01
2.315099999999999980e+01
-1.067700000000000093e+00
-1.020100000000000051e+01
2.420800000000000196e+01
2.998900000000000077e+01
1.493299999999999983e+01
-1.197900000000000098e+01
-3.147400000000000020e+01
-2.423600000000000065e+01
-1.126700000000000124e+01
-3.536099999999999710e+01
-2.217800000000000082e+01
-6.884500000000000064e+00
-3.545199999999999818e+01
-3.119599999999999795e+01
-4.065599999999999881e+01
-5.017000000000000171e+01
-3.156400000000000006e+01
-1.597099999999999831e+01
-3.500000000000000000e+01
-6.864399999999999125e+01
-6.264300000000000068e+01
-3.704200000000000159e+01
-2.081800000000000139e+01
-4.914299999999999891e+00
-2.327699999999999747e+01
-3.260199999999999676e+01
-2.327699999999999747e+01
-2.697199999999999775e+01
-2.673499999999999943e+01
-2.953400000000000247e+01
-2.125699999999999790e+01
-2.489799999999999791e+00
-1.704700000000000060e+01
-2.478500000000000014e+01
-4.483799999999999564e+00
1.480700000000000038e+01
2.316400000000000148e+01
1.467200000000000060e+01
3.470100000000000051e+01
5.672899999999999920e+01
6.578100000000000591e+01
8.345900000000000318e+01
9.329899999999999238e+01
7.471800000000000352e+01
7.329900000000000304e+00
-3.444200000000000017e+01
-2.776000000000000156e+01
-1.517699999999999960e+01
2.639800000000000324e+01
3.287800000000000011e+01
3.919800000000000040e+01
6.338199999999999790e+01
3.618699999999999761e+01
1.328999999999999915e+01
1.200699999999999967e+01
1.913400000000000034e+01
3.110600000000000170e-02
-1.374200000000000088e+01
-8.398199999999999221e+00
-3.279500000000000171e+01
-4.645799999999999841e+01
-4.484000000000000341e+01
-4.712300000000000466e+01
-3.084400000000000119e+01
2.043700000000000117e+01
5.517499999999999716e+01
6.406699999999999307e+01
5.391799999999999926e+01
6.920900000000000318e+01
7.299200000000000443e+01
3.156599999999999895e+01
7.520100000000000229e+00
5.125499999999999723e+00
1.127599999999999980e+01
5.958099999999999952e+00
5.696399999999999686e+00
1.055700000000000083e+00
1.662500000000000000e+01
-1.163099999999999845e+01
-7.759899999999998954e+01
-1.012800000000000011e+02
-7.631300000000000239e+01
-5.682199999999999562e+01
-4.511299999999999955e+01
-3.032099999999999795e+01
-4.262800000000000011e+01
-4.404699999999999704e+01
-4.346000000000000085e+01
-1.818200000000000216e+01
1.651699999999999946e+01
3.586800000000000210e+01
5.298399999999999466e+01
3.337100000000000222e+01
2.369599999999999795e+01
4.778499999999999659e+01
3.795499999999999829e+01
1.002899999999999991e+01
-1.925499999999999989e+00
1.864199999999999946e+01
2.918400000000000105e+01
2.043599999999999994e+01
2.765199999999999747e+01
3.504200000000000159e+01
4.707200000000000273e+00
-2.890099999999999980e+01
-2.816900000000000048e+01
-1.238099999999999978e+00
1.595700000000000074e+01
1.244700000000000095e+01
3.214500000000000135e+00
-3.888700000000000045e+01
-5.038199999999999790e+01
-3.090300000000000225e+01
-2.357600000000000051e+01
-2.606699999999999662e+01
-1.305700000000000038e+01
7.261999999999999567e+00
2.353299999999999947e+00
-1.221199999999999974e+01
6.575400000000000134e+00
2.597300000000000253e+01
2.715300000000000047e+00
-4.342399999999999594e+00
3.633099999999999596e+01
5.464000000000000057e+01
4.263100000000000023e+01
3.415299999999999869e+01
2.172300000000000253e+01
6.031600000000000072e+00
1.289099999999999824e+01
8.481400000000000716e+00
7.011700000000000266e+00
1.870899999999999963e+01
-2.010299999999999976e+00
-1.827700000000000102e+01
-2.806300000000000239e+01
-4.442199999999999704e+01
-6.082600000000000051e+01
-5.618500000000000227e+01
-5.447800000000000153e+01
-5.532000000000000028e+01
-5.912399999999999523e+01
-6.003999999999999915e+01
-5.903300000000000125e+01
-5.404899999999999949e+01
-4.349699999999999989e+01
-5.405199999999999960e+01
-4.600500000000000256e+01
-1.743099999999999739e+01
8.372400000000000730e+00
1.521799999999999997e+01
-4.120499999999999829e+00
-1.827499999999999858e+01
-9.708399999999999253e+00
-2.090199999999999836e+00
-3.524199999999999999e+00
9.890900000000000247e+00
2.513599999999999923e+01
4.955399999999999494e+01
5.826300000000000523e+01
4.251100000000000279e+01
1.374300000000000033e+01
1.446800000000000086e+00
3.440699999999999648e+01
6.822800000000000864e+01
9.047299999999999898e+01
1.054200000000000017e+02
9.703700000000000614e+01
7.245199999999999818e+01
3.045800000000000196e+01
3.144699999999999829e+00
2.501399999999999935e+01
2.212999999999999901e+01
-8.035700000000000287e+00
-2.253000000000000114e+01
-3.937100000000000222e+01
-2.559900000000000020e+01
-1.396099999999999852e+01
-1.942500000000000071e+01
-4.720699999999999896e+00
-1.285099999999999909e+01
-2.267099999999999937e+01
-4.066499999999999915e+01
-5.046000000000000085e+01
-2.810099999999999909e+01
-1.893099999999999739e+01
-2.189400000000000190e+01
-1.760299999999999798e+01
-7.587900000000000311e+00
-8.711499999999999133e+00
-1.744200000000000017e+01
-2.440699999999999648e+01
-1.616199999999999903e+01
8.780300000000000438e+00
1.436599999999999966e+01
2.660899999999999821e+00
4.669600000000000140e-02
-1.308500000000000085e+01
-2.578800000000000026e+01
-2.377499999999999858e+01
-2.942999999999999972e+01
-4.801800000000000068e+01
-5.477899999999999636e+01
-3.423499999999999943e+01
4.964999999999999858e+00
2.862599999999999767e+01
3.559599999999999653e+01
2.999300000000000210e+01
-1.138599999999999890e-01
-1.449900000000000055e+01
8.871999999999999886e+00
2.564000000000000057e+01
4.539199999999999591e+01
7.847599999999999909e+01
8.106399999999999295e+01
7.035899999999999466e+01
5.504200000000000159e+01
3.436199999999999477e+01
1.954299999999999926e+01
2.772500000000000142e+01
4.222999999999999687e+01
5.087100000000000222e+01
4.003600000000000136e+01
2.087599999999999767e+01
1.096400000000000041e+01
-9.177699999999999747e+00
-2.084099999999999753e+01
-6.426599999999999646e+00
5.090099999999999625e+00
1.633599999999999852e+01
1.742299999999999827e+01
-6.577300000000000146e+00
-1.348900000000000077e+01
-2.710500000000000043e+01
-4.935000000000000142e+01
-4.281199999999999761e+01
-3.668199999999999505e+01
-4.313199999999999790e+01
-5.285800000000000409e+01
-6.929500000000000171e+01
-5.717000000000000171e+01
-3.234499999999999886e+01
-3.447899999999999920e+01
-4.366100000000000136e+01
-4.503300000000000125e+01
-3.293999999999999773e+01
-2.035800000000000054e+01
-2.760699999999999932e+01
-3.237899999999999778e+01
-2.404199999999999804e+01
-1.706799999999999784e+01
-7.339899999999999203e-01
1.373099999999999987e+01
1.683399999999999963e+01
1.381700000000000017e+01
-2.506200000000000205e+00
1.148900000000000077e+01
4.225000000000000000e+01
6.205600000000000449e+01
6.514199999999999591e+01
6.125899999999999324e+01
6.189000000000000057e+01
4.874399999999999977e+01
2.651699999999999946e+01
9.380599999999999383e+00
3.141999999999999904e+00
-1.702899999999999991e+01
-2.607099999999999795e+01
-1.289000000000000057e+01
-6.284200000000000230e+00
3.356099999999999639e-01
1.982900000000000063e+01
3.644599999999999795e+01
2.336899999999999977e+01
1.691199999999999903e+01
2.251099999999999923e+01
2.084300000000000352e+01
8.028499999999999304e+00
4.471799999999999997e+00
1.645200000000000173e+01
2.432800000000000296e+01
2.906699999999999662e+01
-3.604400000000000048e+00
-2.870599999999999952e+01
-2.812099999999999866e+01
-1.412400000000000055e+01
-3.606899999999999995e+00
-1.881099999999999994e+01
-4.083299999999999841e+01
-5.178000000000000114e+01
-4.352600000000000335e+01
-3.306900000000000261e+01
-3.201400000000000290e+01
-3.014600000000000080e+01
-1.649500000000000099e+01
-1.436599999999999966e+01
-8.138799999999999812e+00
5.003300000000000303e+00
1.811199999999999921e+00
-8.246399999999999508e+00
-7.491399999999999615e+00
-7.205500000000000238e-01
-2.088099999999999845e+00
-1.052200000000000024e+00
4.418700000000000294e+00
4.113900000000000112e+00
7.556799999999999962e+00
7.514800000000000146e+00
9.536500000000000199e+00
1.434700000000000131e+01
1.349299999999999944e+00
2.223500000000000032e+00
-5.766399999999999970e+00
-1.333500000000000085e+01
-3.245600000000000041e+00
-1.365399999999999947e+00
8.320600000000000662e+00
5.004800000000000360e+00
4.393799999999999928e-01
-2.333099999999999952e+00
-1.296900000000000119e+01
-2.162099999999999866e+01
-2.150900000000000034e+01
-1.160500000000000043e+01
-5.897100000000000009e+00
-1.044999999999999929e+00
2.255599999999999739e+01
3.606499999999999773e+01
2.285300000000000153e+01
8.545700000000000074e+00
7.106799999999999784e+00
9.411199999999999122e+00
1.153299999999999947e+01
-9.904899999999999594e+00
-1.720100000000000051e+01
-4.850600000000000467e-01
3.699600000000000222e+00
1.315299999999999869e+01
2.604899999999999949e+01
3.648699999999999477e+01
3.098699999999999832e+01
2.907999999999999829e+01
2.942399999999999949e+01
1.995400000000000063e+01
1.140000000000000036e+01
1.939700000000000202e+01
2.825699999999999790e+01
1.950099999999999767e+01
1.152700000000000102e+01
1.368999999999999950e+01
5.327399999999999913e+00
-1.079299999999999926e+00
-4.025800000000000267e+00
-1.055199999999999960e+01
-1.383200000000000074e+01
-9.304500000000000881e+00
2.750599999999999934e+00
2.286900000000000155e+00
-6.627699999999999925e+00
-1.465099999999999980e+01
-1.132300000000000040e+01
-5.195800000000000196e+00
-8.218199999999999505e+00
-7.316699999999999982e+00
-1.586400000000000077e+01
-2.460699999999999932e+01
-1.233599999999999852e+01
-3.726199999999999957e+00
7.926800000000000068e+00
1.679700000000000060e+01
5.066399999999999793e+00
-3.731399999999999828e+00
-9.947200000000000486e+00
-2.382699999999999818e+01
-4.098300000000000409e+01
-4.202499999999999858e+01
-2.760699999999999932e+01
-1.795100000000000051e+01
-1.187099999999999866e+01
-7.902400000000000091e+00
-2.720100000000000051e+01
-2.397699999999999676e+01
-2.694399999999999906e+00
5.400000000000000355e+00
1.297599999999999865e-01
-1.751299999999999812e+01
-1.172099999999999831e+01
-1.779200000000000159e+01
-2.263599999999999923e+01
-3.815799999999999859e+00
1.759799999999999898e+01
1.260900000000000176e+01
-3.275900000000000034e+00
7.686699999999999089e-02
1.228500000000000014e+01
1.609299999999999997e+01
2.527599999999999980e+01
2.254500000000000171e+01
1.583400000000000141e+01
1.514599999999999902e+01
-6.274799999999999933e+00
-9.607200000000000628e+00
-4.016399999999999970e-01
1.263499999999999979e+01
1.656700000000000017e+01
2.879199999999999804e+01
2.625000000000000000e+01
7.123199999999999754e+00
3.604099999999999859e+00
-1.058699999999999974e+01
-1.244900000000000162e+01
-6.718200000000000394e+00
-1.308100000000000041e+00
1.296199999999999974e+01
1.256900000000000084e+01
6.911299999999999777e+00
-3.741699999999999804e+00
-1.221199999999999974e+01
-7.409799999999999720e+00
-5.458099999999999952e+00
-1.016799999999999926e+01
-2.470699999999999719e+01
-3.055800000000000338e+01
-1.630000000000000071e+01
-3.081100000000000172e+00
5.036100000000000243e+00
2.934699999999999864e+00
1.959300000000000042e+00
3.515099999999999891e+00
-5.030400000000000205e+00
1.623499999999999943e+01
3.104599999999999937e+01
2.741600000000000037e+01
3.049599999999999866e+01
2.916199999999999903e+01
1.903500000000000014e+01
8.335900000000000531e+00
3.437500000000000000e+00
6.230299999999999727e+00
1.503200000000000003e+01
5.752299999999999969e+00
-3.669999999999999929e-01
-5.599599999999999689e+00
-6.082499999999999574e+00
-6.709800000000000431e+00
9.489200000000000967e-01
2.915399999999999991e+00
-2.342699999999999960e+01
-4.169399999999999551e+01
-2.620199999999999818e+01
7.697799999999999976e+00
6.491799999999999571e+00
-4.096299999999999941e-01
-4.532499999999999751e+00
-3.916500000000000092e+00
-2.826099999999999834e+00
-3.220099999999999962e+00
-8.517699999999999605e+00
-1.257799999999999940e+01
-1.319299999999999962e+01
-1.662900000000000134e+01
-2.345499999999999829e+01
-4.268399999999999750e+01
-3.805100000000000193e+01
-1.405499999999999972e+01
8.137399999999999523e+00
1.530299999999999905e+01
1.426500000000000057e+01
1.986499999999999844e+01
2.825499999999999901e+01
2.478800000000000026e+01
1.469999999999999929e+01
1.979300000000000059e+00
8.571799999999999642e+00
1.750099999999999767e+01
1.157000000000000028e+01
1.418500000000000050e+01
1.492300000000000004e+01
5.405100000000000016e+00
-3.178399999999999892e+00
3.586399999999999810e+00
3.517100000000000115e+00
5.517299999999999649e+00
3.042800000000000171e+00
-5.110500000000000043e+00
-7.639700000000000379e+00
-1.333099999999999952e+01
-9.770699999999999719e+00
-4.760900000000000354e+00
-1.001799999999999891e+01
-2.126000000000000156e+01
-2.273199999999999932e+01
-1.387299999999999978e+00
2.262800000000000011e+01
2.382699999999999818e+01
1.270599999999999952e+01
-1.484999999999999931e-01
1.812300000000000022e+00
2.560400000000000009e+00
-4.162700000000000067e+00
-4.334600000000000009e+00
2.082399999999999807e+00
2.048099999999999810e+01
2.820199999999999818e+01
2.574399999999999977e+01
2.724099999999999966e+01
2.599500000000000099e+01
1.886400000000000077e+01
1.968099999999999739e+01
2.688100000000000023e+01
2.797300000000000253e+01
1.233999999999999986e+01
-6.441200000000000259e+00
-1.777700000000000058e+00
-4.225100000000000300e+00
-1.143099999999999916e+01
7.086100000000000065e+00
1.356099999999999994e+01
-6.649000000000000465e-01
2.629700000000000149e+00
-1.107699999999999996e+01
-3.732300000000000040e+01
-4.087899999999999778e+01
-2.680800000000000338e+01
-2.435699999999999932e+01
-2.860800000000000054e+01
-2.131199999999999761e+01
-2.795499999999999829e+01
-3.172400000000000020e+01
-2.226699999999999946e+01
-1.483500000000000085e+01
-2.109900000000000020e+01
-2.024299999999999855e+01
-2.047699999999999854e+00
5.420699999999999408e-01
-1.345500000000000007e+01
-2.618800000000000239e+01
-1.354599999999999937e+01
4.494399999999999729e+00
6.331400000000000361e+00
8.394899999999999807e+00
5.387699999999999712e+00
-1.119999999999999929e+01
-1.914700000000000202e+01
-1.548400000000000176e+01
-2.171999999999999886e+01
-1.145800000000000018e+01
2.873099999999999810e+01
6.848000000000000398e+01
7.355299999999999727e+01
6.189500000000000313e+01
1.128500000000000014e+01
-5.724600000000000222e+01
-9.787799999999998590e+01
-1.109699999999999989e+02
-1.031700000000000017e+02
-3.611099999999999710e+01
2.940800000000000125e+01
3.374000000000000199e+01
9.945499999999999829e+01
1.045300000000000011e+02
6.377799999999999869e+01
4.438100000000000023e+01
-2.004299999999999926e+01
-4.216700000000000159e+01
-2.812999999999999901e+01
-1.719599999999999795e+01
1.905499999999999972e+01
2.623999999999999844e+01
1.161299999999999955e+01
3.125800000000000267e+01
2.094900000000000162e+01
3.038899999999999935e+01
3.212500000000000000e+01
1.728500000000000014e+01
1.097099999999999831e+01
-1.611599999999999966e+01
-3.961399999999999810e+00
1.788500000000000156e+01
7.935100000000000264e+00
1.951900000000000190e+01
2.497500000000000142e+01
2.411999999999999922e+00
-1.917000000000000037e+00
4.518900000000000361e+00
-4.265399999999999636e+00
-7.220299999999999940e+00
-1.399499999999999922e+01
-1.229199999999999982e+01
2.710599999999999810e+01
3.499099999999999966e+01
8.360799999999999343e+00
-2.172699999999999676e+01
-3.400999999999999801e+01
-4.208600000000000563e+01
-4.146399999999999864e+01
-2.466000000000000014e+01
-1.930000000000000071e+01
1.344700000000000006e+00
2.754699999999999704e+01
1.457499999999999929e+01
-1.231099999999999994e+01
-3.475699999999999790e+01
-3.821699999999999875e+01
-2.983099999999999952e+01
-1.255400000000000027e+01
3.073199999999999932e+00
4.979400000000000048e+00
1.921999999999999886e+01
1.885699999999999932e+01
5.434999999999999609e+00
2.811599999999999877e+00
-3.254999999999999893e+00
-1.197400000000000020e+01
-1.291999999999999993e+01
-1.268099999999999916e+01
-1.044999999999999929e+01
-2.338199999999999790e+01
-3.258500000000000085e+01
-3.705499999999999972e+01
-3.929500000000000171e+01
-2.360099999999999909e+01
-1.382099999999999973e+01
-5.415700000000000180e+00
3.496599999999999930e+00
1.018200000000000038e+01
1.927599999999999980e+01
4.522500000000000142e+01
5.421699999999999875e+01
2.119400000000000261e+01
3.218700000000000117e+00
9.417500000000000426e+00
1.524699999999999989e+01
1.193700000000000117e+01
4.062299999999999578e+00
1.904600000000000071e+00
6.773799999999999599e+00
-1.926199999999999912e+00
-5.308300000000000018e+00
6.615499999999999936e+00
1.011500000000000021e+01
1.991300000000000026e+01
2.794000000000000128e+01
2.669099999999999895e+01
3.518800000000000239e+01
2.828099999999999881e+01
1.089700000000000024e+01
-1.034400000000000119e+01
-1.321000000000000085e+01
-2.045899999999999963e+01
-3.386500000000000199e+01
-2.597199999999999775e+01
-4.995300000000000296e+00
4.572100000000000608e-01
-1.497599999999999909e+01
-1.765399999999999991e+01
-1.810099999999999909e+01
-1.320800000000000018e+01
-1.228500000000000014e+01
-1.284200000000000053e+01
-8.031399999999999650e+00
2.397100000000000009e+00
9.683999999999999275e+00
7.344699999999999562e-01
3.043400000000000105e+00
1.395500000000000007e+01
1.003100000000000058e+01
-1.393099999999999894e-01
-8.035899999999999821e+00
3.481100000000000083e+00
3.642999999999999794e+00
-3.438400000000000123e+00
-1.563399999999999901e+00
-1.965700000000000003e+00
8.571699999999999875e+00
-3.210600000000000120e-01
-9.669200000000000017e+00
6.163599999999999746e+00
8.405599999999999739e+00
6.774000000000000021e+00
1.055599999999999916e+01
1.761899999999999977e+01
2.143499999999999872e+01
2.781400000000000006e+01
3.322599999999999909e+01
3.381900000000000261e+01
2.365800000000000125e+01
1.565000000000000036e+01
8.612399999999999167e+00
8.117699999999999916e-01
-5.535499999999999865e+00
-1.916400000000000148e+01
-2.053099999999999881e+01
-1.138099999999999845e+01
6.456699999999999662e+00
7.889100000000000001e+00
5.328999999999999737e+00
7.851700000000000346e-01
6.969599999999999795e+00
1.594700000000000095e+01
1.225699999999999967e+01
8.683999999999999275e+00
-1.964199999999999946e+00
-5.446900000000000297e+00
-1.691300000000000026e+01
-1.434999999999999964e+01
-1.043200000000000038e+01
-1.776099999999999923e+01
-1.836700000000000088e+01
-2.100000000000000000e+01
-1.928099999999999881e+01
-2.481800000000000139e+01
-2.447400000000000020e+01
-1.477099999999999902e+01
-9.905400000000000205e+00
-2.592600000000000016e+00
1.639599999999999946e+00
-1.085599999999999987e+01
-1.577900000000000169e+01
-5.646300000000000097e+00
-1.043299999999999983e+01
-1.068400000000000105e+01
-1.446700000000000097e+00
8.688200000000000145e+00
6.484700000000000131e+00
-3.951700000000000212e+00
-7.369399999999999729e+00
-6.257500000000000284e+00
1.294200000000000017e+00
4.956899999999999640e-01
-4.677399999999999558e+00
-1.428700000000000081e+00
-7.440400000000000347e+00
-3.327799999999999869e+00
5.762999999999999901e+00
8.948600000000000776e+00
1.328999999999999915e+01
1.161099999999999888e+01
2.369600000000000151e+00
8.634299999999998920e-02
5.656100000000000350e+00
3.853499999999999925e+00
6.214599999999999902e+00
5.691300000000000026e+00
7.020999999999999908e+00
-5.299699999999999411e-01
7.516599999999999948e-01
3.431599999999999651e-01
9.535299999999998777e-01
6.330899999999999750e+00
9.637900000000000134e+00
1.324499999999999922e+01
1.637400000000000233e+01
2.633999999999999986e+01
9.564099999999999824e+00
1.889399999999999968e+00
4.144400000000000084e+00
-1.170299999999999940e+01
-1.793900000000000050e+00
1.178700000000000081e+01
4.541900000000000048e+00
-8.924799999999999400e+00
-7.699600000000000222e+00
-5.602299999999999613e+00
1.502599999999999936e+00
2.250000000000000000e+01
1.766900000000000048e+01
-2.994499999999999940e+00
-5.221099999999999852e+00
-2.058499999999999996e+00
-9.655499999999999972e+00
-1.019800000000000040e+00
-3.210799999999999876e+00
-3.814599999999999991e+00
-8.924500000000000099e+00
-1.063499999999999979e+01
-9.729200000000000514e+00
-1.491900000000000048e+01
-6.465900000000000425e+00
3.384399999999999853e+00
2.126300000000000079e+00
-5.707799999999999763e+00
-2.650100000000000122e+00
-8.169100000000000250e+00
-3.219399999999999817e+00
-1.795899999999999996e-01
-7.998700000000000365e+00
-6.400199999999999889e+00
-2.476399999999999935e+00
-1.096199999999999974e+01
-9.920600000000000307e+00
-3.117500000000000160e+00
-5.459800000000000431e+00
-8.487600000000000477e+00
3.226700000000000124e+00
1.341200000000000081e+01
1.612999999999999901e+01
2.478300000000000125e+01
1.533599999999999852e+01
1.543200000000000038e+01
1.417599999999999838e+01
1.328099999999999881e+01
1.036200000000000010e+01
-3.687300000000000022e+00
-1.284799999999999831e-01
5.632200000000000095e+00
1.012400000000000055e+01
1.115000000000000036e+01
4.351399999999999935e+00
-1.155000000000000071e+01
-1.178700000000000081e+01
-5.440999999999999837e+00
-1.065599999999999881e+01
-1.392099999999999937e+01
-1.329800000000000004e+01
-7.849999999999999645e+00
-1.707699999999999996e+00
-1.070100000000000051e+00
-3.911399999999999988e+00
2.218199999999999894e-01
-1.682199999999999918e+00
-4.504399999999999515e-01
-8.509299999999999642e+00
-4.995199999999999640e+00
2.562600000000000211e+00
5.894399999999999640e-01
-2.254000000000000004e+00
4.156500000000000306e+00
9.162300000000000111e+00
3.835799999999999876e+00
6.406799999999999606e+00
4.536299999999999777e+00
5.758899999999999686e+00
-1.345499999999999918e+00
-8.334699999999999775e+00
-3.973800000000000110e-01
-3.102700000000000014e+00
-2.345599999999999952e+01
-1.140900000000000070e+01
4.427500000000000213e+00
1.943200000000000216e+01
2.025799999999999912e+01
9.737000000000000099e+00
-3.054399999999999782e+00
-2.962099999999999866e+01
-5.262399999999999523e+01
-8.951800000000000423e+00
9.298499999999999543e-01
-1.650499999999999901e+01
2.439900000000000091e+01
1.281099999999999994e+01
1.534299999999999831e-01
-7.245099999999999874e+00
-2.998099999999999654e-01
5.733200000000000074e+00
-1.382499999999999929e+01
-3.634499999999999886e+01
-2.264600000000000080e+01
-1.003800000000000026e+01
-1.333500000000000085e+01
-4.882399999999999629e+00
-2.441699999999999982e+00
-9.353400000000000603e+00
-1.557499999999999929e+01
-1.773099999999999898e+00
3.821600000000000108e+00
-7.277999999999999581e+00
-3.814000000000000057e+00
5.700000000000000178e+00
5.603399999999999714e+00
1.407499999999999929e+01
2.052699999999999747e+01
1.682999999999999829e+01
2.490399999999999991e+01
3.200399999999999778e+01
2.940500000000000114e+01
2.078000000000000114e+01
1.166699999999999982e+01
8.778700000000000614e+00
1.271000000000000085e+01
2.387000000000000099e+01
2.206400000000000006e+01
1.260200000000000031e+01
3.010600000000000165e+00
-7.285800000000000054e+00
-3.377299999999999969e+00
8.082599999999999341e+00
7.774000000000000021e+00
5.597299999999999720e+00
1.336200000000000010e+01
1.021600000000000108e+01
8.976300000000000168e+00
1.297700000000000031e+01
1.988799999999999901e+00
-1.158900000000000041e+01
-1.667900000000000205e+01
-1.191999999999999993e+01
6.014599999999999946e-01
2.677800000000000180e-01
-4.704500000000000348e+00
-1.275699999999999967e+01
-1.228999999999999915e+01
-4.758000000000000007e+00
-5.655899999999999928e+00
-6.679499999999999993e+00
-1.528400000000000070e+01
-8.548600000000000421e+00
-6.487400000000000055e+00
-1.180400000000000027e+01
-1.247099999999999831e+01
-1.167599999999999838e+01
-1.919699999999999918e+01
-2.315699999999999648e+01
-1.505599999999999916e+01
-1.650499999999999901e+01
-1.302500000000000036e+01
-4.993800000000000239e+00
-6.977899999999999991e+00
-1.179299999999999926e+01
-1.227299999999999969e+01
-7.266200000000000436e+00
-3.087600000000000122e+00
1.477300000000000058e+00
5.465300000000000047e+00
2.028200000000000003e+01
2.224599999999999866e+01
1.445599999999999952e+01
1.559400000000000119e+01
1.650400000000000134e+01
1.213900000000000112e+01
1.594099999999999895e+01
2.299900000000000233e+01
1.177099999999999902e+01
9.543699999999999406e+00
1.511500000000000021e+01
2.482999999999999829e+01
2.183699999999999974e+01
1.522400000000000020e+01
2.123600000000000065e+01
1.951399999999999935e+01
9.657600000000000406e+00
9.818799999999999528e+00
5.162899999999999601e+00
3.141700000000000048e-01
-9.297999999999999599e-01
-4.388300000000000090e+00
-5.676300000000000345e+00
-6.972800000000000331e+00
-5.480800000000000116e-01
-6.655000000000000249e+00
-1.787300000000000111e+01
-2.229500000000000171e+01
-1.889199999999999946e+01
-1.428200000000000003e+01
-6.521300000000000097e+00
-7.148500000000000298e+00
-8.015200000000000102e+00
-5.681600000000000428e+00
-5.183099999999999596e+00
-1.317599999999999838e+01
-1.981099999999999994e+01
-1.666400000000000148e+01
-1.638400000000000034e+01
-8.017099999999999227e+00
-4.840600000000000236e+00
-4.727999999999999758e+00
-9.285399999999999210e+00
-1.254700000000000060e+01
-1.061800000000000033e+01
-6.321799999999999642e+00
-6.320299999999999585e+00
-7.270699999999999719e+00
-9.842899999999999983e-01
6.708899999999999864e+00
7.295200000000000351e+00
2.415299999999999780e+00
-3.614399999999999835e+00
-2.803399999999999892e+00
-4.320000000000000284e+00
-4.037499999999999645e+00
3.337099999999999955e+00
9.079900000000000304e+00
1.395700000000000074e+01
1.272799999999999976e+01
1.400599999999999845e+01
6.727100000000000080e+00
-3.823399999999999910e+00
-3.574399999999999800e+00
4.357999999999999652e+00
1.173900000000000077e+01
1.109900000000000020e+01
1.208400000000000141e+01
1.752700000000000102e+01
1.078900000000000148e+01
5.960799999999999876e+00
3.374699999999999811e+00
-2.640099999999999891e+00
-3.255100000000000104e+00
-1.625599999999999823e-01
6.719199999999999839e+00
1.240799999999999947e+01
1.398599999999999888e+01
3.202900000000000080e+00
-1.388199999999999967e+01
-1.535500000000000043e+01
-1.979500000000000171e+01
-1.553200000000000003e+01
-5.498300000000000409e+00
1.186399999999999899e+00
5.882500000000000506e-01
3.506599999999999717e-01
-2.703100000000000058e+00
-8.300300000000000011e+00
-2.192699999999999871e+00
3.556900000000000173e+00
5.565299999999999692e+00
5.803799999999999848e+00
2.013999999999999790e+00
-1.295600000000000085e+00
-6.672799999999999621e+00
-6.381999999999999673e+00
-2.811300000000000132e+00
-3.583100000000000174e-01
3.916900000000000048e+00
7.625499999999999501e-01
7.892799999999999816e-01
-1.880700000000000038e+00
-1.574699999999999989e-01
4.059000000000000163e+00
6.109399999999999942e+00
4.469100000000000072e+00
1.142700000000000049e+00
3.935800000000000409e-01
-2.697900000000000187e+00
-1.205300000000000038e+00
-2.833099999999999952e+00
7.459999999999999964e-01
5.209999999999999964e+00
-4.061599999999999655e-01
-1.421400000000000041e+01
-1.973099999999999810e+01
-1.909100000000000019e+00
4.234700000000000131e+00
-4.606700000000000017e+00
-1.309400000000000119e+01
-1.635500000000000043e+01
-2.075499999999999901e+01
-6.288199999999999790e+00
7.230699999999999683e+00
-2.709499999999999797e+00
-1.395400000000000063e+01
-5.381700000000000372e+00
5.631300000000000416e+00
2.980100000000000193e+00
3.925399999999999778e+00
8.619899999999999451e+00
4.275100000000000122e+00
1.447699999999999987e+00
6.853600000000000136e+00
6.177999999999999936e+00
8.819499999999999673e+00
1.274300000000000033e+01
1.415599999999999881e+01
1.268099999999999916e+01
1.350500000000000078e+01
1.027900000000000169e+01
8.842299999999999827e+00
8.936400000000000787e+00
4.668700000000000294e+00
3.863300000000000178e+00
5.234399999999999942e+00
2.686700000000000088e+00
4.892400000000000304e+00
1.249599999999999866e+01
8.676800000000000068e+00
4.905499999999999972e+00
2.120499999999999829e+00
9.902299999999999436e-01
3.095600000000000129e+00
-2.157900000000000151e+00
-6.742200000000000415e+00
-5.982100000000000195e-01
1.754399999999999959e+00
-8.041300000000000114e-01
2.588600000000000012e+00
-2.941399999999999793e+00
-9.377299999999999969e+00
-7.458700000000000330e+00
-6.284600000000000186e+00
-9.964999999999999858e+00
-1.189799999999999969e+01
-9.828799999999999315e+00
-1.534700000000000131e+01
-1.735599999999999810e+01
-1.049699999999999989e+01
-1.533000000000000007e+01
-1.456700000000000017e+01
-6.175200000000000244e+00
-1.918199999999999905e+00
-4.291999999999999815e+00
-9.710599999999999454e+00
-1.116200000000000081e+01
-8.691900000000000404e+00
-7.733699999999999797e+00
-6.068699999999999761e+00
-1.140599999999999881e+01
-1.694800000000000040e+01
-7.597800000000000331e+00
-5.203499999999999792e-01
6.292500000000000426e+00
5.351200000000000401e+00
2.960599999999999898e+00
2.553700000000000081e+00
6.978500000000000369e+00
1.187900000000000134e+01
1.202599999999999980e+01
1.222099999999999831e+01
8.570000000000000284e+00
1.669999999999999929e+01
1.577900000000000169e+01
1.215200000000000102e+01
1.911400000000000077e+01
2.640900000000000247e+01
3.465200000000000102e+01
3.587100000000000222e+01
3.531800000000000495e+01
2.841900000000000048e+01
1.902599999999999980e+01
6.997700000000000031e+00
7.390500000000000291e+00
7.394199999999999662e+00
6.759100000000000108e+00
8.176800000000000068e+00
5.482300000000000395e+00
2.620099999999999874e+00
-2.576200000000000045e+00
-3.188299999999999912e+00
-3.563499999999999890e+00
-4.899200000000000443e+00
-1.175799999999999912e+01
-1.354499999999999993e+01
-1.758800000000000097e+01
-2.119400000000000261e+01
-2.485300000000000153e+01
-2.442500000000000071e+01
-2.071599999999999753e+01
-2.157300000000000040e+01
-1.999399999999999977e+01
-2.137099999999999866e+01
-2.110699999999999932e+01
-2.057800000000000296e+01
-1.438700000000000045e+01
-7.586400000000000254e+00
-7.764999999999999680e+00
-1.249300000000000033e+01
-1.301099999999999923e+01
-1.142999999999999972e+01
-5.918599999999999639e+00
-5.999200000000000088e-01
-3.527099999999999902e+00
-2.348199999999999843e+00
-3.285299999999999887e+00
-2.242799999999999905e+00
2.257699999999999818e+00
1.364700000000000024e+00
3.220800000000000107e+00
1.086900000000000155e+01
1.187299999999999933e+01
8.636300000000000310e+00
6.948599999999999888e+00
5.441200000000000259e+00
1.124799999999999933e+01
1.140799999999999947e+01
3.435400000000000009e+00
7.818200000000000038e+00
4.105100000000000193e+00
5.095299999999999940e+00
9.335599999999999454e+00
9.378199999999999648e+00
1.371099999999999852e+01
9.934400000000000119e+00
8.855100000000000193e+00
7.383099999999999774e+00
9.633900000000000574e+00
1.238299999999999912e+01
1.060999999999999943e+01
2.693700000000000205e+00
-1.199699999999999989e+00
4.410199999999999676e+00
5.932999999999999829e+00
3.618300000000000405e-01
-4.871199999999999974e-01
-4.219299999999999606e+00
-9.168100000000000804e+00
-2.102500000000000036e+00
3.100200000000000067e+00
-2.761899999999999800e+00
-7.317100000000000826e-01
6.065199999999999925e+00
3.846699999999999564e-01
-7.631700000000000372e+00
-1.325999999999999979e+01
-3.858099999999999863e+00
-5.346700000000000230e+00
-1.837699999999999889e+01
-1.657499999999999929e+01
-1.650300000000000100e+00
1.728800000000000026e+01
1.096400000000000041e+01
-1.502199999999999980e+00
4.174599999999999866e+00
-2.638900000000000134e-01
-7.601099999999999746e+00
-5.788599999999999746e+00
-1.409499999999999975e+00
-6.708399999999999919e-01
-4.520500000000000185e+00
-5.891300000000000203e+00
5.445400000000000240e+00
4.600900000000000212e+00
-1.119299999999999962e+01
-7.392199999999999882e-01
7.833599999999999675e+00
-1.218399999999999928e+00
-4.950599999999999667e+00
1.024199999999999999e+00
1.261700000000000044e+00
-3.376399999999999846e+00
1.371699999999999919e+00
-7.558799999999999741e+00
-3.651699999999999946e+00
3.256400000000000183e+00
-1.488699999999999912e+00
5.685699999999999754e+00
5.505799999999999805e+00
5.827099999999999724e+00
6.054100000000000037e+00
4.502900000000000347e+00
4.507500000000000284e+00
1.507200000000000095e+00
1.937599999999999989e+00
6.174000000000000377e+00
-2.832100000000000062e+00
-7.694499999999999673e+00
-2.998899999999999899e+00
-1.907899999999999929e+00
-7.359600000000000364e+00
-8.584899999999999753e-01
1.333299999999999930e+00
-3.390699999999999825e+00
-9.316300000000000026e+00
-9.187900000000000844e+00
7.187100000000000710e-01
-2.241699999999999804e+00
-1.693999999999999950e+00
6.320799999999999752e-01
4.453299999999999592e+00
3.591800000000000104e+00
1.856000000000000094e+00
6.203500000000000014e+00
-6.049600000000000533e-01
-2.581999999999999851e+00
-4.426899999999999835e+00
-8.014599999999999724e+00
-2.242999999999999883e+00
6.240200000000000191e-01
-6.777600000000000291e-01
6.794299999999999784e-01
-1.037600000000000078e+00
-6.097199999999999953e+00
-4.161299999999999777e+00
-2.124600000000000044e+00
3.751599999999999824e+00
5.110800000000000232e+00
5.507600000000000051e+00
-3.186100000000000154e+00
-3.068299999999999805e+00
5.863299999999999734e+00
6.870199999999999640e+00
9.875700000000000145e+00
4.581100000000000172e+00
-7.184400000000000508e-02
-7.874399999999999622e+00
-2.207899999999999974e+00
8.122299999999999187e+00
8.277599999999999625e+00
9.698000000000000398e+00
5.370099999999999874e+00
-5.414399999999999658e+00
-1.185200000000000031e+01
-6.625700000000000145e+00
-4.033500000000000085e+00
-5.387800000000000367e+00
-2.057699999999999807e-01
3.759999999999999787e+00
-1.499000000000000110e+00
-3.626999999999999780e+00
2.079200000000000159e+00
2.601700000000000124e+00
5.164500000000000313e+00
4.950999999999999623e+00
4.258899999999999908e-01
5.437999999999999723e+00
7.264899999999999913e+00
3.157300000000000106e-01
-3.945100000000000051e+00
-4.280300000000000438e+00
-6.410599999999999632e+00
-4.697000000000000064e+00
-2.547400000000000109e+00
-3.966699999999999893e+00
-3.886800000000000033e+00
-1.841900000000000093e+00
-1.936099999999999932e+00
-1.998699999999999921e+00
-4.558900000000000396e+00
-2.946099999999999941e+00
5.708499999999999686e-01
-3.436300000000000132e+00
-2.672800000000000065e+00
-3.335199999999999942e+00
-4.037399999999999878e+00
-3.349400000000000155e+00
4.990499999999999936e+00
3.858299999999999841e+00
-1.215200000000000030e-01
4.229899999999999771e+00
1.946499999999999897e+00
-1.186199999999999921e+00
-5.107500000000000373e-01
5.675500000000000433e+00
2.773499999999999854e+00
3.968900000000000095e+00
4.482800000000000118e+00
1.937200000000000033e+00
3.619200000000000195e+00
5.504500000000000171e+00
5.108399999999999608e+00
6.070999999999999730e+00
4.177599999999999980e+00
-1.968599999999999905e+00
-6.410600000000000742e-01
5.522500000000000187e-01
2.380999999999999783e+00
2.433499999999999996e+00
-1.720499999999999918e+00
1.500400000000000067e-01
7.466699999999999726e-02
-3.037199999999999900e+00
2.702399999999999913e+00
2.274700000000000166e+00
4.860400000000000276e+00
8.960499999999999687e+00
9.033599999999999852e+00
4.889999999999999680e+00
2.524599999999999955e+00
3.556700000000000195e+00
9.687900000000000844e+00
8.121600000000000819e+00
4.839900000000000091e+00
6.892900000000000027e+00
-2.243599999999999817e+00
-3.399000000000000021e+00
-5.919500000000000206e+00
2.774599999999999955e+00
1.572999999999999954e+00
-1.482199999999999962e+00
2.577599999999999891e+00
-6.584200000000000053e+00
-7.691499999999999559e+00
-6.531699999999999839e+00
-6.942700000000000315e+00
-8.721000000000000085e+00
-3.788800000000000168e+00
-6.668000000000000149e+00
-1.282699999999999996e+01
-1.498099999999999987e+01
-1.733500000000000085e+01
-1.624299999999999855e+01
-1.404800000000000004e+01
-1.081000000000000050e+01
-1.109900000000000020e+01
-1.299000000000000021e+01
-9.362899999999999778e+00
-6.299199999999999910e+00
-4.323900000000000077e+00
-1.805399999999999894e+00
-5.974300000000000388e+00
-5.743699999999999584e+00
-7.477999999999999758e+00
-2.371799999999999908e+00
1.505600000000000049e+00
-1.648500000000000076e+00
-1.768000000000000016e+00
-3.493900000000000006e+00
2.016900000000000137e+00
2.304100000000000037e+00
1.305900000000000061e+00
3.228800000000000114e+00
5.403400000000000425e+00
3.920599999999999863e+00
-9.507799999999999585e-01
2.014299999999999979e+00
5.707099999999999618e+00
6.721899999999999764e+00
7.774499999999999744e+00
8.770500000000000185e+00
9.921599999999999753e+00
4.597299999999999720e+00
-4.648999999999999799e-01
1.642500000000000071e+00
5.045799999999999841e+00
1.266200000000000081e+01
1.697299999999999898e+01
1.158200000000000074e+01
1.591000000000000014e+01
1.446499999999999986e+01
1.032499999999999929e+01
9.117499999999999716e+00
6.070400000000000240e+00
4.568900000000000183e+00
8.297899999999999165e-01
-1.005200000000000093e+00
8.569399999999999240e-01
6.556400000000000006e+00
-6.809400000000000175e-02
-3.041799999999999837e+00
-3.712899999999999867e+00
-2.324800000000000200e+00
7.198899999999999189e-01
4.576699999999999657e-01
7.553600000000000314e-01
9.523299999999998988e-01
1.614800000000000013e+00
5.893699999999999495e-01
-4.508499999999999730e+00
-6.366600000000000037e+00
-1.753300000000000081e+00
1.800299999999999956e-01
-2.674100000000000144e+00
-9.132999999999999119e+00
-8.268800000000000594e+00
-7.120099999999999874e+00
-7.201999999999999957e+00
-5.038000000000000256e+00
-2.746100000000000207e+00
-4.341999999999999638e+00
-5.292099999999999582e+00
-5.299099999999999921e-01
3.118799999999999795e+00
-2.073500000000000121e+00
-3.570899999999999963e+00
4.112300000000000400e-01
2.727199999999999624e-01
3.334400000000000142e-01
2.338099999999999845e+00
-5.267700000000000160e-02
-2.183499999999999885e-01
4.088700000000000223e+00
2.750700000000000145e+00
2.396300000000000097e+00
6.640399999999999636e+00
5.243800000000000239e+00
9.347300000000000053e-02
2.190399999999999903e+00
3.318499999999999783e+00
3.903500000000000192e+00
3.803699999999999859e-01
-6.954500000000000126e-01
2.363999999999999879e+00
-1.806999999999999940e+00
-5.686600000000000321e+00
-3.925199999999999800e+00
-3.218599999999999905e+00
6.440299999999999914e-01
-8.848000000000000309e-01
-7.360300000000000731e-01
5.766700000000000159e-01
-2.514400000000000190e+00
-3.110100000000000087e+00
-3.613399999999999945e+00
-2.898400000000000087e+00
-4.609600000000000364e+00
-7.621000000000000441e+00
-5.828100000000000058e+00
-2.873499999999999943e+00
-3.379000000000000004e+00
-1.139499999999999957e+00
6.261499999999999844e-01
6.093199999999999728e-01
-2.534199999999999786e+00
1.460499999999999909e+00
6.157799999999999940e+00
2.875900000000000123e+00
6.706999999999999851e+00
5.595600000000000129e+00
6.396300000000000097e+00
4.888799999999999812e+00
1.621599999999999930e+00
2.543500000000000205e-01
6.192100000000000382e-01
2.191899999999999959e+00
6.653900000000000148e+00
1.411500000000000021e+01
7.740400000000000169e+00
2.636299999999999866e+00
5.899099999999999788e+00
1.406200000000000117e+01
9.094799999999999329e+00
2.422200000000000131e+00
-1.444800000000000084e+00
2.294200000000000017e+00
1.231000000000000094e+00
-9.503700000000000259e+00
-7.674699999999999633e+00
-7.146899999999999586e+00
-7.874299999999999855e+00
-1.039900000000000091e+01
-3.225299999999999834e+00
6.226800000000000113e-01
-4.047399999999999665e+00
-1.570799999999999974e+00
-1.507900000000000018e+00
1.360400000000000220e-01
6.275999999999999801e+00
-6.084000000000000519e-01
-8.212099999999999511e+00
3.436500000000000110e-01
3.195500000000000007e+00
3.778500000000000192e+00
4.568999999999999950e+00
-4.181700000000000195e+00
-9.889799999999999258e+00
-7.092399999999999594e+00
-8.166000000000000369e+00
-3.659600000000000186e+00
5.413600000000000356e-02
-8.266100000000000669e-01
4.071900000000000297e+00
1.800899999999999945e+00
-4.827100000000000279e-01
9.185399999999999121e-02
-1.151599999999999957e+00
-1.952700000000000102e+00
1.228399999999999936e+00
-3.652900000000000036e-01
-1.254399999999999959e+00
-1.366900000000000059e-01
2.058899999999999952e+00
6.760399999999999743e+00
-1.671699999999999964e+00
-2.309200000000000141e+00
3.457599999999999785e+00
1.228499999999999925e+00
2.849499999999999922e+00
3.319199999999999928e+00
4.103500000000000369e+00
5.458099999999999952e+00
6.066300000000000026e+00
6.481499999999999595e+00
6.710099999999999731e+00
2.111400000000000166e+00
-1.076000000000000068e+00
3.956799999999999873e+00
6.058399999999999341e-01
-4.817000000000000171e+00
-3.344899999999999984e+00
-7.524099999999999788e+00
-6.236600000000000144e+00
-9.521700000000000719e-01
-1.505800000000000027e+00
-8.598799999999999777e-01
-2.141099999999999781e+00
-1.765700000000000047e+00
2.698799999999999866e+00
-2.302500000000000213e+00
-3.405499999999999972e+00
-3.541799999999999837e+00
-3.443299999999999805e+00
-5.445800000000000196e+00
-7.391799999999999926e+00
-5.389100000000000001e+00
-4.223200000000000287e+00
-1.803299999999999903e+00
-2.541399999999999881e+00
-1.570400000000000129e-01
-8.358200000000000351e-02
-1.524199999999999999e+00
-4.600699999999999790e+00
4.015799999999999925e-02
-1.381000000000000005e-01
-3.204699999999999771e-01
-2.620800000000000018e+00
-4.493400000000000283e+00
-2.941600000000000215e+00
-3.451200000000000045e+00
2.896500000000000075e+00
3.259199999999999875e+00
4.024700000000000166e+00
3.399799999999999933e+00
3.315999999999999837e+00
1.816599999999999993e+00
-1.966299999999999937e+00
-4.157600000000000406e+00
-2.450699999999999878e+00
-6.828499999999999570e-01
-1.565499999999999947e-01
7.997699999999999809e-01
1.108100000000000085e+00
2.024500000000000188e+00
-1.137799999999999923e+00
-9.322500000000000231e-01
5.923199999999999577e-01
8.523600000000000065e-01
-4.666199999999999792e-01
-2.972500000000000142e+00
-2.372700000000000031e+00
-5.335700000000000109e+00
-4.062800000000000189e+00
1.703999999999999959e+00
3.937199999999999811e+00
7.170799999999999841e+00
6.646700000000000053e+00
8.821199999999999264e+00
1.043200000000000038e+01
7.139499999999999957e+00
7.500300000000000189e+00
7.064099999999999824e+00
7.206800000000000317e+00
4.357000000000000206e+00
4.833199999999999719e+00
9.765899999999999581e-01
-4.020500000000000185e+00
-1.233500000000000041e+00
-7.385800000000000143e-01
-5.435300000000000686e-01
-1.053099999999999925e+00
3.115800000000000125e+00
2.344100000000000072e+00
-3.772800000000000153e+00
-2.954899999999999860e+00
4.118299999999999628e+00
4.512500000000000178e+00
8.826799999999999091e-01
1.467799999999999994e+00
-2.094899999999999984e+00
-1.470099999999999962e+00
-1.654500000000000082e+00
-5.936499999999999666e+00
-6.517400000000000304e+00
-8.658400000000000318e+00
-4.070100000000000051e+00
2.539099999999999691e-01
-2.174399999999999888e+00
-6.372499999999999609e+00
-8.431800000000000850e+00
-5.686700000000000088e+00
1.237600000000000033e+00
-2.285400000000000098e+00
-6.980500000000000149e+00
-3.486899999999999888e+00
-3.287300000000000222e-01
-1.207300000000000040e+00
-1.192600000000000104e+00
-8.905999999999999472e-01
-3.641900000000000137e+00
-1.161100000000000021e+00
-2.230500000000000149e+00
-3.614399999999999835e+00
-1.936800000000000077e+00
-7.212799999999999656e+00
-8.546799999999998843e-01
-2.800600000000000200e+00
-2.802700000000000191e+00
3.817499999999999893e+00
-2.841199999999999837e-01
4.854999999999999871e-01
1.991200000000000081e+00
5.312899999999999956e+00
5.115800000000000125e+00
3.232699999999999907e+00
3.431999999999999940e+00
7.338700000000000223e+00
7.101799999999999891e+00
6.355299999999999727e+00
6.904799999999999827e+00
9.396000000000000796e+00
5.954900000000000304e+00
5.338400000000000034e+00
3.272899999999999920e+00
3.153500000000000192e+00
2.994099999999999984e+00
-2.923599999999999977e+00
-2.306999999999999940e+00
-2.634100000000000108e+00
-2.820699999999999985e+00
-1.778399999999999981e+00
4.575499999999999901e+00
4.944600000000000328e+00
4.986600000000000144e+00
2.004700000000000149e+00
-3.671899999999999942e+00
-1.346300000000000052e+00
-1.918600000000000083e+00
-1.044200000000000017e+00
-1.507600000000000051e+00
-3.563100000000000156e-01
1.656800000000000050e+00
-3.856399999999999828e+00
-5.135399999999999743e+00
-1.995999999999999996e+00
-1.601699999999999902e+00
-1.962299999999999933e+00
-1.744199999999999973e+00
-1.997900000000000009e+00
-1.943300000000000027e+00
-1.918199999999999905e+00
-1.962199999999999944e+00
-1.926399999999999890e+00
-5.822300000000000253e-01
4.083599999999999675e+00
3.496500000000000163e+00
-8.988099999999999978e-01
-3.557700000000000085e+00
-2.171500000000000097e-01
-3.849099999999999966e+00
-7.441200000000000259e+00
-8.213100000000000733e+00
-7.483200000000000074e+00
9.762299999999999311e-01
7.854600000000000470e-01
1.578100000000000058e+00
-2.863300000000000178e+00
-2.863300000000000178e+00
1.301399999999999890e+00
3.813600000000000101e+00
5.417799999999999727e+00
5.428399999999999892e+00
5.231200000000000294e+00
3.595600000000000129e+00
5.239700000000000024e+00
3.652299999999999880e+00
4.172399999999999665e+00
3.738300000000000178e+00
4.306600000000000428e+00
2.922699999999999854e+00
-1.326400000000000079e-01
1.796599999999999975e+00
2.761299999999999866e+00
4.671700000000000408e+00
5.149799999999999933e+00
4.164200000000000124e+00
5.193900000000000183e+00
4.636000000000000121e+00
7.680900000000000283e+00
-8.475399999999999601e-01
-3.577799999999999869e+00
-3.984599999999999920e+00
-6.089999999999999858e+00
-4.721299999999999941e-01
1.203400000000000025e+00
2.209999999999999964e+00
-9.732600000000000140e-01
-6.014499999999999957e+00
-6.058500000000000441e+00
-1.482799999999999896e+00
-4.563299999999999912e+00
-8.168100000000000804e+00
-6.394000000000000128e+00
-3.103800000000000114e+00
-3.835700000000000109e+00
-1.434600000000000097e+00
3.593999999999999861e+00
3.537399999999999878e+00
2.230900000000000105e+00
1.385899999999999910e+00
-4.222900000000000265e-02
2.828599999999999781e+00
-1.602400000000000047e+00
-1.375999999999999890e+00
-2.923500000000000210e+00
4.101399999999999935e+00
1.155199999999999960e+01
1.045099999999999918e-01
-6.557699999999999640e+00
-1.244400000000000084e+01
-1.384400000000000075e+00
4.210100000000000509e-01
2.962600000000000122e+00
2.803199999999999914e+00
1.412900000000000045e+00
-8.237400000000000277e-02
-1.161599999999999966e+01
-1.124499999999999922e+01
-9.005100000000000549e+00
1.418800000000000061e-01
3.085999999999999854e+00
5.407399999999999984e+00
3.677200000000000024e+00
5.459699999999999775e+00
6.743000000000000105e-01
-1.351399999999999935e+00
5.457499999999999574e+00
4.796899999999999942e+00
3.798599999999999977e+00
-3.503099999999999881e+00
-2.257699999999999818e+00
-3.109100000000000197e+00
2.869400000000000173e+00
4.173700000000000188e+00
6.821500000000000341e-01
-2.331300000000000150e+00
-3.224699999999999900e+00
-2.811700000000000088e+00
-2.641900000000000137e+00
-2.090399999999999814e+00
-5.894400000000000084e+00
-4.013499999999999623e+00
-5.891899999999999915e-01
-1.407100000000000017e+00
-2.686399999999999899e+00
-2.208299999999999930e+00
-1.386300000000000088e+00
3.847700000000000120e+00
5.363699999999999690e+00
-1.772399999999999975e+00
4.373800000000000132e+00
3.308399999999999785e+00
-2.229800000000000004e+00
4.033800000000000274e+00
4.740400000000000169e+00
4.427800000000000402e+00
-1.674500000000000099e+00
-8.106800000000000672e-01
-1.022499999999999964e+00
6.129899999999999238e-01
4.397899999999999920e+00
5.710600000000000342e+00
3.611400000000000166e+00
-2.065300000000000136e+00
-1.631299999999999972e+00
2.265599999999999836e-01
8.996100000000000207e-01
1.010599999999999943e+00
1.335499999999999909e+00
8.447799999999999754e-01
5.364100000000000534e-01
9.536000000000000032e-01
3.912300000000000111e+00
1.446099999999999941e+00
-4.197000000000000064e+00
-4.605999999999999872e+00
-3.729600000000000026e+00
-5.703000000000000291e+00
-2.821800000000000086e+00
-3.212000000000000188e+00
1.514599999999999946e+00
4.494200000000000195e+00
9.776600000000000179e+00
5.446299999999999919e+00
2.233299999999999841e+00
6.562700000000000200e-01
-4.152300000000000324e+00
2.914499999999999869e+00
4.340399999999999814e+00
4.042399999999999771e+00
3.306299999999999795e+00
2.822800000000000309e-01
-3.421199999999999797e+00
3.281699999999999617e-01
-1.884300000000000086e+00
-4.874699999999999811e+00
1.705399999999999971e-01
3.408199999999999896e+00
4.188200000000000145e+00
2.168600000000000083e+00
-2.457500000000000018e+00
-6.689300000000000246e-01
-6.584600000000000453e-01
-2.210399999999999920e+00
-2.950699999999999878e+00
-2.957100000000000062e+00
-4.911599999999999966e+00
-3.492100000000000204e+00
-2.280199999999999783e+00
-3.184000000000000163e+00
-2.666199999999999903e+00
-3.563800000000000079e+00
-3.041799999999999837e+00
-3.522100000000000009e+00
-2.782000000000000028e+00
-2.897400000000000198e+00
-2.090100000000000069e+00
-2.645900000000000141e+00
-2.765600000000000058e+00
-2.436399999999999899e+00
-1.337699999999999889e+00
-1.589399999999999924e+00
-6.646800000000000486e-01
2.143100000000000005e+00
1.578899999999999970e+00
3.568900000000000183e+00
-5.790499999999999536e-01
6.518100000000000005e-01
-5.703500000000000236e-02
2.142599999999999838e+00
5.407600000000000406e+00
6.021899999999999586e+00
6.709699999999999775e+00
3.019000000000000128e+00
5.396899999999999586e+00
2.947499999999999787e+00
-1.498099999999999987e+00
8.903100000000000458e-01
4.442599999999999660e+00
2.796400000000000219e+00
4.041999999999999815e+00
2.655899999999999928e+00
2.828500000000000111e-02
4.801000000000000156e+00
3.838499999999999801e+00
4.096400000000000041e+00
-2.236400000000000166e+00
3.218599999999999794e-01
5.784600000000000186e+00
7.245099999999999874e-01
-2.412599999999999856e+00
-5.918800000000000061e+00
-4.880700000000000038e+00
-3.649700000000000166e+00
-5.214100000000000179e+00
-6.931400000000000006e+00
-1.789600000000000080e+00
-2.835900000000000087e+00
-4.347800000000000331e+00
-5.217999999999999972e+00
-5.859600000000000364e+00
-5.783999999999999808e+00
-6.935200000000000031e+00
-4.659799999999999720e+00
-2.537599999999999856e+00
8.051699999999999413e-01
-2.575099999999999945e+00
2.741399999999999740e-02
2.107800000000000118e+00
-4.237599999999999589e+00
-4.386300000000000310e+00
2.858999999999999875e-01
1.751900000000000013e+00
3.544900000000000162e+00
-3.796499999999999986e+00
-8.080800000000000205e-01
1.056400000000000006e+00
-3.938499999999999890e+00
-2.877200000000000202e+00
-1.950099999999999945e+00
4.532000000000000028e+00
2.560999999999999943e+00
4.139399999999999746e-01
-2.274199999999999999e+00
-3.374899999999999789e+00
-2.581900000000000084e+00
1.790499999999999980e+00
2.713499999999999801e+00
-3.624600000000000044e-01
1.390200000000000047e-01
8.376500000000000057e-01
5.003499999999999615e-01
-3.672400000000000109e+00
1.127999999999999892e+00
5.068599999999999994e+00
5.926700000000000301e+00
6.514199999999999768e+00
6.155899999999999928e+00
8.517500000000000071e+00
1.045800000000000018e+01
5.389599999999999724e+00
2.223599999999999799e+00
4.264499999999999957e+00
2.513900000000000023e+00
2.935799999999999965e+00
3.164899999999999824e+00
3.624600000000000044e+00
2.762699999999999600e-01
3.375000000000000222e-01
2.390899999999999803e+00
-3.222199999999999953e+00
-3.483800000000000008e+00
-5.156600000000000072e+00
-7.188600000000000545e-01
1.331200000000000161e-01
-2.739199999999999857e+00
-5.346400000000000041e-01
-4.650400000000000311e+00
-3.098100000000000076e+00
-3.747500000000000053e+00
3.705900000000000194e+00
3.492300000000000404e-01
-1.849900000000000100e+00
3.791700000000000070e+00
2.391599999999999948e+00
5.637300000000000644e-01
1.388600000000000056e+00
3.828100000000000058e+00
6.057399999999999451e-01
5.373299999999999743e-01
-1.064100000000000046e+00
-4.814799999999999969e+00
-4.315000000000000391e+00
3.851600000000000024e-01
4.466800000000000104e+00
9.133399999999999963e+00
2.178500000000000103e+00
-5.652899999999999814e+00
-5.689700000000000202e+00
-7.727199999999999847e+00
-5.293800000000000061e+00
-1.948199999999999932e+00
-6.717900000000000205e+00
-5.301599999999999646e+00
-6.288299999999999557e+00
-3.909400000000000208e+00
-3.847599999999999909e+00
1.502600000000000047e-01
1.185000000000000053e+00
9.406600000000000517e-01
3.296600000000000197e+00
-2.544599999999999973e+00
1.491100000000000092e+00
2.926699999999999857e-01
-1.675400000000000000e+00
-5.117499999999999716e+00
-4.787300000000000111e+00
-1.155299999999999905e+01
-3.526800000000000157e+00
3.237099999999999866e+00
2.074399999999999800e+00
3.241400000000000059e+00
-7.303200000000000358e+00
-7.107000000000000206e+00
-4.249699999999999811e+00
1.755200000000000093e+00
2.119099999999999984e+00
2.940300000000000136e+00
7.292499999999999538e-01
-3.398600000000000065e+00
1.008499999999999952e+00
3.842799999999999994e+00
-8.804899999999999949e-01
1.278599999999999959e+00
1.772799999999999931e+00
-4.653299999999999770e+00
3.629100000000000215e+00
1.123799999999999955e+01
4.845900000000000318e+00
1.139699999999999935e+00
5.607700000000000351e+00
1.041800000000000059e+00
-3.536700000000000177e+00
4.320100000000000051e+00
5.472699999999999676e+00
-1.760499999999999954e+00
2.414000000000000035e-01
1.817700000000000093e+00
-4.749600000000000488e-01
6.563799999999999635e+00
7.859399999999999942e+00
1.341199999999999948e+00
-8.559499999999999886e+00
-8.123900000000000787e+00
-4.196799999999999642e+00
-3.922699999999999854e+00
7.781700000000000284e-01
1.811299999999999910e+00
1.536100000000000021e+00
9.797700000000000298e-01
3.378099999999999881e+00
4.268799999999999706e+00
6.908299999999999663e+00
6.970699999999999896e+00
4.543899999999999828e+00
3.226399999999999935e+00
4.500799999999999912e+00
6.173700000000000188e+00
6.254900000000000126e+00
3.756800000000000139e+00
-5.449499999999999567e+00
-1.518199999999999994e+00
4.164100000000000357e+00
5.755099999999999660e+00
3.085199999999999942e+00
-2.912799999999999834e+00
-5.458999999999999631e+00
-5.392500000000000071e+00
-5.856399999999999828e+00
-7.096300000000000274e+00
-4.119100000000000428e+00
-4.199300000000000033e+00
-3.958699999999999886e+00
4.487499999999999822e+00
1.205100000000000060e+00
-3.148699999999999832e+00
-3.044500000000000206e+00
4.674399999999999666e-01
1.796000000000000096e-01
-1.968299999999999939e+00
-3.164200000000000124e+00
-3.202399999999999913e+00
-3.528099999999999792e+00
-3.209900000000000198e+00
1.287600000000000078e+00
-4.416800000000000281e+00
-1.995400000000000063e+00
-2.233000000000000096e+00
1.520000000000000018e+00
3.039699999999999847e+00
4.121199999999999974e+00
1.803299999999999903e+00
-2.143899999999999917e+00
2.900499999999999745e-01
-3.523600000000000065e-01
5.501800000000000246e+00
3.492199999999999971e+00
5.104000000000000092e+00
2.832300000000000040e+00
-3.056200000000000028e-01
5.386999999999999567e+00
-3.125500000000000167e+00
-3.843399999999999928e+00
-3.720499999999999918e+00
-9.910600000000000520e-01
3.720099999999999962e+00
5.094800000000000217e+00
5.521700000000000053e+00
3.367199999999999971e+00
5.738000000000000433e+00
5.216999999999999638e+00
7.002699999999999925e+00
6.978600000000000136e+00
3.356100000000000083e+00
4.183500000000000441e+00
5.893500000000000405e+00
3.899000000000000243e-01
9.768700000000000827e+00
1.698499999999999943e+01
-6.846000000000000085e+00
-2.199300000000000210e+01
-9.773600000000000065e+00
2.943299999999999805e+00
-4.479199999999999626e+00
-1.050500000000000078e+01
-1.274000000000000021e+01
-1.016200000000000081e+01
-7.473399999999999821e+00
2.129999999999999893e+00
2.370199999999999818e+01
4.759000000000000341e+01
3.961800000000000210e+01
3.635899999999999910e+00
2.517400000000000193e-01
-1.162900000000000134e+01
-3.266599999999999682e+01
-2.676399999999999935e+01
-7.019000000000000128e+00
6.576399999999999579e+00
1.041599999999999859e+01
7.767900000000000027e+00
-9.161099999999999355e+00
-1.202500000000000036e+01
-2.643200000000000216e+00
-1.091000000000000014e+01
-1.579400000000000048e+01
4.350100000000000300e+00
8.455899999999999750e+00
-3.253800000000000026e+00
1.725700000000000145e+01
1.827499999999999858e+01
-3.105599999999999916e+00
-4.588599999999999568e+00
7.919500000000000428e-01
3.137999999999999901e+00
9.636100000000000776e+00
3.661200000000000010e+00
-1.772599999999999909e+01
-1.565400000000000169e+01
-1.694499999999999895e+00
-5.696299999999999919e+00
2.990699999999999914e+00
5.133000000000000007e+00
1.361200000000000010e+01
1.705999999999999872e+01
-1.777600000000000069e+00
6.579000000000000403e-01
1.782799999999999940e+00
-5.398800000000000265e-01
-1.234500000000000064e+01
-1.323400000000000176e+01
2.188299999999999912e+00
1.389000000000000057e+01
-1.068200000000000038e+01
-1.536999999999999922e+01
5.515900000000000247e+00
-5.178499999999999659e+00
-1.501400000000000112e+01
-2.668099999999999916e+00
1.325000000000000000e+01
-7.640299999999999869e-01
2.651800000000000157e+00
2.639100000000000001e+00
-7.019999999999999574e+00
-3.749000000000000110e+00
-7.717300000000000271e-01
2.339700000000000113e+00
3.997900000000000009e+00
3.690999999999999837e+00
-1.094900000000000162e+01
-1.180099999999999838e+01
1.037900000000000045e+00
2.680699999999999861e+00
-4.330499999999999794e+00
5.729700000000000237e+00
8.735500000000000043e+00
-9.896099999999999897e-01
-4.071500000000000341e+00
-2.489900000000000002e+00
-5.964199999999999946e+00
-8.146800000000000708e+00
-3.008900000000000130e+00
1.707400000000000029e+00
7.463400000000000034e+00
7.199600000000000222e+00
6.800799999999999734e+00
4.586199999999999832e+00
-1.352800000000000002e+00
1.756599999999999939e+00
5.627900000000000125e-01
-5.636800000000000033e+00
-8.690300000000000580e+00
-6.581800000000000317e+00
4.537499999999999645e+00
4.259599999999999831e+00
1.375099999999999989e+00
1.686199999999999921e+00
7.161900000000000155e+00
1.081400000000000006e+01
8.266000000000000014e+00
1.025000000000000000e+01
1.512399999999999967e+00
-1.248099999999999987e+01
-1.713799999999999812e+01
-9.566000000000000725e+00
-1.052500000000000036e+01
-1.148099999999999987e+01
1.020599999999999952e+00
2.452199999999999935e+00
6.588899999999999757e+00
1.100200000000000067e+01
1.431299999999999883e+01
2.257800000000000029e+00
-2.841200000000000170e+00
9.424700000000000299e-01
-9.930099999999999483e+00
-4.846000000000000085e+00
-8.700299999999999701e-01
-7.888399999999999856e+00
-1.445199999999999996e+01
-1.341599999999999904e+00
2.673999999999999932e+00
1.264599999999999946e+00
6.160599999999999632e+00
-2.798800000000000177e-01
2.747399999999999842e+00
7.726899999999999658e+00
3.475299999999999834e+00
-6.866100000000000314e+00
-1.039200000000000124e+01
-5.797299999999999898e+00
-8.290200000000000458e+00
5.294599999999999973e+00
1.371799999999999997e+01
8.769800000000000040e+00
9.432399999999999451e+00
-3.002400000000000069e-01
-3.089599999999999902e+00
-4.792900000000000382e+00
-4.653100000000000236e+00
-6.107099999999999973e+00
1.598400000000000043e+00
-4.348100000000000298e-01
-1.811700000000000088e+00
5.029300000000000104e+00
3.165500000000000203e+00
3.973199999999999843e+00
1.800899999999999945e+00
1.383599999999999941e+00
-4.832099999999999618e+00
-2.995499999999999829e+00
-1.043400000000000105e+01
-8.673199999999999577e+00
-7.384699999999999598e+00
-7.439700000000000202e+00
6.575400000000000134e-01
2.839199999999999946e+00
3.923900000000000166e+00
5.241299999999999848e+00
5.140799999999999592e+00
2.725200000000000067e+00
4.287399999999999878e+00
5.872399999999999842e+00
8.065300000000000580e+00
-3.777400000000000202e-01
-7.224599999999999911e-01
1.465799999999999992e+00
5.755200000000000315e-01
-3.783399999999999874e+00
-1.448900000000000077e+00
3.172099999999999920e-01
-7.858900000000000219e+00
-8.471299999999999386e+00
-5.844300000000000050e-01
6.490400000000000169e+00
6.535999999999999588e+00
7.468399999999999928e+00
4.842100000000000293e+00
2.798500000000000210e+00
-5.527899999999999814e+00
-6.504500000000000171e+00
1.915300000000000002e+00
1.099699999999999900e+00
-1.966099999999999959e+00
2.689099999999999824e+00
6.375200000000000422e+00
