-3.657900000000000151e+00
-2.205400000000000205e+01
-1.925700000000000145e+01
-1.788100000000000023e+01
-1.920700000000000074e+01
-2.351999999999999957e+01
-2.712099999999999866e+01
-2.531699999999999662e+01
-2.280199999999999960e+01
-1.687099999999999866e+01
-1.463799999999999990e+01
-2.406800000000000139e+01
-3.463499999999999801e+01
-3.851599999999999824e+01
-3.002300000000000324e+01
-2.892500000000000071e+01
-2.042900000000000205e+01
-1.278700000000000081e+01
-3.293699999999999850e+00
-1.129499999999999993e+01
-2.654899999999999949e+01
-4.194500000000000028e+01
-4.539199999999999591e+01
-1.754700000000000060e+01
3.188400000000000123e+00
2.733800000000000097e+01
-9.387499999999999289e+00
-2.392399999999999949e+01
-2.565800000000000125e+01
-3.805899999999999750e+01
-5.315999999999999659e+01
-6.626899999999999125e+01
-6.088700000000000045e+01
-3.431000000000000227e+01
-3.845499999999999829e+01
-3.093599999999999994e+01
-3.265999999999999659e+01
-1.518200000000000038e+01
-1.542399999999999993e+00
1.835599999999999810e+01
2.986499999999999844e+01
2.985399999999999920e+01
4.989800000000000324e+01
7.833700000000000330e+01
8.444899999999999807e+01
6.680500000000000682e+01
5.328300000000000125e+01
3.564500000000000313e+01
2.966900000000000048e+01
5.128800000000000381e+01
6.579500000000000171e+01
8.784200000000001296e+01
1.111700000000000017e+02
1.313799999999999955e+02
1.174399999999999977e+02
1.092000000000000028e+02
7.165600000000000591e+01
7.322899999999999920e+01
4.398200000000000109e+00
-1.061099999999999994e+02
-1.530300000000000011e+02
-1.089200000000000017e+02
-8.245200000000001239e+01
-4.673799999999999955e+01
-1.742099999999999937e+01
9.479400000000000048e+00
3.211699999999999733e+01
6.655299999999999727e+01
1.096700000000000017e+02
1.661599999999999966e+02
2.128300000000000125e+02
2.763000000000000114e+02
2.549799999999999898e+02
1.868700000000000045e+02
1.503499999999999943e+02
1.449699999999999989e+02
1.585099999999999909e+02
1.474399999999999977e+02
1.669499999999999886e+02
1.915900000000000034e+02
2.419699999999999989e+02
7.302500000000000568e+01
-2.786899999999999977e+02
-3.897400000000000091e+02
-3.673899999999999864e+02
-3.697699999999999818e+02
-3.218100000000000023e+02
-3.118199999999999932e+02
-3.196100000000000136e+02
-3.227200000000000273e+02
-3.309300000000000068e+02
-3.031700000000000159e+02
-2.594700000000000273e+02
-2.243100000000000023e+02
-1.985300000000000011e+02
-1.369199999999999875e+02
-4.913000000000000256e+01
2.300900000000000034e+01
1.125100000000000051e+02
1.901899999999999977e+02
2.792599999999999909e+02
3.538199999999999932e+02
4.463000000000000114e+02
5.118999999999999773e+02
5.757799999999999727e+02
6.149199999999999591e+02
6.628799999999999955e+02
5.582200000000000273e+02
4.770199999999999818e+02
-2.099499999999999886e+02
-4.521499999999999773e+02
-3.113199999999999932e+02
-3.655000000000000000e+02
-2.225300000000000011e+02
-1.697500000000000000e+02
-5.850600000000000023e+01
7.078100000000000058e+00
9.684399999999999409e+01
1.794900000000000091e+02
2.479199999999999875e+02
3.729499999999999886e+02
1.452500000000000000e+02
-4.990799999999999841e+02
-2.872799999999999727e+02
-3.299499999999999886e+02
-1.979499999999999886e+02
-1.212800000000000011e+02
2.934800000000000253e+01
-1.538499999999999943e+02
-4.041800000000000068e+02
-3.288000000000000114e+02
-3.285199999999999818e+02
-2.791700000000000159e+02
-2.202899999999999920e+02
-1.692400000000000091e+02
-1.322599999999999909e+02
-9.742700000000000671e+01
-5.917699999999999960e+01
-5.566799999999999748e+00
4.590899999999999892e+01
1.803199999999999914e+00
-5.411500000000000199e+01
-1.232500000000000000e+02
-1.406200000000000045e+02
-1.019599999999999937e+02
-8.718600000000000705e+01
-4.552600000000000335e+01
-1.340499999999999936e+01
4.574100000000000676e+01
9.734700000000000841e+01
1.522199999999999989e+02
-5.571399999999999686e-01
-5.662399999999999523e+01
8.208899999999999864e+00
1.614700000000000202e+01
8.183400000000000318e+01
1.290300000000000011e+02
1.941399999999999864e+02
2.464600000000000080e+02
2.821200000000000045e+02
4.072099999999999653e+01
3.372299999999999898e+01
1.288499999999999943e+02
1.355000000000000000e+02
2.683100000000000023e+02
2.815099999999999909e+02
4.261299999999999955e+02
-1.624699999999999989e+02
-2.450000000000000000e+02
-1.296699999999999875e+02
-1.048199999999999932e+02
2.458399999999999963e+01
1.490099999999999909e+02
-1.901100000000000136e+02
-2.717900000000000205e+02
-2.035399999999999920e+02
-2.350099999999999909e+02
-1.680399999999999920e+02
-1.391999999999999886e+02
-7.139100000000000534e+01
-5.335100000000000620e+01
-1.611999999999999886e+02
-9.081900000000000261e+01
-8.999600000000000932e+01
-4.138100000000000023e+01
-1.281499999999999950e+01
4.689800000000000324e+01
8.826000000000000512e+01
1.154000000000000057e+02
4.241399999999999437e+01
-1.350699999999999967e+01
-6.288199999999999790e+01
-6.866100000000000314e+00
2.155699999999999861e+01
1.030400000000000063e+02
1.603400000000000034e+02
2.425399999999999920e+02
2.856100000000000136e+02
3.269900000000000091e+02
6.540500000000000114e+01
1.524499999999999966e+00
5.314199999999999591e+01
6.166300000000000381e+01
-7.617700000000000138e+00
-1.957600000000000051e+01
4.029400000000000404e+01
5.194800000000000040e+01
5.307500000000000284e+01
9.844299999999999784e+01
1.580300000000000011e+02
2.032599999999999909e+02
2.784900000000000091e+02
3.292599999999999909e+02
4.020799999999999841e+02
3.956899999999999977e+02
4.232699999999999818e+02
3.766200000000000045e+02
2.709399999999999977e+02
-2.244600000000000080e+02
-9.588200000000000500e+01
-6.018100000000000449e+01
-3.429500000000000171e+01
-2.036899999999999977e+02
-3.092300000000000182e+02
-4.767699999999999818e+02
-3.878799999999999955e+02
-3.983899999999999864e+02
-2.908600000000000136e+02
-2.237199999999999989e+02
-9.997299999999999898e+01
-8.203500000000000236e-01
1.317400000000000091e+02
2.172299999999999898e+02
3.247699999999999818e+02
-4.531899999999999551e+01
-6.067399999999999949e+01
3.719300000000000495e+01
7.930299999999999727e+01
1.940900000000000034e+02
2.935199999999999818e+02
3.859800000000000182e+02
5.064700000000000273e+02
3.524300000000000068e+02
-2.584599999999999795e+02
-1.840699999999999932e+02
-1.971399999999999864e+02
-1.655600000000000023e+02
-8.120100000000000762e+01
-2.385099999999999909e+02
-4.080400000000000205e+02
-3.070500000000000114e+02
-3.248199999999999932e+02
-2.566899999999999977e+02
-2.255300000000000011e+02
-1.600999999999999943e+02
-1.026299999999999955e+02
-9.565500000000000114e+01
-2.132800000000000011e+02
-2.341800000000000068e+02
-2.380099999999999909e+02
-2.271999999999999886e+02
-1.321899999999999977e+02
-9.107299999999999329e+01
4.021300000000000097e+01
-1.284699999999999989e+02
-2.970199999999999818e+02
-1.586200000000000045e+02
-1.933199999999999932e+02
-7.995799999999999841e+01
-3.543599999999999994e+01
5.829800000000000182e+01
1.173199999999999932e+02
1.503300000000000125e+02
6.371000000000000085e+01
9.517500000000000071e+00
-3.372200000000000131e+01
3.668900000000000006e+01
7.409799999999999898e+01
1.481999999999999886e+02
2.039600000000000080e+02
2.726700000000000159e+02
3.338299999999999841e+02
3.833199999999999932e+02
2.551699999999999875e+02
1.231800000000000068e+02
2.703000000000000114e+01
4.537899999999999778e+01
5.818600000000000705e+01
8.805400000000000205e+01
4.154699999999999704e+01
-3.141699999999999804e+01
-5.801300000000000523e+01
-3.795300000000000296e+01
-5.942699999999999960e+01
-5.544100000000000250e+01
-3.068699999999999761e+01
-6.928899999999999615e+00
2.721199999999999974e+01
6.519499999999999318e+01
1.017500000000000000e+02
4.202300000000000324e+01
-1.500500000000000078e+01
-8.554500000000000171e+01
-2.210000000000000142e+01
2.811800000000000210e+01
5.316100000000000136e+01
-2.420400000000000063e+01
-1.338299999999999912e+01
6.257200000000000095e+00
2.746300000000000097e+01
7.014600000000000080e+01
1.027300000000000040e+02
4.229500000000000171e+01
9.318300000000000693e+00
-1.812000000000000099e+01
-2.741000000000000103e+00
1.260000000000000009e+00
-1.351400000000000112e+01
-3.653600000000000136e+01
-2.314400000000000190e+01
-1.501500000000000057e+01
7.954899999999999194e-01
1.490099999999999980e+01
-8.542500000000000426e+00
-5.872600000000000620e+01
-8.174099999999999966e+01
-4.700800000000000267e+01
-4.000999999999999801e+01
-2.902800000000000225e+01
-2.316600000000000037e+01
-2.937300000000000022e+00
3.663700000000000045e+01
-2.818900000000000006e+01
-2.986100000000000065e+01
-1.645599999999999952e+01
-2.296199999999999974e+01
-1.595400000000000063e+01
-1.435099999999999909e+01
1.334300000000000042e+00
1.574000000000000021e+01
4.266399999999999437e+01
6.276200000000000045e+01
1.278100000000000023e+02
1.393700000000000045e+02
2.164699999999999847e+01
-7.346099999999999852e+01
-4.027300000000000324e+01
-1.661299999999999955e+01
3.435499999999999687e+01
2.800400000000000134e+01
-2.001800000000000068e+01
-7.657699999999999818e+01
-7.424699999999999989e+01
-4.631800000000000495e+01
-2.450199999999999889e+01
5.140600000000000058e+00
3.933099999999999596e+01
6.683800000000000807e+01
1.313000000000000078e+01
-5.067800000000000438e+01
-6.099699999999999989e+01
-2.609300000000000352e+01
-4.239000000000000057e+01
-1.999900000000000233e+01
4.952600000000000335e+00
3.303499999999999659e+01
5.372600000000000620e+01
7.710699999999999932e+01
6.494100000000000250e+01
2.987199999999999989e+01
6.751500000000000057e+00
4.351200000000000045e+01
8.226500000000000057e+01
8.517600000000000193e+01
1.810800000000000054e+01
4.515500000000000291e+00
-1.405199999999999960e+01
-6.589699999999999669e+00
4.144300000000000317e+00
1.061099999999999888e+01
3.855499999999999972e+01
6.351300000000000523e+01
9.928200000000001069e+01
1.081599999999999966e+02
9.215899999999999181e+01
9.435799999999998988e+01
1.304099999999999966e+02
1.649000000000000057e+02
8.417499999999999716e+01
8.893399999999999750e+01
2.286100000000000065e+01
-4.250199999999999534e+01
-5.623300000000000409e+01
-8.973499999999999943e+01
-8.924500000000000455e+01
-9.686100000000000421e+01
-9.053799999999999670e+01
-9.929600000000000648e+01
-2.199599999999999866e+01
2.158999999999999986e+01
-5.842600000000000193e+01
-1.168199999999999932e+02
-1.194599999999999937e+02
-8.170799999999999841e+01
-8.847799999999999443e+01
-7.646899999999999409e+01
-7.882800000000000296e+01
-6.482600000000000762e+01
-5.979299999999999926e+01
-5.703199999999999648e+01
-6.437100000000000932e+01
-6.388899999999999579e+01
-5.216899999999999693e+01
-1.669699999999999918e+01
1.706700000000000017e+01
6.135600000000000165e+01
7.179300000000000637e+01
7.469100000000000250e+01
6.450199999999999534e+01
6.142499999999999716e+01
3.957399999999999807e+01
3.620400000000000063e+01
-9.821799999999999642e+00
1.937500000000000000e+01
2.298499999999999943e+01
9.201500000000000057e+01
-1.400600000000000023e+02
-2.428499999999999943e+02
-2.317100000000000080e+02
-2.315200000000000102e+02
-2.024600000000000080e+02
-1.920399999999999920e+02
-1.427800000000000011e+02
-1.107300000000000040e+02
-6.062100000000000222e+01
-4.721100000000000563e+01
-1.431299999999999883e+01
-1.768499999999999872e+01
-4.153999999999999915e+01
-3.424499999999999744e+01
1.586099999999999888e+01
4.136199999999999477e+01
2.774599999999999866e+01
7.401100000000000989e+01
1.292400000000000091e+02
1.829000000000000057e+02
2.455200000000000102e+02
3.532300000000000182e+02
2.492899999999999920e+02
-1.866200000000000045e+02
-3.809199999999999875e+01
-5.313199999999999790e+01
-2.023700000000000188e+01
-1.664199999999999875e+02
-1.050799999999999983e+02
-9.323499999999999943e+01
-1.068599999999999994e+02
-8.150300000000000011e+01
2.350400000000000134e+01
1.057500000000000000e+02
2.248300000000000125e+02
3.390899999999999750e+02
1.977400000000000091e+02
8.853799999999999670e+01
1.431899999999999977e+02
3.782999999999999829e+01
-4.804800000000000182e+00
-9.025399999999999068e+01
-1.576299999999999955e+02
-2.271500000000000057e+02
-2.338000000000000114e+02
-1.673499999999999943e+02
-7.756000000000000227e+01
1.840600000000000014e+00
1.064200000000000017e+02
2.326200000000000045e+02
3.084599999999999795e+02
-7.425799999999999557e+01
-8.365199999999999747e+00
-1.900099999999999767e+01
8.342900000000000205e+00
4.464800000000000324e+01
1.257600000000000051e+02
1.673199999999999932e+02
-4.428800000000000381e+01
-1.294499999999999886e+02
-5.630699999999999505e+01
-4.930799999999999983e+01
-1.271799999999999997e+01
2.415399999999999991e+01
9.132299999999999329e+01
1.262099999999999937e+02
1.602299999999999898e+02
1.703600000000000136e+02
1.315699999999999932e+02
7.740300000000000580e+01
1.940299999999999869e+01
1.843799999999999883e+01
-8.308899999999999864e+01
-1.029699999999999989e+02
-3.253099999999999881e+01
1.371799999999999997e+01
1.077699999999999960e+02
9.936199999999999477e+00
-3.185500000000000043e+01
3.730599999999999916e+00
-1.516099999999999959e+01
-3.262899999999999778e+01
-5.351399999999999579e+01
-3.585699999999999932e+01
-3.142500000000000071e+01
-1.604299999999999926e+01
3.717199999999999704e+01
1.078799999999999955e+02
1.793000000000000114e+02
2.447400000000000091e+02
1.736399999999999864e+02
6.712399999999999523e+01
-7.723399999999999466e+01
-4.806300000000000239e+01
-4.307399999999999807e+01
-1.679399999999999977e+02
-1.936800000000000068e+02
-1.222800000000000011e+02
-6.793999999999999773e+01
1.541099999999999959e+01
5.466899999999999693e+01
1.074399999999999977e+02
8.012500000000000000e+01
2.052499999999999858e+01
-1.063099999999999845e+01
-4.648199999999999932e+01
-7.422499999999999432e+01
-5.375699999999999790e+01
-7.112399999999999523e+01
-9.375700000000000500e+01
-1.200900000000000034e+02
-1.496899999999999977e+02
-9.253499999999999659e+01
-6.880599999999999739e+01
5.556199999999999584e+00
2.785900000000000176e+01
1.346299999999999919e+01
1.755400000000000205e+01
-2.429800000000000182e+01
-8.137199999999999989e+01
-1.925499999999999901e+01
2.038700000000000045e+01
8.833100000000000307e+01
1.510099999999999909e+02
1.585000000000000000e+02
7.140300000000000580e+01
3.784499999999999975e+00
-8.630700000000000216e+01
-6.887000000000000455e+01
-5.883399999999999608e+01
-3.186899999999999977e+01
-7.608600000000000030e+00
4.422899999999999920e+01
2.098000000000000043e+01
-5.931399999999999295e+01
-9.736700000000000443e+01
-1.507800000000000011e+02
-1.421899999999999977e+02
-1.206500000000000057e+02
-9.868700000000001182e+01
-6.534899999999998954e+01
-3.300800000000000267e+01
-1.361200000000000010e+01
-6.249399999999999977e+01
-7.268999999999999773e+01
-1.230000000000000000e+02
-1.570900000000000034e+02
-1.155199999999999960e+02
-9.784200000000001296e+01
-6.537899999999999068e+01
-4.956100000000000705e+01
-2.776800000000000068e+01
-2.842400000000000038e+00
4.155699999999999505e+01
6.576000000000000512e+01
1.003499999999999943e+02
1.232600000000000051e+02
1.421999999999999886e+02
1.629900000000000091e+02
1.779300000000000068e+02
1.817899999999999920e+02
2.155099999999999909e+02
2.385600000000000023e+02
2.674499999999999886e+02
3.336000000000000227e+02
3.712900000000000205e+02
4.099900000000000091e+02
2.368899999999999864e+02
6.123499999999999943e+01
-5.951699999999999591e+01
-1.694699999999999989e+02
-1.478600000000000136e+02
-1.771599999999999966e+02
-2.260900000000000034e+02
-2.690500000000000114e+02
-2.441599999999999966e+02
-2.152899999999999920e+02
-1.978100000000000023e+02
-1.670900000000000034e+02
-1.865900000000000034e+02
-1.961299999999999955e+02
-1.947100000000000080e+02
-1.924499999999999886e+02
-1.900399999999999920e+02
-1.849300000000000068e+02
-1.840900000000000034e+02
-1.088599999999999994e+02
1.586900000000000155e+01
5.326500000000000057e+01
6.306600000000000250e+01
1.345999999999999943e+02
7.826300000000000523e+01
5.535100000000000620e+01
1.034200000000000017e+02
1.224699999999999989e+02
1.049599999999999937e+02
6.711399999999999011e+01
3.140199999999999747e+01
3.110900000000000176e+01
8.827500000000000568e+01
5.840100000000000335e+01
4.658800000000000097e+01
7.687699999999999534e+01
4.230899999999999750e+01
1.613200000000000145e+01
1.740900000000000247e+01
-2.967399999999999949e+01
-1.787000000000000099e+01
-8.768100000000000449e+00
7.304999999999999716e+00
1.612500000000000000e+01
-1.374000000000000021e+01
-5.171199999999999619e+01
-3.720100000000000051e+01
1.352700000000000014e+00
4.047599999999999909e+01
8.528900000000000148e+01
8.572799999999999443e+01
1.001099999999999994e+02
8.987999999999999545e+01
8.648299999999998988e+01
3.074599999999999866e+01
4.100699999999999790e+01
4.686100000000000421e+01
6.736599999999999966e+01
8.218399999999999750e+01
1.001299999999999955e+02
1.078400000000000034e+02
1.597899999999999920e+02
1.630999999999999943e+02
1.935699999999999932e+02
6.744499999999999318e+01
3.336699999999999999e+00
-3.886500000000000199e+01
-8.689600000000000080e+01
-1.007900000000000063e+02
-9.761100000000000421e+01
-6.712300000000000466e+01
-6.365699999999999648e+01
8.227499999999999147e+00
8.253100000000000591e+01
-5.281700000000000017e+01
-8.888299999999999557e+01
-3.277700000000000102e+01
5.976399999999999935e+00
6.905500000000000682e+01
-9.671099999999999142e+00
-1.488499999999999943e+02
-1.668300000000000125e+02
-6.292300000000000182e+01
-4.278800000000000381e+01
-3.875000000000000000e+00
-3.977499999999999858e+01
-6.528900000000000148e+01
-7.771500000000000341e+01
-6.140699999999999648e+01
-6.415699999999999648e+01
-4.002199999999999847e+01
-1.019599999999999973e+01
1.485499999999999876e-01
2.699300000000000210e+01
5.483600000000000563e+01
5.821800000000000352e+01
1.746800000000000068e+02
1.578700000000000045e+02
3.523400000000000176e+01
-6.719599999999999795e+01
-2.004900000000000091e+02
-1.625399999999999920e+02
-1.618400000000000034e+02
-1.262900000000000063e+02
-8.121600000000000819e+01
-4.182600000000000051e+01
-1.395500000000000007e+01
1.007900000000000063e+01
9.257299999999999329e+01
-2.580900000000000194e+00
-8.607200000000000273e+01
-5.178800000000000381e+01
-1.160699999999999932e+02
-9.628700000000000614e+01
-7.607899999999999352e+01
4.156399999999999650e+00
1.061500000000000057e+02
1.534000000000000057e+02
2.437299999999999898e+02
2.743399999999999750e+02
2.344000000000000057e+02
1.398400000000000034e+02
2.992000000000000171e+01
-4.045400000000000063e+01
-7.327600000000001046e+01
-6.247300000000000075e+00
2.309099999999999753e+01
9.993799999999998818e+01
7.907200000000000273e+01
2.051500000000000057e+01
9.334799999999999764e-01
-4.396500000000000341e+01
-2.855400000000000205e+01
-3.020599999999999952e+01
-5.106399999999999295e+01
-6.324000000000000199e+01
-7.384799999999999898e+01
-1.070699999999999932e+02
-1.425699999999999932e+02
-1.068100000000000023e+02
-4.657100000000000506e+01
-3.783099999999999596e+01
1.494399999999999951e+00
-2.842999999999999972e-01
8.464000000000000412e+00
2.674300000000000210e+01
6.536299999999999955e+01
1.339300000000000039e-02
-1.253599999999999994e+02
-1.257099999999999937e+02
-6.588600000000000989e+01
-3.266199999999999903e+01
3.782800000000000296e+01
7.546500000000000341e+01
3.558400000000000318e+01
6.372499999999999609e+00
-3.421500000000000341e+01
2.571099999999999941e+00
4.903199999999999648e+01
8.909399999999999409e+01
1.412400000000000091e+02
1.036500000000000057e+02
5.083699999999999619e+01
-1.534599999999999831e+01
-4.611100000000000421e+01
-5.340600000000000591e+01
-4.917999999999999972e+01
-3.271999999999999886e+01
-6.145000000000000462e-01
4.116600000000000392e+01
-1.021799999999999997e+01
-3.898599999999999710e+01
-8.709299999999998931e+01
-6.892399999999999238e+01
-3.738199999999999790e+01
-6.549299999999999677e+00
3.167999999999999972e+01
-1.002700000000000102e+01
9.285800000000000054e+00
5.534000000000000341e+01
8.020100000000000762e+01
1.239800000000000040e+02
1.036099999999999994e+02
8.836299999999999955e+01
7.083899999999999864e+01
1.043799999999999955e+02
1.329399999999999977e+02
1.369000000000000057e+02
3.346399999999999864e+01
-3.625800000000000267e+01
-1.092500000000000000e+02
-1.360200000000000102e+02
-7.900900000000000034e+01
-4.191300000000000381e+01
8.726000000000000423e-01
3.398599999999999710e+01
-1.198299999999999876e+01
-5.269100000000000250e+01
-8.770600000000000307e+01
-6.199000000000000199e+01
-4.338499999999999801e+01
-2.876399999999999846e+00
2.767500000000000071e+01
1.384999999999999964e+01
-1.462700000000000067e+01
-3.385800000000000409e+01
-8.082999999999999829e+01
-8.399099999999999966e+01
-3.253000000000000114e+01
3.991600000000000037e+00
5.430899999999999750e+01
9.097100000000000364e+01
1.202399999999999949e+02
1.192099999999999937e+02
7.322899999999999920e+01
-3.473300000000000054e+00
-1.413400000000000034e+02
-1.035400000000000063e+02
-7.385200000000000387e+01
-3.492300000000000182e+01
7.846799999999999997e+00
6.370199999999999818e+01
5.156800000000000495e+01
2.719999999999999929e+01
6.569899999999999807e+01
5.910800000000000409e+01
4.312899999999999778e+01
2.942300000000000182e+01
2.524699999999999989e+01
2.519400000000000261e+01
1.067499999999999977e-01
-2.612099999999999866e+01
-5.732699999999999818e+01
-5.468699999999999761e+01
-1.833200000000000074e+01
4.363599999999999923e+00
4.057000000000000028e+01
-1.411299999999999955e+01
-4.874199999999999733e+01
-5.535300000000000153e+01
-8.131000000000000227e+01
-5.478300000000000125e+01
-5.101600000000000534e+01
-4.653899999999999437e+01
-4.604600000000000648e+01
-1.810399999999999920e+01
-1.505499999999999972e+01
-4.514800000000000324e+01
-3.129199999999999804e+01
1.200400000000000134e+01
6.440200000000000102e+01
1.361399999999999864e+02
1.802899999999999920e+02
1.692400000000000091e+02
1.505099999999999909e+02
1.016299999999999955e+02
3.653399999999999892e+01
5.711700000000000443e+00
-3.279299999999999926e+01
-2.009499999999999886e+01
-1.424800000000000066e+00
2.165199999999999747e+01
2.552599999999999980e+01
3.722099999999999653e+01
4.115100000000000424e-01
-3.071000000000000085e+01
-6.695399999999999352e+01
-1.016299999999999955e+02
-1.354600000000000080e+02
-1.118299999999999983e+02
-9.005100000000000193e+01
-6.229800000000000182e+01
-3.213000000000000256e+01
-3.668499999999999872e+00
-3.693999999999999773e+01
-6.267399999999999949e+01
-9.040100000000001046e+01
-7.403699999999999193e+01
-6.393299999999999983e+01
-5.980499999999999972e+01
-8.512100000000000932e+01
-9.806399999999999295e+01
-9.337299999999999045e+01
-7.417399999999999238e+01
-5.582899999999999352e+01
-2.952199999999999847e+01
-2.498199999999999932e+01
-1.161800000000000033e+01
-4.089900000000000091e+00
1.015799999999999983e+02
1.372700000000000102e+02
1.614300000000000068e+02
1.369499999999999886e+02
1.315300000000000011e+02
6.977899999999999636e+01
9.191700000000000426e-01
-1.190299999999999869e+01
-3.824000000000000199e+01
-1.081000000000000050e+01
1.966399999999999926e+00
2.014700000000000202e+01
1.855599999999999739e+01
3.758800000000000097e+01
4.296500000000000341e+01
2.287999999999999901e+01
-3.747599999999999820e+00
-1.060599999999999987e+01
1.467999999999999972e+01
2.147500000000000142e+01
3.225000000000000000e+01
1.920400000000000107e+00
-2.585000000000000142e+01
-2.986699999999999733e+01
7.930200000000000138e+00
4.174499999999999744e+01
3.360000000000000142e+01
-8.964700000000000557e+00
-4.683699999999999619e+01
-4.915200000000000102e+01
-7.231499999999999595e+00
-2.008199999999999985e+00
6.914100000000000357e+00
6.873999999999999666e+00
9.251699999999999591e+00
8.215099999999999625e+00
1.926999999999999957e+01
3.032300000000000040e+01
4.521800000000000352e+01
5.385300000000000153e+01
5.793800000000000239e+01
6.287500000000000000e+01
6.582200000000000273e+01
7.189699999999999136e+01
8.992100000000000648e+01
7.423499999999999943e+01
4.503600000000000136e+01
2.437300000000000111e+01
-1.051500000000000057e+01
-1.538900000000000112e+01
2.439699999999999847e+01
2.037699999999999889e+01
-3.300099999999999767e+01
-9.533599999999999852e+01
-1.061800000000000068e+02
-1.023799999999999955e+02
-7.453799999999999670e+01
-1.213199999999999967e+01
4.757100000000000506e+01
4.141799999999999926e+01
-2.574900000000000233e+01
-3.729999999999999716e+01
-4.217100000000000648e+01
-6.054999999999999716e+01
-9.187500000000000000e+01
-1.044200000000000017e+02
-4.172299999999999898e+01
8.031200000000000117e+00
1.867099999999999937e+01
3.016600000000000037e+01
3.696800000000000352e+01
4.889100000000000534e+01
6.266399999999999437e+01
7.572800000000000864e+01
2.620800000000000196e+01
-3.667999999999999972e+01
-7.709199999999999875e+01
-7.256300000000000239e+01
-6.532399999999999807e+01
-6.249499999999999744e+01
-6.677700000000000102e+01
-4.986399999999999721e+01
-1.744699999999999918e+01
1.952299999999999969e+01
7.398999999999999488e+01
8.223200000000001353e+01
5.491499999999999915e+01
4.025900000000000034e+01
4.980199999999999960e+00
-1.735299999999999798e+01
-4.296000000000000085e+01
-4.736500000000000199e+01
-8.534700000000000841e+00
2.887500000000000000e+01
7.382600000000000762e+01
1.175000000000000000e+02
8.351100000000000989e+01
2.349699999999999989e+01
-9.633699999999999264e+00
-3.878000000000000114e+01
-6.891899999999999693e+01
-8.554999999999999716e+01
-8.510200000000000387e+01
-8.978000000000000114e+01
-8.634600000000000364e+01
-9.884200000000001296e+01
-9.184999999999999432e+01
-7.177100000000000080e+01
-6.676500000000000057e+01
-5.024100000000000676e+01
-1.649699999999999989e+01
3.157999999999999918e+00
2.011700000000000088e+01
1.801700000000000079e+00
-1.466200000000000081e+01
-3.965899999999999892e+01
-3.663300000000000267e+01
7.926599999999999646e+00
6.031300000000000239e+01
1.229399999999999977e+02
1.411899999999999977e+02
1.544600000000000080e+02
1.553600000000000136e+02
1.373499999999999943e+02
1.132199999999999989e+02
6.562199999999999989e+01
1.060900000000000037e-01
-5.417300000000000182e+01
-7.872299999999999898e+01
-1.042699999999999960e+02
-9.240299999999999159e+01
-8.835999999999999943e+01
-5.729100000000000392e+01
-8.583600000000000563e+00
5.406399999999999295e+01
9.807600000000000762e+01
1.382599999999999909e+02
1.124399999999999977e+02
8.150000000000000000e+01
4.942499999999999716e+01
1.536599999999999966e+01
-3.321099999999999852e+01
-6.727800000000000580e+01
-2.268199999999999861e+01
6.978500000000000369e+00
5.256899999999999551e+01
9.218700000000001182e+01
1.191500000000000057e+02
9.703799999999999670e+01
7.450300000000000011e+01
2.721599999999999753e+01
-2.234400000000000119e+01
-7.574299999999999500e+01
-1.244500000000000028e+02
-1.640600000000000023e+02
-2.067800000000000011e+02
-1.860800000000000125e+02
-1.292400000000000091e+02
-6.429899999999999238e+01
4.501800000000000068e+01
9.104399999999999693e+01
1.419099999999999966e+02
1.436999999999999886e+02
9.115100000000001046e+01
7.843600000000000705e+01
6.301500000000000057e+01
4.446600000000000108e+01
2.304399999999999782e+00
-3.942999999999999972e+01
-2.811199999999999832e+01
-5.791300000000000336e-01
2.197500000000000142e+01
5.732999999999999829e+01
8.557200000000000273e+01
1.222099999999999937e+02
1.218499999999999943e+02
8.082999999999999829e+01
4.833399999999999608e+01
8.584300000000000708e+00
-2.760999999999999943e+01
-4.887199999999999989e+01
-7.226800000000000068e+01
-9.225100000000000477e+01
-1.136599999999999966e+02
-1.064699999999999989e+02
-8.365500000000000114e+01
-6.566700000000000159e+01
-4.326899999999999835e+01
-3.822699999999999676e+01
-3.162199999999999989e+01
-2.701099999999999923e+01
-1.443599999999999994e+01
-6.555600000000000094e+00
4.451900000000000190e+00
-6.446699999999999875e+00
-1.891199999999999903e+01
-3.194800000000000040e+01
-4.896899999999999409e+01
-6.456900000000000261e+01
-6.039999999999999858e+01
-5.424399999999999977e+01
-6.913800000000000523e+01
-8.716400000000000148e+01
-9.964700000000000557e+01
-1.119899999999999949e+02
-1.236200000000000045e+02
-1.015499999999999972e+02
-7.563600000000000989e+01
1.484700000000000131e+01
6.905700000000000216e+01
9.680899999999999750e+01
1.429099999999999966e+02
1.277000000000000028e+02
1.052399999999999949e+02
8.547700000000000387e+01
8.377500000000000568e+01
7.225499999999999545e+01
7.325000000000000000e+01
9.906299999999998995e-01
-5.349199999999999733e+01
-9.233299999999999841e+01
-9.134899999999998954e+01
-3.873900000000000432e+01
-3.198199999999999932e+00
4.428600000000000136e+01
8.337600000000000477e+01
1.159200000000000017e+02
9.128499999999999659e+01
7.531499999999999773e+01
4.825699999999999790e+01
2.105000000000000071e+01
3.511499999999999844e+00
9.012600000000000833e+00
1.692800000000000082e+01
3.109900000000000020e+01
4.156800000000000495e+01
3.866499999999999915e+01
2.736599999999999966e+01
1.080099999999999838e+01
-3.632400000000000073e+00
-1.053200000000000003e+01
-1.146000000000000085e+01
-1.779899999999999949e+01
-2.783500000000000085e+01
-4.541399999999999437e+01
-7.081999999999999318e+01
-8.784000000000000341e+01
-1.140999999999999943e+02
-4.421699999999999875e+01
5.035300000000000331e+00
2.541300000000000026e+01
5.830799999999999983e+01
8.592799999999999727e+01
9.335799999999998988e+01
6.493600000000000705e+01
6.666599999999999682e+01
6.270300000000000296e+01
6.229399999999999693e+01
6.131300000000000239e+01
4.539300000000000068e+01
8.420199999999999463e+00
-3.495599999999999596e+01
-6.880500000000000682e+01
-6.112500000000000000e+01
-6.226600000000000534e+01
-6.184499999999999886e+01
-5.729999999999999716e+01
-6.072800000000000153e+01
-6.387100000000000222e+01
-7.242199999999999704e+01
-6.604000000000000625e+01
-5.311800000000000210e+01
-2.611800000000000210e+01
1.766400000000000148e+01
5.077499999999999858e+01
4.121399999999999864e+01
3.122400000000000020e+01
2.948199999999999932e+01
1.962900000000000134e+01
1.446900000000000119e+01
1.030299999999999905e+01
1.281799999999999962e+01
3.995000000000000218e-01
-2.667300000000000182e+01
-4.734600000000000364e+01
-8.466299999999999670e+01
-8.656399999999999295e+01
-5.859799999999999898e+01
-3.561099999999999710e+01
-4.945500000000000007e+00
2.358599999999999852e+01
3.618500000000000227e+01
3.285300000000000153e+01
3.862400000000000233e+01
1.779400000000000048e+01
-1.114200000000000124e+01
-4.477300000000000324e+01
-5.095399999999999352e+01
5.162600000000000300e+00
4.293100000000000449e+01
4.172699999999999676e+01
2.118399999999999839e+00
-2.497300000000000253e+01
-6.529200000000000159e+01
-3.804800000000000182e+01
-1.322599999999999909e+01
2.041600000000000037e+01
5.135699999999999932e+01
9.054600000000000648e+01
9.261399999999999011e+01
4.063300000000000267e+01
2.023099999999999898e+00
-5.835100000000000620e+01
-6.822299999999999898e+01
-3.173400000000000176e+01
-8.185399999999999565e+00
4.722600000000000620e+01
4.958500000000000085e+01
1.340000000000000036e+01
-1.353800000000000026e+01
-4.118699999999999761e+01
-7.665699999999999648e+01
-1.067199999999999989e+02
-1.430399999999999920e+02
-1.190499999999999972e+02
-5.494600000000000506e+01
-4.922900000000000276e+00
6.814699999999999136e+01
1.240000000000000000e+02
1.892599999999999909e+02
1.634799999999999898e+02
7.511899999999999977e+01
7.527099999999999902e+00
-8.608700000000000330e+01
-1.674600000000000080e+02
-2.341999999999999886e+02
-1.544199999999999875e+02
-1.137500000000000000e+02
-6.070799999999999841e+01
-1.831499999999999906e+00
6.800499999999999545e+01
3.898799999999999955e+01
3.017699999999999960e+01
6.005399999999999849e+00
3.816300000000000381e+01
6.691100000000000136e+01
1.063299999999999983e+02
1.309600000000000080e+02
1.147800000000000011e+02
1.155199999999999960e+02
1.195400000000000063e+02
1.167399999999999949e+02
1.038400000000000034e+02
7.103699999999999193e+01
2.817800000000000082e+00
-5.131300000000000239e+01
-8.851399999999999579e+01
-1.057999999999999972e+02
-1.058599999999999994e+02
-1.090600000000000023e+02
-1.287400000000000091e+02
-1.572400000000000091e+02
-1.639699999999999989e+02
-1.702700000000000102e+02
-1.768499999999999943e+02
-1.150100000000000051e+02
-3.794699999999999562e+01
3.485699999999999932e+01
8.988700000000000045e+01
1.163299999999999983e+02
9.613299999999999557e+01
7.849600000000000932e+01
5.659700000000000131e+01
9.387100000000000932e+01
1.307299999999999898e+02
1.284799999999999898e+02
6.819800000000000750e+01
2.840599999999999881e+01
-1.721199999999999974e+01
-2.854300000000000281e+01
-3.802499999999999858e+01
-7.409600000000000364e+01
-8.271099999999999852e+01
-8.762200000000001410e+01
-8.769400000000000261e+01
-1.494900000000000091e+02
-1.287800000000000011e+02
-5.188300000000000267e+01
1.392500000000000071e+01
8.201600000000000534e+01
1.314699999999999989e+02
1.389799999999999898e+02
1.085100000000000051e+02
9.341700000000000159e+01
1.145999999999999943e+02
1.396200000000000045e+02
1.548300000000000125e+02
1.760200000000000102e+02
1.858400000000000034e+02
1.888300000000000125e+02
1.734900000000000091e+02
1.440600000000000023e+02
3.357000000000000028e+01
-7.720000000000000284e+01
-1.996399999999999864e+02
-2.928999999999999773e+02
-1.915900000000000034e+02
-1.141700000000000017e+02
9.479499999999999815e+00
1.230400000000000063e+02
1.819799999999999898e+02
1.343899999999999864e+02
7.671099999999999852e+01
9.213699999999999335e+00
-7.264199999999999591e+01
-7.455400000000000205e+01
-1.957300000000000040e+01
1.180099999999999838e+01
1.046200000000000045e+02
1.812299999999999898e+02
2.057899999999999920e+02
2.054600000000000080e+02
1.755399999999999920e+02
1.510300000000000011e+02
1.142999999999999972e+02
9.135999999999999943e+01
2.319400000000000261e+01
-6.431100000000000705e+01
-1.424300000000000068e+02
-2.325000000000000000e+02
-2.926899999999999977e+02
-2.679700000000000273e+02
-2.588899999999999864e+02
-2.104099999999999966e+02
-1.552500000000000000e+02
-1.086200000000000045e+02
-9.271399999999999864e+01
-7.310899999999999466e+01
-4.852100000000000080e+01
-2.379199999999999804e+01
-1.741000000000000014e+01
-1.444299999999999962e+01
-1.033799999999999919e+01
-2.535000000000000142e+00
2.992399999999999949e+00
-3.143800000000000150e+00
-9.564600000000000435e+00
-9.869899999999999451e+00
3.762599999999999945e+00
1.540599999999999881e+01
3.273400000000000176e+01
5.461299999999999955e+01
7.606300000000000239e+01
9.537999999999999545e+01
1.166899999999999977e+02
1.089800000000000040e+02
8.917200000000001125e+01
5.855799999999999983e+01
1.912199999999999989e+01
-2.109300000000000175e+00
-5.847199999999999953e+00
-1.058300000000000018e+01
-1.418400000000000105e+01
-3.115800000000000125e+01
-2.878999999999999915e+01
1.354299999999999926e+01
3.439600000000000080e+01
5.553100000000000591e+01
5.888199999999999790e+01
6.023899999999999721e+01
4.182399999999999807e+01
1.046099999999999852e+01
-2.699699999999999989e+00
-3.122500000000000142e+01
-2.447899999999999920e+01
-2.058300000000000196e+01
-1.441300000000000026e+01
-3.342399999999999949e+01
-3.849900000000000233e+01
-3.888499999999999801e+01
-4.382600000000000051e+01
-3.710699999999999932e+01
-2.683800000000000097e+01
-1.870599999999999952e+01
-3.319300000000000495e+01
-5.209300000000000352e+01
-6.673199999999999932e+01
-7.156100000000000705e+01
-9.346299999999999386e+01
-8.606799999999999784e+01
-6.388600000000000279e+01
-3.729800000000000182e+01
-6.733900000000000219e+00
1.059900000000000020e+01
4.457600000000000229e+00
-1.548499999999999943e+01
-1.352900000000000169e+01
-2.323999999999999844e+01
-2.627100000000000080e+01
-4.310399999999999920e+01
-6.079500000000000171e+01
-8.233100000000000307e+01
-9.078600000000000136e+01
-7.734300000000000352e+01
-6.674800000000000466e+01
-4.748199999999999932e+01
-2.935999999999999943e+01
1.844799999999999995e+00
3.788000000000000256e+01
6.395399999999999352e+01
7.992399999999999238e+01
7.881999999999999318e+01
6.292000000000000171e+01
3.051599999999999824e+01
1.947899999999999965e+00
-1.325500000000000078e+01
-3.799300000000000210e+01
-3.684799999999999898e+01
-1.778699999999999903e+01
-8.828200000000000713e+00
8.089999999999999858e+00
2.471999999999999886e+01
4.660800000000000409e+01
6.493500000000000227e+01
8.197799999999999443e+01
7.256100000000000705e+01
4.735199999999999676e+01
1.317799999999999905e+01
-2.484099999999999753e+01
-6.016100000000000136e+01
-3.731199999999999761e+01
-1.375599999999999845e+01
1.832999999999999829e+01
4.586199999999999477e+01
7.082899999999999352e+01
5.795700000000000074e+01
3.341900000000000404e+01
2.395400000000000063e+01
5.381800000000000139e+00
6.024300000000000210e-01
7.990199999999999525e-01
2.413800000000000168e+00
3.456399999999999917e+00
-1.762799999999999923e+00
-1.310099999999999909e+01
-1.605099999999999838e+01
-2.931599999999999984e+00
9.758100000000000662e+00
4.239200000000000301e+00
-2.276000000000000156e+01
-3.781499999999999773e+01
-6.595799999999999841e+01
-6.352399999999999380e+01
-4.345399999999999352e+01
-2.822300000000000253e+01
-5.234299999999999370e-02
3.451800000000000068e+01
6.752100000000000080e+01
8.942700000000000671e+01
9.540000000000000568e+01
9.255599999999999739e+01
7.974800000000000466e+01
4.773899999999999721e+01
3.251200000000000045e+01
1.785200000000000031e+01
6.078899999999999582e-02
-1.346499999999999986e+01
-2.443199999999999861e+01
-2.274199999999999733e+01
-1.820799999999999841e+01
-1.396099999999999852e+01
-8.433699999999999974e+00
-1.798600000000000065e+01
-2.881900000000000261e+01
-4.107600000000000051e+01
-5.930600000000000449e+01
-6.303100000000000591e+01
-5.295899999999999608e+01
-4.160800000000000409e+01
5.584100000000000286e+00
1.977799999999999869e+01
4.150999999999999801e+01
5.456499999999999773e+01
4.542999999999999972e+01
3.743399999999999750e+01
2.502699999999999747e+01
3.424000000000000199e+01
4.259899999999999665e+01
5.152799999999999869e+01
3.229299999999999926e+01
1.860500000000000043e+01
-4.327499999999999680e+00
-8.628099999999999881e+00
3.144499999999999851e+00
6.668400000000000105e+00
1.986299999999999955e+01
1.727100000000000080e+01
8.420400000000000773e+00
3.410699999999999843e+00
-6.576800000000000423e+00
-1.058999999999999986e+01
-9.765800000000000480e+00
-9.795500000000000540e+00
-1.380799999999999983e+01
-2.336499999999999844e+01
-3.135699999999999932e+01
-1.488499999999999979e+01
1.589599999999999902e+00
1.251599999999999824e+01
2.529400000000000048e+01
3.778800000000000381e+01
3.705499999999999972e+01
3.006500000000000128e+01
2.435500000000000043e+01
1.637199999999999989e+01
1.891499999999999915e+01
2.330800000000000338e+01
2.002200000000000202e+01
1.517300000000000004e+01
1.274300000000000033e+01
8.607499999999999929e+00
-6.478500000000000369e+00
-8.192500000000000782e+00
-1.218099999999999916e+01
-3.081900000000000261e+01
-6.026500000000000057e+01
-7.989399999999999125e+01
-9.853000000000000114e+01
-8.842700000000000671e+01
-7.249099999999999966e+01
-5.470700000000000074e+01
-2.155900000000000105e+01
8.034299999999999997e+00
2.212699999999999889e+01
2.370400000000000063e+01
2.485699999999999932e+01
2.515699999999999648e+01
3.712400000000000233e+01
5.278999999999999915e+01
5.409300000000000352e+01
4.103300000000000125e+01
2.726300000000000168e+01
2.400500000000000078e+00
-2.274399999999999977e+01
-4.276600000000000534e+01
-4.970000000000000284e+01
-6.374399999999999977e+01
-5.744500000000000028e+01
-4.730499999999999972e+01
-3.758800000000000097e+01
-2.829699999999999704e+01
-3.066600000000000037e+01
-3.289000000000000057e+01
-2.458699999999999974e+01
-1.542799999999999905e+01
-4.133799999999999919e+00
-5.169199999999999351e-01
-4.009299999999999642e+00
-6.219699999999999562e+00
-4.302100000000000257e+00
8.853600000000000136e+00
2.357600000000000051e+01
3.972500000000000142e+01
5.630199999999999960e+01
5.837399999999999523e+01
5.205699999999999505e+01
4.346600000000000108e+01
3.217499999999999716e+01
3.639099999999999824e+01
4.316899999999999693e+01
5.108800000000000097e+01
5.346199999999999619e+01
3.279699999999999704e+01
1.554900000000000126e+01
-1.435700000000000109e+01
-3.999300000000000210e+01
-7.273699999999999477e+01
-7.589399999999999125e+01
-5.202399999999999380e+01
-3.725399999999999778e+01
-9.538899999999999935e+00
-7.138099999999999667e+00
-2.066600000000000037e+01
-3.063400000000000034e+01
-3.619100000000000250e+01
-4.018099999999999739e+01
-3.662899999999999778e+01
-3.023000000000000043e+01
-2.254899999999999949e+01
-1.045500000000000007e+01
-2.082400000000000084e-01
1.060999999999999943e+01
2.584099999999999753e+01
4.320600000000000307e+01
6.029100000000000392e+01
6.585800000000000409e+01
6.260800000000000409e+01
4.086999999999999744e+01
1.116900000000000048e+01
-3.166599999999999859e+00
-9.677899999999999281e+00
-1.462199999999999989e+01
-1.913700000000000045e+01
-2.649399999999999977e+01
-3.299600000000000222e+01
-2.669300000000000139e+01
-1.597900000000000098e+01
-8.107599999999999696e+00
-8.767599999999999838e+00
-8.429999999999999716e+00
-4.391700000000000159e+00
2.177800000000000291e-01
2.554100000000000037e+00
3.184800000000000075e+00
7.232300000000000395e+00
1.327299999999999969e+01
1.988500000000000156e+01
2.692599999999999838e+01
3.453699999999999903e+01
4.784100000000000108e+01
6.185699999999999932e+01
5.454100000000000392e+01
4.210499999999999687e+01
1.530599999999999916e+01
-7.650599999999999845e+00
-1.026599999999999824e+01
-1.543999999999999950e+01
-1.933099999999999952e+01
-2.521300000000000097e+01
-1.885999999999999943e+01
-8.807700000000000529e+00
1.815099999999999936e+00
1.514200000000000124e+01
2.918199999999999861e+01
3.938300000000000267e+01
2.569000000000000128e+01
1.057599999999999874e+01
-1.406700000000000061e+00
-1.168200000000000038e+01
-2.238199999999999790e+01
-2.810199999999999676e+01
-2.315399999999999991e+01
-1.863200000000000145e+01
-1.311299999999999955e+01
-7.876800000000000246e+00
-3.208699999999999886e+00
-8.152800000000000047e-01
-1.550000000000000044e+00
-3.990899999999999892e+00
-4.723900000000000432e+00
-5.029399999999999871e+00
-4.480400000000000382e+00
-1.655299999999999994e+00
5.722000000000000419e+00
1.238900000000000112e+01
2.119000000000000128e+01
2.743099999999999739e+01
2.243699999999999761e+01
1.516699999999999982e+01
4.910099999999999909e+00
-6.341400000000000148e+00
-1.403700000000000081e+01
-2.471900000000000119e+01
-2.260000000000000142e+01
-1.180499999999999972e+01
-3.711599999999999788e+00
4.381599999999999717e+00
7.781100000000000350e+00
1.345599999999999952e+01
1.074000000000000021e+01
9.729699999999999349e+00
5.306300000000000239e+00
2.446600000000000108e+00
-1.551399999999999890e+00
-1.850500000000000034e+00
-1.297500000000000098e+00
-1.757799999999999918e-01
-1.756899999999999906e+00
-4.476499999999999702e+00
-6.200599999999999667e+00
-9.917299999999999116e+00
-9.367100000000000648e+00
-3.981700000000000017e+00
2.651499999999999968e-01
5.506899999999999906e+00
1.103200000000000003e+01
1.228999999999999915e+01
1.141300000000000026e+01
3.991800000000000015e+00
-4.567199999999999704e+00
-8.861399999999999721e+00
-5.190100000000000158e+00
-4.365700000000000358e+00
-1.236099999999999888e+01
-2.391300000000000026e+01
-2.764300000000000068e+01
-1.743499999999999872e+01
-9.362500000000000711e+00
-3.140400000000000080e+00
-1.328899999999999970e+00
3.610599999999999810e+00
5.419200000000000017e+00
1.177799999999999869e+01
1.998499999999999943e+01
2.577199999999999847e+01
1.591200000000000081e+01
8.609700000000000131e+00
-1.538000000000000034e+00
-4.006999999999999673e+00
-4.201800000000000423e+00
-3.971600000000000019e+00
-3.174399999999999888e+00
-5.507600000000000051e+00
-1.794200000000000017e+01
-1.800300000000000011e+01
-1.763899999999999935e+01
-1.571299999999999919e+01
-1.222299999999999898e+01
-1.072700000000000031e+01
-1.662900000000000134e+01
-2.167999999999999972e+01
-2.858099999999999952e+01
-2.524399999999999977e+01
-2.389999999999999858e+01
-2.141900000000000048e+01
-2.207000000000000028e+01
-1.916700000000000159e+01
-1.854100000000000037e+01
-1.066499999999999915e+01
2.473500000000000032e+00
1.432900000000000063e+01
2.660999999999999943e+01
3.604299999999999926e+01
4.618600000000000705e+01
4.167699999999999960e+01
3.602799999999999869e+01
2.923900000000000077e+01
2.187800000000000011e+01
1.167200000000000060e+01
-3.800699999999999967e+00
-1.258900000000000041e+01
-1.682799999999999940e+01
-2.135300000000000153e+01
-2.801500000000000057e+01
-3.851899999999999835e+01
-5.002000000000000313e+01
-5.156600000000000250e+01
-4.045799999999999841e+01
-3.276300000000000523e+01
-1.966600000000000037e+01
-6.713499999999999801e+00
7.232700000000000351e+00
1.918599999999999994e+01
2.800800000000000267e+01
3.668599999999999994e+01
4.450800000000000267e+01
5.346600000000000108e+01
6.000399999999999778e+01
5.757999999999999829e+01
5.117100000000000648e+01
3.935499999999999687e+01
3.009900000000000020e+01
1.500699999999999967e+01
-5.632900000000000240e+00
-2.613199999999999790e+01
-3.753099999999999881e+01
-4.622899999999999920e+01
-4.582500000000000284e+01
-4.457000000000000028e+01
-3.990299999999999869e+01
-2.855300000000000082e+01
-1.948099999999999810e+01
-8.276300000000000878e+00
5.628400000000000070e+00
1.739799999999999969e+01
2.646400000000000219e+01
2.742099999999999937e+01
2.709600000000000009e+01
2.634300000000000352e+01
2.629899999999999949e+01
3.308099999999999596e+01
3.018900000000000006e+01
2.658399999999999963e+01
2.112999999999999901e+01
1.069500000000000028e+01
8.285200000000000342e-01
-1.188499999999999979e+01
-2.303500000000000014e+01
-3.589300000000000068e+01
-3.680499999999999972e+01
-2.520100000000000051e+01
-1.615900000000000247e+01
-3.989399999999999835e+00
-2.630599999999999827e+00
-8.464000000000000412e-01
-1.765600000000000058e+00
-2.971299999999999830e+00
-2.043699999999999850e+00
8.737000000000000322e-01
5.186699999999999644e-01
1.442600000000000104e+00
1.369899999999999896e+00
1.153899999999999926e+00
8.357499999999999651e-02
6.977000000000000313e+00
1.372799999999999976e+01
2.246900000000000119e+01
1.997299999999999898e+01
1.278200000000000003e+01
6.443299999999999805e+00
-2.313899999999999846e+00
-1.164099999999999824e+01
-1.399900000000000055e+01
-1.393999999999999950e+01
-1.430799999999999983e+01
-1.396499999999999986e+01
-1.333900000000000041e+01
-7.308699999999999974e+00
-2.558699999999999974e+00
3.755199999999999871e+00
7.365899999999999892e+00
5.714100000000000179e+00
6.052800000000000402e+00
5.538100000000000023e+00
9.289500000000000313e+00
1.346700000000000053e+01
1.764499999999999957e+01
2.267599999999999838e+01
2.358199999999999719e+01
2.150000000000000000e+01
1.941900000000000048e+01
1.705199999999999960e+01
1.895299999999999940e+01
2.042699999999999960e+01
2.204300000000000281e+01
2.280599999999999739e+01
1.759499999999999886e+01
1.522900000000000098e+01
1.087099999999999866e+01
1.277200000000000024e+01
1.637999999999999901e+01
1.984600000000000009e+01
2.402300000000000324e+01
2.706199999999999761e+01
2.085699999999999932e+01
1.550500000000000078e+01
9.158200000000000784e+00
3.096000000000000085e+00
-3.250199999999999978e+00
-7.889199999999999768e+00
-1.352299999999999969e+01
-1.801900000000000190e+01
-2.507400000000000162e+01
-3.369400000000000261e+01
-4.202799999999999869e+01
-4.908200000000000074e+01
-5.428600000000000136e+01
-5.650199999999999534e+01
-5.814899999999999380e+01
-5.979399999999999693e+01
-5.816799999999999926e+01
-5.696800000000000352e+01
-5.519800000000000040e+01
-5.442199999999999704e+01
-4.838300000000000267e+01
-3.921300000000000097e+01
-3.018499999999999872e+01
-2.585000000000000142e+01
-2.478500000000000014e+01
-2.258099999999999952e+01
-2.194099999999999895e+01
-1.859700000000000131e+01
-1.653099999999999881e+01
-1.318500000000000050e+01
-1.012199999999999989e+01
-2.363900000000000112e+00
1.270699999999999941e+00
2.631800000000000139e+00
3.993700000000000028e+00
3.222999999999999865e+00
3.734199999999999964e+00
3.820100000000000051e+00
4.334100000000000286e+00
5.703299999999999592e+00
9.918499999999999872e+00
1.356599999999999895e+01
1.778400000000000247e+01
2.243099999999999739e+01
2.679400000000000048e+01
3.144400000000000261e+01
3.509900000000000375e+01
3.249900000000000233e+01
3.075300000000000011e+01
2.787099999999999866e+01
2.570199999999999818e+01
1.926800000000000068e+01
1.226599999999999824e+01
6.688500000000000334e+00
2.535000000000000142e+00
3.645900000000000141e+00
4.759199999999999875e+00
6.727000000000000313e+00
9.123300000000000409e+00
1.180599999999999916e+01
1.747799999999999798e+01
2.229800000000000182e+01
2.797400000000000020e+01
2.810300000000000153e+01
2.425199999999999889e+01
2.381699999999999662e+01
2.437900000000000134e+01
2.494300000000000139e+01
2.593499999999999872e+01
2.621900000000000119e+01
2.053000000000000114e+01
1.455799999999999983e+01
7.307699999999999640e+00
1.482199999999999962e+00
-2.208299999999999930e+00
-5.897100000000000009e+00
-7.592800000000000438e+00
-3.881499999999999950e+00
3.244899999999999896e+00
9.519099999999999895e+00
1.593700000000000117e+01
2.093499999999999872e+01
2.650400000000000134e+01
1.941499999999999915e+01
1.118999999999999950e+01
1.970499999999999918e+00
-6.962500000000000355e+00
-1.745899999999999963e+01
-1.899299999999999855e+01
-1.184900000000000020e+01
-6.836899999999999977e+00
5.946899999999999409e-01
1.768100000000000005e+00
3.086300000000000043e+00
3.125399999999999956e+00
3.734799999999999898e+00
6.763399999999999856e+00
1.050400000000000134e+01
1.438900000000000112e+01
1.855900000000000105e+01
2.287199999999999989e+01
2.491099999999999781e+01
2.481800000000000139e+01
2.543599999999999994e+01
2.491699999999999804e+01
2.539600000000000080e+01
1.776800000000000068e+01
3.170700000000000074e+00
-9.718799999999999883e+00
-1.606400000000000006e+01
-2.098699999999999832e+01
-2.633500000000000085e+01
-3.481199999999999761e+01
-4.229299999999999926e+01
-3.910600000000000165e+01
-3.734000000000000341e+01
-3.429400000000000404e+01
-3.139000000000000057e+01
-2.876999999999999957e+01
-2.629100000000000037e+01
-2.551900000000000190e+01
-2.446199999999999974e+01
-2.354699999999999704e+01
-2.348699999999999832e+01
-2.228699999999999903e+01
-1.411700000000000088e+01
-5.805699999999999861e+00
-1.334500000000000020e+00
-3.263799999999999812e+00
-4.197499999999999787e+00
-6.838400000000000034e+00
-7.487899999999999778e+00
-4.581599999999999895e+00
-1.108799999999999925e-01
4.075000000000000178e+00
9.540599999999999525e+00
1.073900000000000077e+01
8.950300000000000367e+00
6.307299999999999685e+00
2.383900000000000130e+00
-9.709700000000001108e-01
-4.468600000000000350e+00
-3.273099999999999898e+00
-9.401700000000000612e-01
9.654000000000000359e-01
3.723700000000000010e+00
6.054499999999999993e+00
8.811700000000000088e+00
1.085599999999999987e+01
1.261599999999999966e+01
1.465900000000000070e+01
1.627499999999999858e+01
1.817399999999999949e+01
2.490900000000000247e+01
3.292300000000000182e+01
2.770699999999999719e+01
2.007300000000000040e+01
1.385999999999999943e+01
8.072800000000000864e+00
2.569100000000000161e+00
-3.078699999999999992e+00
-8.441399999999999793e+00
-1.423299999999999876e+01
-1.376799999999999891e+01
-1.273499999999999943e+01
-1.141799999999999926e+01
-7.542799999999999727e+00
-3.099899999999999878e+00
2.195899999999999963e+00
9.765100000000000335e+00
1.249799999999999933e+01
1.025099999999999945e+01
8.571400000000000574e+00
5.468600000000000350e+00
2.932700000000000085e+00
9.651899999999999924e-01
-1.004099999999999993e+00
-3.117399999999999949e+00
-3.666599999999999859e+00
-3.775999999999999912e-01
2.056299999999999795e+00
4.631499999999999950e+00
2.796600000000000197e+00
1.244499999999999940e+00
8.287200000000001232e-01
2.544900000000000162e+00
3.548999999999999932e+00
6.542099999999999582e+00
6.973499999999999588e+00
2.426800000000000068e+00
-2.121999999999999886e+00
-7.952799999999999869e+00
-1.435400000000000098e+01
-2.032999999999999829e+01
-2.659099999999999753e+01
-2.474599999999999866e+01
-2.190699999999999648e+01
-1.778900000000000148e+01
-1.495299999999999940e+01
-1.297099999999999831e+01
-1.113299999999999912e+01
-8.869400000000000617e+00
-6.464699999999999669e+00
-4.630300000000000082e+00
-2.939200000000000035e+00
-1.249400000000000066e+00
2.970400000000000262e-01
1.842400000000000038e+00
2.817600000000000104e+00
3.791799999999999837e+00
-6.399399999999999533e-01
-4.219100000000000072e+00
-8.226599999999999469e+00
-1.251900000000000013e+01
-1.652799999999999869e+01
-2.053800000000000026e+01
-2.369599999999999795e+01
-2.756500000000000128e+01
-3.044000000000000128e+01
-3.246199999999999619e+01
-3.434300000000000352e+01
-3.608200000000000074e+01
-3.739500000000000313e+01
-3.942000000000000171e+01
-3.675199999999999534e+01
-3.195100000000000051e+01
-2.473199999999999932e+01
-1.097099999999999831e+01
-1.051299999999999901e+00
5.596799999999999997e+00
1.281299999999999883e+01
1.846499999999999986e+01
2.013400000000000034e+01
2.237099999999999866e+01
2.034199999999999875e+01
1.745799999999999841e+01
1.357900000000000063e+01
8.276799999999999713e+00
2.690100000000000158e+00
-2.327399999999999913e+00
-9.051899999999999835e+00
-6.672799999999999621e+00
-4.538100000000000467e-01
4.769199999999999662e+00
8.143599999999999284e+00
1.009600000000000009e+01
1.048400000000000176e+01
1.016000000000000014e+01
1.054900000000000126e+01
1.051099999999999923e+01
1.075799999999999912e+01
1.114700000000000024e+01
1.210500000000000043e+01
1.263799999999999990e+01
1.231700000000000017e+01
1.213900000000000112e+01
1.196199999999999974e+01
1.107300000000000040e+01
1.047000000000000064e+01
9.441300000000000026e+00
1.253800000000000026e+01
1.662999999999999901e+01
2.043900000000000006e+01
2.439099999999999824e+01
2.663599999999999923e+01
2.888199999999999790e+01
2.671999999999999886e+01
2.484300000000000352e+01
2.211499999999999844e+01
1.938599999999999923e+01
1.594599999999999973e+01
1.265000000000000036e+01
9.071500000000000341e+00
5.493199999999999861e+00
2.199399999999999800e+00
-9.502899999999999681e-01
-1.396800000000000042e+00
4.333100000000000285e-01
1.837800000000000100e+00
5.661200000000000010e+00
9.485400000000000276e+00
1.188900000000000112e+01
1.372400000000000020e+01
1.598599999999999888e+01
1.739700000000000202e+01
1.909299999999999997e+01
2.021999999999999886e+01
2.007000000000000028e+01
1.977799999999999869e+01
1.920200000000000173e+01
6.537099999999999689e+00
1.838500000000000023e+00
1.124300000000000077e+00
-1.439699999999999980e+00
-2.010299999999999976e+00
-3.575099999999999945e+00
-7.129699999999999704e+00
-1.068500000000000050e+01
-1.423900000000000077e+01
-1.807499999999999929e+01
-2.176900000000000190e+01
-2.489300000000000068e+01
-2.090500000000000114e+01
-1.791000000000000014e+01
-1.377700000000000102e+01
-9.216499999999999915e+00
-4.228399999999999714e+00
-2.368399999999999839e+00
-2.214399999999999924e+00
-1.774999999999999911e+00
-1.903799999999999937e+00
-3.248800000000000021e-01
1.112600000000000033e+00
3.262199999999999989e+00
5.554700000000000415e+00
7.136800000000000033e+00
7.581800000000000317e+00
6.889700000000000379e+00
1.931300000000000017e+00
-2.599800000000000111e+00
-8.552500000000000213e+00
-1.094900000000000162e+01
-1.277500000000000036e+01
-1.417500000000000071e+01
-1.557400000000000162e+01
-1.682900000000000063e+01
-1.865299999999999869e+01
-1.820100000000000051e+01
-1.618400000000000105e+01
-9.330500000000000682e+00
-2.903399999999999981e+00
5.373899999999999899e+00
9.241300000000000736e+00
8.274300000000000210e+00
7.875600000000000378e+00
6.340600000000000236e+00
4.946900000000000297e+00
3.554600000000000204e+00
2.588000000000000078e+00
7.693200000000000038e-01
-4.179000000000000270e+00
-8.273099999999999454e+00
-1.250900000000000034e+01
-9.491799999999999571e+00
-7.753899999999999793e+00
-4.593499999999999694e+00
-2.286500000000000199e+00
1.626400000000000068e-01
9.052399999999999336e-01
2.255000000000000060e-01
1.147700000000000109e-01
-1.383000000000000063e-01
-3.917300000000000226e-01
6.647699999999999443e-02
1.378200000000000092e+00
2.404900000000000038e+00
3.147299999999999986e+00
1.329399999999999915e+00
-6.310899999999999288e-01
-2.733999999999999986e+00
-5.121500000000000163e+00
-6.513499999999999623e+00
-6.625700000000000145e+00
-7.022599999999999731e+00
-6.850799999999999557e+00
-6.821500000000000341e+00
-6.366200000000000081e+00
-7.474899999999999878e+00
-1.071799999999999997e+01
-1.325000000000000000e+01
-1.692099999999999937e+01
-1.888500000000000156e+01
-1.900000000000000000e+01
-1.968499999999999872e+01
-1.852200000000000202e+01
-1.309200000000000053e+01
-8.372199999999999420e+00
-2.800800000000000178e+00
1.774899999999999922e+00
2.225099999999999856e+00
3.243799999999999795e+00
2.981899999999999995e+00
2.719399999999999817e+00
4.589800000000000324e+00
7.455300000000000260e+00
9.040200000000000458e+00
9.628800000000000026e+00
1.007499999999999929e+01
9.381800000000000139e+00
8.688499999999999446e+00
8.989900000000000446e+00
1.128200000000000003e+01
1.328900000000000148e+01
1.614999999999999858e+01
1.687599999999999767e+01
1.717399999999999949e+01
1.832499999999999929e+01
1.876399999999999935e+01
1.948700000000000188e+01
2.006700000000000017e+01
2.007799999999999940e+01
1.923400000000000176e+01
1.853200000000000003e+01
1.754500000000000171e+01
1.655700000000000216e+01
1.329299999999999926e+01
1.045400000000000063e+01
7.899499999999999744e+00
7.761999999999999567e+00
6.912600000000000300e+00
6.773699999999999832e+00
7.060699999999999754e+00
6.209200000000000053e+00
3.650199999999999889e+00
2.939400000000000013e+00
2.796800000000000175e+00
1.942399999999999904e+00
1.656199999999999894e+00
9.425700000000000189e-01
-1.620800000000000018e+00
-3.331500000000000128e+00
-5.327300000000000146e+00
-5.901600000000000179e+00
-6.618699999999999584e+00
-7.905300000000000438e+00
-9.192700000000000315e+00
-1.204499999999999993e+01
-1.532599999999999874e+01
-1.846400000000000219e+01
-2.174500000000000099e+01
-2.502800000000000225e+01
-2.816800000000000281e+01
-3.159300000000000352e+01
-3.245900000000000318e+01
-2.777800000000000225e+01
-2.423600000000000065e+01
-1.884499999999999886e+01
-1.587299999999999933e+01
-1.446599999999999930e+01
-1.277500000000000036e+01
-1.150999999999999979e+01
-1.053200000000000003e+01
-9.410800000000000054e+00
-8.717100000000000293e+00
-7.739899999999999558e+00
-6.762599999999999945e+00
-6.070400000000000240e+00
-4.667200000000000237e+00
-3.833299999999999930e+00
-1.435300000000000020e+00
1.815800000000000081e+00
5.493400000000000283e+00
7.890200000000000102e+00
8.153499999999999304e+00
9.696699999999999875e+00
1.024400000000000155e+01
1.192900000000000027e+01
1.631599999999999895e+01
1.970799999999999841e+01
1.655599999999999739e+01
1.440099999999999980e+01
1.124900000000000055e+01
7.813200000000000145e+00
7.221099999999999852e+00
8.052500000000000213e+00
8.029700000000000060e+00
7.580199999999999605e+00
4.428499999999999659e+00
1.845800000000000107e+00
4.016399999999999970e-01
5.211500000000000021e-01
-2.121199999999999752e-01
1.930499999999999994e-01
-2.815700000000000092e+00
-1.066099999999999959e+01
-1.750900000000000034e+01
-1.866799999999999926e+01
-1.996900000000000119e+01
-2.041600000000000037e+01
-1.929799999999999827e+01
-1.732600000000000051e+01
-1.535400000000000098e+01
-1.466200000000000081e+01
-1.453900000000000148e+01
-1.384599999999999831e+01
-1.414799999999999969e+01
-1.359599999999999831e+01
-9.345599999999999241e+00
-4.383600000000000385e+00
7.212399999999999922e-01
6.965099999999999625e+00
1.292400000000000126e+01
1.916900000000000048e+01
1.702200000000000202e+01
1.259999999999999964e+01
8.179199999999999804e+00
2.620800000000000018e+00
-2.936799999999999855e+00
-7.071500000000000341e+00
-7.507299999999999862e+00
-8.795700000000000074e+00
-9.087699999999999889e+00
-9.805699999999999861e+00
-1.038000000000000078e+01
-1.109700000000000131e+01
-1.167099999999999937e+01
-1.167400000000000126e+01
-8.832200000000000273e+00
-4.993900000000000006e+00
-1.296799999999999953e+00
2.685500000000000220e+00
4.819499999999999673e+00
5.389899999999999913e+00
6.672299999999999898e+00
6.391000000000000014e+00
7.959699999999999775e+00
1.066699999999999982e+01
1.337500000000000000e+01
1.665299999999999869e+01
1.964799999999999969e+01
2.022500000000000142e+01
2.165699999999999648e+01
2.251999999999999957e+01
2.338500000000000156e+01
2.396499999999999986e+01
2.269800000000000040e+01
2.185800000000000054e+01
2.116199999999999903e+01
1.989700000000000202e+01
1.820599999999999952e+01
1.651599999999999824e+01
1.468500000000000050e+01
1.342300000000000004e+01
1.201999999999999957e+01
1.090200000000000102e+01
9.785700000000000287e+00
8.669100000000000250e+00
7.269199999999999662e+00
6.154200000000000337e+00
5.039900000000000269e+00
4.068599999999999994e+00
3.240099999999999980e+00
4.261300000000000310e+00
5.283199999999999896e+00
6.590099999999999625e+00
7.186499999999999666e+00
4.796100000000000030e+00
2.690799999999999859e+00
-2.670699999999999741e-01
-3.224699999999999900e+00
-6.608799999999999564e+00
-8.000700000000000145e+00
-7.116799999999999571e+00
-6.232499999999999929e+00
-5.347900000000000098e+00
-2.613900000000000112e+00
5.470199999999999507e-01
3.708200000000000163e+00
5.020599999999999952e+00
5.621999999999999886e+00
7.503199999999999648e+00
1.237199999999999989e+01
1.653000000000000114e+01
2.210999999999999943e+01
2.114699999999999847e+01
1.733999999999999986e+01
1.452799999999999869e+01
1.000900000000000034e+01
6.485500000000000043e+00
2.535600000000000076e+00
-2.766899999999999915e-01
-9.557899999999999174e-01
-1.776899999999999924e+00
-3.879199999999999982e+00
-8.114699999999999136e+00
-1.064400000000000013e+01
-1.118200000000000038e+01
-1.285900000000000176e+01
-1.396700000000000053e+01
-1.493299999999999983e+01
-1.590000000000000036e+01
-1.644099999999999895e+01
-1.669699999999999918e+01
-1.595800000000000018e+01
-1.536299999999999955e+01
-1.476799999999999891e+01
-1.459999999999999964e+01
-1.542900000000000027e+01
-1.583200000000000074e+01
-1.623499999999999943e+01
-1.692399999999999949e+01
-1.718599999999999994e+01
-1.560099999999999909e+01
-1.401599999999999824e+01
-1.200599999999999845e+01
-1.113499999999999979e+01
-1.140200000000000102e+01
-1.166999999999999993e+01
-1.222400000000000020e+01
-1.235099999999999909e+01
-1.262199999999999989e+01
-1.260999999999999943e+01
-1.131900000000000084e+01
-1.045500000000000007e+01
-9.308099999999999596e+00
-7.450499999999999901e+00
-5.310399999999999565e+00
-3.312800000000000189e+00
-8.909600000000000852e-01
1.673000000000000043e+00
2.956399999999999917e+00
1.250199999999999978e+00
-2.971000000000000377e-02
-1.738099999999999978e+00
-2.878099999999999881e+00
-1.033099999999999907e+00
1.948900000000000077e+00
4.360699999999999577e+00
4.353299999999999947e+00
4.060100000000000264e+00
3.196800000000000086e+00
2.758799999999999919e+00
2.035099999999999909e+00
2.590300000000000047e+00
3.713200000000000056e+00
4.550200000000000244e+00
5.670499999999999652e+00
5.509299999999999642e+00
2.644499999999999851e+00
2.050599999999999923e-01
-2.520000000000000018e+00
-4.820000000000000284e+00
-4.702799999999999869e+00
-3.733699999999999797e+00
-2.908199999999999896e+00
-2.937199999999999811e+00
-2.825200000000000156e+00
-3.283399999999999874e+00
-3.600699999999999790e+00
-2.496799999999999908e+00
-1.536299999999999999e+00
-1.145499999999999963e+00
-2.747799999999999798e+00
-4.067300000000000360e+00
-6.098099999999999632e+00
-5.427699999999999747e+00
-5.043099999999999916e+00
-4.233399999999999608e+00
-2.713200000000000056e+00
-1.336400000000000032e+00
-5.296100000000000252e-01
-1.146200000000000108e+00
-1.764100000000000001e+00
-2.098300000000000054e+00
2.686900000000000066e+00
8.040100000000000691e+00
1.339200000000000124e+01
1.405000000000000071e+01
1.541799999999999926e+01
1.536200000000000010e+01
1.530499999999999972e+01
1.482099999999999973e+01
1.518999999999999950e+01
1.441999999999999993e+01
1.123099999999999987e+01
8.752399999999999736e+00
5.419800000000000395e+00
5.073199999999999932e+00
5.010500000000000398e+00
5.089299999999999713e+00
5.309700000000000308e+00
5.387199999999999989e+00
2.619499999999999940e+00
-5.755899999999999350e-01
-3.486600000000000144e+00
-7.109499999999999709e+00
-8.599199999999999733e+00
-6.391399999999999970e+00
-4.610699999999999577e+00
-1.692499999999999893e+00
-1.050499999999999989e+00
-1.119899999999999896e+00
-1.474199999999999955e+00
-1.971000000000000085e+00
-2.325699999999999878e+00
-3.249800000000000022e+00
-4.031699999999999839e+00
-3.675899999999999945e+00
-3.177999999999999936e+00
-2.680200000000000138e+00
-1.755800000000000027e+00
-1.115899999999999892e+00
-7.604199999999999848e-01
-8.316500000000000004e-01
-9.028299999999999104e-01
-9.738999999999999879e-01
1.088700000000000001e+00
2.866999999999999993e+00
4.930200000000000138e+00
7.135500000000000398e+00
9.199099999999999611e+00
1.055199999999999960e+01
7.352699999999999569e+00
6.145999999999999908e+00
1.810400000000000009e+00
-3.093599999999999905e+00
-8.423799999999999955e+00
-9.344400000000000261e+00
-3.153000000000000025e+00
1.190700000000000092e+00
8.806300000000000239e+00
9.593999999999999417e+00
1.280899999999999928e+00
-3.618199999999999861e+00
-1.335200000000000031e+01
-6.729199999999999626e+00
9.140700000000000713e+00
2.401500000000000057e+01
4.074000000000000199e+01
3.186400000000000077e+01
1.217900000000000027e+01
9.989300000000000068e+00
7.090099999999999625e+00
1.030700000000000038e+01
-3.967600000000000016e+00
-2.321999999999999886e+01
-4.545899999999999608e+01
-3.583500000000000085e+01
-7.577600000000000335e+00
1.726800000000000068e+01
1.693900000000000006e+01
9.358599999999999142e+00
7.143200000000000938e-02
-1.660999999999999943e+01
-2.589199999999999946e+01
-9.998400000000000176e+00
8.031000000000000583e+00
2.293300000000000338e+01
1.024300000000000033e+01
2.390699999999999825e+00
5.777800000000000047e+00
1.727299999999999969e+01
1.568599999999999994e+01
7.414500000000000313e+00
8.528399999999999315e-01
1.247400000000000037e-01
-3.223700000000000176e-02
-4.880899999999999572e+00
-9.157500000000000639e+00
-1.556599999999999895e+01
-1.258500000000000085e+01
-4.765200000000000102e+00
1.776999999999999913e+00
7.326600000000000001e+00
1.614999999999999858e+01
7.480999999999999872e+00
-1.327500000000000036e+01
-2.734300000000000352e+01
-2.220699999999999719e+01
-1.521900000000000119e+01
-8.228999999999999204e+00
2.890000000000000124e+00
3.913100000000000023e+00
-3.233599999999999808e-01
-3.134399999999999853e+00
-3.808499999999999996e+00
-7.816999999999999504e-01
-1.691999999999999893e-01
2.722700000000000120e+00
7.815699999999999870e-01
-7.297299999999999898e-01
-2.662999999999999812e+00
-6.016099999999999781e+00
-1.192599999999999838e+01
-1.783099999999999952e+01
-2.003500000000000014e+01
-1.441200000000000081e+01
-1.034900000000000020e+01
-4.291400000000000325e+00
2.054899999999999949e+00
3.569199999999999928e+00
-6.006499999999999950e+00
-1.173799999999999955e+01
-2.400699999999999790e+01
-1.906299999999999883e+01
-8.850600000000000023e+00
2.219199999999999839e+00
3.906099999999999905e+00
1.188800000000000079e+00
-1.097499999999999920e+00
-5.343700000000000117e-01
9.136200000000000543e+00
1.169999999999999929e+01
1.213599999999999923e+01
1.286099999999999888e+01
1.373299999999999876e+01
1.304700000000000060e+01
9.662000000000000810e+00
5.713400000000000034e+00
2.339999999999999858e+00
-2.166500000000000092e+00
-7.804999999999999716e+00
-1.372299999999999898e+01
-1.394599999999999973e+01
-1.003800000000000026e+01
-1.024900000000000055e+01
-9.743399999999999395e+00
-9.943099999999999383e+00
-4.589599999999999902e+00
2.192099999999999937e+00
8.553399999999999892e+00
1.591599999999999859e+01
2.157900000000000063e+01
1.956599999999999895e+01
1.912500000000000000e+01
1.698400000000000176e+01
1.897400000000000020e+01
1.997400000000000020e+01
2.240500000000000114e+01
1.829799999999999827e+01
1.377200000000000024e+01
7.972400000000000375e+00
6.446299999999999919e+00
7.488000000000000433e+00
7.540899999999999714e+00
4.613900000000000112e+00
1.125299999999999967e+00
-1.644900000000000029e+00
-5.972400000000000375e+00
-5.029899999999999594e+00
-1.377399999999999958e+00
1.144800000000000040e+00
4.670099999999999696e+00
6.646699999999999831e-01
-4.879199999999999648e-01
-2.486699999999999910e+00
-2.912900000000000045e+00
-2.019499999999999906e-01
8.102099999999999858e-01
1.403799999999999937e+00
-1.692700000000000093e+00
-7.198800000000000310e+00
-1.113199999999999967e+01
-1.591099999999999959e+01
-1.456400000000000006e+01
-1.463199999999999967e+01
-9.997400000000000730e+00
-4.216300000000000381e+00
