0.00000E+00
0.00000E+00
0.30000E-01
0.30000E-01
0.30000E-01
0.30000E-01
0.30000E-01
0.30000E-01
0.30000E-01
0.30000E-01
0.30000E-01
0.00000E+00
0.00000E+00
0.00000E+00
0.00000E+00
0.00000E+00
0.00000E+00
0.00000E+00
0.00000E+00
0.00000E+00
0.00000E+00
0.30000E-01
0.30000E-01
0.30000E-01
0.60000E-01
0.60000E-01
0.60000E-01
0.30000E-01
0.30000E-01
0.30000E-01
0.00000E+00
0.00000E+00
-0.30000E-01
-0.30000E-01
-0.30000E-01
-0.30000E-01
0.00000E+00
0.00000E+00
0.30000E-01
0.30000E-01
0.30000E-01
0.30000E-01
0.60000E-01
0.30000E-01
0.30000E-01
0.30000E-01
0.00000E+00
0.00000E+00
0.00000E+00
0.00000E+00
0.00000E+00
0.00000E+00
0.00000E+00
0.30000E-01
0.30000E-01
0.30000E-01
0.30000E-01
0.30000E-01
0.30000E-01
0.30000E-01
0.30000E-01
0.30000E-01
0.30000E-01
0.00000E+00
0.00000E+00
0.00000E+00
0.00000E+00
0.00000E+00
0.00000E+00
0.00000E+00
0.00000E+00
0.30000E-01
0.30000E-01
0.30000E-01
0.30000E-01
0.30000E-01
0.30000E-01
0.30000E-01
0.30000E-01
0.00000E+00
0.00000E+00
0.00000E+00
0.00000E+00
0.00000E+00
0.00000E+00
0.00000E+00
0.00000E+00
0.30000E-01
0.30000E-01
0.30000E-01
0.30000E-01
0.30000E-01
0.30000E-01
0.00000E+00
0.30000E-01
0.30000E-01
0.00000E+00
0.00000E+00
0.00000E+00
0.00000E+00
0.00000E+00
0.00000E+00
0.30000E-01
0.30000E-01
0.30000E-01
0.30000E-01
0.30000E-01
0.30000E-01
0.30000E-01
0.00000E+00
0.00000E+00
0.00000E+00
0.00000E+00
0.00000E+00
0.00000E+00
0.30000E-01
0.00000E+00
0.00000E+00
0.00000E+00
0.00000E+00
0.00000E+00
0.00000E+00
0.00000E+00
0.30000E-01
0.30000E-01
0.30000E-01
0.30000E-01
0.30000E-01
0.30000E-01
0.30000E-01
0.00000E+00
0.00000E+00
0.00000E+00
0.00000E+00
0.00000E+00
0.00000E+00
0.00000E+00
0.30000E-01
0.30000E-01
0.30000E-01
0.30000E-01
0.30000E-01
0.30000E-01
0.30000E-01
0.30000E-01
0.00000E+00
0.00000E+00
0.00000E+00
-0.30000E-01
-0.30000E-01
-0.30000E-01
-0.30000E-01
0.00000E+00
0.30000E-01
0.30000E-01
0.30000E-01
0.30000E-01
0.30000E-01
0.30000E-01
0.30000E-01
0.30000E-01
0.30000E-01
0.30000E-01
0.30000E-01
0.30000E-01
0.00000E+00
0.00000E+00
0.00000E+00
-0.30000E-01
-0.30000E-01
-0.30000E-01
0.00000E+00
0.30000E-01
0.30000E-01
0.30000E-01
0.30000E-01
0.30000E-01
0.30000E-01
0.30000E-01
0.30000E-01
0.00000E+00
0.00000E+00
-0.30000E-01
-0.60000E-01
-0.21000E+00
-0.33000E+00
-0.36000E+00
-0.42000E+00
-0.36000E+00
-0.18000E+00
-0.18000E+00
-0.15000E+00
-0.12000E+00
-0.36000E+00
-0.10200E+01
-0.15000E+01
-0.10800E+01
-0.90000E+00
-0.11700E+01
-0.45000E+00
0.75000E+00
0.72000E+00
-0.33000E+00
-0.19700E+01
-0.28700E+01
-0.17300E+01
-0.33000E+00
-0.90000E+00
-0.42000E+00
0.32600E+01
0.35300E+01
-0.20000E+01
-0.63400E+01
-0.56500E+01
-0.35900E+01
-0.40700E+01
-0.25100E+01
0.21000E+00
-0.48000E+00
-0.45100E+01
-0.92700E+01
-0.56500E+01
0.25400E+01
0.46900E+01
0.44600E+01
0.92400E+01
0.13660E+02
0.82200E+01
0.66400E+01
0.40100E+01
-0.64900E+01
-0.11030E+02
0.45000E+00
0.14890E+02
0.22100E+01
-0.80100E+01
0.44300E+01
0.15880E+02
0.24400E+02
0.36600E+02
0.38270E+02
0.20120E+02
0.35900E+01
-0.17900E+01
0.30000E-01
0.14770E+02
0.34100E+01
-0.40040E+02
-0.49600E+02
-0.36000E+02
-0.21950E+02
-0.96000E+01
-0.87000E+00
0.39000E+00
-0.20600E+02
-0.31280E+02
-0.24850E+02
-0.13990E+02
0.36800E+01
0.10970E+02
-0.20900E+01
-0.16710E+02
-0.16330E+02
-0.12710E+02
-0.99000E+01
-0.45100E+01
-0.40400E+01
-0.58000E+01
-0.13510E+02
-0.26640E+02
-0.20600E+02
0.24100E+02
0.65270E+02
0.44700E+02
0.87000E+00
-0.14830E+02
0.73300E+01
0.30410E+02
0.13400E+02
-0.11960E+02
-0.24010E+02
-0.28380E+02
-0.14020E+02
-0.10610E+02
-0.53500E+01
0.13450E+02
0.18300E+02
0.27930E+02
0.33040E+02
0.31480E+02
0.39980E+02
0.85800E+01
-0.23410E+02
-0.38840E+02
-0.26100E+02
0.26880E+02
0.21020E+02
0.93000E+01
0.15400E+02
0.13690E+02
0.25300E+02
0.73300E+01
-0.17340E+02
-0.23620E+02
-0.20810E+02
-0.12620E+02
-0.28460E+02
-0.28460E+02
-0.15580E+02
-0.15040E+02
0.65200E+01
0.22370E+02
0.21620E+02
0.15940E+02
-0.75000E+00
-0.44300E+01
0.15940E+02
0.25060E+02
0.18210E+02
0.16710E+02
0.16590E+02
-0.94200E+01
-0.24700E+02
-0.28100E+01
0.36450E+02
0.28850E+02
-0.22070E+02
-0.40510E+02
-0.13660E+02
0.42500E+01
-0.13310E+02
-0.25620E+02
0.12320E+02
0.42220E+02
0.90000E-01
-0.60100E+02
-0.69970E+02
-0.13780E+02
0.24190E+02
-0.21800E+01
-0.86400E+01
0.22570E+02
0.45240E+02
0.30470E+02
-0.15730E+02
-0.21050E+02
0.45030E+02
0.87130E+02
0.50860E+02
0.16000E+02
0.43380E+02
0.92390E+02
0.83420E+02
0.15700E+02
-0.22900E+02
-0.13500E+01
0.24220E+02
0.11630E+02
-0.51100E+01
0.10380E+02
0.52560E+02
0.11054E+03
0.17025E+03
0.20798E+03
0.23152E+03
0.26306E+03
0.29422E+03
0.31742E+03
0.34487E+03
0.33120E+03
0.22237E+03
0.82550E+02
-0.33370E+02
-0.15796E+03
-0.32717E+03
-0.45325E+03
-0.49634E+03
-0.50349E+03
-0.50971E+03
-0.53404E+03
-0.58571E+03
-0.62847E+03
-0.55545E+03
-0.34989E+03
-0.13745E+03
-0.35600E+01
0.65120E+02
0.13326E+03
0.17638E+03
0.17716E+03
0.17605E+03
0.17106E+03
0.14546E+03
0.96430E+02
0.31190E+02
-0.98700E+01
0.14440E+02
0.61620E+02
0.96250E+02
0.13297E+03
0.16349E+03
0.18921E+03
0.21053E+03
0.22912E+03
0.26097E+03
0.31852E+03
0.39058E+03
0.44964E+03
0.47287E+03
0.46901E+03
0.46282E+03
0.46889E+03
0.47233E+03
0.42374E+03
0.29628E+03
0.12029E+03
-0.56660E+02
-0.20129E+03
-0.28836E+03
-0.34244E+03
-0.39229E+03
-0.44216E+03
-0.51024E+03
-0.59232E+03
-0.67544E+03
-0.76063E+03
-0.81782E+03
-0.80990E+03
-0.70280E+03
-0.52053E+03
-0.34514E+03
-0.20763E+03
-0.96430E+02
-0.19290E+02
0.22310E+02
0.69880E+02
0.14842E+03
0.22407E+03
0.27816E+03
0.32415E+03
0.33691E+03
0.30492E+03
0.26052E+03
0.20652E+03
0.11772E+03
0.78000E+01
-0.70680E+02
-0.99720E+02
-0.11781E+03
-0.14220E+03
-0.15584E+03
-0.16206E+03
-0.17886E+03
-0.18759E+03
-0.17444E+03
-0.13001E+03
-0.38780E+02
0.44160E+02
0.77380E+02
0.10800E+03
0.12696E+03
0.87430E+02
0.24790E+02
-0.86700E+01
-0.25100E+01
0.41740E+02
0.95290E+02
0.12328E+03
0.14340E+03
0.17880E+03
0.22395E+03
0.26650E+03
0.29484E+03
0.29571E+03
0.26414E+03
0.21830E+03
0.17796E+03
0.13724E+03
0.90960E+02
0.55700E+02
0.46610E+02
0.50050E+02
0.38900E+02
0.32800E+02
0.60190E+02
0.85360E+02
0.87310E+02
0.63510E+02
0.48560E+02
0.77920E+02
0.10495E+03
0.76390E+02
0.62550E+02
0.71610E+02
0.34700E+01
-0.10510E+03
-0.13691E+03
-0.95290E+02
-0.41980E+02
-0.19880E+02
-0.15800E+01
0.29120E+02
0.29360E+02
0.30710E+02
0.10555E+03
0.20583E+03
0.26118E+03
0.24467E+03
0.17536E+03
0.10689E+03
0.41830E+02
-0.30320E+02
-0.12400E+03
-0.24064E+03
-0.35288E+03
-0.44135E+03
-0.50997E+03
-0.57791E+03
-0.65944E+03
-0.72729E+03
-0.69939E+03
-0.52534E+03
-0.25334E+03
0.29660E+02
0.22117E+03
0.24258E+03
0.27448E+03
0.38876E+03
0.36409E+03
0.22850E+03
0.10728E+03
-0.21320E+02
-0.17127E+03
-0.28680E+03
-0.33231E+03
-0.32274E+03
-0.24682E+03
-0.11625E+03
0.27120E+02
0.16179E+03
0.27430E+03
0.39088E+03
0.47215E+03
0.51577E+03
0.56051E+03
0.57883E+03
0.54137E+03
0.46901E+03
0.38146E+03
0.29129E+03
0.20236E+03
0.78370E+02
-0.96700E+02
-0.24440E+03
-0.29078E+03
-0.24321E+03
-0.19752E+03
-0.21845E+03
-0.29191E+03
-0.34241E+03
-0.30214E+03
-0.18412E+03
-0.55020E+02
0.19520E+02
0.25060E+02
0.29450E+02
0.30260E+02
0.23900E+01
-0.28520E+02
-0.55400E+02
-0.86230E+02
-0.97740E+02
-0.34300E+02
0.81480E+02
0.16475E+03
0.19525E+03
0.22954E+03
0.32743E+03
0.43573E+03
0.47879E+03
0.41699E+03
0.26157E+03
0.72690E+02
-0.11081E+03
-0.27499E+03
-0.41151E+03
-0.50379E+03
-0.51290E+03
-0.42252E+03
-0.32199E+03
-0.25717E+03
-0.19483E+03
-0.12579E+03
-0.63090E+02
0.35000E+01
0.13160E+02
-0.85600E+02
-0.21008E+03
-0.27484E+03
-0.23890E+03
-0.14597E+03
-0.75680E+02
0.93000E+01
0.13877E+03
0.27535E+03
0.36882E+03
0.39854E+03
0.40299E+03
0.38987E+03
0.36735E+03
0.34340E+03
0.31350E+03
0.28255E+03
0.22900E+03
0.12265E+03
-0.66100E+01
-0.12890E+03
-0.23669E+03
-0.32436E+03
-0.36876E+03
-0.33605E+03
-0.24467E+03
-0.16316E+03
-0.91080E+02
-0.23300E+01
0.52380E+02
0.54450E+02
0.21920E+02
-0.25770E+02
-0.75800E+02
-0.11975E+03
-0.14818E+03
-0.17429E+03
-0.21217E+03
-0.24886E+03
-0.29212E+03
-0.30014E+03
-0.26183E+03
-0.21654E+03
-0.16218E+03
-0.11619E+03
-0.95950E+02
-0.77230E+02
-0.28050E+02
0.45570E+02
0.12459E+03
0.19800E+03
0.25394E+03
0.28178E+03
0.26698E+03
0.21322E+03
0.16002E+03
0.13610E+03
0.12391E+03
0.10588E+03
0.95680E+02
0.10366E+03
0.11189E+03
0.11978E+03
0.12764E+03
0.12968E+03
0.13455E+03
0.14307E+03
0.14241E+03
0.11760E+03
0.61500E+02
-0.27630E+02
-0.13596E+03
-0.22900E+03
-0.26793E+03
-0.24108E+03
-0.18649E+03
-0.13192E+03
-0.82580E+02
-0.49480E+02
-0.19170E+02
0.16240E+02
0.57890E+02
0.88680E+02
0.86200E+02
0.61830E+02
0.51970E+02
0.63660E+02
0.79180E+02
0.10372E+03
0.13835E+03
0.15410E+03
0.12250E+03
0.59560E+02
-0.11420E+02
-0.84440E+02
-0.14504E+03
-0.18209E+03
-0.20000E+03
-0.19043E+03
-0.13515E+03
-0.52680E+02
0.18120E+02
0.66830E+02
0.10363E+03
0.13129E+03
0.14391E+03
0.13703E+03
0.11144E+03
0.64550E+02
0.82800E+01
-0.41020E+02
-0.82080E+02
-0.11380E+03
-0.13625E+03
-0.15856E+03
-0.18380E+03
-0.18738E+03
-0.15697E+03
-0.11951E+03
-0.85160E+02
-0.37910E+02
0.22690E+02
0.85510E+02
0.14454E+03
0.18544E+03
0.19904E+03
0.18652E+03
0.14229E+03
0.79560E+02
0.28350E+02
0.32000E+01
-0.32600E+01
-0.20300E+02
-0.62760E+02
-0.10573E+03
-0.12950E+03
-0.14675E+03
-0.16660E+03
-0.16594E+03
-0.12104E+03
-0.51490E+02
0.11840E+02
0.59170E+02
0.93860E+02
0.12163E+03
0.14588E+03
0.15883E+03
0.14735E+03
0.12086E+03
0.81000E+02
0.24700E+02
-0.12320E+02
-0.28020E+02
-0.37700E+02
-0.45750E+02
-0.49010E+02
-0.29120E+02
0.45400E+01
0.34150E+02
0.58930E+02
0.75620E+02
0.87580E+02
0.96430E+02
0.89070E+02
0.66710E+02
0.42070E+02
0.18510E+02
-0.13220E+02
-0.47090E+02
-0.66650E+02
-0.83960E+02
-0.10441E+03
-0.10298E+03
-0.90540E+02
-0.66950E+02
-0.29660E+02
0.19100E+01
0.27990E+02
0.51670E+02
0.64760E+02
0.64310E+02
0.64910E+02
0.78340E+02
0.85960E+02
0.75590E+02
0.65810E+02
0.63570E+02
0.63600E+02
0.60160E+02
0.53160E+02
0.37230E+02
0.17970E+02
0.64900E+01
-0.17340E+02
-0.46260E+02
-0.50650E+02
-0.52000E+02
-0.61830E+02
-0.56960E+02
-0.49480E+02
-0.54960E+02
-0.63900E+02
-0.70980E+02
-0.75920E+02
-0.73700E+02
-0.73200E+02
-0.78820E+02
-0.71730E+02
-0.49540E+02
-0.32200E+02
-0.21740E+02
-0.76800E+01
0.18600E+02
0.47930E+02
0.70680E+02
0.81810E+02
0.85840E+02
0.85840E+02
0.69820E+02
0.44070E+02
0.22010E+02
-0.46000E+01
-0.44340E+02
-0.73670E+02
-0.85420E+02
-0.94180E+02
-0.88770E+02
-0.65960E+02
-0.47720E+02
-0.33820E+02
-0.12410E+02
0.11270E+02
0.22130E+02
0.34410E+02
0.61530E+02
0.81060E+02
0.79440E+02
0.63450E+02
0.38300E+02
0.71200E+01
-0.17280E+02
-0.32170E+02
-0.48380E+02
-0.68110E+02
-0.86200E+02
-0.97980E+02
-0.99180E+02
-0.86530E+02
-0.61320E+02
-0.39110E+02
-0.27990E+02
-0.13870E+02
0.83700E+01
0.25530E+02
0.24070E+02
0.15460E+02
0.20420E+02
0.34240E+02
0.37350E+02
0.28430E+02
0.25530E+02
0.22990E+02
0.15070E+02
0.11630E+02
0.86400E+01
-0.40400E+01
-0.24370E+02
-0.40220E+02
-0.47720E+02
-0.53340E+02
-0.60760E+02
-0.68470E+02
-0.60520E+02
-0.27570E+02
0.16500E+02
0.54810E+02
0.84410E+02
0.10339E+03
0.10217E+03
0.84890E+02
0.68230E+02
0.54330E+02
0.33760E+02
0.52300E+01
-0.21770E+02
-0.40130E+02
-0.48650E+02
-0.56180E+02
-0.77170E+02
-0.95980E+02
-0.88650E+02
-0.63990E+02
-0.45660E+02
-0.36000E+02
-0.22040E+02
-0.87000E+00
0.91800E+01
-0.32900E+01
-0.26910E+02
-0.46760E+02
-0.56450E+02
-0.62160E+02
-0.69040E+02
-0.75410E+02
-0.82850E+02
-0.83570E+02
-0.69130E+02
-0.43770E+02
-0.14620E+02
0.18540E+02
0.54600E+02
0.89160E+02
0.12435E+03
0.15641E+03
0.17243E+03
0.17524E+03
0.17758E+03
0.17829E+03
0.16304E+03
0.13007E+03
0.93650E+02
0.60310E+02
0.26640E+02
-0.60700E+01
-0.32920E+02
-0.48560E+02
-0.55290E+02
-0.55310E+02
-0.48080E+02
-0.39860E+02
-0.32530E+02
-0.20450E+02
-0.94200E+01
-0.13340E+02
-0.22070E+02
-0.22420E+02
-0.23380E+02
-0.34920E+02
-0.46080E+02
-0.43650E+02
-0.31570E+02
-0.24670E+02
-0.25390E+02
-0.11870E+02
0.24730E+02
0.67250E+02
0.97590E+02
0.11610E+03
0.12612E+03
0.12092E+03
0.10052E+03
0.69730E+02
0.31100E+02
-0.64600E+01
-0.34410E+02
-0.56360E+02
-0.79090E+02
-0.98100E+02
-0.10327E+03
-0.92960E+02
-0.71970E+02
-0.46110E+02
-0.14260E+02
0.18600E+02
0.46430E+02
0.66590E+02
0.74660E+02
0.77500E+02
0.84380E+02
0.87910E+02
0.77650E+02
0.60100E+02
0.45750E+02
0.35520E+02
0.29510E+02
0.29600E+02
0.29960E+02
0.20780E+02
0.71500E+01
-0.69000E+00
-0.89700E+01
-0.21650E+02
-0.32470E+02
-0.44940E+02
-0.61210E+02
-0.73850E+02
-0.82370E+02
-0.79860E+02
-0.56630E+02
-0.36420E+02
-0.33760E+02
-0.31220E+02
-0.24070E+02
-0.17280E+02
-0.14410E+02
-0.21800E+02
-0.33010E+02
-0.30590E+02
-0.16180E+02
0.30000E+00
0.17820E+02
0.28020E+02
0.27750E+02
0.27540E+02
0.25270E+02
0.14650E+02
0.36200E+01
-0.16100E+01
-0.98400E+01
-0.21650E+02
-0.21740E+02
-0.14170E+02
-0.95400E+01
-0.46600E+01
0.81000E+00
0.10640E+02
0.24430E+02
0.31660E+02
0.31960E+02
0.28350E+02
0.14320E+02
-0.26600E+01
-0.11930E+02
-0.20480E+02
-0.27150E+02
-0.25270E+02
-0.25300E+02
-0.30050E+02
-0.29180E+02
-0.21710E+02
-0.17550E+02
-0.17610E+02
-0.14800E+02
-0.64000E+01
-0.78000E+00
-0.20000E+01
-0.19700E+01
-0.30000E+00
-0.96000E+00
-0.10800E+01
-0.93000E+00
-0.52900E+01
-0.14410E+02
-0.23740E+02
-0.28820E+02
-0.32260E+02
-0.34300E+02
-0.26250E+02
-0.63700E+01
0.15340E+02
0.30200E+02
0.33310E+02
0.21410E+02
0.54000E+00
-0.20990E+02
-0.38720E+02
-0.50740E+02
-0.59470E+02
-0.62280E+02
-0.51400E+02
-0.28580E+02
-0.15200E+01
0.30380E+02
0.68890E+02
0.10462E+03
0.13057E+03
0.14621E+03
0.15102E+03
0.14681E+03
0.13503E+03
0.11224E+03
0.78550E+02
0.41410E+02
0.18500E+01
-0.39230E+02
-0.73460E+02
-0.10008E+03
-0.12145E+03
-0.12779E+03
-0.11338E+03
-0.89490E+02
-0.66590E+02
-0.48110E+02
-0.22160E+02
0.14590E+02
0.46610E+02
0.66200E+02
0.76390E+02
0.69520E+02
0.41230E+02
0.80100E+01
-0.20360E+02
-0.45990E+02
-0.65810E+02
-0.81030E+02
-0.95440E+02
-0.10124E+03
-0.91850E+02
-0.69790E+02
-0.38870E+02
-0.48100E+01
0.23410E+02
0.43240E+02
0.55910E+02
0.59020E+02
0.51640E+02
0.41860E+02
0.30770E+02
0.12800E+02
-0.63100E+01
-0.16530E+02
-0.18930E+02
-0.20420E+02
-0.18270E+02
-0.48100E+01
0.14470E+02
0.28350E+02
0.32290E+02
0.30830E+02
0.27300E+02
0.16830E+02
-0.16400E+01
-0.22750E+02
-0.41200E+02
-0.52740E+02
-0.49390E+02
-0.28170E+02
-0.37700E+01
0.55000E+01
0.10940E+02
0.28580E+02
0.47390E+02
0.54210E+02
0.46670E+02
0.30530E+02
0.13280E+02
0.32900E+01
0.37400E+01
0.70300E+01
0.10290E+02
0.16060E+02
0.19320E+02
0.12740E+02
0.10800E+01
-0.82500E+01
-0.12050E+02
-0.10110E+02
-0.12050E+02
-0.22870E+02
-0.31370E+02
-0.30380E+02
-0.22930E+02
-0.12920E+02
-0.50800E+01
-0.27500E+01
0.45000E+00
0.92100E+01
0.19460E+02
0.29060E+02
0.36720E+02
0.38780E+02
0.36450E+02
0.33250E+02
0.28520E+02
0.18690E+02
0.45700E+01
-0.12080E+02
-0.30050E+02
-0.39140E+02
-0.34300E+02
-0.27300E+02
-0.28910E+02
-0.36300E+02
-0.39350E+02
-0.34090E+02
-0.23830E+02
-0.10760E+02
0.46900E+01
0.17010E+02
0.24730E+02
0.29630E+02
0.31310E+02
0.30230E+02
0.25030E+02
0.16330E+02
0.12920E+02
0.15250E+02
0.13690E+02
0.11690E+02
0.14350E+02
0.14890E+02
0.10580E+02
0.72100E+01
0.95700E+01
0.10760E+02
0.90300E+01
0.10200E+02
0.70000E+01
-0.42500E+01
-0.12140E+02
-0.13600E+02
-0.12800E+02
-0.10700E+02
-0.47200E+01
0.48000E+00
-0.18800E+01
-0.69700E+01
-0.84600E+01
-0.84300E+01
-0.87900E+01
-0.73000E+01
-0.74500E+01
-0.98100E+01
-0.79800E+01
-0.58300E+01
-0.62200E+01
-0.36200E+01
-0.24800E+01
-0.35300E+01
-0.26600E+01
-0.44300E+01
-0.11390E+02
-0.18630E+02
-0.21740E+02
-0.20510E+02
-0.15280E+02
-0.64900E+01
0.62500E+01
0.20510E+02
0.31870E+02
0.37580E+02
0.38180E+02
0.31750E+02
0.19080E+02
0.56800E+01
-0.75000E+01
-0.22250E+02
-0.34830E+02
-0.42760E+02
-0.43680E+02
-0.36240E+02
-0.26400E+02
-0.18060E+02
-0.83700E+01
0.26600E+01
0.11240E+02
0.16030E+02
0.18540E+02
0.18750E+02
0.16240E+02
0.93000E+01
-0.84000E+00
-0.75900E+01
-0.10730E+02
-0.14680E+02
-0.17010E+02
-0.15100E+02
-0.11420E+02
-0.61300E+01
0.11700E+01
0.45700E+01
0.19700E+01
-0.10500E+01
-0.26000E+01
-0.22700E+01
-0.10500E+01
-0.23000E+01
-0.54700E+01
-0.80700E+01
-0.74500E+01
-0.26900E+01
0.37400E+01
0.10490E+02
0.18510E+02
0.26370E+02
0.31100E+02
0.34920E+02
0.37700E+02
0.35760E+02
0.27330E+02
0.14860E+02
0.44600E+01
-0.30200E+01
-0.99300E+01
-0.15640E+02
-0.17940E+02
-0.16390E+02
-0.12350E+02
-0.75900E+01
-0.33200E+01
0.20000E+01
0.98100E+01
0.15160E+02
0.11720E+02
0.15500E+01
-0.92100E+01
-0.17430E+02
-0.18780E+02
-0.14890E+02
-0.11900E+02
-0.87300E+01
-0.24800E+01
0.46000E+01
0.92100E+01
0.10230E+02
0.97200E+01
0.68500E+01
-0.78000E+00
-0.72700E+01
-0.83100E+01
-0.71200E+01
-0.61000E+01
-0.32300E+01
0.48000E+00
0.18200E+01
0.33500E+01
0.56200E+01
0.58600E+01
0.25100E+01
-0.25100E+01
-0.44000E+01
-0.42200E+01
-0.22700E+01
0.38000E+01
0.88800E+01
0.97500E+01
0.70600E+01
0.43700E+01
0.32900E+01
0.28400E+01
0.40700E+01
0.64000E+01
0.10410E+02
0.16770E+02
0.22720E+02
0.26430E+02
0.28350E+02
0.25500E+02
0.15850E+02
0.28100E+01
-0.10580E+02
-0.23140E+02
-0.32200E+02
-0.37580E+02
-0.44490E+02
-0.52590E+02
-0.54690E+02
-0.48140E+02
-0.35790E+02
-0.23650E+02
-0.13070E+02
-0.15200E+01
0.89400E+01
0.17730E+02
0.25180E+02
0.29210E+02
0.27870E+02
0.22450E+02
0.15100E+02
0.71800E+01
-0.21000E+00
-0.70900E+01
-0.10760E+02
-0.92700E+01
-0.43100E+01
0.38900E+01
0.12560E+02
0.15370E+02
0.14530E+02
0.14320E+02
0.12950E+02
0.11240E+02
0.97500E+01
0.58600E+01
-0.30000E-01
-0.51700E+01
-0.73600E+01
-0.58900E+01
-0.22100E+01
0.20000E+01
0.48700E+01
0.72700E+01
0.10410E+02
0.10140E+02
0.50200E+01
-0.20900E+01
-0.87900E+01
-0.14470E+02
-0.17400E+02
-0.14410E+02
-0.61600E+01
0.40100E+01
0.12050E+02
0.15430E+02
0.13750E+02
0.76200E+01
-0.14100E+01
-0.10970E+02
-0.19490E+02
-0.26280E+02
-0.29690E+02
-0.28940E+02
-0.25470E+02
-0.17850E+02
-0.58000E+01
0.50800E+01
0.12440E+02
0.18660E+02
0.22540E+02
0.23320E+02
0.22010E+02
0.17460E+02
0.10670E+02
0.55300E+01
0.54100E+01
0.76800E+01
0.64000E+01
0.12900E+01
-0.41600E+01
-0.59200E+01
-0.34700E+01
-0.72000E+00
0.48000E+00
-0.30000E-01
0.60000E+00
0.38900E+01
0.64300E+01
0.68500E+01
0.66100E+01
0.64600E+01
0.60700E+01
0.55600E+01
0.60400E+01
0.64000E+01
0.56500E+01
0.19700E+01
-0.70900E+01
-0.17550E+02
-0.23230E+02
-0.22600E+02
-0.19520E+02
-0.19050E+02
-0.19970E+02
-0.18090E+02
-0.12260E+02
-0.31100E+01
0.52900E+01
0.10260E+02
0.14410E+02
0.18060E+02
0.18990E+02
0.17070E+02
0.12470E+02
0.81300E+01
0.44300E+01
0.21000E+00
-0.24200E+01
-0.29900E+01
-0.17900E+01
0.99000E+00
0.44000E+01
0.75300E+01
0.10670E+02
0.13280E+02
0.12320E+02
0.75000E+01
0.72000E+00
-0.47500E+01
-0.69700E+01
-0.75300E+01
-0.92100E+01
-0.10490E+02
-0.94200E+01
-0.70300E+01
-0.20900E+01
0.22100E+01
0.17300E+01
0.10800E+01
0.39800E+01
0.42500E+01
0.28700E+01
0.34700E+01
0.37100E+01
0.23900E+01
0.21800E+01
0.33800E+01
0.47500E+01
0.61600E+01
0.60400E+01
0.24800E+01
-0.39200E+01
-0.81300E+01
-0.68200E+01
-0.46600E+01
-0.45700E+01
-0.44000E+01
-0.27800E+01
-0.54000E+00
0.84000E+00
0.48000E+00
-0.39800E+01
-0.10610E+02
-0.13540E+02
-0.12860E+02
-0.11120E+02
-0.75300E+01
-0.32600E+01
-0.48000E+00
0.18200E+01
0.49600E+01
0.48100E+01
0.14400E+01
0.15200E+01
0.44600E+01
0.39800E+01
-0.24500E+01
-0.82200E+01
-0.82500E+01
-0.56200E+01
-0.23900E+01
-0.15000E+00
0.18000E+00
0.99000E+00
0.43400E+01
0.72400E+01
0.74500E+01
0.65500E+01
0.51400E+01
0.21800E+01
-0.12000E+01
-0.78000E+00
0.18800E+01
0.28700E+01
0.32900E+01
0.45100E+01
0.59800E+01
0.80700E+01
0.96600E+01
0.81900E+01
0.43400E+01
0.60000E+00
-0.29900E+01
-0.70300E+01
-0.93000E+01
-0.83400E+01
-0.50800E+01
-0.14400E+01
0.93000E+00
0.22700E+01
0.26600E+01
0.33000E+00
-0.28100E+01
-0.46300E+01
-0.63400E+01
-0.70000E+01
-0.65800E+01
-0.89400E+01
-0.13220E+02
-0.15580E+02
-0.15910E+02
-0.15580E+02
-0.14380E+02
-0.12050E+02
-0.94500E+01
-0.52300E+01
0.30000E+00
0.32900E+01
0.37400E+01
0.57400E+01
0.93600E+01
0.13130E+02
0.15760E+02
0.15790E+02
0.13780E+02
0.10730E+02
0.65500E+01
0.66000E+00
-0.61300E+01
-0.98100E+01
-0.98700E+01
-0.86100E+01
-0.54400E+01
-0.19700E+01
-0.66000E+00
0.10800E+01
0.37400E+01
0.50200E+01
0.46600E+01
0.37100E+01
0.21800E+01
-0.90000E+00
-0.46900E+01
-0.74200E+01
-0.86400E+01
-0.73300E+01
-0.29000E+01
0.20600E+01
0.73600E+01
0.11630E+02
0.12590E+02
0.12350E+02
0.10440E+02
0.63700E+01
0.31100E+01
0.69000E+00
-0.69000E+00
0.63000E+00
0.36800E+01
0.57100E+01
0.49900E+01
0.40400E+01
0.44600E+01
0.49900E+01
0.45400E+01
0.39200E+01
0.41000E+01
0.33500E+01
0.19700E+01
0.14400E+01
0.96000E+00
-0.12900E+01
-0.35000E+01
-0.28700E+01
-0.16100E+01
-0.72000E+00
0.19700E+01
0.32600E+01
0.12000E+00
-0.24200E+01
-0.30800E+01
-0.38900E+01
-0.47800E+01
-0.39200E+01
-0.10200E+01
0.20900E+01
0.39200E+01
0.41900E+01
0.36500E+01
0.44300E+01
0.56800E+01
0.53500E+01
0.46900E+01
0.57400E+01
0.68500E+01
0.65800E+01
0.48400E+01
0.37400E+01
0.37700E+01
0.41300E+01
0.37700E+01
0.17600E+01
-0.10800E+01
-0.52900E+01
-0.96600E+01
-0.11180E+02
-0.10580E+02
-0.93900E+01
-0.81300E+01
-0.81300E+01
-0.84600E+01
-0.75600E+01
-0.59200E+01
-0.54100E+01
-0.71500E+01
-0.89100E+01
-0.91800E+01
-0.94800E+01
-0.95400E+01
-0.90300E+01
-0.78900E+01
-0.50500E+01
-0.10500E+01
0.32900E+01
0.69100E+01
0.92100E+01
0.10080E+02
0.97800E+01
0.94800E+01
0.89700E+01
0.71200E+01
0.31700E+01
-0.66000E+00
-0.23300E+01
-0.20900E+01
-0.51000E+00
0.11400E+01
0.30000E+00
-0.12900E+01
-0.54000E+00
0.51000E+00
-0.60000E-01
-0.12300E+01
-0.30500E+01
-0.33500E+01
-0.87000E+00
0.24200E+01
0.53200E+01
0.70600E+01
0.68200E+01
0.51400E+01
0.33800E+01
0.87000E+00
-0.42800E+01
-0.91800E+01
-0.98100E+01
-0.84900E+01
-0.77700E+01
-0.68200E+01
-0.46300E+01
-0.13800E+01
0.15200E+01
0.40700E+01
0.67900E+01
0.77400E+01
0.66700E+01
0.39500E+01
0.39000E+00
-0.33200E+01
-0.67900E+01
-0.85500E+01
-0.93000E+01
-0.91500E+01
-0.73900E+01
-0.39500E+01
-0.96000E+00
0.11400E+01
0.26300E+01
0.39500E+01
0.44600E+01
0.34700E+01
0.24500E+01
0.28400E+01
0.44600E+01
0.52600E+01
0.55300E+01
0.56800E+01
0.60100E+01
0.72400E+01
0.81300E+01
0.90600E+01
0.93900E+01
0.93300E+01
0.82500E+01
0.41900E+01
-0.60000E-01
-0.38300E+01
-0.73900E+01
-0.96300E+01
-0.10940E+02
-0.11870E+02
-0.11930E+02
-0.10470E+02
-0.66100E+01
-0.26600E+01
-0.17600E+01
-0.20300E+01
-0.18500E+01
-0.19700E+01
-0.18800E+01
-0.17600E+01
-0.22700E+01
-0.10500E+01
0.25700E+01
0.52000E+01
0.71500E+01
0.92100E+01
0.10910E+02
0.10880E+02
0.79500E+01
0.44000E+01
0.29600E+01
0.29900E+01
0.22100E+01
0.13200E+01
0.10500E+01
0.14700E+01
0.26600E+01
0.25700E+01
0.12300E+01
0.36000E+00
0.90000E+00
0.11700E+01
0.15000E+00
0.30000E-01
0.10800E+01
0.23900E+01
0.33500E+01
0.31400E+01
0.22700E+01
0.66000E+00
-0.13500E+01
-0.27500E+01
-0.36200E+01
-0.33500E+01
-0.23000E+01
-0.29600E+01
-0.55000E+01
-0.83700E+01
-0.10410E+02
-0.97800E+01
-0.64900E+01
-0.37100E+01
-0.25400E+01
-0.12000E+00
0.41300E+01
0.75600E+01
0.98400E+01
0.12020E+02
0.13480E+02
0.14860E+02
0.16240E+02
0.15100E+02
0.11000E+02
0.57400E+01
-0.27000E+00
-0.62500E+01
-0.10020E+02
-0.12170E+02
-0.14080E+02
-0.14950E+02
-0.13600E+02
-0.98400E+01
-0.41900E+01
0.90000E+00
0.31400E+01
0.44900E+01
0.59200E+01
0.59800E+01
0.49600E+01
0.25400E+01
-0.81000E+00
-0.27800E+01
-0.29300E+01
-0.30500E+01
-0.45100E+01
-0.78600E+01
-0.11570E+02
-0.14050E+02
-0.14860E+02
-0.13340E+02
-0.97500E+01
-0.52600E+01
-0.11100E+01
0.17300E+01
0.32900E+01
0.41000E+01
0.28400E+01
-0.60000E+00
-0.31100E+01
-0.26300E+01
-0.78000E+00
0.57000E+00
0.17600E+01
0.37100E+01
0.52900E+01
0.58900E+01
0.60400E+01
0.49900E+01
0.39200E+01
0.28400E+01
0.10200E+01
0.39000E+00
0.23600E+01
0.49300E+01
0.62800E+01
0.49900E+01
0.12000E+01
-0.12900E+01
-0.14400E+01
-0.23000E+01
-0.46300E+01
-0.62200E+01
-0.52900E+01
-0.28100E+01
-0.10500E+01
-0.45000E+00
-0.24000E+00
0.42000E+00
0.13200E+01
0.87000E+00
-0.17000E+01
-0.44300E+01
-0.57100E+01
-0.66100E+01
-0.71200E+01
-0.64300E+01
-0.50200E+01
-0.25400E+01
-0.90000E-01
0.90000E-01
-0.16400E+01
-0.33800E+01
-0.39800E+01
-0.42500E+01
-0.49300E+01
-0.51700E+01
-0.25700E+01
0.29600E+01
0.85800E+01
0.11150E+02
0.10700E+02
0.95100E+01
0.77100E+01
0.52000E+01
0.24200E+01
0.60000E-01
-0.19400E+01
-0.26900E+01
-0.14100E+01
0.99000E+00
0.41600E+01
0.72700E+01
0.84900E+01
0.89400E+01
0.98400E+01
0.99900E+01
0.85800E+01
0.59500E+01
0.23900E+01
-0.12000E+01
-0.35300E+01
-0.41600E+01
-0.37100E+01
-0.22100E+01
-0.33000E+00
0.75000E+00
0.17900E+01
0.28700E+01
0.33200E+01
0.36800E+01
0.34400E+01
0.22400E+01
0.54000E+00
-0.90000E+00
-0.16700E+01
-0.30200E+01
-0.50200E+01
-0.65200E+01
-0.73900E+01
-0.79500E+01
-0.79800E+01
-0.71800E+01
-0.56200E+01
-0.38900E+01
-0.21200E+01
-0.13800E+01
-0.11100E+01
-0.18200E+01
-0.49300E+01
-0.81600E+01
-0.93000E+01
-0.85800E+01
-0.65500E+01
-0.39800E+01
-0.12000E+01
0.22100E+01
0.65200E+01
0.10610E+02
0.12950E+02
0.13540E+02
0.13340E+02
0.12560E+02
0.10910E+02
0.79800E+01
0.42500E+01
0.30000E+00
-0.34100E+01
-0.62200E+01
-0.71500E+01
-0.57400E+01
-0.29000E+01
-0.30000E+00
0.75000E+00
0.45000E+00
-0.90000E-01
-0.72000E+00
-0.20000E+01
-0.36800E+01
-0.35600E+01
-0.15000E+01
0.39000E+00
0.27500E+01
0.28400E+01
0.63000E+00
0.14400E+01
0.10200E+01
0.11400E+01
0.45400E+01
0.31100E+01
-0.12000E+00
0.54000E+00
0.49300E+01
0.80700E+01
-0.12300E+01
-0.99000E+01
-0.56500E+01
0.13800E+01
0.56500E+01
-0.57000E+00
-0.84900E+01
-0.70300E+01
0.00000E+00
0.20600E+01
-0.38000E+01
-0.48400E+01
0.25700E+01
0.76200E+01
0.67600E+01
0.32300E+01
0.27200E+01
0.47800E+01
0.22100E+01
-0.24500E+01
-0.35600E+01
-0.78000E+00
0.17000E+01
0.24000E+00
-0.22100E+01
-0.12000E+01
0.18200E+01
0.28100E+01
0.51000E+00
-0.32900E+01
-0.50500E+01
-0.47200E+01
-0.54700E+01
-0.69400E+01
-0.57100E+01
-0.27800E+01
-0.16700E+01
-0.16700E+01
-0.19700E+01
-0.12900E+01
-0.24000E+00
-0.17300E+01
-0.40400E+01
-0.37700E+01
-0.27500E+01
-0.26600E+01
0.24000E+00
0.32600E+01
0.49000E+01
0.68500E+01
0.75000E+01
0.80100E+01
0.90600E+01
0.75900E+01
0.39800E+01
0.69000E+00
-0.18200E+01
-0.12900E+01
0.18200E+01
0.17900E+01
-0.66000E+00
-0.60000E+00
0.15000E+01
0.25100E+01
0.23300E+01
-0.51000E+00
-0.45700E+01
-0.62800E+01
-0.60700E+01
-0.49900E+01
-0.24200E+01
0.17000E+01
0.56200E+01
0.62800E+01
0.42200E+01
0.27200E+01
0.15800E+01
-0.22400E+01
-0.81900E+01
-0.11420E+02
-0.97800E+01
-0.42500E+01
0.17600E+01
0.22100E+01
-0.54000E+00
0.31100E+01
0.10820E+02
0.13010E+02
0.93300E+01
0.52000E+01
0.34100E+01
0.14100E+01
-0.20900E+01
-0.28400E+01
-0.28700E+01
-0.67300E+01
-0.10940E+02
-0.10020E+02
-0.47800E+01
-0.81000E+00
-0.11700E+01
-0.40400E+01
-0.23900E+01
0.66100E+01
0.15610E+02
0.17040E+02
0.12050E+02
0.70000E+01
0.41600E+01
0.30000E+00
-0.49000E+01
-0.88500E+01
-0.11180E+02
-0.10850E+02
-0.61600E+01
0.10200E+01
0.75900E+01
0.11600E+02
0.12740E+02
0.11780E+02
0.75300E+01
0.45000E+00
-0.70000E+01
-0.15010E+02
-0.20960E+02
-0.18570E+02
-0.63100E+01
0.12230E+02
0.28350E+02
0.33910E+02
0.27720E+02
0.14740E+02
-0.96000E+00
-0.16240E+02
-0.26550E+02
-0.30920E+02
-0.30380E+02
-0.24250E+02
-0.12650E+02
0.10800E+01
0.11090E+02
0.14800E+02
0.13480E+02
0.86700E+01
0.41000E+01
0.96000E+00
-0.54000E+00
0.10800E+01
0.35900E+01
0.32600E+01
0.42000E+00
-0.25400E+01
-0.44600E+01
-0.48400E+01
-0.32300E+01
0.00000E+00
0.35300E+01
0.48400E+01
0.38600E+01
0.12600E+01
-0.20300E+01
-0.56500E+01
-0.92700E+01
-0.99600E+01
-0.77400E+01
-0.46900E+01
-0.69000E+00
0.41000E+01
0.71200E+01
0.65800E+01
0.42200E+01
0.18200E+01
0.78000E+00
0.20900E+01
0.41600E+01
0.53500E+01
0.62500E+01
0.69700E+01
0.65200E+01
0.41000E+01
-0.90000E-01
-0.49900E+01
-0.87000E+01
-0.10580E+02
-0.10640E+02
-0.87300E+01
-0.59500E+01
-0.39200E+01
-0.28700E+01
-0.23600E+01
-0.27500E+01
-0.35000E+01
-0.46000E+01
-0.61900E+01
-0.68200E+01
-0.52000E+01
-0.21500E+01
0.60000E+00
0.27500E+01
0.44900E+01
0.49300E+01
0.40700E+01
0.27800E+01
0.15200E+01
0.60000E+00
0.75000E+00
0.15800E+01
0.22100E+01
0.25700E+01
0.21500E+01
0.13500E+01
0.60000E+00
-0.54000E+00
-0.20900E+01
-0.36200E+01
-0.36500E+01
-0.17900E+01
0.90000E+00
0.42500E+01
0.71800E+01
0.84600E+01
0.84600E+01
0.71500E+01
0.48700E+01
0.23900E+01
-0.54000E+00
-0.31400E+01
-0.53500E+01
-0.69400E+01
-0.70000E+01
-0.55900E+01
-0.35300E+01
-0.14100E+01
0.12000E+00
0.90000E+00
0.99000E+00
0.21000E+00
-0.84000E+00
-0.21200E+01
-0.33500E+01
-0.35000E+01
-0.23000E+01
0.90000E-01
0.28400E+01
0.59200E+01
0.92400E+01
0.11150E+02
0.10200E+02
0.74200E+01
0.55300E+01
0.45100E+01
0.26600E+01
0.12000E+00
-0.20600E+01
-0.38300E+01
-0.51400E+01
-0.54400E+01
-0.52300E+01
-0.45700E+01
-0.36200E+01
-0.26600E+01
-0.11100E+01
0.11700E+01
0.30200E+01
0.38900E+01
0.40700E+01
0.36200E+01
0.29000E+01
0.23900E+01
0.13500E+01
-0.48000E+00
-0.18500E+01
-0.26300E+01
-0.29900E+01
-0.30500E+01
-0.33200E+01
-0.38300E+01
-0.42800E+01
-0.46000E+01
-0.45400E+01
-0.41000E+01
-0.29900E+01
-0.99000E+00
0.63000E+00
0.14700E+01
0.17300E+01
0.14100E+01
0.69000E+00
-0.12000E+00
-0.90000E+00
-0.12300E+01
-0.24000E+00
0.81000E+00
0.17000E+01
0.20900E+01
0.21500E+01
0.26300E+01
0.33800E+01
0.28100E+01
0.33000E+00
-0.20600E+01
-0.39500E+01
-0.53800E+01
-0.58600E+01
-0.55300E+01
-0.37100E+01
-0.93000E+00
0.10500E+01
0.19700E+01
0.23300E+01
0.21200E+01
0.17300E+01
0.15500E+01
0.93000E+00
0.18000E+00
0.60000E-01
0.60000E-01
-0.30000E-01
0.90000E-01
0.39000E+00
0.21000E+00
-0.30000E+00
-0.96000E+00
-0.93000E+00
0.36000E+00
0.14100E+01
0.14400E+01
0.10500E+01
0.33000E+00
0.18000E+00
0.42000E+00
0.24000E+00
0.12000E+00
0.99000E+00
0.21200E+01
0.30500E+01
0.39800E+01
0.44300E+01
0.44600E+01
0.43700E+01
0.38600E+01
0.29600E+01
0.22100E+01
0.21200E+01
0.19100E+01
0.13500E+01
0.14100E+01
0.22700E+01
0.32900E+01
0.35000E+01
0.21200E+01
-0.18000E+00
-0.17900E+01
-0.27800E+01
-0.39500E+01
-0.46300E+01
-0.45400E+01
-0.41000E+01
-0.34700E+01
-0.26900E+01
-0.20900E+01
-0.96000E+00
0.11700E+01
0.30500E+01
0.36800E+01
0.31700E+01
0.22400E+01
0.10500E+01
-0.36000E+00
-0.17300E+01
-0.21800E+01
-0.12000E+01
0.18000E+00
0.75000E+00
0.12900E+01
0.22700E+01
0.29900E+01
0.30500E+01
0.22700E+01
0.81000E+00
-0.21000E+00
-0.60000E+00
-0.57000E+00
-0.12000E+00
0.60000E+00
0.19400E+01
0.36200E+01
0.45700E+01
0.40700E+01
0.25400E+01
0.48000E+00
-0.15800E+01
-0.33500E+01
-0.53500E+01
-0.74200E+01
-0.84900E+01
-0.79200E+01
-0.63400E+01
-0.45100E+01
-0.31700E+01
-0.20300E+01
-0.36000E+00
0.13800E+01
0.22100E+01
0.21500E+01
0.15800E+01
0.99000E+00
0.93000E+00
0.11400E+01
0.84000E+00
0.42000E+00
0.12000E+00
0.00000E+00
0.12000E+00
-0.12000E+00
-0.96000E+00
-0.26000E+01
-0.52900E+01
-0.77700E+01
-0.90900E+01
-0.93600E+01
-0.90000E+01
-0.73600E+01
-0.41000E+01
-0.18000E+00
0.37100E+01
0.64300E+01
0.73900E+01
0.73600E+01
0.75000E+01
0.75000E+01
0.60400E+01
0.39500E+01
0.25400E+01
0.15000E+01
0.42000E+00
-0.78000E+00
-0.20600E+01
-0.24800E+01
-0.20900E+01
-0.17300E+01
-0.18800E+01
-0.17300E+01
-0.45000E+00
0.87000E+00
0.15800E+01
0.15800E+01
0.13200E+01
0.16400E+01
0.22100E+01
0.20900E+01
0.14700E+01
0.75000E+00
-0.90000E-01
-0.11100E+01
-0.18500E+01
-0.20600E+01
-0.17600E+01
-0.10500E+01
0.00000E+00
0.10200E+01
0.17900E+01
0.16100E+01
0.54000E+00
-0.60000E-01
-0.18000E+00
-0.39000E+00
-0.42000E+00
-0.18000E+00
0.78000E+00
0.23000E+01
0.35900E+01
0.45400E+01
0.49900E+01
0.45100E+01
0.35600E+01
0.27500E+01
0.24500E+01
0.27800E+01
0.31700E+01
0.28700E+01
0.14400E+01
-0.21000E+00
-0.12000E+01
-0.15000E+01
-0.17600E+01
-0.20300E+01
-0.20300E+01
-0.21200E+01
-0.24800E+01
-0.27500E+01
-0.31400E+01
-0.36800E+01
-0.35900E+01
-0.29600E+01
-0.27500E+01
-0.30500E+01
-0.31400E+01
-0.28700E+01
-0.25700E+01
-0.27200E+01
-0.25100E+01
-0.16700E+01
-0.87000E+00
-0.51000E+00
-0.78000E+00
-0.15200E+01
-0.15200E+01
-0.10200E+01
-0.81000E+00
-0.60000E+00
-0.45000E+00
-0.63000E+00
-0.13200E+01
-0.23300E+01
-0.32900E+01
-0.39200E+01
-0.43700E+01
-0.40400E+01
-0.33800E+01
-0.25400E+01
-0.12000E+01
0.24000E+00
0.13800E+01
0.20600E+01
0.29900E+01
0.41300E+01
0.46000E+01
0.43100E+01
0.40100E+01
0.38000E+01
0.30500E+01
0.15500E+01
-0.60000E-01
-0.14100E+01
-0.19700E+01
-0.12900E+01
0.27000E+00
0.18500E+01
0.30200E+01
0.37100E+01
0.33800E+01
0.21200E+01
0.69000E+00
-0.39000E+00
-0.10800E+01
-0.15000E+01
-0.19400E+01
-0.26900E+01
-0.30800E+01
-0.32000E+01
-0.29300E+01
-0.17900E+01
-0.30000E+00
0.81000E+00
0.17300E+01
0.30500E+01
0.47200E+01
0.57400E+01
0.59800E+01
0.59200E+01
0.53500E+01
0.40700E+01
0.17900E+01
-0.72000E+00
-0.28400E+01
-0.36500E+01
-0.32000E+01
-0.24500E+01
-0.14400E+01
-0.60000E+00
-0.57000E+00
-0.10200E+01
-0.12900E+01
-0.12900E+01
-0.13500E+01
-0.14400E+01
-0.99000E+00
0.00000E+00
0.12000E+01
0.18800E+01
0.21500E+01
0.21800E+01
0.24800E+01
0.29000E+01
0.25100E+01
0.14400E+01
0.63000E+00
0.57000E+00
0.21000E+00
-0.75000E+00
-0.12900E+01
-0.16100E+01
-0.20600E+01
-0.23600E+01
-0.25700E+01
-0.21200E+01
-0.87000E+00
0.51000E+00
0.14400E+01
0.22400E+01
0.26600E+01
0.22100E+01
0.13800E+01
0.30000E+00
-0.10200E+01
-0.17300E+01
-0.14400E+01
-0.84000E+00
-0.15000E+00
0.99000E+00
0.14700E+01
0.13500E+01
0.10200E+01
0.42000E+00
-0.18000E+00
-0.12000E+01
-0.24200E+01
-0.32000E+01
-0.34100E+01
-0.29900E+01
-0.24800E+01
-0.20900E+01
-0.17300E+01
-0.16400E+01
-0.14100E+01
-0.36000E+00
0.99000E+00
0.19400E+01
0.27200E+01
0.32600E+01
0.38000E+01
0.43100E+01
0.42800E+01
0.40700E+01
0.43100E+01
0.46600E+01
0.43400E+01
0.31100E+01
0.17900E+01
0.90000E+00
0.24000E+00
-0.39000E+00
-0.90000E+00
-0.11100E+01
-0.15000E+01
-0.20000E+01
-0.20300E+01
-0.18800E+01
-0.23900E+01
-0.30800E+01
-0.31700E+01
-0.25700E+01
-0.13500E+01
-0.60000E-01
0.42000E+00
0.54000E+00
0.69000E+00
-0.90000E-01
-0.18800E+01
-0.35600E+01
-0.42800E+01
-0.36200E+01
-0.20900E+01
-0.54000E+00
0.69000E+00
0.15500E+01
0.20300E+01
0.16700E+01
0.81000E+00
-0.30000E-01
-0.60000E+00
-0.54000E+00
-0.90000E-01
0.45000E+00
0.10200E+01
0.12000E+01
0.87000E+00
0.57000E+00
0.39000E+00
0.30000E+00
0.66000E+00
0.11100E+01
0.17000E+01
0.24800E+01
0.32900E+01
0.41300E+01
0.46900E+01
0.47800E+01
0.44600E+01
0.35000E+01
0.19700E+01
0.48000E+00
-0.57000E+00
-0.18500E+01
-0.32600E+01
-0.38900E+01
-0.36500E+01
-0.33500E+01
-0.30800E+01
-0.28400E+01
-0.29300E+01
-0.31400E+01
-0.33200E+01
-0.33800E+01
-0.32000E+01
-0.28700E+01
-0.24500E+01
-0.18200E+01
-0.78000E+00
0.57000E+00
0.14400E+01
0.18200E+01
0.18800E+01
0.19400E+01
0.20900E+01
0.19100E+01
0.13500E+01
0.10200E+01
0.12000E+01
0.15500E+01
0.13800E+01
0.81000E+00
0.63000E+00
0.75000E+00
0.78000E+00
0.78000E+00
0.69000E+00
0.27000E+00
-0.33000E+00
-0.81000E+00
-0.10500E+01
-0.78000E+00
-0.90000E-01
0.63000E+00
0.15000E+01
0.22700E+01
0.27500E+01
0.27500E+01
0.24800E+01
0.26300E+01
0.28700E+01
0.24800E+01
0.15500E+01
0.42000E+00
-0.69000E+00
-0.15000E+01
-0.20300E+01
-0.24500E+01
-0.25400E+01
-0.23300E+01
-0.18800E+01
-0.11700E+01
-0.63000E+00
-0.60000E+00
-0.84000E+00
-0.99000E+00
-0.11700E+01
-0.16700E+01
-0.20000E+01
-0.20900E+01
-0.22100E+01
-0.19400E+01
-0.14100E+01
-0.12600E+01
-0.14100E+01
-0.10800E+01
-0.30000E+00
0.48000E+00
0.10500E+01
0.17000E+01
0.23900E+01
0.32000E+01
0.40100E+01
0.44000E+01
0.43700E+01
0.38600E+01
0.28400E+01
0.14400E+01
-0.18000E+00
-0.12600E+01
-0.18200E+01
-0.19400E+01
-0.17300E+01
-0.14700E+01
-0.10500E+01
-0.45000E+00
0.15000E+00
0.30000E+00
0.00000E+00
-0.78000E+00
-0.17600E+01
-0.24200E+01
-0.23900E+01
-0.20600E+01
-0.16700E+01
-0.13200E+01
-0.11400E+01
-0.96000E+00
-0.84000E+00
-0.72000E+00
-0.48000E+00
-0.39000E+00
-0.63000E+00
-0.87000E+00
-0.96000E+00
-0.93000E+00
-0.90000E+00
-0.93000E+00
-0.63000E+00
0.18000E+00
0.87000E+00
0.63000E+00
-0.18000E+00
-0.93000E+00
-0.13800E+01
-0.12900E+01
-0.84000E+00
-0.54000E+00
-0.18000E+00
0.39000E+00
0.60000E+00
0.27000E+00
-0.42000E+00
-0.10200E+01
-0.12300E+01
-0.10800E+01
-0.69000E+00
-0.90000E-01
0.36000E+00
0.69000E+00
0.99000E+00
0.13500E+01
0.18200E+01
0.20000E+01
0.16400E+01
0.78000E+00
0.18000E+00
-0.27000E+00
-0.93000E+00
-0.14400E+01
-0.13800E+01
-0.10200E+01
-0.60000E+00
0.30000E-01
0.45000E+00
0.60000E+00
0.90000E-01
-0.99000E+00
-0.19100E+01
-0.21800E+01
-0.19100E+01
-0.12000E+01
-0.18000E+00
0.78000E+00
0.17600E+01
0.26000E+01
0.26600E+01
0.21800E+01
0.13200E+01
-0.30000E-01
-0.16400E+01
-0.30200E+01
-0.38000E+01
-0.38000E+01
-0.32000E+01
-0.20600E+01
-0.51000E+00
0.10200E+01
0.21800E+01
0.27500E+01
0.24500E+01
0.14100E+01
0.21000E+00
-0.48000E+00
-0.81000E+00
-0.87000E+00
-0.69000E+00
-0.45000E+00
-0.21000E+00
-0.60000E-01
-0.33000E+00
-0.81000E+00
-0.99000E+00
-0.66000E+00
-0.12000E+00
0.33000E+00
0.96000E+00
0.19100E+01
0.27800E+01
0.29000E+01
0.27500E+01
0.26900E+01
0.24500E+01
0.21200E+01
0.16400E+01
0.12600E+01
0.11400E+01
0.84000E+00
0.12000E+00
-0.75000E+00
-0.14400E+01
-0.16100E+01
-0.18800E+01
-0.24500E+01
-0.24500E+01
-0.19400E+01
-0.13800E+01
-0.87000E+00
-0.42000E+00
0.60000E-01
0.66000E+00
0.12000E+01
0.13800E+01
0.13200E+01
0.11400E+01
0.10200E+01
0.84000E+00
0.75000E+00
0.81000E+00
0.93000E+00
0.13800E+01
0.15800E+01
0.12000E+01
0.90000E+00
0.69000E+00
0.66000E+00
0.93000E+00
0.11400E+01
0.12300E+01
0.12900E+01
0.15800E+01
0.18500E+01
0.21800E+01
0.25100E+01
0.21800E+01
0.15800E+01
0.12000E+01
0.72000E+00
0.21000E+00
0.12000E+00
0.60000E-01
0.00000E+00
0.60000E-01
-0.15000E+00
-0.21000E+00
0.18000E+00
0.69000E+00
0.10500E+01
0.14400E+01
0.17600E+01
0.16400E+01
0.10800E+01
0.60000E+00
0.66000E+00
0.10200E+01
0.12900E+01
0.13800E+01
0.12900E+01
0.99000E+00
0.24000E+00
-0.81000E+00
-0.16400E+01
-0.20000E+01
-0.20600E+01
-0.20000E+01
-0.18500E+01
-0.16100E+01
-0.15200E+01
-0.18200E+01
-0.20300E+01
-0.20600E+01
-0.17300E+01
-0.14400E+01
-0.17300E+01
-0.13800E+01
-0.66000E+00
-0.24000E+00
0.18000E+00
0.99000E+00
0.17000E+01
0.17900E+01
0.14700E+01
0.57000E+00
-0.39000E+00
-0.99000E+00
-0.12300E+01
-0.13500E+01
-0.12600E+01
-0.66000E+00
0.12000E+00
0.69000E+00
0.13800E+01
0.19400E+01
0.17300E+01
0.84000E+00
-0.18000E+00
-0.10200E+01
-0.18500E+01
-0.23300E+01
-0.23900E+01
-0.20300E+01
-0.14400E+01
-0.11100E+01
-0.96000E+00
-0.81000E+00
-0.84000E+00
-0.90000E+00
-0.81000E+00
-0.10800E+01
-0.13200E+01
-0.11100E+01
-0.75000E+00
-0.27000E+00
0.27000E+00
0.66000E+00
0.66000E+00
0.33000E+00
0.30000E-01
-0.42000E+00
-0.13200E+01
-0.19400E+01
-0.17300E+01
-0.11100E+01
-0.33000E+00
0.42000E+00
0.99000E+00
0.12600E+01
0.15800E+01
0.17000E+01
0.14100E+01
0.11100E+01
0.87000E+00
0.96000E+00
0.14100E+01
0.19100E+01
0.24500E+01
0.27800E+01
0.26600E+01
0.22700E+01
0.17000E+01
0.90000E+00
0.21000E+00
-0.72000E+00
-0.16400E+01
-0.23300E+01
-0.29900E+01
-0.38900E+01
-0.44300E+01
-0.44900E+01
-0.41300E+01
-0.35600E+01
-0.32300E+01
-0.29000E+01
-0.22400E+01
-0.14400E+01
-0.99000E+00
-0.72000E+00
-0.33000E+00
-0.15000E+00
-0.24000E+00
-0.51000E+00
-0.72000E+00
-0.18000E+00
0.45000E+00
0.69000E+00
0.10800E+01
0.12300E+01
0.14700E+01
0.16400E+01
0.13800E+01
0.14700E+01
0.17600E+01
0.18500E+01
0.15200E+01
0.14700E+01
0.13500E+01
0.42000E+00
-0.81000E+00
-0.18500E+01
-0.19400E+01
-0.19100E+01
-0.18800E+01
-0.14700E+01
-0.13800E+01
-0.11700E+01
-0.87000E+00
-0.60000E+00
-0.39000E+00
0.30000E+00
0.11400E+01
0.10800E+01
0.78000E+00
0.10500E+01
0.12600E+01
0.75000E+00
-0.15000E+00
-0.60000E-01
0.87000E+00
0.15500E+01
0.24200E+01
0.30500E+01
0.32600E+01
0.34400E+01
0.30800E+01
0.18500E+01
0.72000E+00
0.96000E+00
0.13200E+01
0.48000E+00
0.21000E+00
0.39000E+00
0.18000E+00
-0.60000E-01
-0.36000E+00
-0.12600E+01
-0.19400E+01
-0.21800E+01
-0.22400E+01
-0.15200E+01
-0.33000E+00
0.75000E+00
0.10800E+01
0.66000E+00
0.42000E+00
0.33000E+00
0.24000E+00
0.60000E-01
0.18000E+00
0.24000E+00
-0.24000E+00
-0.75000E+00
-0.13800E+01
-0.24500E+01
-0.34100E+01
-0.27500E+01
-0.13800E+01
-0.36000E+00
0.72000E+00
0.14700E+01
0.19100E+01
0.21800E+01
0.17300E+01
0.87000E+00
0.00000E+00
-0.51000E+00
-0.10800E+01
-0.20600E+01
-0.24800E+01
-0.23000E+01
-0.27800E+01
-0.31700E+01
-0.25100E+01
-0.14400E+01
-0.15000E+00
0.48000E+00
0.66000E+00
0.16400E+01
0.27500E+01
0.31700E+01
0.28700E+01
0.26600E+01
0.33500E+01
0.36200E+01
0.33200E+01
0.29900E+01
0.23300E+01
0.15000E+01
0.10800E+01
0.75000E+00
0.15000E+00
-0.45000E+00
-0.87000E+00
-0.13500E+01
-0.14700E+01
-0.90000E+00
-0.21000E+00
0.66000E+00
0.15200E+01
0.18800E+01
0.17900E+01
0.17600E+01
0.15200E+01
0.11100E+01
0.13500E+01
0.20300E+01
0.23300E+01
0.23600E+01
0.20600E+01
0.12900E+01
0.42000E+00
-0.39000E+00
-0.90000E+00
-0.12300E+01
-0.15000E+01
-0.15000E+01
-0.18200E+01
-0.29600E+01
-0.39800E+01
-0.42500E+01
-0.42200E+01
-0.39800E+01
-0.30800E+01
-0.18200E+01
-0.54000E+00
0.75000E+00
0.15000E+01
0.17000E+01
0.16100E+01
0.12600E+01
0.81000E+00
0.78000E+00
0.11400E+01
0.13800E+01
0.17300E+01
0.21200E+01
0.20000E+01
0.13800E+01
0.51000E+00
-0.30000E+00
-0.75000E+00
-0.93000E+00
-0.10500E+01
-0.10800E+01
-0.87000E+00
-0.51000E+00
-0.36000E+00
0.60000E-01
0.75000E+00
0.87000E+00
0.27000E+00
-0.57000E+00
-0.13200E+01
-0.15500E+01
-0.14700E+01
-0.15200E+01
-0.13500E+01
-0.84000E+00
-0.36000E+00
-0.30000E-01
0.00000E+00
0.00000E+00
0.90000E-01
0.00000E+00
-0.24000E+00
-0.69000E+00
-0.90000E+00
-0.78000E+00
-0.15000E+00
0.54000E+00
0.93000E+00
0.87000E+00
0.45000E+00
0.39000E+00
0.54000E+00
0.45000E+00
0.54000E+00
0.72000E+00
0.63000E+00
0.24000E+00
-0.57000E+00
-0.10800E+01
-0.93000E+00
-0.60000E+00
-0.18000E+00
0.18000E+00
0.45000E+00
0.60000E+00
0.54000E+00
0.27000E+00
0.24000E+00
0.60000E+00
0.66000E+00
0.21000E+00
-0.18000E+00
-0.36000E+00
-0.21000E+00
0.12000E+00
0.90000E-01
-0.30000E+00
-0.93000E+00
-0.16100E+01
-0.21800E+01
-0.27200E+01
-0.30500E+01
-0.30500E+01
-0.26300E+01
-0.18500E+01
-0.84000E+00
0.21000E+00
0.12600E+01
0.23000E+01
0.29900E+01
0.31400E+01
0.27800E+01
0.19700E+01
0.81000E+00
-0.42000E+00
-0.15000E+01
-0.23600E+01
-0.31400E+01
-0.36200E+01
-0.38300E+01
-0.37100E+01
-0.33200E+01
-0.29900E+01
-0.27200E+01
-0.23300E+01
-0.20300E+01
-0.15800E+01
-0.10800E+01
-0.60000E+00
-0.27000E+00
0.00000E+00
0.12000E+00
0.39000E+00
0.84000E+00
0.11100E+01
0.84000E+00
0.30000E+00
0.30000E-01
0.24000E+00
0.78000E+00
0.11400E+01
0.15500E+01
0.20900E+01
0.22400E+01
0.21200E+01
0.21200E+01
0.15800E+01
0.60000E+00
0.15000E+00
-0.54000E+00
-0.10800E+01
-0.11400E+01
-0.12300E+01
-0.11700E+01
-0.10800E+01
-0.99000E+00
-0.66000E+00
-0.15000E+00
0.27000E+00
0.81000E+00
0.11700E+01
0.11700E+01
0.11100E+01
0.78000E+00
0.15000E+00
-0.15000E+00
-0.90000E-01
0.12000E+00
0.69000E+00
0.14100E+01
0.20600E+01
0.23600E+01
0.22400E+01
0.20600E+01
0.19400E+01
0.20300E+01
0.22400E+01
0.21800E+01
0.20600E+01
0.17000E+01
0.90000E+00
0.60000E-01
-0.84000E+00
-0.19700E+01
-0.25700E+01
-0.25100E+01
-0.20600E+01
-0.11400E+01
-0.30000E-01
0.75000E+00
0.15500E+01
0.17900E+01
0.14400E+01
0.12900E+01
0.10500E+01
0.12600E+01
0.14400E+01
0.13200E+01
0.16100E+01
0.19700E+01
0.18800E+01
0.15000E+01
0.11100E+01
0.36000E+00
-0.90000E-01
0.00000E+00
-0.24000E+00
-0.66000E+00
-0.12300E+01
-0.19100E+01
-0.23900E+01
-0.24800E+01
-0.19700E+01
-0.12300E+01
-0.66000E+00
-0.15000E+00
0.60000E-01
-0.60000E-01
-0.39000E+00
-0.84000E+00
-0.11400E+01
-0.99000E+00
-0.10200E+01
-0.12300E+01
-0.93000E+00
-0.18000E+00
0.48000E+00
0.10800E+01
0.15800E+01
0.18200E+01
0.18500E+01
0.16400E+01
0.13500E+01
0.12600E+01
0.10800E+01
0.75000E+00
0.15000E+00
-0.63000E+00
-0.12000E+01
-0.15000E+01
-0.15500E+01
-0.13500E+01
-0.99000E+00
-0.81000E+00
-0.75000E+00
-0.63000E+00
-0.60000E+00
-0.78000E+00
-0.10800E+01
-0.11400E+01
-0.78000E+00
-0.27000E+00
0.60000E-01
0.39000E+00
0.10200E+01
0.15200E+01
0.14700E+01
0.90000E+00
0.54000E+00
0.12000E+00
-0.24000E+00
-0.39000E+00
-0.30000E+00
-0.60000E-01
0.12000E+00
0.24000E+00
0.33000E+00
0.30000E+00
0.60000E-01
-0.24000E+00
-0.63000E+00
-0.81000E+00
-0.48000E+00
-0.33000E+00
-0.45000E+00
-0.36000E+00
-0.24000E+00
-0.21000E+00
-0.18000E+00
0.18000E+00
0.45000E+00
0.63000E+00
0.69000E+00
0.66000E+00
0.78000E+00
0.10200E+01
0.11700E+01
0.12600E+01
0.13200E+01
0.14100E+01
0.13800E+01
0.11400E+01
0.66000E+00
0.24000E+00
-0.21000E+00
-0.69000E+00
-0.90000E+00
-0.84000E+00
-0.60000E+00
0.60000E-01
0.93000E+00
0.16400E+01
0.20300E+01
0.19100E+01
0.17300E+01
0.15500E+01
0.12000E+01
0.87000E+00
0.63000E+00
0.51000E+00
0.78000E+00
0.90000E+00
0.87000E+00
0.10800E+01
0.12000E+01
0.10200E+01
0.48000E+00
-0.30000E+00
-0.12900E+01
-0.22400E+01
-0.27500E+01
-0.29600E+01
-0.27500E+01
-0.22700E+01
-0.14700E+01
-0.69000E+00
-0.27000E+00
-0.30000E-01
0.30000E-01
-0.30000E-01
0.00000E+00
0.12000E+00
0.30000E+00
0.24000E+00
-0.15000E+00
-0.63000E+00
-0.11700E+01
-0.11400E+01
-0.78000E+00
-0.99000E+00
-0.11400E+01
-0.90000E+00
-0.69000E+00
-0.87000E+00
-0.99000E+00
-0.10500E+01
-0.99000E+00
-0.90000E+00
-0.99000E+00
-0.84000E+00
-0.48000E+00
-0.24000E+00
0.30000E-01
-0.60000E-01
-0.60000E-01
0.21000E+00
0.51000E+00
0.63000E+00
0.60000E+00
0.78000E+00
0.42000E+00
-0.75000E+00
-0.12900E+01
-0.12900E+01
-0.16400E+01
-0.21800E+01
-0.23600E+01
-0.24200E+01
-0.26000E+01
-0.27500E+01
-0.25100E+01
-0.20000E+01
-0.14700E+01
-0.11700E+01
-0.12600E+01
-0.13500E+01
-0.11400E+01
-0.81000E+00
-0.57000E+00
-0.39000E+00
0.00000E+00
0.51000E+00
0.12300E+01
0.16400E+01
0.16400E+01
0.15500E+01
0.87000E+00
0.60000E-01
-0.39000E+00
-0.45000E+00
0.30000E-01
0.54000E+00
0.10800E+01
0.15800E+01
0.20300E+01
0.20600E+01
0.20300E+01
0.24500E+01
0.29000E+01
0.29900E+01
0.26000E+01
0.22400E+01
0.23000E+01
0.23600E+01
0.20000E+01
0.11700E+01
0.69000E+00
0.69000E+00
0.21000E+00
-0.60000E+00
-0.12600E+01
-0.23000E+01
-0.35300E+01
-0.40100E+01
-0.38300E+01
-0.34700E+01
-0.29000E+01
-0.21500E+01
-0.96000E+00
0.33000E+00
0.10200E+01
0.10500E+01
0.57000E+00
0.42000E+00
0.78000E+00
0.84000E+00
0.39000E+00
0.15000E+00
0.39000E+00
0.81000E+00
0.13500E+01
0.20600E+01
0.23300E+01
0.18800E+01
0.72000E+00
-0.87000E+00
-0.23000E+01
-0.29900E+01
-0.29300E+01
-0.23000E+01
-0.15000E+01
-0.90000E+00
-0.84000E+00
-0.13200E+01
-0.15000E+01
-0.72000E+00
0.15000E+00
0.57000E+00
0.11400E+01
0.19400E+01
0.23600E+01
0.23300E+01
0.18800E+01
0.15500E+01
0.18200E+01
0.25100E+01
0.29600E+01
0.29900E+01
0.29000E+01
0.25100E+01
0.16400E+01
0.99000E+00
0.11100E+01
0.14700E+01
0.17300E+01
0.23000E+01
0.29600E+01
0.34100E+01
0.35900E+01
0.32900E+01
0.25100E+01
0.17300E+01
0.10500E+01
0.27000E+00
-0.27000E+00
-0.90000E-01
0.33000E+00
0.15000E+00
-0.96000E+00
-0.24500E+01
-0.30800E+01
-0.29900E+01
-0.25400E+01
-0.22100E+01
-0.20900E+01
-0.15800E+01
-0.12300E+01
-0.13500E+01
-0.15000E+01
-0.16100E+01
-0.12600E+01
-0.57000E+00
0.24000E+00
0.11700E+01
0.20300E+01
0.26900E+01
0.31100E+01
0.31400E+01
0.28700E+01
0.24200E+01
0.18200E+01
0.16400E+01
0.17300E+01
0.18200E+01
0.17300E+01
0.12900E+01
0.63000E+00
0.24000E+00
0.00000E+00
-0.60000E+00
-0.10200E+01
-0.12000E+01
-0.14700E+01
-0.15200E+01
-0.13200E+01
-0.14400E+01
-0.16100E+01
-0.13800E+01
-0.84000E+00
-0.51000E+00
-0.54000E+00
-0.78000E+00
-0.93000E+00
-0.12600E+01
-0.19700E+01
-0.25400E+01
-0.27200E+01
-0.26600E+01
-0.24500E+01
-0.23900E+01
-0.20900E+01
-0.15500E+01
-0.12600E+01
-0.11100E+01
-0.75000E+00
-0.90000E-01
0.42000E+00
0.51000E+00
0.54000E+00
0.66000E+00
0.39000E+00
-0.12000E+00
-0.78000E+00
-0.14100E+01
-0.17000E+01
-0.17300E+01
-0.17900E+01
-0.18200E+01
-0.13800E+01
-0.78000E+00
-0.63000E+00
-0.48000E+00
0.18000E+00
0.84000E+00
0.99000E+00
0.10500E+01
0.11100E+01
0.11100E+01
0.12600E+01
0.14400E+01
0.14700E+01
0.11700E+01
0.63000E+00
0.18000E+00
-0.27000E+00
-0.78000E+00
-0.12600E+01
-0.13500E+01
-0.10200E+01
-0.45000E+00
-0.60000E-01
0.30000E-01
0.90000E-01
0.30000E+00
0.24000E+00
-0.90000E-01
-0.30000E+00
-0.36000E+00
-0.45000E+00
-0.33000E+00
0.18000E+00
0.75000E+00
0.11100E+01
0.13800E+01
0.15200E+01
0.13800E+01
0.84000E+00
0.60000E-01
-0.42000E+00
-0.81000E+00
-0.10200E+01
-0.10200E+01
-0.12300E+01
-0.15800E+01
-0.20900E+01
-0.24800E+01
-0.28100E+01
-0.29900E+01
-0.27200E+01
-0.23300E+01
-0.15200E+01
-0.21000E+00
0.10200E+01
0.20300E+01
0.27500E+01
0.32300E+01
0.34400E+01
0.32300E+01
0.28700E+01
0.28100E+01
0.28100E+01
0.26900E+01
0.26300E+01
0.22700E+01
0.15800E+01
0.60000E+00
-0.36000E+00
-0.90000E+00
-0.12000E+01
-0.14700E+01
-0.17000E+01
-0.18500E+01
-0.17900E+01
-0.16700E+01
-0.15500E+01
-0.14700E+01
-0.16100E+01
-0.17900E+01
-0.19700E+01
-0.19700E+01
-0.19400E+01
-0.18800E+01
-0.17300E+01
-0.14400E+01
-0.81000E+00
-0.39000E+00
-0.36000E+00
-0.42000E+00
-0.42000E+00
-0.12000E+00
0.18000E+00
0.30000E+00
0.81000E+00
0.15000E+01
0.21800E+01
0.28400E+01
0.32000E+01
0.32300E+01
0.29000E+01
0.24200E+01
0.18200E+01
0.11400E+01
0.51000E+00
-0.27000E+00
-0.10500E+01
-0.12600E+01
-0.12600E+01
-0.12300E+01
-0.10800E+01
-0.87000E+00
-0.63000E+00
-0.36000E+00
-0.42000E+00
-0.87000E+00
-0.11100E+01
-0.13200E+01
-0.13800E+01
-0.12900E+01
-0.87000E+00
-0.15000E+00
0.42000E+00
0.93000E+00
0.14700E+01
0.16700E+01
0.14100E+01
0.96000E+00
0.63000E+00
0.60000E+00
0.54000E+00
0.39000E+00
0.90000E-01
-0.27000E+00
-0.27000E+00
-0.12000E+00
-0.90000E-01
-0.21000E+00
-0.39000E+00
-0.51000E+00
-0.84000E+00
-0.12300E+01
-0.15000E+01
-0.17300E+01
-0.18500E+01
-0.17600E+01
-0.16100E+01
-0.12000E+01
-0.51000E+00
-0.21000E+00
-0.21000E+00
0.15000E+00
0.30000E+00
0.90000E-01
-0.30000E-01
-0.30000E-01
0.30000E-01
0.21000E+00
0.18000E+00
0.30000E-01
0.60000E-01
0.12000E+00
0.60000E-01
-0.12000E+00
-0.30000E+00
-0.42000E+00
-0.45000E+00
-0.45000E+00
-0.24000E+00
0.60000E-01
0.21000E+00
0.27000E+00
0.33000E+00
0.27000E+00
0.21000E+00
0.30000E-01
-0.90000E-01
-0.15000E+00
-0.33000E+00
-0.54000E+00
-0.54000E+00
-0.21000E+00
0.00000E+00
0.60000E-01
0.24000E+00
0.51000E+00
0.78000E+00
0.96000E+00
0.90000E+00
0.57000E+00
0.42000E+00
0.54000E+00
0.69000E+00
0.10500E+01
0.13800E+01
0.19100E+01
0.23600E+01
0.24500E+01
0.22100E+01
0.17600E+01
0.14400E+01
0.12000E+01
0.87000E+00
0.69000E+00
0.78000E+00
0.69000E+00
0.69000E+00
0.75000E+00
0.81000E+00
0.84000E+00
0.66000E+00
0.48000E+00
0.51000E+00
0.72000E+00
0.78000E+00
0.78000E+00
0.81000E+00
0.93000E+00
0.12000E+01
0.12600E+01
0.12900E+01
0.12000E+01
0.11100E+01
0.11400E+01
0.63000E+00
0.60000E-01
-0.30000E+00
-0.60000E+00
-0.90000E+00
-0.10800E+01
-0.12300E+01
-0.12600E+01
-0.12000E+01
-0.11700E+01
-0.10800E+01
-0.10800E+01
-0.12000E+01
-0.15200E+01
-0.17600E+01
-0.17300E+01
-0.15800E+01
-0.13200E+01
-0.11100E+01
-0.93000E+00
-0.51000E+00
0.30000E-01
0.24000E+00
0.57000E+00
0.12000E+01
0.17600E+01
0.19400E+01
0.17600E+01
0.13800E+01
0.10800E+01
0.78000E+00
0.57000E+00
0.57000E+00
0.69000E+00
0.81000E+00
0.60000E+00
0.39000E+00
0.33000E+00
0.36000E+00
0.18000E+00
-0.15000E+00
-0.33000E+00
-0.51000E+00
-0.39000E+00
-0.24000E+00
-0.21000E+00
-0.15000E+00
-0.30000E-01
0.30000E+00
0.72000E+00
0.90000E+00
0.96000E+00
0.84000E+00
0.51000E+00
0.90000E-01
-0.45000E+00
-0.81000E+00
-0.10500E+01
-0.10500E+01
-0.11100E+01
-0.11700E+01
-0.11100E+01
-0.10800E+01
-0.12600E+01
-0.14700E+01
-0.15500E+01
-0.14700E+01
-0.13200E+01
-0.12300E+01
-0.11100E+01
-0.10500E+01
-0.10200E+01
-0.87000E+00
-0.69000E+00
-0.54000E+00
-0.42000E+00
-0.30000E+00
-0.33000E+00
-0.30000E+00
0.90000E-01
0.42000E+00
0.42000E+00
0.45000E+00
0.45000E+00
0.12000E+00
0.00000E+00
0.15000E+00
0.15000E+00
0.00000E+00
-0.90000E-01
-0.27000E+00
-0.45000E+00
-0.33000E+00
-0.18000E+00
-0.39000E+00
-0.54000E+00
-0.66000E+00
-0.66000E+00
-0.51000E+00
-0.54000E+00
-0.72000E+00
-0.48000E+00
-0.27000E+00
-0.45000E+00
-0.45000E+00
-0.30000E+00
-0.30000E-01
0.00000E+00
-0.18000E+00
-0.90000E-01
-0.90000E-01
-0.15000E+00
-0.30000E+00
-0.48000E+00
-0.45000E+00
-0.18000E+00
0.15000E+00
-0.60000E-01
-0.21000E+00
-0.30000E-01
0.00000E+00
-0.15000E+00
-0.42000E+00
-0.33000E+00
-0.90000E-01
-0.18000E+00
-0.12000E+00
0.12000E+00
0.54000E+00
0.96000E+00
0.96000E+00
0.90000E+00
0.10800E+01
0.93000E+00
0.51000E+00
-0.30000E-01
-0.36000E+00
-0.33000E+00
-0.33000E+00
-0.48000E+00
-0.81000E+00
-0.93000E+00
-0.69000E+00
-0.57000E+00
-0.66000E+00
-0.60000E+00
-0.33000E+00
-0.90000E-01
0.15000E+00
0.00000E+00
-0.33000E+00
-0.21000E+00
0.15000E+00
0.60000E+00
0.12000E+01
0.17600E+01
0.21800E+01
0.26900E+01
0.28100E+01
0.24800E+01
0.19700E+01
0.14400E+01
0.93000E+00
0.24000E+00
-0.51000E+00
-0.78000E+00
-0.51000E+00
-0.21000E+00
-0.39000E+00
-0.72000E+00
-0.57000E+00
0.15000E+00
0.90000E+00
0.12600E+01
0.12000E+01
0.12000E+01
0.12900E+01
0.12000E+01
0.93000E+00
0.63000E+00
0.51000E+00
0.48000E+00
0.45000E+00
0.51000E+00
0.51000E+00
0.30000E+00
-0.90000E-01
-0.18000E+00
0.12000E+00
0.21000E+00
-0.90000E-01
-0.45000E+00
-0.75000E+00
-0.78000E+00
-0.60000E+00
-0.69000E+00
-0.96000E+00
-0.12000E+01
-0.12300E+01
-0.96000E+00
-0.75000E+00
-0.69000E+00
-0.48000E+00
0.12000E+00
0.60000E+00
0.57000E+00
0.33000E+00
-0.60000E-01
-0.39000E+00
-0.54000E+00
-0.54000E+00
-0.54000E+00
-0.36000E+00
-0.15000E+00
0.18000E+00
0.51000E+00
0.72000E+00
0.69000E+00
0.24000E+00
-0.63000E+00
-0.13800E+01
-0.17000E+01
-0.19700E+01
-0.21500E+01
-0.21500E+01
-0.19100E+01
-0.16100E+01
-0.12900E+01
-0.12000E+01
-0.13200E+01
-0.13200E+01
-0.12300E+01
-0.12000E+01
-0.12900E+01
-0.13200E+01
-0.11700E+01
-0.78000E+00
-0.30000E+00
-0.90000E-01
0.30000E-01
0.27000E+00
0.48000E+00
0.45000E+00
0.48000E+00
0.48000E+00
0.42000E+00
0.45000E+00
0.51000E+00
0.84000E+00
0.11700E+01
0.14100E+01
0.15000E+01
0.13800E+01
0.11400E+01
0.75000E+00
0.21000E+00
-0.18000E+00
-0.30000E+00
-0.15000E+00
0.90000E-01
0.24000E+00
0.18000E+00
0.30000E-01
0.12000E+00
-0.15000E+00
-0.54000E+00
-0.78000E+00
-0.10200E+01
-0.11400E+01
-0.10500E+01
-0.84000E+00
-0.54000E+00
-0.24000E+00
-0.60000E-01
-0.30000E-01
0.21000E+00
0.60000E+00
0.81000E+00
0.90000E+00
0.78000E+00
0.75000E+00
0.81000E+00
0.72000E+00
0.45000E+00
0.27000E+00
0.24000E+00
0.27000E+00
0.42000E+00
0.57000E+00
0.51000E+00
0.42000E+00
0.42000E+00
0.45000E+00
0.39000E+00
0.18000E+00
0.30000E-01
-0.90000E-01
-0.27000E+00
-0.39000E+00
-0.45000E+00
-0.33000E+00
0.90000E-01
0.54000E+00
0.60000E+00
0.60000E+00
0.63000E+00
0.36000E+00
0.00000E+00
-0.15000E+00
-0.12000E+00
-0.60000E-01
-0.60000E-01
-0.33000E+00
-0.57000E+00
-0.87000E+00
-0.11400E+01
-0.13200E+01
-0.14700E+01
-0.14400E+01
-0.12300E+01
-0.10200E+01
-0.87000E+00
-0.78000E+00
-0.57000E+00
-0.45000E+00
-0.42000E+00
-0.21000E+00
-0.30000E-01
0.15000E+00
0.54000E+00
0.93000E+00
0.13800E+01
0.18500E+01
0.21500E+01
0.23000E+01
0.23900E+01
0.23000E+01
0.20900E+01
0.17600E+01
0.13800E+01
0.93000E+00
0.57000E+00
0.33000E+00
0.27000E+00
0.12000E+00
0.60000E-01
0.60000E-01
0.15000E+00
0.18000E+00
0.12000E+00
-0.60000E-01
-0.36000E+00
-0.60000E+00
-0.60000E+00
-0.48000E+00
-0.33000E+00
0.30000E-01
0.42000E+00
0.69000E+00
0.10500E+01
0.10800E+01
0.69000E+00
0.51000E+00
0.51000E+00
0.27000E+00
0.00000E+00
0.60000E-01
0.24000E+00
0.36000E+00
0.51000E+00
0.66000E+00
0.57000E+00
0.42000E+00
0.30000E+00
0.90000E-01
0.60000E-01
0.90000E-01
-0.30000E-01
-0.90000E-01
0.60000E-01
0.27000E+00
0.57000E+00
0.72000E+00
0.69000E+00
0.78000E+00
0.99000E+00
0.93000E+00
0.81000E+00
0.87000E+00
0.96000E+00
0.87000E+00
0.81000E+00
0.66000E+00
0.45000E+00
0.18000E+00
0.00000E+00
-0.30000E-01
-0.60000E-01
-0.90000E-01
0.90000E-01
0.15000E+00
0.12000E+00
0.15000E+00
0.60000E-01
0.18000E+00
0.42000E+00
0.45000E+00
0.36000E+00
0.33000E+00
0.30000E+00
0.18000E+00
0.00000E+00
0.15000E+00
0.39000E+00
0.42000E+00
0.33000E+00
0.12000E+00
-0.24000E+00
-0.63000E+00
-0.93000E+00
-0.10800E+01
-0.99000E+00
-0.93000E+00
-0.10200E+01
-0.75000E+00
-0.30000E+00
0.12000E+00
0.27000E+00
0.12000E+00
0.12000E+00
0.00000E+00
-0.48000E+00
-0.75000E+00
-0.10200E+01
-0.12600E+01
-0.13200E+01
-0.13800E+01
-0.13500E+01
-0.11700E+01
-0.99000E+00
-0.11400E+01
-0.96000E+00
-0.66000E+00
-0.75000E+00
-0.87000E+00
-0.84000E+00
-0.72000E+00
-0.57000E+00
-0.36000E+00
-0.90000E-01
0.30000E+00
0.51000E+00
0.45000E+00
0.36000E+00
-0.30000E-01
-0.48000E+00
-0.72000E+00
-0.84000E+00
-0.96000E+00
-0.11700E+01
-0.14100E+01
-0.15000E+01
-0.15200E+01
-0.17000E+01
-0.17600E+01
-0.17600E+01
-0.17900E+01
-0.18800E+01
-0.19100E+01
-0.15800E+01
-0.12300E+01
-0.10200E+01
-0.90000E+00
-0.72000E+00
-0.39000E+00
0.60000E-01
0.24000E+00
0.90000E-01
0.18000E+00
0.33000E+00
0.18000E+00
0.00000E+00
-0.15000E+00
-0.18000E+00
-0.60000E-01
0.60000E-01
0.21000E+00
0.36000E+00
0.51000E+00
0.54000E+00
0.42000E+00
0.21000E+00
0.18000E+00
0.27000E+00
0.24000E+00
0.00000E+00
-0.24000E+00
-0.30000E+00
-0.39000E+00
-0.45000E+00
-0.36000E+00
-0.18000E+00
-0.30000E-01
-0.90000E-01
-0.30000E-01
0.90000E-01
0.90000E-01
0.60000E-01
-0.48000E+00
-0.84000E+00
-0.10500E+01
-0.12600E+01
-0.10500E+01
-0.66000E+00
-0.27000E+00
0.48000E+00
0.96000E+00
0.93000E+00
0.84000E+00
0.81000E+00
0.69000E+00
0.42000E+00
0.33000E+00
0.18000E+00
0.00000E+00
0.00000E+00
0.36000E+00
0.60000E+00
0.63000E+00
0.10800E+01
0.17900E+01
0.20000E+01
0.21200E+01
0.20600E+01
0.18200E+01
0.17300E+01
0.14400E+01
0.11100E+01
0.90000E+00
0.90000E+00
0.81000E+00
0.72000E+00
0.69000E+00
0.72000E+00
0.54000E+00
0.39000E+00
0.48000E+00
0.54000E+00
0.39000E+00
0.12000E+00
0.60000E-01
0.90000E-01
0.33000E+00
0.66000E+00
0.78000E+00
0.10500E+01
0.14400E+01
0.15500E+01
0.15500E+01
0.14100E+01
0.11100E+01
0.93000E+00
0.60000E+00
0.18000E+00
-0.60000E-01
-0.90000E-01
0.90000E-01
0.33000E+00
0.54000E+00
0.69000E+00
0.60000E+00
0.51000E+00
0.63000E+00
0.72000E+00
0.60000E+00
0.48000E+00
0.39000E+00
0.21000E+00
0.12000E+00
0.15000E+00
0.90000E-01
0.12000E+00
0.15000E+00
0.21000E+00
0.90000E-01
-0.21000E+00
-0.18000E+00
-0.12000E+00
-0.18000E+00
-0.15000E+00
-0.18000E+00
-0.39000E+00
-0.42000E+00
-0.45000E+00
-0.72000E+00
-0.63000E+00
-0.45000E+00
-0.45000E+00
-0.27000E+00
-0.18000E+00
-0.48000E+00
-0.78000E+00
-0.84000E+00
-0.11100E+01
-0.10500E+01
-0.10800E+01
-0.13200E+01
-0.13800E+01
-0.12900E+01
-0.13800E+01
-0.13800E+01
-0.90000E+00
-0.54000E+00
-0.42000E+00
-0.39000E+00
-0.27000E+00
-0.30000E+00
-0.27000E+00
0.90000E-01
-0.12000E+00
-0.63000E+00
-0.48000E+00
-0.15000E+00
-0.27000E+00
-0.12000E+00
-0.27000E+00
-0.10800E+01
-0.10800E+01
-0.11100E+01
-0.14700E+01
-0.11700E+01
-0.54000E+00
0.60000E-01
0.75000E+00
0.11100E+01
0.66000E+00
0.33000E+00
0.81000E+00
0.11400E+01
0.18000E+00
-0.12300E+01
-0.19100E+01
-0.96000E+00
0.66000E+00
0.57000E+00
-0.90000E+00
-0.99000E+00
0.24000E+00
0.81000E+00
0.24000E+00
-0.13800E+01
-0.20900E+01
-0.63000E+00
0.00000E+00
-0.12300E+01
-0.15800E+01
-0.33000E+00
0.30000E-01
-0.75000E+00
-0.99000E+00
-0.45000E+00
0.18000E+00
-0.90000E-01
-0.54000E+00
-0.18000E+00
0.45000E+00
0.00000E+00
-0.11700E+01
-0.15000E+01
-0.87000E+00
-0.51000E+00
-0.90000E+00
-0.12300E+01
-0.11100E+01
-0.11700E+01
-0.11400E+01
-0.11100E+01
-0.10500E+01
-0.51000E+00
0.24000E+00
0.66000E+00
0.51000E+00
0.54000E+00
0.51000E+00
0.27000E+00
0.57000E+00
0.75000E+00
0.39000E+00
0.33000E+00
0.72000E+00
0.10200E+01
0.63000E+00
0.00000E+00
0.30000E-01
0.18000E+00
0.27000E+00
0.27000E+00
0.21000E+00
0.87000E+00
0.10200E+01
0.39000E+00
0.51000E+00
0.72000E+00
0.57000E+00
0.54000E+00
0.36000E+00
0.00000E+00
0.30000E-01
0.00000E+00
-0.21000E+00
-0.12000E+00
0.60000E-01
0.36000E+00
0.36000E+00
0.42000E+00
0.48000E+00
0.69000E+00
0.57000E+00
-0.39000E+00
-0.10200E+01
-0.11100E+01
-0.96000E+00
-0.99000E+00
-0.78000E+00
-0.54000E+00
-0.30000E-01
0.30000E-01
-0.51000E+00
-0.51000E+00
-0.27000E+00
0.00000E+00
0.21000E+00
0.30000E+00
0.12000E+00
0.48000E+00
0.78000E+00
0.12000E+00
0.60000E-01
0.48000E+00
0.66000E+00
0.87000E+00
0.81000E+00
0.10500E+01
0.13500E+01
0.14700E+01
0.16700E+01
0.20000E+01
0.22700E+01
0.24800E+01
0.26900E+01
0.24500E+01
0.16100E+01
0.90000E+00
0.21000E+00
-0.27000E+00
-0.54000E+00
-0.87000E+00
-0.11400E+01
-0.99000E+00
-0.72000E+00
-0.30000E+00
0.30000E+00
0.69000E+00
0.66000E+00
0.30000E+00
-0.30000E-01
-0.90000E-01
0.30000E-01
0.30000E-01
-0.33000E+00
-0.66000E+00
-0.18000E+00
0.36000E+00
0.42000E+00
0.18000E+00
0.21000E+00
0.78000E+00
0.12900E+01
0.12300E+01
0.72000E+00
0.57000E+00
0.87000E+00
0.10800E+01
0.11400E+01
0.14700E+01
0.19700E+01
0.21500E+01
0.19700E+01
0.15000E+01
0.10800E+01
0.72000E+00
-0.90000E-01
-0.13200E+01
-0.20000E+01
-0.24200E+01
-0.29600E+01
-0.32900E+01
-0.29900E+01
-0.18500E+01
-0.30000E+00
0.75000E+00
0.87000E+00
0.13200E+01
0.21800E+01
0.23600E+01
0.19400E+01
0.17000E+01
0.16700E+01
0.11100E+01
0.36000E+00
-0.18000E+00
-0.69000E+00
-0.10800E+01
-0.15500E+01
-0.20900E+01
-0.17600E+01
-0.99000E+00
-0.90000E+00
-0.87000E+00
-0.39000E+00
0.27000E+00
0.84000E+00
0.81000E+00
0.42000E+00
0.51000E+00
0.93000E+00
0.11700E+01
0.99000E+00
0.39000E+00
-0.45000E+00
-0.13800E+01
-0.20900E+01
-0.24800E+01
-0.27200E+01
-0.28100E+01
-0.23300E+01
-0.12600E+01
0.60000E-01
0.14100E+01
0.22100E+01
0.19400E+01
0.81000E+00
-0.69000E+00
-0.20000E+01
-0.26900E+01
-0.27200E+01
-0.21800E+01
-0.10800E+01
-0.12000E+00
0.30000E+00
0.24000E+00
-0.30000E-01
-0.21000E+00
-0.12000E+00
-0.27000E+00
-0.63000E+00
-0.87000E+00
-0.11100E+01
-0.16700E+01
-0.23000E+01
-0.23900E+01
-0.18500E+01
-0.99000E+00
-0.21000E+00
0.18000E+00
0.45000E+00
0.63000E+00
0.42000E+00
0.30000E+00
0.42000E+00
0.69000E+00
0.93000E+00
0.99000E+00
0.93000E+00
0.93000E+00
0.99000E+00
0.75000E+00
0.33000E+00
-0.30000E+00
-0.72000E+00
-0.51000E+00
-0.12000E+00
0.48000E+00
0.84000E+00
0.60000E+00
0.00000E+00
-0.60000E+00
-0.10800E+01
-0.12000E+01
-0.78000E+00
-0.57000E+00
-0.66000E+00
-0.72000E+00
-0.57000E+00
-0.27000E+00
0.90000E-01
0.15000E+00
-0.30000E-01
0.00000E+00
-0.60000E-01
0.00000E+00
0.27000E+00
0.57000E+00
0.75000E+00
0.75000E+00
0.48000E+00
0.27000E+00
0.24000E+00
0.48000E+00
0.60000E+00
0.42000E+00
0.33000E+00
0.27000E+00
-0.21000E+00
-0.54000E+00
-0.42000E+00
-0.30000E+00
-0.90000E-01
-0.18000E+00
-0.18000E+00
0.90000E-01
0.30000E+00
0.51000E+00
0.99000E+00
0.12900E+01
0.15000E+01
0.17900E+01
0.19100E+01
0.18800E+01
0.17600E+01
0.14100E+01
0.99000E+00
0.72000E+00
0.36000E+00
-0.12000E+00
-0.33000E+00
-0.30000E+00
-0.21000E+00
-0.27000E+00
-0.21000E+00
0.33000E+00
0.11100E+01
0.16100E+01
0.17900E+01
0.18200E+01
0.17600E+01
0.13500E+01
0.81000E+00
0.51000E+00
0.36000E+00
0.30000E+00
0.30000E-01
-0.27000E+00
-0.24000E+00
-0.30000E+00
-0.81000E+00
-0.14100E+01
-0.16700E+01
-0.16400E+01
-0.15000E+01
-0.12000E+01
-0.10500E+01
-0.12000E+01
-0.13200E+01
-0.10500E+01
-0.99000E+00
-0.96000E+00
-0.81000E+00
-0.63000E+00
-0.48000E+00
-0.45000E+00
-0.69000E+00
-0.10500E+01
-0.11400E+01
-0.10200E+01
-0.11100E+01
-0.12900E+01
-0.13200E+01
-0.12300E+01
-0.99000E+00
-0.66000E+00
-0.54000E+00
-0.12000E+00
0.69000E+00
0.96000E+00
0.57000E+00
-0.60000E-01
-0.75000E+00
-0.12300E+01
-0.15000E+01
-0.14100E+01
-0.11400E+01
-0.72000E+00
-0.15000E+00
0.90000E-01
0.30000E+00
0.66000E+00
0.69000E+00
0.48000E+00
0.39000E+00
0.48000E+00
0.42000E+00
0.57000E+00
0.84000E+00
0.93000E+00
0.96000E+00
0.90000E+00
0.87000E+00
0.75000E+00
0.54000E+00
0.36000E+00
0.30000E-01
-0.51000E+00
-0.90000E+00
-0.12300E+01
-0.13800E+01
-0.11100E+01
-0.11100E+01
-0.10500E+01
-0.66000E+00
-0.39000E+00
-0.24000E+00
-0.30000E+00
-0.63000E+00
-0.75000E+00
-0.48000E+00
-0.24000E+00
-0.24000E+00
-0.60000E-01
-0.30000E-01
-0.21000E+00
-0.51000E+00
-0.66000E+00
-0.45000E+00
-0.24000E+00
-0.24000E+00
-0.21000E+00
-0.90000E-01
0.15000E+00
0.39000E+00
0.48000E+00
0.78000E+00
0.12000E+01
0.14700E+01
0.12600E+01
0.78000E+00
0.69000E+00
0.11400E+01
0.11700E+01
0.63000E+00
0.33000E+00
0.45000E+00
0.57000E+00
0.30000E+00
-0.12000E+00
-0.24000E+00
-0.39000E+00
-0.63000E+00
-0.72000E+00
-0.45000E+00
-0.18000E+00
0.90000E-01
0.39000E+00
0.78000E+00
0.10500E+01
0.93000E+00
0.42000E+00
0.15000E+00
0.51000E+00
0.96000E+00
0.14100E+01
0.15500E+01
0.17600E+01
0.20600E+01
0.20600E+01
0.18200E+01
0.16400E+01
0.16700E+01
0.17900E+01
0.18200E+01
0.15000E+01
0.13200E+01
0.13200E+01
0.99000E+00
0.48000E+00
0.90000E-01
0.00000E+00
-0.42000E+00
-0.78000E+00
-0.27000E+00
0.15000E+00
0.12000E+00
0.24000E+00
0.54000E+00
0.57000E+00
0.36000E+00
0.24000E+00
0.36000E+00
0.42000E+00
0.33000E+00
0.24000E+00
-0.60000E-01
-0.18000E+00
-0.90000E-01
0.00000E+00
0.18000E+00
0.24000E+00
0.60000E-01
-0.15000E+00
-0.30000E+00
-0.36000E+00
-0.57000E+00
-0.51000E+00
0.15000E+00
0.78000E+00
0.10200E+01
0.81000E+00
0.75000E+00
0.87000E+00
0.90000E+00
0.72000E+00
0.27000E+00
-0.21000E+00
-0.42000E+00
-0.66000E+00
-0.93000E+00
-0.10200E+01
-0.81000E+00
-0.60000E+00
-0.42000E+00
-0.24000E+00
-0.30000E+00
-0.51000E+00
-0.54000E+00
-0.33000E+00
-0.60000E-01
0.60000E-01
0.30000E-01
0.60000E-01
0.12000E+00
0.12000E+00
-0.60000E-01
0.00000E+00
0.12000E+00
-0.30000E-01
-0.24000E+00
-0.24000E+00
-0.30000E-01
0.60000E-01
0.00000E+00
0.60000E-01
0.21000E+00
0.21000E+00
0.24000E+00
0.15000E+00
0.90000E-01
0.15000E+00
0.60000E-01
-0.30000E+00
-0.72000E+00
-0.90000E+00
-0.10500E+01
-0.12600E+01
-0.14100E+01
-0.15800E+01
-0.16400E+01
-0.17600E+01
-0.18800E+01
-0.17900E+01
-0.15800E+01
-0.12600E+01
-0.96000E+00
-0.84000E+00
-0.69000E+00
-0.60000E+00
-0.57000E+00
-0.48000E+00
-0.39000E+00
-0.36000E+00
-0.27000E+00
-0.21000E+00
-0.12000E+00
0.30000E-01
0.15000E+00
0.21000E+00
0.18000E+00
0.00000E+00
-0.21000E+00
-0.24000E+00
-0.30000E-01
0.30000E+00
0.39000E+00
0.18000E+00
0.30000E-01
0.90000E-01
-0.30000E-01
-0.39000E+00
-0.57000E+00
-0.48000E+00
-0.36000E+00
-0.24000E+00
-0.27000E+00
-0.30000E+00
-0.18000E+00
0.90000E-01
0.24000E+00
0.33000E+00
0.48000E+00
0.60000E+00
0.81000E+00
0.90000E+00
0.72000E+00
0.36000E+00
-0.12000E+00
-0.39000E+00
-0.57000E+00
-0.84000E+00
-0.90000E+00
-0.11100E+01
-0.13200E+01
-0.12300E+01
-0.12300E+01
-0.15200E+01
-0.17000E+01
-0.14100E+01
-0.84000E+00
-0.27000E+00
0.60000E-01
0.36000E+00
0.63000E+00
0.69000E+00
0.69000E+00
0.81000E+00
0.84000E+00
0.63000E+00
0.30000E+00
0.30000E-01
0.21000E+00
0.33000E+00
0.30000E+00
0.57000E+00
0.81000E+00
0.63000E+00
0.42000E+00
0.24000E+00
0.15000E+00
0.36000E+00
0.45000E+00
0.18000E+00
-0.30000E-01
-0.60000E-01
-0.60000E-01
-0.12000E+00
-0.18000E+00
-0.33000E+00
-0.57000E+00
-0.72000E+00
-0.75000E+00
-0.60000E+00
-0.18000E+00
0.15000E+00
0.33000E+00
0.21000E+00
0.60000E-01
0.90000E-01
0.15000E+00
0.18000E+00
0.21000E+00
0.21000E+00
0.21000E+00
0.18000E+00
0.15000E+00
0.15000E+00
0.27000E+00
0.30000E+00
0.15000E+00
0.00000E+00
-0.90000E-01
-0.24000E+00
-0.33000E+00
-0.48000E+00
-0.45000E+00
-0.18000E+00
-0.12000E+00
-0.90000E-01
-0.30000E-01
0.15000E+00
0.33000E+00
0.15000E+00
0.90000E-01
0.39000E+00
0.45000E+00
0.36000E+00
0.33000E+00
0.24000E+00
0.15000E+00
0.60000E-01
-0.15000E+00
-0.33000E+00
-0.48000E+00
-0.42000E+00
-0.30000E+00
-0.42000E+00
-0.24000E+00
0.60000E-01
0.21000E+00
0.12000E+00
-0.18000E+00
-0.27000E+00
-0.24000E+00
-0.45000E+00
-0.57000E+00
-0.66000E+00
-0.81000E+00
-0.81000E+00
-0.63000E+00
-0.30000E+00
-0.15000E+00
-0.60000E-01
0.00000E+00
-0.60000E-01
0.00000E+00
-0.15000E+00
-0.33000E+00
-0.30000E+00
-0.30000E+00
-0.30000E+00
-0.33000E+00
-0.45000E+00
-0.36000E+00
-0.90000E-01
-0.90000E-01
-0.30000E+00
-0.24000E+00
-0.15000E+00
-0.15000E+00
-0.15000E+00
-0.21000E+00
-0.90000E-01
0.18000E+00
0.90000E-01
-0.15000E+00
-0.30000E-01
0.90000E-01
0.18000E+00
0.15000E+00
-0.12000E+00
-0.27000E+00
-0.21000E+00
-0.15000E+00
0.90000E-01
0.36000E+00
0.27000E+00
0.60000E-01
0.90000E-01
0.24000E+00
0.42000E+00
0.33000E+00
-0.30000E-01
-0.24000E+00
-0.27000E+00
-0.24000E+00
-0.21000E+00
-0.36000E+00
-0.33000E+00
-0.12000E+00
-0.36000E+00
-0.51000E+00
-0.45000E+00
-0.27000E+00
0.21000E+00
0.66000E+00
0.69000E+00
0.69000E+00
0.75000E+00
0.81000E+00
0.90000E+00
0.99000E+00
0.12000E+01
0.13800E+01
0.13200E+01
0.13200E+01
0.13200E+01
0.10800E+01
0.78000E+00
0.48000E+00
0.36000E+00
0.33000E+00
-0.30000E-01
-0.48000E+00
-0.63000E+00
-0.63000E+00
-0.54000E+00
-0.45000E+00
-0.33000E+00
-0.24000E+00
-0.15000E+00
-0.30000E+00
-0.57000E+00
-0.57000E+00
-0.39000E+00
-0.60000E-01
0.45000E+00
0.93000E+00
0.11700E+01
0.11700E+01
0.96000E+00
0.75000E+00
0.57000E+00
0.51000E+00
0.39000E+00
0.30000E+00
0.27000E+00
0.24000E+00
0.30000E+00
0.45000E+00
0.66000E+00
0.84000E+00
0.84000E+00
0.87000E+00
0.96000E+00
0.10800E+01
0.10500E+01
0.87000E+00
0.75000E+00
0.60000E+00
0.48000E+00
0.51000E+00
0.63000E+00
0.78000E+00
0.75000E+00
0.54000E+00
0.45000E+00
0.54000E+00
0.60000E+00
0.48000E+00
0.27000E+00
0.21000E+00
0.18000E+00
0.18000E+00
0.24000E+00
0.39000E+00
0.51000E+00
0.48000E+00
0.36000E+00
0.27000E+00
0.18000E+00
0.12000E+00
-0.30000E-01
-0.21000E+00
-0.33000E+00
-0.39000E+00
-0.27000E+00
-0.15000E+00
-0.30000E-01
0.15000E+00
0.39000E+00
0.54000E+00
0.63000E+00
0.69000E+00
0.72000E+00
0.69000E+00
0.51000E+00
0.24000E+00
0.18000E+00
0.18000E+00
0.21000E+00
0.12000E+00
-0.60000E-01
-0.60000E-01
-0.30000E-01
-0.15000E+00
-0.27000E+00
-0.33000E+00
-0.51000E+00
-0.54000E+00
-0.51000E+00
-0.39000E+00
-0.21000E+00
-0.60000E-01
-0.30000E-01
-0.60000E-01
0.00000E+00
-0.90000E-01
-0.30000E+00
-0.51000E+00
-0.63000E+00
-0.69000E+00
-0.78000E+00
-0.78000E+00
-0.75000E+00
-0.69000E+00
-0.66000E+00
-0.57000E+00
-0.45000E+00
-0.30000E+00
-0.12000E+00
0.00000E+00
0.15000E+00
0.21000E+00
0.60000E-01
-0.18000E+00
-0.33000E+00
-0.45000E+00
-0.51000E+00
-0.45000E+00
-0.45000E+00
-0.42000E+00
-0.33000E+00
-0.27000E+00
-0.21000E+00
-0.90000E-01
0.30000E-01
0.60000E-01
0.30000E-01
0.00000E+00
-0.60000E-01
-0.24000E+00
-0.39000E+00
-0.54000E+00
-0.69000E+00
-0.81000E+00
-0.87000E+00
-0.99000E+00
-0.99000E+00
-0.87000E+00
-0.69000E+00
-0.45000E+00
-0.36000E+00
-0.42000E+00
-0.39000E+00
-0.33000E+00
-0.24000E+00
-0.18000E+00
-0.24000E+00
-0.30000E+00
-0.21000E+00
-0.15000E+00
-0.18000E+00
-0.21000E+00
-0.30000E+00
-0.39000E+00
-0.30000E+00
-0.24000E+00
-0.45000E+00
-0.78000E+00
-0.93000E+00
-0.90000E+00
-0.81000E+00
-0.90000E+00
-0.99000E+00
-0.11100E+01
-0.13500E+01
-0.13500E+01
-0.12900E+01
-0.12000E+01
-0.11100E+01
-0.10200E+01
-0.81000E+00
-0.66000E+00
-0.54000E+00
-0.60000E+00
-0.69000E+00
-0.69000E+00
-0.51000E+00
-0.30000E+00
-0.18000E+00
-0.30000E-01
0.30000E+00
0.72000E+00
0.10200E+01
0.99000E+00
0.63000E+00
0.36000E+00
0.18000E+00
0.00000E+00
-0.18000E+00
-0.18000E+00
-0.30000E-01
0.18000E+00
0.36000E+00
0.42000E+00
0.45000E+00
0.42000E+00
0.48000E+00
0.60000E+00
0.66000E+00
0.69000E+00
0.72000E+00
0.72000E+00
0.66000E+00
0.75000E+00
0.81000E+00
0.69000E+00
0.63000E+00
0.75000E+00
0.87000E+00
0.84000E+00
0.57000E+00
0.12000E+00
-0.90000E-01
-0.12000E+00
-0.60000E-01
0.15000E+00
0.27000E+00
0.39000E+00
0.51000E+00
0.60000E+00
0.60000E+00
0.48000E+00
0.27000E+00
0.60000E-01
-0.12000E+00
-0.18000E+00
-0.30000E+00
-0.39000E+00
-0.12000E+00
0.33000E+00
0.54000E+00
0.51000E+00
0.45000E+00
0.48000E+00
0.69000E+00
0.90000E+00
0.10200E+01
0.10800E+01
0.90000E+00
0.57000E+00
0.30000E+00
0.33000E+00
0.57000E+00
0.75000E+00
0.87000E+00
0.11700E+01
0.14100E+01
0.14100E+01
0.12600E+01
0.10200E+01
0.93000E+00
0.87000E+00
0.66000E+00
0.48000E+00
0.30000E+00
0.18000E+00
0.15000E+00
0.60000E-01
0.60000E-01
0.60000E-01
0.30000E-01
0.12000E+00
0.27000E+00
0.12000E+00
-0.18000E+00
-0.54000E+00
-0.75000E+00
-0.69000E+00
-0.69000E+00
-0.81000E+00
-0.78000E+00
-0.69000E+00
-0.75000E+00
-0.72000E+00
-0.54000E+00
-0.48000E+00
-0.45000E+00
-0.42000E+00
-0.42000E+00
-0.27000E+00
-0.90000E-01
-0.30000E-01
-0.18000E+00
-0.30000E+00
-0.30000E+00
-0.30000E+00
-0.39000E+00
-0.33000E+00
-0.12000E+00
0.90000E-01
0.90000E-01
-0.60000E-01
-0.18000E+00
-0.24000E+00
-0.24000E+00
-0.27000E+00
-0.36000E+00
-0.45000E+00
-0.48000E+00
-0.45000E+00
-0.30000E+00
-0.12000E+00
-0.30000E-01
-0.30000E-01
-0.18000E+00
-0.39000E+00
-0.54000E+00
-0.54000E+00
-0.39000E+00
-0.30000E+00
-0.48000E+00
-0.75000E+00
-0.99000E+00
-0.10800E+01
-0.10800E+01
-0.11100E+01
-0.93000E+00
-0.63000E+00
-0.51000E+00
-0.60000E+00
-0.63000E+00
-0.60000E+00
-0.39000E+00
-0.30000E+00
-0.30000E+00
-0.21000E+00
-0.90000E-01
-0.30000E-01
-0.90000E-01
-0.21000E+00
-0.27000E+00
-0.30000E+00
-0.45000E+00
-0.51000E+00
-0.42000E+00
-0.36000E+00
-0.15000E+00
0.60000E-01
0.21000E+00
0.33000E+00
0.48000E+00
0.63000E+00
0.66000E+00
0.57000E+00
0.45000E+00
0.39000E+00
0.36000E+00
0.33000E+00
0.27000E+00
0.18000E+00
0.27000E+00
0.39000E+00
0.42000E+00
0.48000E+00
0.39000E+00
0.33000E+00
0.33000E+00
0.12000E+00
-0.12000E+00
-0.30000E+00
-0.36000E+00
-0.30000E-01
0.60000E-01
-0.90000E-01
-0.60000E-01
0.00000E+00
-0.60000E-01
-0.24000E+00
-0.39000E+00
-0.42000E+00
-0.39000E+00
-0.33000E+00
-0.30000E-01
0.48000E+00
0.90000E+00
0.10500E+01
0.96000E+00
0.10200E+01
0.11400E+01
0.11400E+01
0.99000E+00
0.84000E+00
0.93000E+00
0.96000E+00
0.84000E+00
0.69000E+00
0.57000E+00
0.39000E+00
0.18000E+00
-0.30000E-01
-0.90000E-01
-0.30000E-01
0.90000E-01
0.90000E-01
0.30000E-01
0.90000E-01
0.90000E-01
-0.60000E-01
-0.12000E+00
-0.15000E+00
-0.33000E+00
-0.45000E+00
-0.51000E+00
-0.36000E+00
-0.12000E+00
0.30000E-01
0.60000E-01
0.30000E-01
-0.90000E-01
-0.18000E+00
-0.60000E-01
0.00000E+00
0.60000E-01
0.12000E+00
0.12000E+00
0.18000E+00
0.27000E+00
0.27000E+00
0.12000E+00
0.60000E-01
0.60000E-01
-0.60000E-01
-0.12000E+00
-0.60000E-01
-0.18000E+00
-0.33000E+00
-0.45000E+00
-0.57000E+00
-0.66000E+00
-0.72000E+00
-0.81000E+00
-0.81000E+00
-0.84000E+00
-0.87000E+00
-0.87000E+00
-0.90000E+00
-0.84000E+00
-0.81000E+00
-0.84000E+00
-0.75000E+00
-0.63000E+00
-0.60000E+00
-0.69000E+00
-0.78000E+00
-0.78000E+00
-0.69000E+00
-0.72000E+00
-0.75000E+00
-0.69000E+00
-0.69000E+00
-0.69000E+00
-0.51000E+00
-0.33000E+00
-0.21000E+00
-0.15000E+00
-0.18000E+00
-0.18000E+00
-0.21000E+00
-0.27000E+00
-0.24000E+00
-0.90000E-01
0.15000E+00
0.39000E+00
0.60000E+00
0.63000E+00
0.63000E+00
0.57000E+00
0.45000E+00
0.30000E+00
0.15000E+00
0.30000E-01
0.30000E-01
0.60000E-01
0.12000E+00
0.21000E+00
0.27000E+00
0.39000E+00
0.51000E+00
0.60000E+00
0.63000E+00
0.63000E+00
0.69000E+00
0.60000E+00
0.48000E+00
0.39000E+00
0.39000E+00
0.42000E+00
0.39000E+00
0.33000E+00
0.33000E+00
0.27000E+00
0.60000E-01
-0.12000E+00
-0.18000E+00
-0.60000E-01
0.00000E+00
0.30000E-01
0.60000E-01
0.90000E-01
0.12000E+00
0.30000E-01
-0.30000E-01
-0.60000E-01
0.00000E+00
0.12000E+00
0.21000E+00
0.27000E+00
0.33000E+00
0.39000E+00
0.36000E+00
0.42000E+00
0.51000E+00
0.57000E+00
0.54000E+00
0.51000E+00
0.57000E+00
0.66000E+00
0.69000E+00
0.72000E+00
0.75000E+00
0.87000E+00
0.96000E+00
0.10200E+01
0.10800E+01
0.12300E+01
0.13200E+01
0.12900E+01
0.11700E+01
0.10200E+01
0.90000E+00
0.78000E+00
0.66000E+00
0.54000E+00
0.48000E+00
0.36000E+00
0.27000E+00
0.24000E+00
0.24000E+00
0.27000E+00
0.30000E+00
0.27000E+00
0.27000E+00
0.30000E+00
0.39000E+00
0.57000E+00
0.66000E+00
0.75000E+00
0.87000E+00
0.96000E+00
0.90000E+00
0.66000E+00
0.39000E+00
0.12000E+00
0.30000E-01
-0.90000E-01
-0.24000E+00
-0.30000E+00
-0.18000E+00
-0.30000E-01
0.60000E-01
0.12000E+00
0.18000E+00
0.45000E+00
-0.90000E-01
-0.48000E+00
-0.42000E+00
-0.12000E+00
0.12000E+00
-0.57000E+00
-0.10800E+01
-0.33000E+00
0.57000E+00
-0.48000E+00
-0.13800E+01
-0.42000E+00
0.90000E-01
0.30000E-01
-0.12000E+00
-0.10500E+01
-0.45000E+00
0.60000E+00
0.30000E-01
-0.66000E+00
-0.30000E+00
0.60000E-01
-0.15000E+00
-0.84000E+00
-0.57000E+00
0.27000E+00
-0.30000E-01
-0.84000E+00
-0.90000E+00
-0.45000E+00
-0.93000E+00
-0.12600E+01
-0.93000E+00
-0.87000E+00
-0.69000E+00
-0.84000E+00
-0.14700E+01
-0.16400E+01
-0.13200E+01
-0.13500E+01
-0.11100E+01
-0.13200E+01
-0.14700E+01
-0.12300E+01
-0.11700E+01
-0.13800E+01
-0.14700E+01
-0.16100E+01
-0.10800E+01
-0.39000E+00
-0.12600E+01
-0.17900E+01
-0.72000E+00
-0.36000E+00
-0.12900E+01
-0.18500E+01
-0.13800E+01
-0.87000E+00
-0.66000E+00
-0.78000E+00
-0.18800E+01
-0.17900E+01
-0.87000E+00
-0.12600E+01
-0.18200E+01
-0.12900E+01
-0.66000E+00
-0.54000E+00
-0.10500E+01
-0.16400E+01
-0.14700E+01
-0.69000E+00
-0.75000E+00
-0.10800E+01
-0.84000E+00
-0.27000E+00
0.51000E+00
0.84000E+00
0.48000E+00
0.75000E+00
0.66000E+00
0.48000E+00
0.63000E+00
-0.30000E-01
-0.15000E+00
0.57000E+00
0.21000E+00
-0.87000E+00
-0.87000E+00
-0.72000E+00
-0.78000E+00
-0.57000E+00
0.27000E+00
0.17300E+01
0.25700E+01
0.18800E+01
0.39000E+00
0.36000E+00
0.10200E+01
0.10200E+01
0.81000E+00
0.87000E+00
0.60000E+00
-0.24000E+00
-0.63000E+00
-0.39000E+00
0.24000E+00
0.21000E+00
-0.39000E+00
-0.30000E-01
0.13800E+01
0.17000E+01
0.17300E+01
0.26300E+01
0.29000E+01
0.23600E+01
0.16100E+01
0.12900E+01
0.12300E+01
0.75000E+00
0.30000E+00
0.78000E+00
0.14100E+01
0.15000E+01
0.13500E+01
0.75000E+00
0.66000E+00
0.81000E+00
0.51000E+00
0.69000E+00
0.15500E+01
0.22100E+01
0.19400E+01
0.13200E+01
0.18000E+00
-0.81000E+00
-0.57000E+00
0.84000E+00
0.33500E+01
0.65800E+01
0.78300E+01
0.57400E+01
0.16400E+01
-0.21800E+01
-0.40700E+01
-0.40400E+01
-0.33200E+01
-0.23300E+01
0.60000E-01
0.29900E+01
0.49300E+01
0.56200E+01
0.40400E+01
0.54000E+00
-0.21800E+01
-0.29000E+01
-0.21200E+01
-0.90000E+00
-0.24000E+00
0.12000E+00
0.24000E+00
0.00000E+00
0.30000E-01
0.21000E+00
0.39000E+00
0.54000E+00
0.21000E+00
-0.45000E+00
-0.69000E+00
-0.63000E+00
-0.66000E+00
-0.78000E+00
-0.81000E+00
-0.39000E+00
0.60000E-01
0.45000E+00
0.10500E+01
0.12300E+01
0.42000E+00
-0.12600E+01
-0.26600E+01
-0.29900E+01
-0.17300E+01
0.39000E+00
0.19100E+01
0.18500E+01
0.60000E+00
-0.84000E+00
-0.18800E+01
-0.21200E+01
-0.15800E+01
-0.72000E+00
0.12000E+00
0.69000E+00
0.78000E+00
0.48000E+00
0.18000E+00
-0.18000E+00
-0.72000E+00
-0.10200E+01
-0.12600E+01
-0.15500E+01
-0.12900E+01
-0.48000E+00
0.18000E+00
0.51000E+00
0.42000E+00
-0.21000E+00
-0.87000E+00
-0.10800E+01
-0.10200E+01
-0.87000E+00
-0.66000E+00
-0.57000E+00
-0.69000E+00
-0.90000E+00
-0.84000E+00
-0.54000E+00
-0.33000E+00
-0.12000E+00
0.15000E+00
0.90000E-01
-0.30000E+00
-0.93000E+00
-0.14400E+01
-0.15500E+01
-0.15000E+01
-0.11400E+01
-0.42000E+00
0.18000E+00
0.51000E+00
0.54000E+00
0.45000E+00
0.48000E+00
0.24000E+00
-0.15000E+00
-0.30000E+00
-0.57000E+00
-0.93000E+00
-0.10200E+01
-0.72000E+00
-0.21000E+00
-0.30000E-01
-0.60000E-01
-0.36000E+00
-0.84000E+00
-0.10200E+01
-0.75000E+00
-0.30000E+00
-0.60000E-01
0.60000E-01
-0.60000E-01
-0.69000E+00
-0.12600E+01
-0.14400E+01
-0.12900E+01
-0.72000E+00
-0.27000E+00
0.30000E-01
0.90000E-01
0.12000E+00
-0.30000E-01
-0.42000E+00
-0.78000E+00
-0.87000E+00
-0.63000E+00
-0.57000E+00
-0.60000E+00
-0.54000E+00
-0.42000E+00
-0.27000E+00
-0.30000E-01
0.15000E+00
0.12000E+00
0.60000E-01
0.90000E-01
0.18000E+00
0.15000E+00
0.00000E+00
-0.12000E+00
-0.21000E+00
-0.30000E+00
-0.45000E+00
-0.54000E+00
-0.39000E+00
-0.33000E+00
-0.42000E+00
-0.45000E+00
-0.39000E+00
-0.39000E+00
-0.39000E+00
-0.24000E+00
-0.60000E-01
0.15000E+00
0.90000E-01
-0.36000E+00
-0.81000E+00
-0.93000E+00
-0.81000E+00
-0.84000E+00
-0.66000E+00
-0.39000E+00
-0.33000E+00
-0.33000E+00
-0.33000E+00
-0.36000E+00
-0.15000E+00
0.12000E+00
0.24000E+00
0.42000E+00
0.66000E+00
0.75000E+00
0.54000E+00
0.42000E+00
0.33000E+00
0.30000E+00
0.45000E+00
0.54000E+00
0.48000E+00
0.42000E+00
0.42000E+00
0.45000E+00
0.36000E+00
0.33000E+00
0.57000E+00
0.81000E+00
0.96000E+00
0.10500E+01
0.10800E+01
0.11100E+01
0.12300E+01
0.11700E+01
0.90000E+00
0.75000E+00
0.75000E+00
0.93000E+00
0.11700E+01
0.13200E+01
0.13500E+01
0.14700E+01
0.15000E+01
0.12300E+01
0.99000E+00
0.99000E+00
0.10800E+01
0.10800E+01
0.81000E+00
0.60000E+00
0.60000E+00
0.63000E+00
0.57000E+00
0.63000E+00
0.75000E+00
0.81000E+00
0.72000E+00
0.51000E+00
0.24000E+00
0.60000E-01
-0.60000E-01
0.00000E+00
0.33000E+00
0.45000E+00
0.36000E+00
0.45000E+00
0.48000E+00
0.39000E+00
0.39000E+00
0.42000E+00
0.33000E+00
0.45000E+00
0.45000E+00
0.21000E+00
0.12000E+00
0.24000E+00
0.36000E+00
0.48000E+00
0.33000E+00
0.00000E+00
0.36000E+00
0.42000E+00
0.36000E+00
0.42000E+00
0.18000E+00
0.15000E+00
0.90000E-01
-0.60000E-01
-0.21000E+00
-0.30000E-01
0.15000E+00
-0.24000E+00
-0.60000E+00
-0.57000E+00
-0.60000E+00
-0.42000E+00
-0.18000E+00
-0.60000E-01
-0.12000E+00
-0.90000E-01
-0.60000E-01
-0.12000E+00
-0.30000E-01
0.60000E-01
0.18000E+00
0.33000E+00
0.27000E+00
0.90000E-01
0.12000E+00
0.21000E+00
0.27000E+00
0.90000E-01
-0.30000E+00
-0.30000E+00
-0.15000E+00
-0.33000E+00
-0.48000E+00
-0.27000E+00
-0.12000E+00
-0.24000E+00
-0.33000E+00
0.00000E+00
0.18000E+00
0.60000E-01
-0.12000E+00
-0.36000E+00
-0.15000E+00
-0.60000E-01
-0.33000E+00
-0.30000E+00
0.15000E+00
0.15000E+00
-0.27000E+00
-0.54000E+00
-0.69000E+00
-0.60000E+00
-0.84000E+00
-0.10800E+01
-0.51000E+00
0.90000E-01
0.24000E+00
0.57000E+00
0.51000E+00
0.33000E+00
0.30000E+00
-0.12000E+00
-0.27000E+00
-0.39000E+00
-0.69000E+00
-0.81000E+00
-0.57000E+00
-0.36000E+00
-0.21000E+00
0.18000E+00
0.51000E+00
0.66000E+00
0.75000E+00
0.57000E+00
0.21000E+00
0.30000E-01
0.90000E-01
0.60000E-01
-0.30000E+00
-0.78000E+00
-0.90000E+00
-0.30000E+00
0.90000E-01
0.90000E-01
0.00000E+00
-0.27000E+00
-0.39000E+00
-0.45000E+00
-0.69000E+00
-0.66000E+00
-0.36000E+00
-0.18000E+00
-0.12000E+00
-0.24000E+00
-0.66000E+00
-0.66000E+00
-0.30000E-01
0.21000E+00
0.90000E-01
0.21000E+00
0.45000E+00
0.57000E+00
0.15000E+00
-0.45000E+00
-0.54000E+00
-0.36000E+00
-0.57000E+00
-0.10200E+01
-0.96000E+00
-0.69000E+00
-0.54000E+00
-0.60000E-01
0.45000E+00
0.57000E+00
0.30000E+00
-0.42000E+00
-0.78000E+00
-0.66000E+00
-0.84000E+00
-0.96000E+00
-0.78000E+00
-0.39000E+00
0.18000E+00
0.27000E+00
0.18000E+00
0.33000E+00
0.33000E+00
0.60000E-01
-0.21000E+00
-0.21000E+00
-0.33000E+00
-0.33000E+00
-0.90000E-01
0.33000E+00
0.81000E+00
0.13500E+01
0.15200E+01
0.84000E+00
-0.60000E-01
-0.63000E+00
-0.87000E+00
-0.81000E+00
-0.66000E+00
-0.57000E+00
-0.42000E+00
-0.24000E+00
-0.18000E+00
-0.36000E+00
-0.48000E+00
-0.24000E+00
-0.27000E+00
-0.45000E+00
-0.45000E+00
-0.45000E+00
-0.36000E+00
0.15000E+00
0.48000E+00
0.36000E+00
-0.18000E+00
-0.72000E+00
-0.11700E+01
-0.12900E+01
-0.78000E+00
-0.36000E+00
-0.39000E+00
-0.42000E+00
-0.45000E+00
-0.57000E+00
-0.33000E+00
-0.27000E+00
-0.72000E+00
-0.87000E+00
-0.66000E+00
-0.39000E+00
-0.24000E+00
-0.24000E+00
-0.90000E-01
0.27000E+00
0.24000E+00
0.00000E+00
-0.33000E+00
-0.45000E+00
-0.24000E+00
-0.60000E-01
-0.90000E-01
-0.90000E-01
0.30000E-01
0.12000E+00
0.36000E+00
0.69000E+00
0.69000E+00
0.57000E+00
0.72000E+00
0.90000E+00
0.87000E+00
0.48000E+00
-0.21000E+00
-0.42000E+00
-0.27000E+00
0.90000E-01
0.57000E+00
0.63000E+00
0.51000E+00
0.54000E+00
0.39000E+00
0.12000E+00
-0.60000E-01
-0.21000E+00
-0.30000E+00
-0.24000E+00
-0.12000E+00
-0.30000E-01
-0.30000E-01
-0.90000E-01
-0.18000E+00
-0.33000E+00
-0.45000E+00
-0.42000E+00
-0.15000E+00
0.60000E-01
0.00000E+00
-0.18000E+00
-0.21000E+00
-0.90000E-01
-0.60000E-01
-0.15000E+00
-0.15000E+00
-0.18000E+00
0.12000E+00
0.39000E+00
0.57000E+00
0.51000E+00
0.18000E+00
-0.60000E-01
-0.30000E+00
-0.30000E+00
-0.15000E+00
-0.30000E-01
0.30000E-01
0.24000E+00
0.12000E+00
-0.30000E+00
-0.45000E+00
-0.33000E+00
-0.48000E+00
-0.57000E+00
-0.48000E+00
-0.63000E+00
-0.69000E+00
-0.51000E+00
-0.42000E+00
-0.33000E+00
-0.30000E+00
-0.51000E+00
-0.57000E+00
-0.30000E+00
-0.90000E-01
-0.18000E+00
-0.33000E+00
-0.24000E+00
0.12000E+00
0.33000E+00
0.21000E+00
0.18000E+00
0.36000E+00
0.51000E+00
0.63000E+00
0.66000E+00
0.69000E+00
0.75000E+00
0.66000E+00
0.75000E+00
0.72000E+00
0.57000E+00
0.39000E+00
0.48000E+00
0.69000E+00
0.69000E+00
0.57000E+00
0.30000E+00
0.15000E+00
0.33000E+00
0.63000E+00
0.78000E+00
0.96000E+00
0.13500E+01
0.15000E+01
0.13200E+01
0.10200E+01
0.69000E+00
0.51000E+00
0.69000E+00
0.90000E+00
0.96000E+00
0.69000E+00
0.60000E+00
0.96000E+00
0.12300E+01
0.11100E+01
0.57000E+00
-0.30000E-01
-0.18000E+00
-0.12000E+00
-0.30000E+00
-0.36000E+00
-0.15000E+00
0.00000E+00
0.18000E+00
0.15000E+00
0.21000E+00
0.30000E+00
0.30000E+00
0.42000E+00
0.48000E+00
0.45000E+00
0.60000E+00
0.63000E+00
0.57000E+00
0.72000E+00
0.81000E+00
0.66000E+00
0.78000E+00
0.78000E+00
0.51000E+00
0.33000E+00
0.18000E+00
0.60000E-01
0.12000E+00
0.30000E+00
0.33000E+00
0.12000E+00
-0.21000E+00
-0.33000E+00
-0.24000E+00
-0.18000E+00
-0.15000E+00
-0.90000E-01
0.21000E+00
0.51000E+00
0.48000E+00
0.24000E+00
-0.30000E-01
0.90000E-01
0.33000E+00
0.36000E+00
0.24000E+00
0.00000E+00
-0.33000E+00
-0.66000E+00
-0.81000E+00
-0.75000E+00
-0.66000E+00
-0.57000E+00
-0.42000E+00
-0.36000E+00
-0.21000E+00
-0.90000E-01
0.12000E+00
0.18000E+00
0.12000E+00
0.90000E-01
-0.60000E-01
-0.21000E+00
-0.18000E+00
-0.12000E+00
-0.90000E-01
-0.90000E-01
-0.18000E+00
-0.21000E+00
-0.33000E+00
-0.48000E+00
-0.66000E+00
-0.87000E+00
-0.10200E+01
-0.99000E+00
-0.81000E+00
-0.48000E+00
-0.27000E+00
-0.24000E+00
-0.36000E+00
-0.54000E+00
-0.63000E+00
-0.60000E+00
-0.48000E+00
-0.39000E+00
-0.42000E+00
-0.36000E+00
-0.39000E+00
-0.42000E+00
-0.33000E+00
-0.39000E+00
-0.45000E+00
-0.24000E+00
-0.60000E-01
-0.30000E-01
-0.30000E-01
-0.60000E-01
-0.30000E+00
-0.33000E+00
-0.21000E+00
0.00000E+00
0.21000E+00
0.39000E+00
0.60000E+00
0.72000E+00
0.60000E+00
0.21000E+00
-0.60000E-01
-0.90000E-01
-0.18000E+00
-0.27000E+00
-0.30000E+00
-0.18000E+00
-0.18000E+00
-0.30000E+00
-0.45000E+00
-0.42000E+00
-0.24000E+00
-0.15000E+00
-0.60000E-01
0.30000E-01
0.00000E+00
-0.21000E+00
-0.42000E+00
-0.51000E+00
-0.48000E+00
-0.27000E+00
-0.90000E-01
0.00000E+00
0.12000E+00
0.12000E+00
-0.30000E-01
-0.21000E+00
-0.33000E+00
-0.39000E+00
-0.24000E+00
-0.15000E+00
-0.18000E+00
-0.15000E+00
-0.12000E+00
-0.12000E+00
-0.30000E+00
-0.48000E+00
-0.48000E+00
-0.42000E+00
-0.45000E+00
-0.42000E+00
-0.27000E+00
-0.30000E+00
-0.42000E+00
-0.45000E+00
-0.39000E+00
-0.33000E+00
-0.18000E+00
-0.30000E-01
0.21000E+00
0.48000E+00
0.54000E+00
0.45000E+00
0.33000E+00
0.39000E+00
0.42000E+00
0.54000E+00
0.54000E+00
0.39000E+00
0.30000E+00
0.18000E+00
0.00000E+00
-0.12000E+00
-0.60000E-01
0.90000E-01
0.27000E+00
0.51000E+00
0.66000E+00
0.75000E+00
0.63000E+00
0.48000E+00
0.33000E+00
0.27000E+00
0.27000E+00
0.21000E+00
0.24000E+00
0.33000E+00
0.51000E+00
0.51000E+00
0.45000E+00
0.24000E+00
0.00000E+00
-0.90000E-01
-0.18000E+00
-0.39000E+00
-0.54000E+00
-0.57000E+00
-0.39000E+00
-0.12000E+00
0.00000E+00
0.15000E+00
0.27000E+00
0.24000E+00
0.24000E+00
0.12000E+00
-0.15000E+00
-0.33000E+00
-0.30000E+00
-0.27000E+00
-0.33000E+00
-0.36000E+00
-0.36000E+00
-0.18000E+00
-0.15000E+00
-0.36000E+00
-0.45000E+00
-0.45000E+00
-0.51000E+00
-0.51000E+00
-0.45000E+00
-0.18000E+00
0.00000E+00
-0.21000E+00
-0.42000E+00
-0.42000E+00
-0.27000E+00
-0.24000E+00
-0.33000E+00
-0.63000E+00
-0.66000E+00
-0.30000E+00
-0.33000E+00
-0.42000E+00
-0.36000E+00
-0.21000E+00
-0.60000E-01
-0.90000E-01
-0.21000E+00
-0.15000E+00
0.00000E+00
0.90000E-01
-0.18000E+00
-0.30000E+00
0.24000E+00
0.42000E+00
0.30000E-01
-0.60000E-01
0.60000E-01
0.60000E-01
-0.30000E-01
0.00000E+00
0.00000E+00
0.15000E+00
0.24000E+00
0.24000E+00
0.24000E+00
0.33000E+00
0.57000E+00
0.51000E+00
0.18000E+00
0.00000E+00
-0.30000E-01
0.60000E-01
0.12000E+00
0.15000E+00
0.33000E+00
0.51000E+00
0.42000E+00
0.27000E+00
0.90000E-01
-0.60000E-01
0.60000E-01
0.15000E+00
0.12000E+00
0.33000E+00
0.42000E+00
0.18000E+00
0.00000E+00
-0.90000E-01
-0.90000E-01
-0.90000E-01
-0.24000E+00
-0.33000E+00
-0.60000E-01
0.12000E+00
-0.30000E-01
0.60000E-01
0.27000E+00
0.24000E+00
0.18000E+00
0.15000E+00
0.18000E+00
0.30000E+00
0.36000E+00
0.27000E+00
0.12000E+00
0.27000E+00
0.27000E+00
0.18000E+00
0.15000E+00
0.24000E+00
0.30000E+00
0.12000E+00
0.90000E-01
0.30000E-01
0.30000E-01
0.60000E-01
0.60000E-01
0.33000E+00
0.54000E+00
0.33000E+00
0.27000E+00
0.45000E+00
0.45000E+00
0.45000E+00
0.51000E+00
0.39000E+00
0.33000E+00
0.42000E+00
0.45000E+00
0.63000E+00
0.75000E+00
0.75000E+00
0.81000E+00
0.87000E+00
0.72000E+00
0.39000E+00
0.30000E+00
0.45000E+00
0.51000E+00
0.45000E+00
0.45000E+00
0.36000E+00
0.33000E+00
0.30000E+00
0.15000E+00
0.60000E-01
0.12000E+00
-0.60000E-01
-0.30000E+00
-0.30000E+00
-0.33000E+00
-0.57000E+00
-0.75000E+00
-0.51000E+00
-0.27000E+00
-0.27000E+00
-0.42000E+00
-0.36000E+00
-0.15000E+00
-0.21000E+00
-0.36000E+00
-0.45000E+00
-0.39000E+00
-0.18000E+00
-0.12000E+00
-0.30000E+00
-0.33000E+00
-0.42000E+00
-0.45000E+00
-0.39000E+00
-0.45000E+00
-0.57000E+00
-0.69000E+00
-0.75000E+00
-0.63000E+00
-0.54000E+00
-0.57000E+00
-0.51000E+00
-0.36000E+00
-0.27000E+00
-0.36000E+00
-0.51000E+00
-0.63000E+00
-0.69000E+00
-0.84000E+00
-0.93000E+00
-0.78000E+00
-0.60000E+00
-0.69000E+00
-0.72000E+00
-0.66000E+00
-0.60000E+00
-0.51000E+00
-0.48000E+00
-0.48000E+00
-0.57000E+00
-0.60000E+00
-0.45000E+00
-0.27000E+00
-0.60000E-01
0.18000E+00
0.36000E+00
0.57000E+00
0.78000E+00
0.66000E+00
0.30000E+00
0.15000E+00
0.12000E+00
-0.90000E-01
-0.12000E+00
0.12000E+00
0.60000E+00
0.99000E+00
0.99000E+00
0.84000E+00
0.75000E+00
0.51000E+00
0.60000E-01
-0.15000E+00
-0.90000E-01
0.30000E-01
0.60000E-01
-0.12000E+00
-0.12000E+00
0.60000E-01
0.18000E+00
0.15000E+00
0.90000E-01
0.60000E-01
0.00000E+00
0.00000E+00
-0.30000E-01
-0.15000E+00
-0.12000E+00
0.18000E+00
0.48000E+00
0.72000E+00
0.87000E+00
0.10500E+01
0.11700E+01
0.10200E+01
0.75000E+00
0.63000E+00
0.60000E+00
0.69000E+00
0.66000E+00
0.51000E+00
0.33000E+00
0.00000E+00
-0.33000E+00
-0.45000E+00
-0.27000E+00
0.60000E-01
0.30000E+00
0.36000E+00
0.48000E+00
0.63000E+00
0.63000E+00
0.42000E+00
0.12000E+00
-0.24000E+00
-0.39000E+00
-0.51000E+00
-0.51000E+00
-0.21000E+00
0.27000E+00
0.72000E+00
0.10500E+01
0.12300E+01
0.11700E+01
0.78000E+00
0.30000E+00
-0.90000E-01
-0.30000E+00
-0.30000E+00
-0.30000E-01
0.39000E+00
0.72000E+00
0.84000E+00
0.72000E+00
0.48000E+00
0.27000E+00
0.15000E+00
0.12000E+00
0.30000E-01
-0.60000E-01
-0.30000E-01
0.90000E-01
0.30000E-01
-0.30000E-01
0.30000E-01
0.15000E+00
0.18000E+00
0.24000E+00
0.24000E+00
0.21000E+00
0.60000E-01
-0.12000E+00
-0.15000E+00
0.00000E+00
0.12000E+00
0.24000E+00
0.33000E+00
0.36000E+00
0.24000E+00
-0.15000E+00
-0.45000E+00
-0.48000E+00
-0.36000E+00
-0.24000E+00
-0.18000E+00
0.00000E+00
-0.90000E-01
-0.18000E+00
-0.18000E+00
-0.36000E+00
-0.57000E+00
-0.63000E+00
-0.42000E+00
-0.15000E+00
-0.21000E+00
-0.18000E+00
-0.27000E+00
-0.48000E+00
-0.33000E+00
-0.69000E+00
-0.87000E+00
-0.60000E+00
-0.33000E+00
-0.57000E+00
-0.66000E+00
-0.48000E+00
-0.48000E+00
-0.54000E+00
-0.63000E+00
-0.48000E+00
-0.48000E+00
-0.78000E+00
-0.93000E+00
-0.99000E+00
-0.90000E+00
-0.78000E+00
-0.78000E+00
-0.57000E+00
-0.30000E+00
-0.24000E+00
-0.36000E+00
-0.54000E+00
-0.51000E+00
-0.48000E+00
-0.54000E+00
-0.57000E+00
-0.42000E+00
-0.33000E+00
-0.33000E+00
-0.42000E+00
-0.51000E+00
-0.42000E+00
-0.33000E+00
-0.39000E+00
-0.42000E+00
-0.24000E+00
-0.24000E+00
-0.33000E+00
-0.51000E+00
-0.60000E+00
-0.60000E+00
-0.66000E+00
-0.81000E+00
-0.81000E+00
-0.66000E+00
-0.54000E+00
-0.57000E+00
-0.57000E+00
-0.48000E+00
-0.39000E+00
-0.42000E+00
-0.48000E+00
-0.42000E+00
-0.36000E+00
-0.48000E+00
-0.60000E+00
-0.75000E+00
-0.96000E+00
-0.90000E+00
-0.63000E+00
-0.72000E+00
-0.87000E+00
-0.78000E+00
-0.81000E+00
-0.57000E+00
-0.51000E+00
-0.90000E+00
-0.54000E+00
-0.60000E-01
-0.39000E+00
-0.15000E+00
0.90000E-01
0.90000E-01
0.39000E+00
0.48000E+00
0.30000E-01
0.30000E-01
0.30000E+00
0.12000E+00
0.60000E-01
0.30000E+00
0.27000E+00
0.18000E+00
-0.12000E+00
-0.15000E+00
0.00000E+00
-0.12000E+00
-0.18000E+00
0.60000E-01
0.39000E+00
0.48000E+00
0.39000E+00
0.21000E+00
0.60000E-01
0.30000E-01
0.39000E+00
0.48000E+00
0.90000E-01
0.15000E+00
0.21000E+00
-0.60000E-01
-0.12000E+00
0.60000E-01
0.00000E+00
0.00000E+00
0.12000E+00
-0.30000E-01
-0.60000E-01
-0.12000E+00
0.90000E-01
0.57000E+00
0.57000E+00
0.30000E+00
0.30000E+00
0.45000E+00
0.66000E+00
0.69000E+00
0.36000E+00
0.90000E-01
0.21000E+00
0.18000E+00
0.90000E-01
0.36000E+00
0.72000E+00
0.69000E+00
0.60000E+00
0.60000E+00
0.69000E+00
0.66000E+00
0.27000E+00
-0.30000E-01
0.27000E+00
0.51000E+00
0.48000E+00
0.36000E+00
0.54000E+00
0.10800E+01
0.15000E+01
0.14400E+01
0.10200E+01
0.66000E+00
0.66000E+00
0.57000E+00
0.42000E+00
0.51000E+00
0.72000E+00
0.10200E+01
0.13500E+01
0.13500E+01
0.10800E+01
0.90000E+00
0.75000E+00
0.78000E+00
0.93000E+00
0.63000E+00
0.33000E+00
0.45000E+00
0.66000E+00
0.87000E+00
0.96000E+00
0.96000E+00
0.87000E+00
0.63000E+00
0.45000E+00
0.30000E+00
0.24000E+00
0.18000E+00
0.24000E+00
0.30000E+00
0.36000E+00
0.45000E+00
0.42000E+00
0.39000E+00
0.57000E+00
0.75000E+00
0.75000E+00
0.63000E+00
0.48000E+00
0.42000E+00
0.42000E+00
0.30000E+00
0.30000E-01
-0.15000E+00
-0.90000E-01
0.30000E-01
-0.30000E-01
-0.30000E-01
0.60000E-01
0.30000E-01
0.60000E-01
0.18000E+00
0.18000E+00
0.24000E+00
0.45000E+00
0.57000E+00
0.54000E+00
0.51000E+00
0.42000E+00
0.33000E+00
0.30000E+00
0.18000E+00
0.60000E-01
-0.30000E-01
-0.21000E+00
-0.45000E+00
-0.51000E+00
-0.72000E+00
-0.81000E+00
-0.84000E+00
-0.90000E+00
-0.96000E+00
-0.69000E+00
-0.21000E+00
0.18000E+00
0.00000E+00
-0.36000E+00
-0.15000E+00
-0.60000E-01
-0.42000E+00
-0.78000E+00
-0.96000E+00
-0.90000E+00
-0.11700E+01
-0.10800E+01
-0.81000E+00
-0.10800E+01
-0.15500E+01
-0.13800E+01
-0.60000E+00
-0.24000E+00
-0.66000E+00
-0.13500E+01
-0.16100E+01
-0.84000E+00
-0.48000E+00
-0.10500E+01
-0.11700E+01
-0.24000E+00
0.21000E+00
-0.84000E+00
-0.18800E+01
-0.10200E+01
-0.24000E+00
-0.78000E+00
-0.10800E+01
-0.11100E+01
-0.84000E+00
-0.39000E+00
0.18000E+00
0.39000E+00
0.66000E+00
0.33000E+00
-0.78000E+00
-0.66000E+00
0.12000E+00
0.60000E-01
-0.36000E+00
-0.48000E+00
-0.18000E+00
0.27000E+00
-0.60000E-01
-0.42000E+00
-0.30000E+00
0.18000E+00
-0.30000E-01
-0.66000E+00
-0.33000E+00
-0.48000E+00
-0.10200E+01
0.60000E-01
0.15800E+01
0.99000E+00
-0.33000E+00
-0.36000E+00
-0.18000E+00
0.33000E+00
0.60000E+00
0.24000E+00
-0.30000E-01
0.90000E+00
0.18200E+01
0.13800E+01
0.13800E+01
0.84000E+00
0.60000E-01
0.51000E+00
0.90000E+00
0.54000E+00
0.51000E+00
0.78000E+00
0.84000E+00
0.96000E+00
0.10500E+01
0.84000E+00
0.12300E+01
0.12900E+01
0.90000E-01
-0.51000E+00
0.36000E+00
0.24000E+00
-0.72000E+00
0.30000E-01
0.11400E+01
0.15200E+01
0.12900E+01
0.66000E+00
0.10200E+01
0.99000E+00
0.51000E+00
-0.11400E+01
0.30000E+00
0.45000E+00
0.51000E+00
0.45000E+00
0.45000E+00
0.36000E+00
0.33000E+00
0.30000E+00
0.15000E+00
0.60000E-01
0.12000E+00
-0.60000E-01
-0.30000E+00
-0.30000E+00
-0.33000E+00
-0.57000E+00
-0.75000E+00
-0.51000E+00
-0.27000E+00
-0.27000E+00
-0.42000E+00
-0.36000E+00
-0.15000E+00
-0.21000E+00
-0.36000E+00
-0.45000E+00
-0.39000E+00
-0.18000E+00
-0.12000E+00
-0.30000E+00
-0.33000E+00
-0.42000E+00
-0.45000E+00
-0.39000E+00
-0.45000E+00
-0.57000E+00
-0.69000E+00
-0.75000E+00
-0.63000E+00
-0.54000E+00
-0.57000E+00
-0.51000E+00
-0.36000E+00
-0.27000E+00
-0.36000E+00
-0.51000E+00
-0.63000E+00
-0.69000E+00
-0.84000E+00
-0.93000E+00
-0.78000E+00
-0.60000E+00
-0.69000E+00
-0.72000E+00
-0.66000E+00
-0.60000E+00
-0.51000E+00
-0.48000E+00
-0.48000E+00
-0.57000E+00
-0.60000E+00
-0.45000E+00
-0.27000E+00
-0.60000E-01
0.18000E+00
0.36000E+00
0.57000E+00
0.78000E+00
0.66000E+00
0.30000E+00
0.15000E+00
0.12000E+00
-0.90000E-01
-0.12000E+00
0.12000E+00
0.60000E+00
0.99000E+00
0.99000E+00
0.84000E+00
0.75000E+00
0.51000E+00
0.60000E-01
-0.15000E+00
-0.90000E-01
0.30000E-01
0.60000E-01
-0.12000E+00
-0.12000E+00
0.60000E-01
0.18000E+00
0.15000E+00
0.90000E-01
0.60000E-01
0.00000E+00
0.00000E+00
-0.30000E-01
-0.15000E+00
-0.12000E+00
0.18000E+00
0.48000E+00