  Time his fp  matched to spectrum:Sclrel_output/st06.h.freq.tgt                
   3000    1.00000E-02  0  0  0.  0.  0.  0.  0.
 -0.78887E-03 -0.11105E-02 -0.11819E-02 -0.98337E-03 -0.11960E-02 -0.92149E-03
 -0.11284E-02 -0.83084E-03 -0.10135E-02 -0.68484E-03 -0.83987E-03 -0.47271E-03
 -0.59504E-03 -0.18011E-03 -0.25591E-03  0.21120E-03  0.19551E-03  0.72570E-03
  0.77293E-03  0.13796E-02  0.14916E-02  0.21633E-02  0.23513E-02  0.30949E-02
  0.33570E-02  0.41830E-02  0.45302E-02  0.54463E-02  0.58907E-02  0.69020E-02
  0.74311E-02  0.85332E-02  0.91523E-02  0.10346E-01  0.11050E-01  0.12329E-01
  0.13118E-01  0.14475E-01  0.15331E-01  0.16763E-01  0.17690E-01  0.19188E-01
  0.20178E-01  0.21730E-01  0.22753E-01  0.24327E-01  0.25354E-01  0.26916E-01
  0.27918E-01  0.29428E-01  0.30359E-01  0.31776E-01  0.32582E-01  0.33853E-01
  0.34490E-01  0.35560E-01  0.35977E-01  0.36804E-01  0.36940E-01  0.37472E-01
  0.37296E-01  0.37496E-01  0.36972E-01  0.36811E-01  0.35945E-01  0.35539E-01
  0.34526E-01  0.33994E-01  0.32862E-01  0.32223E-01  0.30997E-01  0.30291E-01
  0.29019E-01  0.28302E-01  0.27058E-01  0.26398E-01  0.25236E-01  0.24685E-01
  0.23654E-01  0.23264E-01  0.22399E-01  0.22174E-01  0.21485E-01  0.21440E-01
  0.20919E-01  0.21037E-01  0.20673E-01  0.20952E-01  0.20751E-01  0.21203E-01
  0.21196E-01  0.21874E-01  0.22119E-01  0.23091E-01  0.23694E-01  0.25070E-01
  0.26128E-01  0.28024E-01  0.29644E-01  0.32145E-01  0.34399E-01  0.37547E-01
  0.40454E-01  0.44241E-01  0.47738E-01  0.52058E-01  0.56022E-01  0.60712E-01
  0.64933E-01  0.69765E-01  0.74006E-01  0.78721E-01  0.82711E-01  0.87055E-01
  0.90547E-01  0.94276E-01  0.97052E-01  0.99971E-01  0.10187E+00  0.10384E+00
  0.10473E+00  0.10567E+00  0.10550E+00  0.10535E+00  0.10408E+00  0.10283E+00
  0.10046E+00  0.98136E-01  0.94712E-01  0.91341E-01  0.86898E-01  0.82555E-01
  0.77175E-01  0.71952E-01  0.65762E-01  0.59802E-01  0.52954E-01  0.46440E-01
  0.39142E-01  0.32292E-01  0.24777E-01  0.17845E-01  0.10391E-01  0.36340E-02
 -0.35378E-02 -0.98793E-02 -0.16521E-01 -0.22252E-01 -0.28221E-01 -0.33222E-01
 -0.38431E-01 -0.42657E-01 -0.47115E-01 -0.50628E-01 -0.54412E-01 -0.57325E-01
 -0.60596E-01 -0.63088E-01 -0.66048E-01 -0.68346E-01 -0.71211E-01 -0.73514E-01
 -0.76494E-01 -0.78994E-01 -0.82244E-01 -0.85082E-01 -0.88719E-01 -0.91979E-01
 -0.96036E-01 -0.99690E-01 -0.10412E+00 -0.10812E+00 -0.11284E+00 -0.11705E+00
 -0.12190E+00 -0.12613E+00 -0.13092E+00 -0.13498E+00 -0.13949E+00 -0.14320E+00
 -0.14727E+00 -0.15044E+00 -0.15392E+00 -0.15645E+00 -0.15924E+00 -0.16105E+00
 -0.16311E+00 -0.16421E+00 -0.16557E+00 -0.16599E+00 -0.16670E+00 -0.16653E+00
 -0.16669E+00 -0.16598E+00 -0.16567E+00 -0.16454E+00 -0.16385E+00 -0.16239E+00
 -0.16144E+00 -0.16004E+00 -0.15933E+00 -0.15760E+00 -0.15602E+00 -0.15362E+00
 -0.15169E+00 -0.14904E+00 -0.14696E+00 -0.14423E+00 -0.14213E+00 -0.13945E+00
 -0.13750E+00 -0.13504E+00 -0.13338E+00 -0.13130E+00 -0.13005E+00 -0.12841E+00
 -0.12762E+00 -0.12641E+00 -0.12605E+00 -0.12532E+00 -0.12539E+00 -0.12495E+00
 -0.12520E+00 -0.12481E+00 -0.12497E+00 -0.12434E+00 -0.12414E+00 -0.12305E+00
 -0.12230E+00 -0.12060E+00 -0.11918E+00 -0.11679E+00 -0.11472E+00 -0.11170E+00
 -0.10905E+00 -0.10554E+00 -0.10249E+00 -0.98667E-01 -0.95391E-01 -0.91439E-01
 -0.88100E-01 -0.84131E-01 -0.80825E-01 -0.76878E-01 -0.73565E-01 -0.69580E-01
 -0.66146E-01 -0.61902E-01 -0.58023E-01 -0.53034E-01 -0.47767E-01 -0.40328E-01
 -0.30470E-01 -0.16324E-01 -0.85914E-02 -0.20461E-01 -0.47990E-01 -0.61197E-01
 -0.44734E-01 -0.15915E-01 -0.74968E-02 -0.28389E-01 -0.44638E-01 -0.13240E-01
  0.38606E-01  0.56585E-01  0.34475E-01  0.14777E-02 -0.21723E-01 -0.18931E-01
  0.45699E-02  0.25617E-01  0.30671E-01  0.26799E-01  0.12330E-01 -0.39783E-02
  0.22189E-02  0.30962E-01  0.39912E-01  0.63441E-02 -0.30090E-01 -0.89957E-02
  0.48308E-01  0.72572E-01  0.48988E-01  0.15971E-01  0.10136E-02  0.16147E-01
  0.43395E-01  0.51945E-01  0.40377E-01  0.38665E-01  0.49366E-01  0.57324E-01
  0.65652E-01  0.80252E-01  0.87464E-01  0.85801E-01  0.76288E-01  0.65216E-01
  0.63429E-01  0.67662E-01  0.70853E-01  0.87023E-01  0.11325E+00  0.13539E+00
  0.14502E+00  0.13901E+00  0.12289E+00  0.11348E+00  0.10700E+00  0.10380E+00
  0.11247E+00  0.12071E+00  0.11856E+00  0.13758E+00  0.18639E+00  0.23868E+00
  0.28320E+00  0.32030E+00  0.33401E+00  0.32770E+00  0.32315E+00  0.33757E+00
  0.33780E+00  0.26204E+00  0.12206E+00 -0.24769E-01 -0.20157E+00 -0.39709E+00
 -0.51295E+00 -0.51664E+00 -0.43569E+00 -0.26359E+00 -0.19477E-01  0.26543E+00
  0.58587E+00  0.89868E+00  0.10818E+01  0.10197E+01  0.71700E+00  0.34920E+00
  0.69018E-01 -0.18694E+00 -0.53166E+00 -0.88481E+00 -0.11010E+01 -0.11417E+01
 -0.10665E+01 -0.91752E+00 -0.65260E+00 -0.24736E+00  0.15682E+00  0.34896E+00
  0.34547E+00  0.35150E+00  0.41619E+00  0.45370E+00  0.42959E+00  0.34604E+00
  0.15673E+00 -0.14908E+00 -0.50967E+00 -0.85114E+00 -0.10511E+01 -0.98499E+00
 -0.69883E+00 -0.32492E+00  0.52501E-01  0.35496E+00  0.47130E+00  0.37455E+00
  0.15591E+00 -0.87174E-01 -0.29698E+00 -0.38500E+00 -0.25443E+00 -0.17203E-01
  0.40836E-01 -0.12857E+00 -0.33369E+00 -0.39159E+00 -0.24797E+00 -0.30337E-01
  0.57529E-01 -0.23942E-01 -0.15683E+00 -0.27150E+00 -0.34387E+00 -0.28324E+00
 -0.10143E+00  0.58691E-01  0.17786E+00  0.31603E+00  0.40410E+00  0.33053E+00
  0.31369E-01 -0.42484E+00 -0.79418E+00 -0.85579E+00 -0.57361E+00 -0.70417E-01
  0.37944E+00  0.62951E+00  0.80455E+00  0.92634E+00  0.82435E+00  0.45521E+00
 -0.94677E-01 -0.66936E+00 -0.94466E+00 -0.70118E+00 -0.18036E+00  0.26437E+00
  0.54307E+00  0.69965E+00  0.76703E+00  0.77937E+00  0.79820E+00  0.88229E+00
  0.91372E+00  0.81514E+00  0.76347E+00  0.82938E+00  0.87670E+00  0.75798E+00
  0.29935E+00 -0.45343E+00 -0.11503E+01 -0.14812E+01 -0.13096E+01 -0.72326E+00
 -0.11122E+00  0.25289E+00  0.60091E+00  0.12638E+01  0.19989E+01  0.22810E+01
  0.20037E+01  0.13755E+01  0.53954E+00 -0.33372E+00 -0.98045E+00 -0.10993E+01
 -0.73752E+00 -0.30217E+00  0.20165E+00  0.88203E+00  0.12736E+01  0.10118E+01
  0.62715E+00  0.75835E+00  0.11653E+01  0.14141E+01  0.14088E+01  0.11232E+01
  0.70004E+00  0.26720E+00 -0.23176E+00 -0.63312E+00 -0.77940E+00 -0.69705E+00
 -0.45230E+00 -0.28426E+00 -0.21598E+00  0.11208E+00  0.69314E+00  0.12975E+01
  0.21316E+01  0.31962E+01  0.39354E+01  0.38860E+01  0.27866E+01  0.96511E+00
 -0.62989E+00 -0.14868E+01 -0.17870E+01 -0.17735E+01 -0.14145E+01 -0.60091E+00
  0.37408E+00  0.10968E+01  0.15493E+01  0.17369E+01  0.16804E+01  0.15474E+01
  0.11445E+01  0.47712E+00  0.39926E-01 -0.12004E+00 -0.90406E-01  0.49040E+00
  0.16271E+01  0.25938E+01  0.27610E+01  0.22927E+01  0.15395E+01  0.41481E+00
 -0.11285E+01 -0.25319E+01 -0.31095E+01 -0.28029E+01 -0.19610E+01 -0.99791E+00
 -0.45288E+00 -0.34635E+00 -0.20536E+00  0.41136E-01  0.26828E+00  0.52753E+00
  0.71740E+00  0.49618E+00 -0.23010E+00 -0.10106E+01 -0.14750E+01 -0.17052E+01
 -0.18134E+01 -0.16011E+01 -0.89032E+00  0.15175E-01  0.49721E+00  0.15796E+00
 -0.68039E+00 -0.13584E+01 -0.16414E+01 -0.15912E+01 -0.14554E+01 -0.14350E+01
 -0.14061E+01 -0.11684E+01 -0.79537E+00 -0.76850E+00 -0.13957E+01 -0.21834E+01
 -0.25273E+01 -0.24994E+01 -0.22941E+01 -0.18905E+01 -0.14635E+01 -0.98098E+00
 -0.75571E-01  0.10661E+01  0.18701E+01  0.21770E+01  0.19301E+01  0.12776E+01
  0.69311E+00  0.25900E+00 -0.18860E+00 -0.66544E+00 -0.13059E+01 -0.22553E+01
 -0.33233E+01 -0.40106E+01 -0.39148E+01 -0.32447E+01 -0.26486E+01 -0.23069E+01
 -0.17110E+01 -0.27759E+00  0.18427E+01  0.36092E+01  0.42427E+01  0.39787E+01
  0.30342E+01  0.13942E+01 -0.43098E+00 -0.18114E+01 -0.26586E+01 -0.31364E+01
 -0.31522E+01 -0.28097E+01 -0.27515E+01 -0.32443E+01 -0.34059E+01 -0.24277E+01
 -0.10888E+01 -0.48014E+00 -0.33331E+00  0.11256E+00  0.72736E+00  0.81796E+00
  0.50936E+00  0.74553E+00  0.14207E+01  0.15970E+01  0.10029E+01 -0.29057E-01
 -0.88000E+00 -0.97191E+00 -0.66212E+00 -0.10363E+01 -0.19410E+01 -0.23159E+01
 -0.16757E+01 -0.12045E+00  0.11725E+01  0.14183E+01  0.14170E+01  0.16155E+01
  0.15338E+01  0.89400E+00  0.20326E+00  0.56537E-01 -0.35234E-01 -0.57624E+00
 -0.12562E+01 -0.18261E+01 -0.21235E+01 -0.18902E+01 -0.13394E+01 -0.92934E+00
 -0.50110E+00 -0.82745E-01  0.11603E+00  0.59786E+00  0.10961E+01  0.75975E+00
 -0.36865E+00 -0.18712E+01 -0.31323E+01 -0.35937E+01 -0.33050E+01 -0.26735E+01
 -0.22804E+01 -0.20429E+01 -0.16636E+01 -0.18155E+01 -0.26203E+01 -0.30221E+01
 -0.28570E+01 -0.26854E+01 -0.21982E+01 -0.12131E+01 -0.32843E+00  0.23351E+00
  0.22960E+00 -0.61563E+00 -0.17842E+01 -0.28103E+01 -0.34380E+01 -0.29662E+01
 -0.14254E+01 -0.60941E-01  0.56766E+00  0.12937E+01  0.23590E+01  0.26337E+01
  0.18215E+01  0.10851E+01  0.87841E+00  0.10527E+01  0.19086E+01  0.32631E+01
  0.43003E+01  0.48422E+01  0.53733E+01  0.56507E+01  0.48824E+01  0.33974E+01
  0.23974E+01  0.26103E+01  0.38551E+01  0.51958E+01  0.59380E+01  0.65215E+01
  0.73763E+01  0.78505E+01  0.72740E+01  0.63451E+01  0.63259E+01  0.70812E+01
  0.74849E+01  0.73266E+01  0.69061E+01  0.62984E+01  0.59201E+01  0.56766E+01
  0.45938E+01  0.29327E+01  0.24356E+01  0.38195E+01  0.58205E+01  0.68247E+01
  0.60480E+01  0.39121E+01  0.20441E+01  0.13725E+01  0.11695E+01  0.71277E+00
 -0.36498E-01 -0.89330E+00 -0.17506E+01 -0.23568E+01 -0.23601E+01 -0.19938E+01
 -0.16662E+01 -0.13203E+01 -0.11575E+01 -0.15677E+01 -0.20348E+01 -0.16486E+01
 -0.70952E+00 -0.46498E+00 -0.84010E-01  0.29472E+01  0.73134E+01  0.88119E+01
  0.70238E+01  0.57020E+01  0.68370E+01  0.79903E+01  0.69090E+01  0.46622E+01
  0.17253E+01 -0.40090E+01 -0.12372E+02 -0.19638E+02 -0.23635E+02 -0.24619E+02
 -0.22944E+02 -0.18166E+02 -0.10568E+02 -0.45445E+01 -0.44261E+01 -0.83176E+01
 -0.12612E+02 -0.15820E+02 -0.17131E+02 -0.17395E+02 -0.18077E+02 -0.17758E+02
 -0.13555E+02 -0.52233E+01  0.40393E+01  0.10376E+02  0.12237E+02  0.11223E+02
  0.10632E+02  0.12072E+02  0.14493E+02  0.17030E+02  0.19551E+02  0.21310E+02
  0.20906E+02  0.17724E+02  0.13482E+02  0.96566E+01  0.52689E+01 -0.36513E+00
 -0.63804E+01 -0.11500E+02 -0.14146E+02 -0.12283E+02 -0.58471E+01  0.13690E+01
  0.57982E+01  0.72358E+01  0.69899E+01  0.69837E+01  0.74837E+01  0.58422E+01
  0.13838E+01 -0.32745E+01 -0.70717E+01 -0.11349E+02 -0.16039E+02 -0.18446E+02
 -0.17010E+02 -0.13845E+02 -0.11962E+02 -0.11936E+02 -0.11687E+02 -0.85011E+01
 -0.24349E+01  0.46922E+01  0.13574E+02  0.24403E+02  0.32783E+02  0.34490E+02
  0.30116E+02  0.22565E+02  0.14803E+02  0.10424E+02  0.10306E+02  0.10665E+02
  0.81212E+01  0.29315E+01 -0.19633E+01 -0.37266E+01 -0.38445E+01 -0.61962E+01
 -0.11427E+02 -0.18095E+02 -0.24340E+02 -0.27630E+02 -0.29086E+02 -0.32235E+02
 -0.35616E+02 -0.34562E+02 -0.28978E+02 -0.22091E+02 -0.16053E+02 -0.13306E+02
 -0.15327E+02 -0.19944E+02 -0.23928E+02 -0.26986E+02 -0.29558E+02 -0.29898E+02
 -0.27313E+02 -0.19728E+02 -0.45029E+01  0.12782E+02  0.25255E+02  0.33866E+02
  0.40668E+02  0.44302E+02  0.44144E+02  0.43523E+02  0.44588E+02  0.45085E+02
  0.44141E+02  0.43385E+02  0.43887E+02  0.46438E+02  0.50584E+02  0.53739E+02
  0.54226E+02  0.52306E+02  0.47419E+02  0.38127E+02  0.24851E+02  0.10377E+02
 -0.20009E+01 -0.98659E+01 -0.11807E+02 -0.76125E+01 -0.20721E+00  0.52586E+01
  0.56208E+01  0.56035E+00 -0.68611E+01 -0.12018E+02 -0.15575E+02 -0.21537E+02
 -0.29831E+02 -0.37603E+02 -0.42296E+02 -0.44279E+02 -0.49311E+02 -0.57380E+02
 -0.57762E+02 -0.47143E+02 -0.35713E+02 -0.31026E+02 -0.29920E+02 -0.25348E+02
 -0.16449E+02 -0.89043E+01 -0.47932E+01 -0.25164E+01 -0.28700E+01 -0.61563E+01
 -0.10916E+02 -0.16102E+02 -0.20585E+02 -0.22106E+02 -0.17796E+02 -0.74480E+01
  0.34374E+01  0.79382E+01  0.66019E+01  0.46340E+01  0.29293E+01  0.98517E+00
  0.61030E+00  0.18327E+01  0.24242E+01  0.10476E+01 -0.27789E+01 -0.92958E+01
 -0.17910E+02 -0.27048E+02 -0.36534E+02 -0.47847E+02 -0.59055E+02 -0.66038E+02
 -0.67791E+02 -0.64436E+02 -0.57831E+02 -0.52474E+02 -0.48959E+02 -0.42971E+02
 -0.33144E+02 -0.22992E+02 -0.14237E+02 -0.55832E+01  0.52415E+01  0.19819E+02
  0.35317E+02  0.48238E+02  0.57808E+02  0.62142E+02  0.61207E+02  0.60121E+02
  0.60947E+02  0.60995E+02  0.57931E+02  0.48293E+02  0.32298E+02  0.18068E+02
  0.10569E+02  0.64845E+01  0.38699E+01  0.52590E+01  0.96038E+01  0.11740E+02
  0.91740E+01  0.23301E+01 -0.71942E+01 -0.16721E+02 -0.23848E+02 -0.27096E+02
 -0.25418E+02 -0.18271E+02 -0.92118E+01 -0.48880E+01 -0.78145E+01 -0.14850E+02
 -0.18948E+02 -0.13587E+02 -0.15959E+00  0.15843E+02  0.32616E+02  0.48629E+02
  0.61615E+02  0.70383E+02  0.72929E+02  0.69643E+02  0.64051E+02  0.58941E+02
  0.55905E+02  0.55275E+02  0.54085E+02  0.49428E+02  0.43792E+02  0.41276E+02
  0.41072E+02  0.37193E+02  0.25823E+02  0.12086E+02  0.26401E+01 -0.21542E+01
 -0.62960E+01 -0.16007E+02 -0.32527E+02 -0.46720E+02 -0.49370E+02 -0.41674E+02
 -0.31961E+02 -0.22874E+02 -0.90466E+01  0.81531E+01  0.19403E+02  0.21618E+02
  0.22075E+02  0.27847E+02  0.35300E+02  0.36692E+02  0.30619E+02  0.21032E+02
  0.11488E+02  0.86170E+00 -0.11621E+02 -0.20147E+02 -0.20399E+02 -0.14896E+02
 -0.84518E+01 -0.64760E+01 -0.11491E+02 -0.20953E+02 -0.31161E+02 -0.38662E+02
 -0.40586E+02 -0.36381E+02 -0.29462E+02 -0.24801E+02 -0.24729E+02 -0.27819E+02
 -0.27899E+02 -0.20244E+02 -0.10029E+02 -0.36968E+01  0.25035E+00  0.56569E+01
  0.12979E+02  0.18899E+02  0.21351E+02  0.24699E+02  0.32431E+02  0.39697E+02
  0.40240E+02  0.33842E+02  0.22377E+02  0.72924E+01 -0.71643E+01 -0.17084E+02
 -0.24092E+02 -0.30388E+02 -0.33403E+02 -0.32751E+02 -0.34181E+02 -0.38633E+02
 -0.38232E+02 -0.30373E+02 -0.22575E+02 -0.20332E+02 -0.22052E+02 -0.23745E+02
 -0.22384E+02 -0.17884E+02 -0.14390E+02 -0.17664E+02 -0.28091E+02 -0.38359E+02
 -0.43192E+02 -0.44538E+02 -0.44594E+02 -0.43841E+02 -0.43359E+02 -0.41793E+02
 -0.36818E+02 -0.29103E+02 -0.19449E+02 -0.84890E+01 -0.33309E+00  0.35225E+01
  0.90898E+01  0.19770E+02  0.32379E+02  0.43283E+02  0.49263E+02  0.49300E+02
  0.43454E+02  0.31015E+02  0.18115E+02  0.13381E+02  0.13853E+02  0.12007E+02
  0.62997E+01 -0.15787E+01 -0.59935E+01 -0.29937E+01  0.28819E+01  0.71255E+01
  0.83280E+01  0.53138E+01  0.69213E-01 -0.29793E+01 -0.90363E+00  0.77358E+01
  0.20404E+02  0.28404E+02  0.26247E+02  0.19117E+02  0.13950E+02  0.10210E+02
  0.36824E+01 -0.60975E+01 -0.16709E+02 -0.25908E+02 -0.30927E+02 -0.28619E+02
 -0.19546E+02 -0.98538E+01 -0.44308E+01 -0.39274E+01 -0.81014E+01 -0.13660E+02
 -0.14878E+02 -0.11042E+02 -0.73148E+01 -0.62972E+01 -0.66246E+01 -0.76233E+01
 -0.68081E+01 -0.12334E+01  0.77279E+01  0.17545E+02  0.24804E+02  0.26185E+02
  0.23283E+02  0.19352E+02  0.15831E+02  0.13206E+02  0.11017E+02  0.11092E+02
  0.15000E+02  0.19926E+02  0.22777E+02  0.21297E+02  0.15140E+02  0.95461E+01
  0.96566E+01  0.14787E+02  0.20883E+02  0.24873E+02  0.25797E+02  0.21660E+02
  0.11285E+02 -0.17010E+01 -0.11163E+02 -0.13450E+02 -0.11006E+02 -0.71803E+01
 -0.30472E+01  0.11713E+01  0.81559E+01  0.19117E+02  0.30276E+02  0.36394E+02
  0.34006E+02  0.26315E+02  0.18272E+02  0.12355E+02  0.11974E+02  0.15893E+02
  0.17856E+02  0.18109E+02  0.21708E+02  0.25972E+02  0.24764E+02  0.19270E+02
  0.14321E+02  0.12321E+02  0.11799E+02  0.10975E+02  0.59626E+01 -0.76359E+01
 -0.24992E+02 -0.37579E+02 -0.41396E+02 -0.35516E+02 -0.21227E+02 -0.24481E+01
  0.14963E+02  0.25186E+02  0.22318E+02  0.60399E+01 -0.16429E+02 -0.35757E+02
 -0.46215E+02 -0.51298E+02 -0.51970E+02 -0.45609E+02 -0.41902E+02 -0.42260E+02
 -0.41704E+02 -0.43320E+02 -0.47330E+02 -0.52942E+02 -0.59141E+02 -0.60325E+02
 -0.54767E+02 -0.47724E+02 -0.41579E+02 -0.37314E+02 -0.35477E+02 -0.34845E+02
 -0.34316E+02 -0.21426E+02 -0.32745E+01  0.11239E+02  0.29722E+02  0.38361E+02
  0.29480E+02  0.11233E+02 -0.52994E+01 -0.13795E+02 -0.63741E+01  0.10327E+02
  0.16300E+02  0.18017E+02  0.27334E+02  0.35630E+02  0.40877E+02  0.47057E+02
  0.50572E+02  0.49457E+02  0.46130E+02  0.41303E+02  0.36618E+02  0.34320E+02
  0.35517E+02  0.36033E+02  0.31502E+02  0.23763E+02  0.12658E+02 -0.36142E+01
 -0.19350E+02 -0.24647E+02 -0.19057E+02 -0.13162E+02 -0.12469E+02 -0.16237E+02
 -0.21419E+02 -0.22154E+02 -0.21653E+02 -0.24475E+02 -0.23508E+02 -0.16451E+02
 -0.11521E+02 -0.10371E+02 -0.49915E+01  0.80865E+01  0.21740E+02  0.25054E+02
  0.17431E+02  0.97146E+01  0.76538E+01  0.72223E+01  0.37738E+01 -0.20573E+01
 -0.64539E+01 -0.83369E+01 -0.84377E+01 -0.58994E+01 -0.15897E+01  0.10831E+01
  0.18629E+01  0.21958E+01  0.25669E+01  0.50156E+01  0.10868E+02  0.16414E+02
  0.16808E+02  0.12276E+02  0.48456E+01 -0.33413E+01 -0.81553E+01 -0.73719E+01
 -0.21992E+00  0.11259E+02  0.17623E+02  0.11514E+02 -0.28232E+00 -0.60095E+01
 -0.40585E+01 -0.86410E+00 -0.27950E-01  0.18089E+01  0.73736E+01  0.12185E+02
  0.10401E+02  0.24345E+00 -0.12890E+02 -0.17905E+02 -0.11961E+02 -0.48418E+01
 -0.28226E+01 -0.48695E+00  0.43349E+01  0.60594E+01  0.50540E+01  0.45063E+01
  0.44837E+01  0.61329E+01  0.84769E+01  0.77114E+01  0.37962E+01  0.89719E+00
  0.13281E+01  0.44529E+01  0.82796E+01  0.10270E+02  0.95229E+01  0.70764E+01
  0.56759E+01  0.74820E+01  0.10930E+02  0.12407E+02  0.94419E+01  0.18125E+01
 -0.56920E+01 -0.71669E+01 -0.37500E+01  0.11313E+01  0.58561E+01  0.65061E+01
  0.15403E+01 -0.48268E+01 -0.10009E+02 -0.15694E+02 -0.21190E+02 -0.22723E+02
 -0.18102E+02 -0.93930E+01 -0.37726E+01 -0.50243E+01 -0.82341E+01 -0.97431E+01
 -0.11285E+02 -0.13046E+02 -0.13771E+02 -0.13503E+02 -0.11976E+02 -0.94133E+01
 -0.62655E+01 -0.28004E+01 -0.34798E-01  0.39813E+00 -0.93696E+00 -0.17759E+01
 -0.22061E+01 -0.18573E+01 -0.81732E-01  0.93206E+00  0.19132E+00 -0.23936E+00
 -0.14880E+00 -0.18104E+01 -0.32677E+01 -0.10594E+01  0.30447E+01  0.71563E+01
  0.11275E+02  0.13228E+02  0.11234E+02  0.60626E+01  0.91655E+00 -0.11387E+01
 -0.13163E+01 -0.94503E-01  0.38318E+01  0.69359E+01  0.69989E+01  0.76121E+01
  0.10091E+02  0.11949E+02  0.11367E+02  0.81094E+01  0.44370E+01  0.36658E+01
  0.58326E+01  0.87019E+01  0.10668E+02  0.10595E+02  0.87007E+01  0.54853E+01
  0.15244E+01 -0.46566E+00  0.35386E-02 -0.14178E+01 -0.61079E+01 -0.97485E+01
 -0.91715E+01 -0.50719E+01 -0.13533E+01 -0.12919E+01 -0.31536E+01 -0.45387E+01
 -0.67489E+01 -0.10535E+02 -0.12455E+02 -0.10577E+02 -0.78719E+01 -0.73942E+01
 -0.94305E+01 -0.12433E+02 -0.14793E+02 -0.16033E+02 -0.16437E+02 -0.15149E+02
 -0.12027E+02 -0.10446E+02 -0.11932E+02 -0.13739E+02 -0.13282E+02 -0.98341E+01
 -0.40787E+01  0.20406E+01  0.58275E+01  0.65472E+01  0.53467E+01  0.19674E+01
 -0.16239E+01 -0.35897E+00  0.45441E+01  0.74063E+01  0.84944E+01  0.99833E+01
  0.96539E+01  0.64662E+01  0.37036E+01  0.31877E+01  0.40168E+01  0.69371E+01
  0.11829E+02  0.14838E+02  0.12945E+02  0.72662E+01  0.29010E+01  0.30426E+01
  0.44769E+01  0.36540E+01  0.83017E+00 -0.18719E+01 -0.27894E+01 -0.32158E+01
 -0.47073E+01 -0.55954E+01 -0.45442E+01 -0.24839E+01 -0.24045E+00  0.25484E+01
  0.52037E+01  0.45456E+01  0.46254E+00 -0.19864E+01 -0.65232E+00  0.15498E+01
  0.22146E+01  0.13771E+01  0.15788E+01  0.46317E+01  0.74354E+01  0.65610E+01
  0.41225E+01  0.31651E+01  0.35267E+01  0.40393E+01  0.33805E+01  0.70979E+00
 -0.32171E+01 -0.65810E+01 -0.78365E+01 -0.67470E+01 -0.47946E+01 -0.36787E+01
 -0.35403E+01 -0.33430E+01 -0.31824E+01 -0.41446E+01 -0.53279E+01 -0.55296E+01
 -0.49748E+01 -0.42572E+01 -0.38472E+01 -0.34101E+01 -0.21792E+01 -0.42614E+00
  0.86071E+00  0.18340E+01  0.26849E+01  0.27604E+01  0.28299E+01  0.37822E+01
  0.43649E+01  0.36774E+01  0.20615E+01 -0.74498E+00 -0.40064E+01 -0.53677E+01
 -0.43023E+01 -0.26562E+01 -0.13804E+01  0.23625E+00  0.23788E+01  0.38789E+01
  0.37738E+01  0.24165E+01  0.40066E+00 -0.13101E+01 -0.11789E+01  0.10260E+01
  0.47694E+01  0.86637E+01  0.10260E+02  0.89859E+01  0.65862E+01  0.54247E+01
  0.65557E+01  0.74565E+01  0.52681E+01  0.18901E+01 -0.13943E+00 -0.14856E+01
 -0.18208E+01  0.32731E+00  0.39099E+01  0.61641E+01  0.59480E+01  0.43386E+01
  0.29281E+01  0.25913E+01  0.26046E+01  0.12323E+01 -0.13295E+01 -0.28177E+01
 -0.25783E+01 -0.21076E+01 -0.25065E+01 -0.36836E+01 -0.45783E+01 -0.41277E+01
 -0.29288E+01 -0.19408E+01 -0.12188E+01 -0.11675E+01 -0.13975E+01 -0.96574E+00
 -0.25464E+00  0.29044E+00  0.51812E+00  0.55039E-01 -0.42236E+00  0.96129E-01
  0.14083E+01  0.20496E+01  0.66084E+00 -0.14098E+01 -0.17825E+01 -0.88239E+00
 -0.59349E+00 -0.13583E+01 -0.19382E+01 -0.12158E+01  0.51778E+00  0.18751E+01
  0.12672E+01 -0.72217E+00 -0.11493E+01  0.68613E+00  0.17757E+01  0.85832E-01
 -0.23632E+01 -0.27995E+01 -0.15124E+01 -0.17850E+00  0.33173E+00 -0.50262E-01
 -0.44563E+00 -0.72293E-02  0.74637E+00  0.87389E+00  0.44419E+00  0.98049E-01
  0.88346E-01  0.76628E-01 -0.17702E+00 -0.39515E+00 -0.36204E+00 -0.18091E+00
  0.16589E+00  0.62398E+00  0.78838E+00  0.45835E+00 -0.13253E-01 -0.32475E+00
 -0.68045E+00 -0.11537E+01 -0.13573E+01 -0.12789E+01 -0.13541E+01 -0.15356E+01
 -0.14337E+01 -0.10742E+01 -0.72410E+00 -0.61837E+00 -0.81877E+00 -0.11620E+01
 -0.14663E+01 -0.16648E+01 -0.18104E+01 -0.20236E+01 -0.24017E+01 -0.27164E+01
 -0.25491E+01 -0.20543E+01 -0.17510E+01 -0.16688E+01 -0.13698E+01 -0.78306E+00
 -0.34103E+00 -0.25403E+00 -0.28761E+00 -0.25646E+00 -0.18876E+00 -0.45786E-01
  0.28278E+00  0.75285E+00  0.12572E+01  0.16587E+01  0.17031E+01  0.13401E+01
  0.85531E+00  0.55414E+00  0.56330E+00  0.71521E+00  0.64392E+00  0.26806E+00
 -0.11756E+00 -0.39742E+00 -0.62219E+00 -0.81726E+00 -0.98615E+00 -0.88729E+00
 -0.45877E+00  0.66544E-02  0.45866E+00  0.75167E+00  0.67158E+00  0.39233E+00
  0.12793E+00 -0.16287E+00 -0.52573E+00 -0.75791E+00 -0.69616E+00 -0.43210E+00
  0.64321E-01  0.90132E+00  0.17817E+01  0.24051E+01  0.27768E+01  0.29567E+01
  0.30603E+01  0.29575E+01  0.25052E+01  0.19525E+01  0.14584E+01  0.91332E+00
  0.28990E+00 -0.27595E+00 -0.52924E+00 -0.33587E+00  0.17369E+00  0.84930E+00
  0.15887E+01  0.22245E+01  0.24506E+01  0.20853E+01  0.13081E+01  0.34554E+00
 -0.65368E+00 -0.14881E+01 -0.19151E+01 -0.18065E+01 -0.11458E+01 -0.18614E+00
  0.49613E+00  0.59263E+00  0.28633E+00 -0.24411E+00 -0.67120E+00 -0.41536E+00
  0.29578E+00  0.53436E+00  0.25630E+00  0.66466E-01  0.11398E+00  0.32801E+00
  0.52385E+00  0.43701E+00  0.21432E+00  0.56817E-01 -0.10627E+00 -0.39870E+00
 -0.90954E+00 -0.14434E+01 -0.18340E+01 -0.23679E+01 -0.30308E+01 -0.33447E+01
 -0.31555E+01 -0.27824E+01 -0.25452E+01 -0.23747E+01 -0.20198E+01 -0.14693E+01
 -0.10160E+01 -0.10469E+01 -0.15778E+01 -0.21529E+01 -0.24022E+01 -0.24286E+01
 -0.23427E+01 -0.19458E+01 -0.12517E+01 -0.48117E+00  0.26698E+00  0.78010E+00
  0.83889E+00  0.50171E+00  0.10873E+00 -0.10978E+00 -0.20268E+00 -0.17267E+00
 -0.22977E-01  0.11900E+00  0.17008E+00  0.74425E-01 -0.13307E+00 -0.28484E+00
 -0.32821E+00 -0.43825E+00 -0.60349E+00 -0.36425E+00  0.23401E+00  0.28701E+00
 -0.27518E+00 -0.48832E+00 -0.25271E-01  0.73952E+00  0.15467E+01  0.23176E+01
  0.29940E+01  0.35253E+01  0.37907E+01  0.34814E+01  0.25779E+01  0.16515E+01
  0.12509E+01  0.13610E+01  0.16088E+01  0.17772E+01  0.19067E+01  0.18823E+01
  0.13011E+01  0.27236E+00 -0.47024E+00 -0.75496E+00 -0.93864E+00 -0.11755E+01
 -0.14169E+01 -0.13812E+01 -0.91946E+00 -0.35701E+00  0.66338E-02  0.89132E-01
 -0.14583E+00 -0.49402E+00 -0.67312E+00 -0.74493E+00 -0.80832E+00 -0.87538E+00
 -0.90141E+00 -0.83658E+00 -0.73088E+00 -0.52495E+00 -0.19183E+00  0.88148E-01
  0.19884E+00  0.91158E-01 -0.26586E+00 -0.70550E+00 -0.10659E+01 -0.13131E+01
 -0.13232E+01 -0.10064E+01 -0.51609E+00 -0.20298E+00 -0.28966E+00 -0.67408E+00
 -0.97691E+00 -0.78032E+00 -0.24345E+00  0.68706E-01  0.12668E+00  0.13192E+00
  0.44998E-01 -0.22595E+00 -0.65654E+00 -0.84657E+00 -0.44779E+00  0.31805E+00
  0.96518E+00  0.12595E+01  0.15041E+01  0.17447E+01  0.14247E+01  0.71379E+00
  0.39352E+00  0.42918E+00  0.21200E+00 -0.40627E+00 -0.99166E+00 -0.12393E+01
 -0.12824E+01 -0.13088E+01 -0.14345E+01 -0.15700E+01 -0.13295E+01 -0.70728E+00
 -0.11738E+00  0.31556E+00  0.55769E+00  0.68222E+00  0.11096E+01  0.17773E+01
  0.23826E+01  0.31808E+01  0.41587E+01  0.47705E+01  0.47910E+01  0.43379E+01
  0.35672E+01  0.27576E+01  0.20586E+01  0.12732E+01  0.31629E+00 -0.59510E+00
 -0.15386E+01 -0.26964E+01 -0.35101E+01 -0.32914E+01 -0.25057E+01 -0.19984E+01
 -0.16062E+01 -0.10797E+01 -0.54824E+00  0.13073E-01  0.29660E+00  0.49355E-01
 -0.39371E+00 -0.78936E+00 -0.92793E+00 -0.67417E+00 -0.46375E+00 -0.54580E+00
 -0.64936E+00 -0.64699E+00 -0.69870E+00 -0.80723E+00 -0.78381E+00 -0.68795E+00
 -0.51228E+00 -0.76381E-01  0.47427E+00  0.89092E+00  0.14171E+01  0.22128E+01
  0.27120E+01  0.26112E+01  0.23258E+01  0.20695E+01  0.16671E+01  0.12191E+01
  0.10696E+01  0.11747E+01  0.13138E+01  0.14178E+01  0.12916E+01  0.79216E+00
  0.15976E+00 -0.43357E+00 -0.10565E+01 -0.15027E+01 -0.14985E+01 -0.12150E+01
 -0.96429E+00 -0.85625E+00 -0.84373E+00 -0.68735E+00 -0.25545E+00 -0.16775E-01
 -0.29036E+00 -0.49314E+00 -0.96001E-01  0.56511E+00  0.92135E+00  0.81534E+00
  0.33981E+00 -0.24159E+00 -0.57609E+00 -0.72386E+00 -0.87427E+00 -0.87594E+00
 -0.70016E+00 -0.60114E+00 -0.68204E+00 -0.84460E+00 -0.10105E+01 -0.10519E+01
 -0.68500E+00 -0.32617E-01  0.29351E+00  0.21338E+00  0.13011E+00  0.10239E+00
 -0.31338E-02 -0.19557E+00 -0.33487E+00 -0.31059E+00 -0.20829E+00 -0.13791E+00
 -0.13893E+00 -0.10786E+00  0.14119E+00  0.49458E+00  0.65158E+00  0.59730E+00
  0.46309E+00  0.26907E+00  0.12039E+00  0.67677E-01 -0.56816E-01 -0.24443E+00
 -0.19525E+00  0.11911E+00  0.40403E+00  0.55193E+00  0.48950E+00  0.75552E-01
 -0.29190E+00 -0.91763E-01  0.43211E+00  0.79696E+00  0.95146E+00  0.10154E+01
  0.89084E+00  0.53964E+00  0.29966E+00  0.37794E+00  0.57002E+00  0.53886E+00
  0.64101E-01 -0.77808E+00 -0.16106E+01 -0.20850E+01 -0.20553E+01 -0.15551E+01
 -0.10026E+01 -0.81111E+00 -0.80592E+00 -0.57827E+00 -0.74400E-01  0.24484E+00
  0.10489E-02 -0.54790E+00 -0.10935E+01 -0.14884E+01 -0.15297E+01 -0.12509E+01
 -0.81304E+00 -0.42161E+00 -0.33077E+00 -0.40048E+00 -0.33708E+00 -0.22792E+00
 -0.11861E+00 -0.95219E-02 -0.17872E+00 -0.64312E+00 -0.77920E+00 -0.80088E-01
  0.10304E+01  0.16511E+01  0.15021E+01  0.11407E+01  0.11159E+01  0.13166E+01
  0.13785E+01  0.13230E+01  0.12941E+01  0.12248E+01  0.11530E+01  0.10539E+01
  0.67567E+00  0.20609E+00  0.15537E+00  0.31397E+00 -0.11688E-01 -0.70359E+00
 -0.11582E+01 -0.14076E+01 -0.15652E+01 -0.16163E+01 -0.17839E+01 -0.19217E+01
 -0.18385E+01 -0.18191E+01 -0.18344E+01 -0.15532E+01 -0.97054E+00 -0.22780E+00
  0.60488E+00  0.14737E+01  0.22461E+01  0.25489E+01  0.21698E+01  0.13673E+01
  0.35904E+00 -0.83924E+00 -0.18365E+01 -0.21397E+01 -0.19621E+01 -0.16215E+01
 -0.10433E+01 -0.27237E+00  0.50747E+00  0.10159E+01  0.10507E+01  0.96579E+00
  0.11481E+01  0.13771E+01  0.13930E+01  0.13759E+01  0.14116E+01  0.11017E+01
  0.31383E+00 -0.47445E+00 -0.96622E+00 -0.12005E+01 -0.12226E+01 -0.11088E+01
 -0.91853E+00 -0.76983E+00 -0.76777E+00 -0.70618E+00 -0.47979E+00 -0.43680E+00
 -0.69817E+00 -0.82434E+00 -0.49190E+00  0.14579E-01  0.25905E+00  0.28403E+00
  0.55483E+00  0.12847E+01  0.20312E+01  0.22693E+01  0.19151E+01  0.12846E+01
  0.80497E+00  0.62740E+00  0.60083E+00  0.46891E+00  0.17375E+00 -0.84611E-01
 -0.15064E+00 -0.37721E-01 -0.51412E-02 -0.29644E+00 -0.74949E+00 -0.11807E+01
 -0.15594E+01 -0.17203E+01 -0.15723E+01 -0.11621E+01 -0.49770E+00  0.14593E+00
  0.37977E+00  0.31306E+00  0.37860E+00  0.72033E+00  0.11514E+01  0.14138E+01
  0.13198E+01  0.95697E+00  0.60683E+00  0.43830E+00  0.41914E+00  0.49978E+00
  0.70012E+00  0.89705E+00  0.92689E+00  0.72099E+00  0.31330E+00 -0.11170E+00
 -0.28655E+00 -0.16904E+00 -0.69095E-01 -0.15758E+00 -0.29606E+00 -0.34844E+00
 -0.30573E+00 -0.24169E+00 -0.31336E+00 -0.55121E+00 -0.66639E+00 -0.47930E+00
 -0.22997E+00 -0.24978E+00 -0.57043E+00 -0.92316E+00 -0.92259E+00 -0.52815E+00
 -0.21987E+00 -0.29642E+00 -0.55529E+00 -0.69388E+00 -0.64847E+00 -0.52535E+00
 -0.33467E+00 -0.13969E-01  0.36360E+00  0.63932E+00  0.77617E+00  0.81659E+00
  0.82023E+00  0.85515E+00  0.87448E+00  0.77665E+00  0.55677E+00  0.27800E+00
  0.23577E-01 -0.12732E+00 -0.92926E-01  0.64185E-01  0.86034E-01 -0.97488E-01
 -0.21239E+00 -0.98538E-01  0.77655E-01  0.73361E-01 -0.16217E+00 -0.34703E+00
 -0.20168E+00  0.15165E+00  0.41791E+00  0.49114E+00  0.45686E+00  0.44943E+00
  0.54123E+00  0.64825E+00  0.55497E+00  0.19365E+00 -0.14203E+00 -0.22770E+00
 -0.22024E+00 -0.24027E+00 -0.17894E+00  0.63198E-02  0.17946E+00  0.21151E+00
  0.10149E+00 -0.63895E-01 -0.19649E+00 -0.25181E+00 -0.25859E+00 -0.34951E+00
 -0.56141E+00 -0.67660E+00 -0.53263E+00 -0.27284E+00 -0.51862E-01  0.10202E+00
  0.13053E+00  0.78492E-01  0.73957E-01  0.94363E-01  0.13587E+00  0.32888E+00
  0.61877E+00  0.74469E+00  0.67605E+00  0.58110E+00  0.47035E+00  0.27850E+00
  0.40311E-01 -0.22218E+00 -0.53370E+00 -0.80702E+00 -0.91734E+00 -0.90784E+00
 -0.84948E+00 -0.69516E+00 -0.37393E+00  0.86405E-01  0.46914E+00  0.55546E+00
  0.41725E+00  0.26913E+00  0.16648E+00  0.73448E-01  0.30189E-01  0.23401E-01
  0.29829E-02  0.58328E-01  0.20876E+00  0.29592E+00  0.31677E+00  0.42976E+00
  0.63330E+00  0.73507E+00  0.63246E+00  0.44808E+00  0.32297E+00  0.29855E+00
  0.30227E+00  0.22255E+00  0.10271E+00  0.43650E-01  0.14669E-01 -0.27681E-01
 -0.64872E-01 -0.11096E+00 -0.12970E+00 -0.43141E-01  0.88158E-01  0.12643E+00
  0.85160E-01  0.97008E-01  0.20202E+00  0.31579E+00  0.34514E+00  0.25367E+00
  0.85104E-01 -0.36009E-01 -0.35975E-01  0.60659E-01  0.25284E+00  0.48062E+00
  0.58308E+00  0.51168E+00  0.36126E+00  0.16951E+00 -0.47821E-01 -0.16352E+00
 -0.59268E-01  0.18006E+00  0.36007E+00  0.41056E+00  0.33258E+00  0.10269E+00
 -0.19013E+00 -0.38202E+00 -0.48693E+00 -0.64831E+00 -0.85945E+00 -0.10190E+01
 -0.10981E+01 -0.10500E+01 -0.87165E+00 -0.67953E+00 -0.51095E+00 -0.34953E+00
 -0.25657E+00 -0.25802E+00 -0.32708E+00 -0.43099E+00 -0.48673E+00 -0.47356E+00
 -0.47591E+00 -0.51248E+00 -0.49817E+00 -0.33959E+00 -0.50220E-01  0.19737E+00
  0.25926E+00  0.19366E+00  0.10998E+00  0.34684E-01 -0.26803E-01 -0.91033E-01
 -0.15498E+00 -0.15383E+00 -0.59273E-01  0.98107E-01  0.23549E+00  0.21304E+00
  0.23088E-01 -0.15878E+00 -0.25630E+00 -0.36290E+00 -0.49528E+00 -0.56091E+00
 -0.56075E+00 -0.61223E+00 -0.74931E+00 -0.85555E+00 -0.84260E+00 -0.72442E+00
 -0.55432E+00 -0.40889E+00 -0.31881E+00 -0.27437E+00 -0.26160E+00 -0.24644E+00
 -0.24663E+00 -0.29982E+00 -0.35286E+00 -0.36613E+00 -0.34845E+00 -0.29145E+00
 -0.26022E+00 -0.32137E+00 -0.38601E+00 -0.33513E+00 -0.18655E+00 -0.36900E-01
  0.39140E-01  0.26917E-02 -0.14673E+00 -0.33999E+00 -0.43179E+00 -0.35778E+00
 -0.25232E+00 -0.25152E+00 -0.29813E+00 -0.28541E+00 -0.19929E+00 -0.58539E-01
  0.10363E+00  0.21609E+00  0.25141E+00  0.24991E+00  0.20550E+00  0.99110E-01
  0.39287E-01  0.13847E+00  0.29853E+00  0.39434E+00  0.46430E+00  0.50585E+00
  0.46445E+00  0.40123E+00  0.40496E+00  0.44580E+00  0.42729E+00  0.35731E+00
  0.32437E+00  0.32238E+00  0.27260E+00  0.18663E+00  0.14701E+00  0.15289E+00
  0.16747E+00  0.20707E+00  0.26500E+00  0.29674E+00  0.31536E+00  0.35123E+00
  0.36734E+00  0.36299E+00  0.38446E+00  0.39780E+00  0.34603E+00  0.25650E+00
  0.18877E+00  0.15885E+00  0.16327E+00  0.17837E+00  0.15593E+00  0.78899E-01
 -0.39398E-02 -0.19459E-01  0.40569E-01  0.12744E+00  0.23793E+00  0.39533E+00
  0.52831E+00  0.54857E+00  0.48559E+00  0.42466E+00  0.42280E+00  0.48387E+00
  0.54461E+00  0.52362E+00  0.42567E+00  0.32934E+00  0.27640E+00  0.22271E+00
  0.14609E+00  0.14001E+00  0.25666E+00  0.39140E+00  0.42590E+00  0.38259E+00
  0.34726E+00  0.32838E+00  0.32216E+00  0.33372E+00  0.32479E+00  0.29403E+00
  0.27902E+00  0.27128E+00  0.24525E+00  0.19588E+00  0.12592E+00  0.59887E-01
  0.62633E-01  0.13395E+00  0.15247E+00  0.84793E-01  0.39162E-01  0.58445E-01
  0.80918E-01  0.52696E-01  0.29233E-02 -0.86160E-02  0.10981E-01  0.34232E-01
  0.52379E-01  0.32389E-01 -0.36972E-01 -0.98067E-01 -0.87739E-01 -0.23315E-01
 -0.16729E-02 -0.59757E-01 -0.10937E+00 -0.91921E-01 -0.59505E-01 -0.63886E-01
 -0.96420E-01 -0.14248E+00 -0.19141E+00 -0.21292E+00 -0.19635E+00 -0.16930E+00
 -0.16817E+00 -0.20008E+00 -0.22983E+00 -0.24016E+00 -0.25016E+00 -0.27391E+00
 -0.31412E+00 -0.36290E+00 -0.40482E+00 -0.43445E+00 -0.45534E+00 -0.46675E+00
 -0.47298E+00 -0.47844E+00 -0.47779E+00 -0.47439E+00 -0.47860E+00 -0.48804E+00
 -0.49324E+00 -0.49030E+00 -0.47390E+00 -0.44011E+00 -0.40203E+00 -0.37906E+00
 -0.36781E+00 -0.34714E+00 -0.30805E+00 -0.25502E+00 -0.19322E+00 -0.13050E+00
 -0.72981E-01 -0.18194E-01  0.37143E-01  0.93289E-01  0.15077E+00  0.21116E+00
  0.27605E+00  0.34611E+00  0.42157E+00  0.49501E+00  0.54932E+00  0.57696E+00
  0.58780E+00  0.58847E+00  0.57327E+00  0.54311E+00  0.50917E+00  0.47513E+00
  0.43519E+00  0.38516E+00  0.32917E+00  0.27430E+00  0.22059E+00  0.16311E+00
  0.10313E+00  0.51742E-01  0.15037E-01 -0.13004E-01 -0.40852E-01 -0.71887E-01
 -0.10164E+00 -0.11926E+00 -0.11942E+00 -0.11081E+00 -0.10608E+00 -0.10996E+00
 -0.12354E+00 -0.14642E+00 -0.17337E+00 -0.19967E+00 -0.22470E+00 -0.24945E+00
 -0.27511E+00 -0.29968E+00 -0.31851E+00 -0.32824E+00 -0.32618E+00 -0.31101E+00
 -0.28822E+00 -0.26563E+00 -0.24621E+00 -0.22822E+00 -0.21067E+00 -0.19590E+00
 -0.18344E+00 -0.16726E+00 -0.14552E+00 -0.12278E+00 -0.10209E+00 -0.84056E-01
 -0.67777E-01 -0.49224E-01 -0.28337E-01 -0.12106E-01 -0.48961E-02 -0.36574E-02
 -0.69595E-02 -0.16800E-01 -0.29887E-01 -0.38911E-01 -0.42310E-01 -0.35995E-01
 -0.13037E-01  0.11984E-01  0.18331E-01  0.87644E-02 -0.40829E-02 -0.12577E-01
 -0.15367E-01 -0.14125E-01 -0.12084E-01 -0.10815E-01 -0.84677E-02 -0.58496E-02
 -0.10531E-01 -0.22905E-01 -0.33489E-01 -0.37670E-01 -0.38739E-01 -0.36288E-01
 -0.24933E-01 -0.38912E-02  0.18813E-01  0.35161E-01  0.43016E-01  0.45756E-01
  0.46920E-01  0.48415E-01  0.49361E-01  0.46202E-01  0.37765E-01  0.29144E-01
  0.23455E-01  0.18516E-01  0.12560E-01  0.79297E-02  0.67930E-02  0.76068E-02
  0.73247E-02  0.57555E-02  0.38389E-02  0.10503E-02 -0.46132E-02 -0.11905E-01
 -0.18564E-01 -0.24022E-01 -0.28711E-01 -0.33989E-01 -0.42199E-01 -0.50773E-01
 -0.54902E-01 -0.55351E-01 -0.57166E-01 -0.62116E-01 -0.68819E-01 -0.74888E-01
 -0.79120E-01 -0.79912E-01 -0.77527E-01 -0.73965E-01 -0.68942E-01 -0.60696E-01
 -0.50338E-01 -0.38833E-01 -0.27282E-01 -0.16351E-01 -0.52418E-02  0.75824E-02
  0.20894E-01  0.33253E-01  0.45480E-01  0.58042E-01  0.68557E-01  0.75375E-01
  0.77883E-01  0.77252E-01  0.74678E-01  0.69829E-01  0.61424E-01  0.51394E-01
  0.42934E-01  0.37389E-01  0.33156E-01  0.29017E-01  0.25786E-01  0.26211E-01
  0.30232E-01  0.35182E-01  0.38789E-01  0.41021E-01  0.42714E-01  0.44489E-01
  0.45380E-01  0.45896E-01  0.46627E-01  0.47683E-01  0.49487E-01  0.52596E-01
  0.55329E-01  0.57191E-01  0.58758E-01  0.59929E-01  0.60444E-01  0.61827E-01
  0.64579E-01  0.68760E-01  0.74131E-01  0.79923E-01  0.84103E-01  0.86643E-01
  0.88705E-01  0.91055E-01  0.93265E-01  0.94693E-01  0.92885E-01  0.87148E-01
  0.79024E-01  0.70751E-01  0.63564E-01  0.58152E-01  0.53941E-01  0.50640E-01
  0.46779E-01  0.40952E-01  0.33389E-01  0.26700E-01  0.22684E-01  0.21570E-01
  0.22095E-01  0.23599E-01  0.24719E-01  0.24652E-01  0.22752E-01  0.19738E-01
  0.16864E-01  0.15409E-01  0.15508E-01  0.17356E-01  0.19251E-01  0.18954E-01
  0.15620E-01  0.11915E-01  0.93493E-02  0.72704E-02  0.41380E-02  0.23896E-02
  0.50092E-02  0.32561E-02 -0.55322E-02 -0.10393E-01 -0.10411E-01 -0.83126E-02
 -0.56910E-02 -0.34550E-02 -0.26421E-02 -0.34020E-02 -0.40695E-02  0.93752E-03
  0.76111E-02  0.80526E-02  0.37695E-02 -0.44048E-03 -0.37092E-02 -0.57499E-02
 -0.72573E-02 -0.82431E-02 -0.89824E-02 -0.93946E-02 -0.99950E-02 -0.10553E-01
 -0.11592E-01 -0.12753E-01 -0.13940E-01 -0.14726E-01 -0.15850E-01 -0.17905E-01
 -0.20728E-01 -0.22205E-01 -0.21928E-01 -0.20127E-01 -0.17823E-01 -0.15764E-01
 -0.15141E-01 -0.15886E-01 -0.18095E-01 -0.20658E-01 -0.22919E-01 -0.24388E-01
 -0.25644E-01 -0.26665E-01 -0.28110E-01 -0.29755E-01 -0.31523E-01 -0.33165E-01
 -0.35498E-01 -0.38498E-01 -0.42161E-01 -0.45135E-01 -0.46900E-01 -0.47138E-01
 -0.46080E-01 -0.43784E-01 -0.41524E-01 -0.39469E-01 -0.38129E-01 -0.37380E-01
 -0.37284E-01 -0.37323E-01 -0.37432E-01 -0.36757E-01 -0.35811E-01 -0.34752E-01
 -0.33784E-01 -0.32334E-01 -0.30641E-01 -0.28424E-01 -0.26041E-01 -0.23288E-01
 -0.20688E-01 -0.17948E-01 -0.15323E-01 -0.12570E-01 -0.10007E-01 -0.72608E-02
 -0.49019E-02 -0.30972E-02 -0.25431E-02 -0.29406E-02 -0.40410E-02 -0.46616E-02
 -0.45333E-02 -0.33863E-02 -0.20795E-02 -0.69983E-03  0.27520E-03  0.90085E-03
  0.53039E-03 -0.41848E-03 -0.19176E-02 -0.32597E-02 -0.43044E-02 -0.43400E-02
 -0.35384E-02 -0.17346E-02  0.35652E-03  0.30361E-02  0.59156E-02  0.86085E-02
  0.10485E-01  0.12492E-01  0.14371E-01  0.15758E-01  0.15974E-01  0.15493E-01
  0.14206E-01  0.12599E-01  0.10711E-01  0.94713E-02  0.88544E-02  0.90913E-02
  0.95273E-02  0.99235E-02  0.95403E-02  0.88759E-02  0.79452E-02  0.73978E-02
  0.70025E-02  0.68863E-02  0.65005E-02  0.62293E-02  0.57698E-02  0.51751E-02
  0.39541E-02  0.29198E-02  0.22090E-02  0.20918E-02  0.18426E-02  0.15868E-02
  0.10510E-02  0.63405E-03  0.69017E-04 -0.17647E-04  0.18980E-03  0.10356E-02
  0.19345E-02  0.28776E-02  0.32240E-02  0.32215E-02  0.26795E-02  0.24403E-02
  0.23549E-02  0.26509E-02  0.28435E-02  0.32144E-02  0.34028E-02  0.36537E-02
  0.35439E-02  0.36139E-02  0.38106E-02  0.47092E-02  0.57005E-02  0.65440E-02
  0.66199E-02  0.63697E-02  0.57088E-02  0.53350E-02  0.50514E-02  0.50711E-02
  0.49012E-02  0.49430E-02  0.48272E-02  0.47976E-02  0.44325E-02  0.40972E-02
  0.34350E-02  0.28281E-02  0.20030E-02  0.15025E-02  0.97563E-03  0.67066E-03
  0.23075E-03  0.81136E-04 -0.19230E-03 -0.34718E-03 -0.80816E-03 -0.10866E-02
 -0.14832E-02 -0.16420E-02 -0.19523E-02 -0.20465E-02 -0.23656E-02 -0.25756E-02
 -0.29566E-02 -0.29579E-02 -0.29127E-02 -0.25412E-02 -0.22538E-02 -0.17338E-02
 -0.14346E-02 -0.98386E-03 -0.74021E-03 -0.33875E-03 -0.15173E-03  0.18439E-03
  0.29872E-03  0.57794E-03  0.64116E-03  0.87033E-03  0.88726E-03  0.10811E-02
  0.10699E-02  0.12420E-02  0.12186E-02  0.13940E-02  0.13866E-02  0.15847E-02
  0.16018E-02  0.18272E-02  0.18645E-02  0.21064E-02  0.21534E-02  0.23834E-02
  0.24171E-02  0.26200E-02  0.26068E-02  0.27575E-02  0.26837E-02  0.27606E-02
  0.26089E-02  0.26076E-02  0.23792E-02  0.23181E-02  0.20283E-02  0.19135E-02
  0.15910E-02  0.14604E-02  0.11232E-02  0.10010E-02  0.69016E-03  0.59954E-03
  0.33612E-03  0.30346E-03  0.87456E-04  0.11486E-03 -0.36083E-04  0.30032E-04
 -0.80080E-04  0.29508E-04 -0.61112E-04  0.59006E-04 -0.17122E-04  0.95226E-04
 -0.25020E-05  0.90879E-04 -0.29338E-04  0.38328E-04 -0.11162E-03 -0.64274E-04
 -0.23247E-03 -0.20481E-03 -0.38122E-03 -0.35140E-03 -0.52367E-03 -0.48100E-03
 -0.63932E-03 -0.57046E-03 -0.69964E-03 -0.60850E-03 -0.71241E-03 -0.59993E-03
 -0.68456E-03 -0.55120E-03 -0.62404E-03 -0.47868E-03 -0.55081E-03 -0.41014E-03
 -0.48785E-03 -0.35456E-03 -0.43973E-03 -0.32203E-03 -0.41989E-03 -0.31031E-03
 -0.41251E-03 -0.30820E-03 -0.41304E-03 -0.30240E-03 -0.40408E-03 -0.29029E-03
 -0.38617E-03 -0.26447E-03 -0.34587E-03 -0.21009E-03 -0.28284E-03 -0.13872E-03
 -0.20711E-03 -0.60059E-04 -0.12486E-03  0.17913E-04 -0.53737E-04  0.81133E-04
 -0.10545E-05  0.12012E-03  0.28449E-04  0.14330E-03  0.35825E-04  0.14119E-03
  0.24761E-04  0.11906E-03  0.12507E-05  0.98650E-04 -0.23971E-04  0.74350E-04
 -0.45308E-04  0.53474E-04 -0.61245E-04  0.42410E-04 -0.70859E-04  0.35166E-04
 -0.74547E-04  0.38591E-04 -0.68620E-04  0.41883E-04 -0.64274E-04  0.53211E-04
 -0.56898E-04  0.55581E-04 -0.56371E-04  0.58084E-04 -0.52223E-04  0.61113E-04
 -0.50576E-04  0.63220E-04 -0.49523E-04  0.60060E-04 -0.52684E-04  0.62166E-04
 -0.51630E-04  0.59006E-04 -0.50576E-04  0.57952E-04 -0.51630E-04  0.56898E-04
 -0.55318E-04  0.59532E-04 -0.53737E-04  0.55318E-04 -0.54528E-04  0.55581E-04
