  Time his fn  matched to spectrum:Sclrel_output/sta3.h.freq.tgt                
   3804    5.00000E-03  0  0  0.  0.  0.  0.  0.
 -0.22358E+00 -0.22327E+00 -0.22311E+00 -0.22313E+00 -0.22333E+00 -0.22369E+00
 -0.22426E+00 -0.22505E+00 -0.22607E+00 -0.22731E+00 -0.22879E+00 -0.23054E+00
 -0.23258E+00 -0.23479E+00 -0.23720E+00 -0.23900E+00 -0.23594E+00 -0.22253E+00
 -0.20644E+00 -0.22258E+00 -0.31710E+00 -0.50079E+00 -0.71131E+00 -0.80870E+00
 -0.63875E+00 -0.23655E+00 -0.11518E-01 -0.41240E+00 -0.11047E+01 -0.91125E+00
  0.76275E+00  0.28452E+01  0.38759E+01  0.39172E+01  0.39097E+01  0.36033E+01
  0.19389E+01 -0.51520E+00 -0.14219E+01  0.34719E+00  0.28692E+01  0.31556E+01
  0.35447E+00 -0.37258E+01 -0.69181E+01 -0.85177E+01 -0.85372E+01 -0.65165E+01
 -0.27315E+01  0.17545E+00 -0.58754E+00 -0.37330E+01 -0.45299E+01 -0.67734E+00
  0.48463E+01  0.78896E+01  0.77174E+01  0.62334E+01  0.49792E+01  0.45115E+01
  0.49855E+01  0.57952E+01  0.56733E+01  0.40833E+01  0.18772E+01  0.21821E+00
 -0.65275E+00 -0.12862E+01 -0.17486E+01 -0.98571E+00  0.16369E+01  0.44031E+01
  0.45040E+01  0.14681E+01 -0.23939E+01 -0.52402E+01 -0.71098E+01 -0.75233E+01
 -0.49007E+01 -0.49271E+00  0.45545E+00 -0.43081E+01 -0.81013E+01 -0.22458E+01
  0.11056E+02  0.19073E+02  0.13955E+02  0.20054E+01 -0.59333E+01 -0.77758E+01
 -0.85218E+01 -0.99491E+01 -0.91883E+01 -0.56811E+01 -0.26464E+01 -0.15613E+01
 -0.44974E+00  0.19304E+01  0.41773E+01  0.45226E+01  0.22147E+01 -0.24848E+01
 -0.76219E+01 -0.10588E+02 -0.11167E+02 -0.10916E+02 -0.90160E+01 -0.29283E+01
  0.58750E+01  0.11629E+02  0.11334E+02  0.79364E+01  0.52999E+01  0.40395E+01
  0.36082E+01  0.47800E+01  0.77227E+01  0.97974E+01  0.80811E+01  0.36290E+01
  0.45333E+00 -0.23242E+00 -0.14575E+01 -0.46361E+01 -0.62888E+01 -0.37908E+01
 -0.63089E+00 -0.15275E+01 -0.50199E+01 -0.55702E+01 -0.15861E+01  0.26007E+01
  0.22031E+01 -0.30966E+01 -0.91294E+01 -0.10923E+02 -0.72582E+01 -0.17970E+01
  0.13147E+01  0.18330E+01  0.18791E+01  0.25388E+01  0.47100E+01  0.10121E+02
  0.17432E+02  0.20430E+02  0.15013E+02  0.54357E+01 -0.11304E+01 -0.33544E+01
 -0.40617E+01 -0.32139E+01  0.10778E+01  0.66470E+01  0.88184E+01  0.72047E+01
  0.53740E+01  0.39413E+01 -0.18989E+00 -0.65685E+01 -0.93334E+01 -0.57858E+01
 -0.13378E+01 -0.10133E+01 -0.83554E+00  0.52891E+01  0.13354E+02  0.12961E+02
  0.29459E+01 -0.59591E+01 -0.63167E+01 -0.31494E+01 -0.37455E+01 -0.61380E+01
 -0.43032E+01  0.48536E+00  0.12666E+01 -0.33953E+01 -0.63812E+01 -0.12445E+01
  0.92082E+01  0.15542E+02  0.12438E+02  0.54298E+01  0.47252E+01  0.12270E+02
  0.19052E+02  0.17325E+02  0.10591E+02  0.69071E+01  0.65265E+01  0.30809E+01
 -0.43496E+01 -0.80202E+01 -0.26012E+01  0.62997E+01  0.90609E+01  0.41006E+01
 -0.19535E+01 -0.43930E+01 -0.50080E+01 -0.62674E+01 -0.65888E+01 -0.39588E+01
 -0.38516E+00  0.27225E+00 -0.31459E+01 -0.84514E+01 -0.12314E+02 -0.12379E+02
 -0.88932E+01 -0.41855E+01  0.47991E+00  0.59821E+01  0.11857E+02  0.14555E+02
  0.11936E+02  0.71421E+01  0.47037E+01  0.43742E+01  0.21800E+01 -0.32036E+01
 -0.80589E+01 -0.75141E+01 -0.16709E+00  0.10522E+02  0.18308E+02  0.18818E+02
  0.13405E+02  0.72883E+01  0.34945E+01  0.71917E+00 -0.27400E+01 -0.68405E+01
 -0.12463E+02 -0.20676E+02 -0.26839E+02 -0.22068E+02 -0.57498E+01  0.92880E+01
  0.10843E+02  0.24183E+01 -0.24261E+01  0.23589E+01  0.99508E+01  0.11419E+02
  0.60384E+01 -0.20591E+00 -0.30027E+01 -0.37272E+01 -0.51529E+01 -0.63397E+01
 -0.47199E+01 -0.16228E+01 -0.15280E+01 -0.53749E+01 -0.79173E+01 -0.35454E+01
  0.62975E+01  0.13221E+02  0.10689E+02  0.20308E+01 -0.33920E+01 -0.19155E+01
  0.16504E+01  0.34652E+01  0.53258E+01  0.78142E+01  0.75487E+01  0.47602E+01
  0.47796E+01  0.78661E+01  0.61742E+01 -0.42757E+01 -0.16048E+02 -0.19651E+02
 -0.14606E+02 -0.71146E+01 -0.20994E+01 -0.15111E+01 -0.55944E+01 -0.11305E+02
 -0.12881E+02 -0.81836E+01 -0.21326E+01 -0.21070E+00 -0.96872E+00  0.71008E+00
  0.48735E+01  0.65709E+01  0.43229E+01  0.27725E+01  0.53988E+01  0.92667E+01
  0.94010E+01  0.49979E+01 -0.10543E+01 -0.61822E+01 -0.92712E+01 -0.97948E+01
 -0.82296E+01 -0.62991E+01 -0.49053E+01 -0.26514E+01  0.17239E+01  0.57929E+01
  0.44392E+01 -0.44286E+01 -0.15833E+02 -0.20987E+02 -0.15527E+02 -0.38035E+01
  0.59538E+01  0.97145E+01  0.95475E+01  0.87877E+01  0.78188E+01  0.48493E+01
 -0.56309E+00 -0.54224E+01 -0.52462E+01  0.68271E+00  0.64632E+01  0.44705E+01
 -0.61877E+01 -0.18116E+02 -0.23099E+02 -0.19263E+02 -0.10670E+02 -0.23910E+01
  0.28048E+01  0.47269E+01  0.49881E+01  0.60755E+01  0.95548E+01  0.13886E+02
  0.14963E+02  0.10719E+02  0.44562E+01  0.11632E+01  0.12475E+01  0.10568E+01
 -0.81445E+00 -0.11631E+01  0.33813E+01  0.11651E+02  0.18411E+02  0.19294E+02
  0.15046E+02  0.10043E+02  0.69652E+01  0.48550E+01  0.20916E+01 -0.12206E+01
 -0.37284E+01 -0.39256E+01 -0.15350E+01  0.82568E+00 -0.10114E+01 -0.77747E+01
 -0.14079E+02 -0.13138E+02 -0.47361E+01  0.33673E+01  0.37816E+01 -0.20201E+01
 -0.60191E+01 -0.36222E+01  0.19360E+01  0.53016E+01  0.53751E+01  0.41766E+01
  0.29076E+01  0.21814E+01  0.31591E+01  0.52115E+01  0.56343E+01  0.47366E+01
  0.71757E+01  0.14585E+02  0.20986E+02  0.19662E+02  0.11253E+02  0.14043E+01
 -0.60482E+01 -0.99256E+01 -0.96683E+01 -0.70131E+01 -0.65839E+01 -0.10187E+02
 -0.12582E+02 -0.65881E+01  0.83756E+01  0.24129E+02  0.29707E+02  0.21101E+02
  0.64032E+01 -0.18554E+01 -0.12438E+01 -0.15125E+01 -0.96094E+01 -0.19043E+02
 -0.19295E+02 -0.10169E+02 -0.25463E+00  0.45078E+01  0.40927E+01  0.19868E+00
 -0.40852E+01 -0.31611E+01  0.56334E+01  0.16665E+02  0.21228E+02  0.17178E+02
  0.99059E+01  0.54871E+01  0.58787E+01  0.88952E+01  0.10364E+02  0.79850E+01
  0.45023E+01  0.47829E+01  0.89364E+01  0.11555E+02  0.91810E+01  0.50165E+01
  0.37596E+01  0.47202E+01  0.32306E+01 -0.26374E+01 -0.94402E+01 -0.11920E+02
 -0.78979E+01 -0.31962E+00  0.50039E+01  0.45548E+01  0.32888E+00 -0.27831E+01
 -0.23630E+01  0.74402E-01  0.23604E+01  0.42504E+01  0.64391E+01  0.86807E+01
  0.95282E+01  0.74081E+01  0.23255E+01 -0.30204E+01 -0.47223E+01 -0.12286E+01
  0.48669E+01  0.88914E+01  0.77758E+01  0.24916E+01 -0.22917E+01 -0.23279E+01
  0.76086E+00 -0.73521E-01 -0.86430E+01 -0.18787E+02 -0.20009E+02 -0.96244E+01
  0.39055E+01  0.10014E+02  0.55232E+01 -0.49495E+01 -0.14021E+02 -0.15316E+02
 -0.66407E+01  0.65008E+01  0.13564E+02  0.97669E+01  0.19766E+01 -0.59030E+00
  0.15149E+01  0.43665E+00 -0.75406E+01 -0.18770E+02 -0.27247E+02 -0.27259E+02
 -0.15671E+02  0.15701E+01  0.10037E+02  0.18020E+01 -0.13889E+02 -0.21625E+02
 -0.17354E+02 -0.85694E+01 -0.18484E+01  0.20863E+01  0.35254E+01  0.14750E+01
 -0.32109E+01 -0.67686E+01 -0.61264E+01 -0.24883E+01 -0.83347E+00 -0.50667E+01
 -0.12720E+02 -0.16131E+02 -0.11227E+02 -0.33025E+01 -0.79083E+00 -0.48224E+01
 -0.88388E+01 -0.78289E+01 -0.41804E+01 -0.37271E+01 -0.84732E+01 -0.14468E+02
 -0.15950E+02 -0.10426E+02 -0.55165E-01  0.10361E+02  0.16279E+02  0.16201E+02
  0.12965E+02  0.10775E+02  0.97282E+01  0.54992E+01 -0.36393E+01 -0.12251E+02
 -0.13371E+02 -0.67961E+01  0.14895E+01  0.68052E+01  0.93782E+01  0.11403E+02
  0.14093E+02  0.17732E+02  0.21159E+02  0.20616E+02  0.12836E+02  0.52963E+00
 -0.87123E+01 -0.10321E+02 -0.64643E+01 -0.15794E+01  0.14301E+01  0.10255E-01
 -0.71742E+01 -0.15588E+02 -0.16379E+02 -0.66737E+01  0.55882E+01  0.11098E+02
  0.98423E+01  0.82172E+01  0.96797E+01  0.13953E+02  0.21678E+02  0.32547E+02
  0.41036E+02  0.40686E+02  0.30979E+02  0.15616E+02 -0.16843E+01 -0.16678E+02
 -0.27351E+02 -0.39169E+02 -0.57047E+02 -0.71165E+02 -0.64568E+02 -0.37043E+02
 -0.81091E+01  0.58769E+01  0.60790E+01  0.10408E+01 -0.68179E+01 -0.19449E+02
 -0.34046E+02 -0.42190E+02 -0.38213E+02 -0.25544E+02 -0.13585E+02 -0.85863E+01
 -0.76648E+01 -0.27389E+01  0.88955E+01  0.20511E+02  0.24580E+02  0.21452E+02
  0.15461E+02  0.71001E+01 -0.50763E+01 -0.18115E+02 -0.26461E+02 -0.28710E+02
 -0.28543E+02 -0.30584E+02 -0.38027E+02 -0.51248E+02 -0.64411E+02 -0.65693E+02
 -0.46844E+02 -0.13621E+02  0.17206E+02  0.32669E+02  0.33142E+02  0.27518E+02
  0.22491E+02  0.17856E+02  0.10810E+02  0.37194E+01  0.48259E+01  0.16908E+02
  0.27770E+02  0.21078E+02 -0.24395E+01 -0.24252E+02 -0.30901E+02 -0.28044E+02
 -0.27762E+02 -0.30285E+02 -0.24289E+02 -0.24117E+01  0.26217E+02  0.40118E+02
  0.27122E+02  0.26970E+01 -0.33482E+01  0.17340E+02  0.42521E+02  0.52794E+02
  0.55963E+02  0.64917E+02  0.70636E+02  0.57310E+02  0.29163E+02  0.97511E+00
 -0.25493E+02 -0.54331E+02 -0.75484E+02 -0.74024E+02 -0.53411E+02 -0.30804E+02
 -0.13860E+02  0.72762E+00  0.99935E+01  0.49922E+01 -0.11576E+02 -0.24573E+02
 -0.25429E+02 -0.19383E+02 -0.13715E+02 -0.10634E+02 -0.11310E+02 -0.16521E+02
 -0.24099E+02 -0.32261E+02 -0.40879E+02 -0.44201E+02 -0.31139E+02 -0.13082E+01
  0.26627E+02  0.32599E+02  0.17844E+02  0.18098E+01 -0.23744E+01 -0.88740E+00
 -0.53316E+01 -0.14792E+02 -0.19858E+02 -0.18281E+02 -0.15559E+02 -0.13536E+02
 -0.10394E+02 -0.10100E+02 -0.19680E+02 -0.36210E+02 -0.46306E+02 -0.40936E+02
 -0.24491E+02 -0.76615E+01  0.37222E+01  0.11144E+02  0.18757E+02  0.29179E+02
  0.42172E+02  0.55221E+02  0.65464E+02  0.70631E+02  0.66832E+02  0.49312E+02
  0.21010E+02 -0.39308E+01 -0.13984E+02 -0.15168E+02 -0.23462E+02 -0.42817E+02
 -0.57739E+02 -0.50077E+02 -0.21146E+02  0.57990E+01  0.92035E+01 -0.51328E+01
 -0.10934E+02  0.29727E+01  0.18490E+02  0.18788E+02  0.13011E+02  0.12277E+02
  0.40312E+01 -0.20415E+02 -0.34347E+02 -0.10274E+02  0.29581E+02  0.40124E+02
  0.19097E+02 -0.38465E+00 -0.13691E+02 -0.44604E+02 -0.79571E+02 -0.66909E+02
 -0.29486E+01  0.44867E+02  0.36811E+02  0.19409E+02  0.35665E+02  0.41983E+02
 -0.15665E+02 -0.96779E+02 -0.11764E+03 -0.70860E+02 -0.19985E+02 -0.20117E+01
  0.14673E+01  0.10182E+02  0.14359E+02  0.19366E+01 -0.14753E+02 -0.12539E+02
  0.12116E+02  0.36158E+02  0.34778E+02  0.77110E+01 -0.23641E+02 -0.39440E+02
 -0.33914E+02 -0.11645E+02  0.14971E+02  0.26866E+02  0.11647E+02 -0.19818E+02
 -0.39053E+02 -0.29091E+02 -0.47986E+01  0.25413E+01 -0.17550E+02 -0.39262E+02
 -0.29387E+02  0.12032E+02  0.52001E+02  0.65563E+02  0.59568E+02  0.49845E+02
  0.35861E+02  0.13855E+02 -0.22981E+01  0.39506E+01  0.24796E+02  0.37665E+02
  0.37686E+02  0.39049E+02  0.43877E+02  0.33003E+02 -0.31474E+01 -0.43496E+02
 -0.60305E+02 -0.51011E+02 -0.32167E+02 -0.14804E+02 -0.29211E+01 -0.42257E+01
 -0.19908E+02 -0.30532E+02 -0.15190E+02  0.18170E+02  0.42351E+02  0.47593E+02
  0.46958E+02  0.47329E+02  0.39015E+02  0.18378E+02  0.44973E+00  0.38822E+00
  0.14754E+02  0.27337E+02  0.25454E+02  0.83318E+01 -0.12423E+02 -0.19624E+02
 -0.61209E+01  0.14884E+02  0.21519E+02  0.50141E+01 -0.25161E+02 -0.53167E+02
 -0.66634E+02 -0.60468E+02 -0.39993E+02 -0.17985E+02 -0.35752E+01  0.36776E+01
  0.72903E+01  0.71410E+01  0.49575E+01  0.12342E+02  0.40457E+02  0.76452E+02
  0.85243E+02  0.51738E+02  0.11107E+02  0.12904E+02  0.57832E+02  0.95923E+02
  0.89984E+02  0.54795E+02  0.26082E+02  0.15916E+02  0.12727E+02  0.59008E+01
 -0.61652E+01 -0.21252E+02 -0.34441E+02 -0.41161E+02 -0.43699E+02 -0.46264E+02
 -0.45142E+02 -0.36805E+02 -0.31708E+02 -0.42131E+02 -0.57500E+02 -0.49575E+02
 -0.61829E+01  0.50367E+02  0.83426E+02  0.77464E+02  0.49181E+02  0.23578E+02
  0.83099E+01 -0.19665E+01 -0.70810E+01 -0.97270E+00  0.14185E+02  0.23914E+02
  0.13184E+02 -0.17657E+02 -0.46694E+02 -0.45632E+02 -0.90298E+01  0.36297E+02
  0.60011E+02  0.59232E+02  0.48202E+02  0.28094E+02 -0.77987E+01 -0.43385E+02
 -0.45516E+02 -0.54597E+01  0.48708E+02  0.82573E+02  0.79788E+02  0.42535E+02
 -0.10969E+02 -0.52226E+02 -0.61741E+02 -0.43890E+02 -0.19215E+02 -0.63632E+01
 -0.11050E+02 -0.25796E+02 -0.37746E+02 -0.37666E+02 -0.24070E+02 -0.44145E+01
  0.82180E+01  0.89888E+01  0.11486E+02  0.30910E+02  0.57394E+02  0.63855E+02
  0.43807E+02  0.22726E+02  0.23762E+02  0.37248E+02  0.35775E+02  0.11614E+02
 -0.12444E+02 -0.10938E+02  0.11701E+02  0.25039E+02  0.10749E+02 -0.15358E+02
 -0.27871E+02 -0.24235E+02 -0.17874E+02 -0.11731E+02  0.14891E+01  0.19261E+02
  0.28159E+02  0.22302E+02  0.10399E+02  0.31463E+01  0.10334E+01 -0.26163E+01
 -0.89697E+01 -0.87230E+01  0.59685E+01  0.28216E+02  0.42681E+02  0.42155E+02
  0.29886E+02  0.10403E+02 -0.12504E+02 -0.33376E+02 -0.48673E+02 -0.57609E+02
 -0.55131E+02 -0.34136E+02 -0.85564E+00  0.23883E+02  0.28683E+02  0.27294E+02
  0.37957E+02  0.53497E+02  0.48474E+02  0.17090E+02 -0.13666E+02 -0.18016E+02
 -0.43750E+01 -0.21991E+00 -0.12782E+02 -0.21629E+02 -0.99608E+01  0.11405E+02
  0.18792E+02  0.55932E+01 -0.13885E+02 -0.26381E+02 -0.32294E+02 -0.36329E+02
 -0.38010E+02 -0.35227E+02 -0.29217E+02 -0.22241E+02 -0.14490E+02 -0.63273E+01
 -0.15313E+01 -0.38021E+01 -0.82555E+01 -0.17197E+01  0.21865E+02  0.49269E+02
  0.59053E+02  0.43952E+02  0.16088E+02 -0.74591E+01 -0.17014E+02 -0.11761E+02
  0.90583E+00  0.80936E+01  0.33362E+01 -0.39850E+01 -0.89521E+00  0.77287E+01
  0.22733E+01 -0.23881E+02 -0.52206E+02 -0.61679E+02 -0.52308E+02 -0.35845E+02
 -0.14390E+02  0.14927E+02  0.40602E+02  0.43095E+02  0.21731E+02 -0.27365E+01
 -0.15457E+02 -0.20620E+02 -0.24542E+02 -0.24273E+02 -0.19702E+02 -0.20160E+02
 -0.28831E+02 -0.32474E+02 -0.17626E+02  0.94823E+01  0.28617E+02  0.28306E+02
  0.15949E+02  0.65888E+01  0.79442E+01  0.16265E+02  0.20521E+02  0.10109E+02
 -0.14343E+02 -0.36258E+02 -0.37591E+02 -0.21545E+02 -0.11445E+02 -0.19670E+02
 -0.26790E+02 -0.62382E+01  0.33116E+02  0.49167E+02  0.19470E+02 -0.26205E+02
 -0.41637E+02 -0.18929E+02  0.11251E+02  0.25665E+02  0.33479E+02  0.53587E+02
  0.82533E+02  0.94756E+02  0.71761E+02  0.23532E+02 -0.23165E+02 -0.53321E+02
 -0.71503E+02 -0.82881E+02 -0.82279E+02 -0.68258E+02 -0.51874E+02 -0.40974E+02
 -0.30527E+02 -0.19112E+02 -0.18666E+02 -0.34751E+02 -0.51732E+02 -0.51518E+02
 -0.35522E+02 -0.15718E+02  0.51786E+01  0.31199E+02  0.57505E+02  0.70141E+02
  0.61170E+02  0.37436E+02  0.13696E+02  0.14319E+01  0.54639E+01  0.24507E+02
  0.46654E+02  0.49633E+02  0.21513E+02 -0.17965E+02 -0.34599E+02 -0.22189E+02
 -0.80880E+01 -0.10432E+02 -0.13735E+02 -0.50955E+00  0.16074E+02  0.13707E+02
 -0.12304E+00  0.28305E+01  0.28929E+02  0.53244E+02  0.54618E+02  0.40604E+02
  0.31399E+02  0.32559E+02  0.31631E+02  0.15664E+02 -0.12360E+02 -0.33264E+02
 -0.30296E+02 -0.94505E+01  0.69438E+01  0.95968E+01  0.11215E+02  0.19849E+02
  0.22139E+02  0.65492E+01 -0.14145E+02 -0.20898E+02 -0.15183E+02 -0.97952E+01
 -0.42747E+01  0.99588E+01  0.25473E+02  0.21255E+02 -0.66974E+01 -0.31536E+02
 -0.21490E+02  0.23268E+02  0.66478E+02  0.73284E+02  0.48184E+02  0.25595E+02
  0.25430E+02  0.35610E+02  0.40009E+02  0.41770E+02  0.49825E+02  0.60325E+02
  0.63019E+02  0.54567E+02  0.37714E+02  0.16334E+02 -0.35322E+01 -0.14582E+02
 -0.13803E+02 -0.49462E+01  0.40779E+01  0.68766E+01  0.57381E+01  0.10821E+02
  0.25836E+02  0.38027E+02  0.30315E+02  0.13938E+01 -0.31138E+02 -0.46149E+02
 -0.37648E+02 -0.20413E+02 -0.12330E+02 -0.96903E+01  0.70977E+01  0.38182E+02
  0.53651E+02  0.31592E+02 -0.10075E+02 -0.36732E+02 -0.38590E+02 -0.30982E+02
 -0.22876E+02 -0.55451E+01  0.26540E+02  0.57641E+02  0.62921E+02  0.36458E+02
 -0.21906E+01 -0.31743E+02 -0.47506E+02 -0.50569E+02 -0.35869E+02 -0.43395E+01
  0.26100E+02  0.36393E+02  0.27426E+02  0.17587E+02  0.23760E+02  0.46395E+02
  0.67314E+02  0.62832E+02  0.26202E+02 -0.22993E+02 -0.56730E+02 -0.63459E+02
 -0.50907E+02 -0.30552E+02 -0.92228E+01  0.69651E+01  0.11252E+02  0.76807E+00
 -0.21320E+02 -0.44959E+02 -0.52476E+02 -0.29388E+02  0.16165E+02  0.54680E+02
  0.65414E+02  0.57207E+02  0.51416E+02  0.53563E+02  0.53163E+02  0.45511E+02
  0.38813E+02  0.37625E+02  0.32665E+02  0.15800E+02 -0.34189E+01 -0.73391E+01
  0.67571E+01  0.22667E+02  0.25198E+02  0.17689E+02  0.14768E+02  0.19127E+02
  0.14179E+02 -0.12242E+02 -0.42133E+02 -0.40589E+02  0.26089E+00  0.44198E+02
  0.49758E+02  0.17639E+02 -0.14596E+02 -0.20449E+02 -0.11977E+02 -0.17866E+02
 -0.45953E+02 -0.75102E+02 -0.79795E+02 -0.54279E+02 -0.13243E+02  0.21821E+02
  0.36282E+02  0.33310E+02  0.32006E+02  0.43637E+02  0.52185E+02  0.32762E+02
 -0.13609E+02 -0.59343E+02 -0.81435E+02 -0.77324E+02 -0.53570E+02 -0.18220E+02
  0.13632E+02  0.23578E+02  0.63972E+01 -0.23880E+02 -0.46250E+02 -0.48167E+02
 -0.33025E+02 -0.17760E+02 -0.19465E+02 -0.38991E+02 -0.58609E+02 -0.58091E+02
 -0.33094E+02  0.10465E+01  0.21671E+02  0.16485E+02 -0.73772E+01 -0.30710E+02
 -0.40185E+02 -0.39256E+02 -0.38908E+02 -0.38961E+02 -0.27113E+02  0.23615E+00
  0.27202E+02  0.37266E+02  0.33865E+02  0.31029E+02  0.30529E+02  0.21693E+02
  0.11116E+01 -0.21439E+02 -0.39494E+02 -0.59668E+02 -0.86301E+02 -0.10527E+03
 -0.96922E+02 -0.62789E+02 -0.25639E+02 -0.16999E+01  0.11849E+02  0.18109E+02
  0.77711E+01 -0.22842E+02 -0.55564E+02 -0.67527E+02 -0.55349E+02 -0.30004E+02
  0.50485E+00  0.27982E+02  0.37103E+02  0.22773E+02  0.52701E+01  0.72712E+01
  0.22284E+02  0.24564E+02  0.57396E+01 -0.15398E+02 -0.18927E+02 -0.66645E+01
  0.40064E+01  0.19134E+01 -0.73677E+01 -0.11412E+02 -0.66085E+01 -0.93760E+00
 -0.35411E+01 -0.16500E+02 -0.36889E+02 -0.59584E+02 -0.73750E+02 -0.65486E+02
 -0.35196E+02 -0.67341E+01 -0.52976E+01 -0.27494E+02 -0.44858E+02 -0.36729E+02
 -0.10487E+02  0.10673E+02  0.12853E+02  0.29027E+01 -0.15259E+01  0.81896E+01
  0.22138E+02  0.23711E+02  0.96605E+01 -0.64905E+01 -0.11830E+02 -0.87547E+01
 -0.84936E+01 -0.14368E+02 -0.17366E+02 -0.82809E+01  0.97291E+01  0.22986E+02
  0.20188E+02  0.10444E+01 -0.26078E+02 -0.49992E+02 -0.60336E+02 -0.52115E+02
 -0.30636E+02 -0.93366E+01  0.26236E+00 -0.30526E+01 -0.10730E+02 -0.12034E+02
 -0.23462E+01  0.13815E+02  0.27648E+02  0.34877E+02  0.39117E+02  0.43850E+02
  0.42303E+02  0.23847E+02 -0.64723E+01 -0.27808E+02 -0.32187E+02 -0.37339E+02
 -0.54183E+02 -0.59502E+02 -0.28617E+02  0.17736E+02  0.33969E+02  0.12944E+02
 -0.55954E+01  0.77499E+01  0.36995E+02  0.51491E+02  0.46767E+02  0.39517E+02
  0.37723E+02  0.34462E+02  0.23562E+02  0.37549E+01 -0.26203E+02 -0.58734E+02
 -0.72429E+02 -0.56962E+02 -0.34778E+02 -0.35195E+02 -0.53940E+02 -0.61116E+02
 -0.44089E+02 -0.19947E+02 -0.61687E+01  0.10713E+01  0.13067E+02  0.25379E+02
  0.19733E+02 -0.10061E+02 -0.41441E+02 -0.42204E+02 -0.69194E+01  0.37527E+02
  0.65468E+02  0.74817E+02  0.71000E+02  0.52846E+02  0.27046E+02  0.12327E+02
  0.11933E+02  0.30873E+01 -0.27670E+02 -0.57230E+02 -0.54547E+02 -0.23332E+02
  0.44456E+01  0.10209E+02  0.44069E+01  0.30636E+01  0.74197E+01  0.10603E+02
  0.10117E+02  0.70252E+01  0.20506E+01 -0.23080E+01 -0.32251E+01 -0.50742E+01
 -0.18066E+02 -0.44141E+02 -0.69367E+02 -0.76210E+02 -0.60872E+02 -0.32937E+02
  0.68283E-03  0.37340E+02  0.71778E+02  0.82990E+02  0.58491E+02  0.15509E+02
 -0.13569E+02 -0.17942E+02 -0.15975E+02 -0.23845E+02 -0.32803E+02 -0.25155E+02
  0.26934E+00  0.28415E+02  0.45347E+02  0.47078E+02  0.36952E+02  0.21718E+02
  0.80130E+01 -0.22012E+01 -0.12158E+02 -0.23335E+02 -0.28927E+02 -0.18301E+02
  0.10424E+02  0.44484E+02  0.64936E+02  0.60744E+02  0.35785E+02  0.45995E+01
 -0.19137E+02 -0.31811E+02 -0.37348E+02 -0.37292E+02 -0.29037E+02 -0.14146E+02
 -0.52297E+00  0.70018E+01  0.12074E+02  0.19327E+02  0.26103E+02  0.25590E+02
  0.16104E+02  0.28760E+01 -0.10373E+02 -0.26728E+02 -0.47251E+02 -0.60207E+02
 -0.49535E+02 -0.16856E+02  0.13673E+02  0.18355E+02 -0.26109E+01 -0.28605E+02
 -0.41096E+02 -0.38015E+02 -0.28891E+02 -0.21942E+02 -0.17221E+02 -0.95412E+01
  0.37873E+01  0.18372E+02  0.26164E+02  0.23673E+02  0.16601E+02  0.15764E+02
  0.26844E+02  0.42958E+02  0.49144E+02  0.35128E+02  0.16396E+01 -0.41989E+02
 -0.78238E+02 -0.85227E+02 -0.55706E+02 -0.10438E+02  0.21855E+02  0.35508E+02
  0.45572E+02  0.58591E+02  0.60893E+02  0.37054E+02 -0.95424E+01 -0.57259E+02
 -0.83657E+02 -0.81199E+02 -0.57913E+02 -0.26461E+02  0.46858E+01  0.31278E+02
  0.49860E+02  0.57833E+02  0.56521E+02  0.50480E+02  0.40337E+02  0.19750E+02
 -0.13228E+02 -0.44126E+02 -0.51950E+02 -0.31833E+02  0.52396E+00  0.25176E+02
  0.30399E+02  0.14638E+02 -0.10734E+02 -0.23698E+02 -0.11087E+02  0.13452E+02
  0.22390E+02  0.55840E+01 -0.21456E+02 -0.38614E+02 -0.37873E+02 -0.20679E+02
  0.60734E+01  0.28888E+02  0.34147E+02  0.18942E+02 -0.94394E+01 -0.41189E+02
 -0.66287E+02 -0.75863E+02 -0.67199E+02 -0.44470E+02 -0.16296E+02  0.29946E+01
 -0.17685E+00 -0.18981E+02 -0.24300E+02  0.16921E+00  0.30455E+02  0.30899E+02
  0.41551E+01 -0.11374E+02  0.60781E+01  0.36304E+02  0.50118E+02  0.44930E+02
  0.35705E+02  0.28567E+02  0.19284E+02  0.81744E+01  0.22338E+01  0.50219E+01
  0.11626E+02  0.11917E+02 -0.27259E+01 -0.31193E+02 -0.59664E+02 -0.70749E+02
 -0.56950E+02 -0.26063E+02  0.24346E+01  0.82563E+01 -0.13092E+02 -0.44669E+02
 -0.68097E+02 -0.84880E+02 -0.10350E+03 -0.11080E+03 -0.79730E+02 -0.10488E+02
  0.56538E+02  0.80307E+02  0.59625E+02  0.26509E+02  0.11230E+02  0.22141E+02
  0.49015E+02  0.74202E+02  0.82287E+02  0.66163E+02  0.28974E+02 -0.15659E+02
 -0.46130E+02 -0.44466E+02 -0.12573E+02  0.26399E+02  0.47549E+02  0.42850E+02
  0.21379E+02  0.53459E+00 -0.18842E+01  0.19501E+02  0.46220E+02  0.48787E+02
  0.19396E+02 -0.16326E+02 -0.28115E+02 -0.14009E+02  0.46179E+01  0.13515E+02
  0.17010E+02  0.21793E+02  0.25804E+02  0.26659E+02  0.25758E+02  0.17958E+02
 -0.65866E+01 -0.40288E+02 -0.54081E+02 -0.30530E+02  0.10706E+02  0.35246E+02
  0.32520E+02  0.18639E+02  0.10491E+02  0.11908E+02  0.18361E+02  0.21280E+02
  0.12916E+02 -0.32767E+01 -0.13972E+02 -0.12508E+02 -0.28517E+01  0.13190E+02
  0.34370E+02  0.46327E+02  0.33649E+02  0.76679E+01 -0.31153E+01  0.63575E+01
  0.12749E+02  0.52395E+01  0.33793E+01  0.21611E+02  0.40692E+02  0.34978E+02
  0.13161E+02  0.88671E+01  0.34894E+02  0.66119E+02  0.70637E+02  0.44954E+02
  0.13559E+02  0.16365E+01  0.12881E+02  0.30242E+02  0.34831E+02  0.24464E+02
  0.13241E+02  0.12307E+02  0.16060E+02  0.12994E+02  0.49193E+01  0.49243E+01
  0.17358E+02  0.30430E+02  0.31985E+02  0.25975E+02  0.27279E+02  0.40598E+02
  0.50380E+02  0.38467E+02  0.10936E+02 -0.27830E+01  0.16302E+02  0.51867E+02
  0.70523E+02  0.59070E+02  0.32688E+02  0.10916E+02 -0.10338E+01 -0.79506E+01
 -0.14364E+02 -0.22264E+02 -0.31970E+02 -0.40913E+02 -0.42419E+02 -0.27608E+02
  0.74211E+01  0.52293E+02  0.84116E+02  0.85887E+02  0.61801E+02  0.29445E+02
  0.14651E+01 -0.18881E+02 -0.29962E+02 -0.28429E+02 -0.13263E+02  0.97435E+01
  0.26853E+02  0.23319E+02 -0.80184E+00 -0.23930E+02 -0.21920E+02  0.64346E+01
  0.39659E+02  0.56538E+02  0.52381E+02  0.35992E+02  0.17724E+02  0.20867E+01
 -0.10214E+02 -0.16263E+02 -0.10563E+02  0.80978E+01  0.33214E+02  0.58472E+02
  0.85054E+02  0.11268E+03  0.12808E+03  0.11675E+03  0.84369E+02  0.49712E+02
  0.16337E+02 -0.29296E+02 -0.85874E+02 -0.12211E+03 -0.10794E+03 -0.52593E+02
  0.20272E+01  0.24735E+02  0.21060E+02  0.14734E+02  0.14299E+02  0.82159E+01
 -0.92808E+01 -0.21467E+02 -0.11001E+02  0.58747E+01 -0.10817E+02 -0.67302E+02
 -0.10778E+03 -0.72915E+02  0.19986E+02  0.90164E+02  0.90682E+02  0.54287E+02
  0.29179E+02  0.13242E+02 -0.18506E+02 -0.58390E+02 -0.78588E+02 -0.77261E+02
 -0.73667E+02 -0.68770E+02 -0.46228E+02 -0.99170E+01  0.12223E+02  0.95544E+01
  0.78779E+01  0.31415E+02  0.62106E+02  0.58764E+02  0.13822E+02 -0.31651E+02
 -0.39093E+02 -0.18673E+02 -0.60571E+01 -0.91747E+01 -0.37675E+01  0.23938E+02
  0.53684E+02  0.55314E+02  0.25924E+02 -0.44113E+01 -0.70827E+01  0.80009E+01
  0.25640E+01 -0.38265E+02 -0.80468E+02 -0.79258E+02 -0.29738E+02  0.33164E+02
  0.74221E+02  0.84359E+02  0.75058E+02  0.60211E+02  0.44766E+02  0.25760E+02
  0.16936E+01 -0.23542E+02 -0.49617E+02 -0.82897E+02 -0.11864E+03 -0.13069E+03
 -0.10031E+03 -0.49984E+02 -0.24532E+02 -0.39190E+02 -0.68462E+02 -0.83987E+02
 -0.78766E+02 -0.53819E+02 -0.70019E+01  0.53860E+02  0.10149E+03  0.10742E+03
  0.69543E+02  0.14275E+02 -0.30582E+02 -0.57773E+02 -0.71213E+02 -0.66380E+02
 -0.35778E+02  0.91093E+01  0.38655E+02  0.34009E+02  0.58902E+01 -0.19204E+02
 -0.23189E+02 -0.51982E+01  0.21812E+02  0.37430E+02  0.27118E+02 -0.19445E+01
 -0.24754E+02 -0.25759E+02 -0.15716E+02 -0.12853E+02 -0.15687E+02 -0.92758E+01
  0.59354E+01  0.11006E+02 -0.19177E+01 -0.16091E+02 -0.17064E+02 -0.16360E+02
 -0.32560E+02 -0.60643E+02 -0.75835E+02 -0.60740E+02 -0.19426E+02  0.26526E+02
  0.50470E+02  0.40301E+02  0.11397E+02 -0.70435E+01 -0.90158E+00  0.17055E+02
  0.22250E+02  0.28249E+01 -0.27386E+02 -0.39859E+02 -0.20541E+02  0.11944E+02
  0.24313E+02  0.56371E+01 -0.23082E+02 -0.39437E+02 -0.45784E+02 -0.53390E+02
 -0.54023E+02 -0.29504E+02  0.14617E+02  0.48561E+02  0.54308E+02  0.41487E+02
  0.23643E+02  0.73613E+00 -0.26381E+02 -0.44403E+02 -0.44894E+02 -0.41397E+02
 -0.54364E+02 -0.81488E+02 -0.94095E+02 -0.67087E+02 -0.76502E+01  0.49961E+02
  0.74844E+02  0.61486E+02  0.27464E+02 -0.36955E+01 -0.19050E+02 -0.19541E+02
 -0.83409E+01  0.17207E+02  0.54664E+02  0.85590E+02  0.90848E+02  0.74560E+02
  0.57882E+02  0.50403E+02  0.44824E+02  0.40209E+02  0.49274E+02  0.73367E+02
  0.86983E+02  0.63686E+02  0.11628E+02 -0.31632E+02 -0.39044E+02 -0.15712E+02
  0.18117E+02  0.47199E+02  0.59791E+02  0.46815E+02  0.16525E+02 -0.38679E+01
  0.20704E+01  0.16489E+02  0.10148E+02 -0.16505E+02 -0.35403E+02 -0.33226E+02
 -0.27796E+02 -0.35242E+02 -0.44230E+02 -0.36210E+02 -0.13105E+02  0.92977E+01
  0.21915E+02  0.24432E+02  0.17644E+02  0.41486E+01 -0.96019E+01 -0.18499E+02
 -0.22680E+02 -0.23960E+02 -0.21897E+02 -0.15220E+02 -0.52757E+01  0.34401E+01
  0.62226E+01  0.19141E+01 -0.59955E+01 -0.11906E+02 -0.11835E+02 -0.60712E+01
 -0.16754E+00 -0.14630E+01 -0.94794E+01 -0.10539E+02  0.95694E+01  0.44337E+02
  0.66251E+02  0.54551E+02  0.18924E+02 -0.11403E+02 -0.20642E+02 -0.20560E+02
 -0.28796E+02 -0.41467E+02 -0.37670E+02 -0.91574E+01  0.26892E+02  0.48818E+02
  0.53166E+02  0.49411E+02  0.42141E+02  0.28137E+02  0.57622E+01 -0.18489E+02
 -0.29914E+02 -0.14771E+02  0.21736E+02  0.51021E+02  0.48901E+02  0.27390E+02
  0.22594E+02  0.45856E+02  0.63443E+02  0.38786E+02 -0.17437E+02 -0.61206E+02
 -0.72808E+02 -0.70682E+02 -0.65515E+02 -0.38274E+02  0.17605E+02  0.65830E+02
  0.68136E+02  0.32966E+02 -0.38325E+01 -0.27180E+02 -0.43776E+02 -0.51989E+02
 -0.42811E+02 -0.24271E+02 -0.16522E+02 -0.22472E+02 -0.25508E+02 -0.16734E+02
 -0.40737E+01  0.56682E+01  0.13100E+02  0.14460E+02  0.38446E+01 -0.13122E+02
 -0.27202E+02 -0.42728E+02 -0.63415E+02 -0.68022E+02 -0.32202E+02  0.26503E+02
  0.60314E+02  0.52706E+02  0.34979E+02  0.33376E+02  0.34247E+02  0.19684E+02
  0.69485E+01  0.20922E+02  0.44868E+02  0.38001E+02 -0.10494E+01 -0.29819E+02
 -0.27277E+02 -0.19009E+02 -0.22433E+02 -0.14028E+02  0.22712E+02  0.58146E+02
  0.56726E+02  0.24415E+02 -0.11045E+02 -0.37894E+02 -0.54495E+02 -0.50357E+02
 -0.16705E+02  0.35270E+02  0.79960E+02  0.96171E+02  0.79739E+02  0.45986E+02
  0.18448E+02  0.77286E+01  0.38799E+01 -0.75851E+01 -0.29512E+02 -0.54982E+02
 -0.74552E+02 -0.76905E+02 -0.53011E+02 -0.92363E+01  0.28217E+02  0.32543E+02
  0.33213E+01 -0.31559E+02 -0.45364E+02 -0.38866E+02 -0.31435E+02 -0.32853E+02
 -0.37299E+02 -0.42212E+02 -0.53037E+02 -0.63116E+02 -0.49795E+02 -0.61426E+01
  0.37623E+02  0.42299E+02  0.38905E+01 -0.42242E+02 -0.58453E+02 -0.38361E+02
 -0.58513E+01  0.11160E+02  0.32202E+01 -0.18304E+02 -0.34470E+02 -0.35448E+02
 -0.28606E+02 -0.29616E+02 -0.44038E+02 -0.60093E+02 -0.60485E+02 -0.38393E+02
 -0.22161E+01  0.30618E+02  0.43733E+02  0.31591E+02  0.37271E+01 -0.22827E+02
 -0.38933E+02 -0.50239E+02 -0.65877E+02 -0.82571E+02 -0.85506E+02 -0.65224E+02
 -0.29136E+02  0.41033E+01  0.18827E+02  0.12268E+02 -0.71689E+01 -0.31185E+02
 -0.56305E+02 -0.73137E+02 -0.62836E+02 -0.19257E+02  0.33465E+02  0.61808E+02
  0.57015E+02  0.37927E+02  0.26462E+02  0.28412E+02  0.33404E+02  0.29747E+02
  0.19895E+02  0.15001E+02  0.12459E+02 -0.50968E+01 -0.39979E+02 -0.66809E+02
 -0.62791E+02 -0.34631E+02 -0.33142E+01  0.21299E+02  0.38450E+02  0.45155E+02
  0.40415E+02  0.31157E+02  0.25633E+02  0.27102E+02  0.35246E+02  0.44906E+02
  0.44085E+02  0.26191E+02  0.58725E+01  0.55611E+01  0.19971E+02  0.15261E+02
 -0.22503E+02 -0.59606E+02 -0.56167E+02 -0.18405E+02  0.13056E+02  0.14868E+02
 -0.13980E+01 -0.15733E+02 -0.21467E+02 -0.20806E+02 -0.16838E+02 -0.13888E+02
 -0.13250E+02 -0.68916E+01  0.12295E+02  0.33775E+02  0.37195E+02  0.18916E+02
 -0.19961E+01 -0.63936E+01  0.67038E+01  0.25031E+02  0.37004E+02  0.39690E+02
  0.37878E+02  0.34878E+02  0.25336E+02  0.38248E+01 -0.21062E+02 -0.32833E+02
 -0.29044E+02 -0.25560E+02 -0.34517E+02 -0.46892E+02 -0.42952E+02 -0.15925E+02
  0.19324E+02  0.40479E+02  0.37980E+02  0.20289E+02  0.18017E+01 -0.96732E+01
 -0.12782E+02 -0.69806E+01  0.55353E+01  0.15283E+02  0.13374E+02  0.55416E+01
  0.75413E+01  0.22584E+02  0.33876E+02  0.25119E+02 -0.61305E+00 -0.26998E+02
 -0.40290E+02 -0.34510E+02 -0.10892E+02  0.19562E+02  0.38711E+02  0.35280E+02
  0.14999E+02 -0.88857E+01 -0.31009E+02 -0.49766E+02 -0.52259E+02 -0.22715E+02
  0.28420E+02  0.62814E+02  0.55224E+02  0.22684E+02 -0.20516E+01 -0.13326E+02
 -0.27876E+02 -0.45611E+02 -0.43283E+02 -0.12709E+02  0.18318E+02  0.17214E+02
 -0.14707E+02 -0.47906E+02 -0.60214E+02 -0.53215E+02 -0.38003E+02 -0.20539E+02
 -0.38160E+01  0.91334E+01  0.21394E+02  0.40540E+02  0.63404E+02  0.73531E+02
  0.61651E+02  0.36952E+02  0.11734E+02 -0.10893E+02 -0.28842E+02 -0.36644E+02
 -0.33803E+02 -0.24102E+02 -0.74663E+01  0.13014E+02  0.20790E+02  0.76371E+00
 -0.37568E+02 -0.68150E+02 -0.78519E+02 -0.76865E+02 -0.69272E+02 -0.47224E+02
 -0.66846E+01  0.32518E+02  0.42629E+02  0.21373E+02 -0.65803E+01 -0.23626E+02
 -0.36050E+02 -0.49485E+02 -0.48394E+02 -0.17302E+02  0.29815E+02  0.59727E+02
  0.56711E+02  0.36832E+02  0.24904E+02  0.26418E+02  0.28480E+02  0.24232E+02
  0.24124E+02  0.37141E+02  0.50938E+02  0.44326E+02  0.17606E+02 -0.33220E+01
  0.16383E+01  0.20295E+02  0.21902E+02 -0.52436E+01 -0.39091E+02 -0.49724E+02
 -0.32512E+02 -0.81649E+01  0.52072E+01  0.84521E+01  0.94019E+01  0.76891E+01
 -0.56499E+00 -0.11240E+02 -0.16017E+02 -0.15090E+02 -0.17321E+02 -0.26658E+02
 -0.34278E+02 -0.28354E+02 -0.10368E+02  0.24869E+01 -0.56604E+01 -0.30151E+02
 -0.46982E+02 -0.36879E+02 -0.76424E+01  0.12956E+02  0.90380E+01 -0.54518E+01
 -0.76230E+01  0.31996E+01  0.96329E+01  0.66298E+01  0.58605E+01  0.83778E+01
 -0.14078E+01 -0.25932E+02 -0.42613E+02 -0.33730E+02 -0.86833E+01  0.14095E+02
  0.29913E+02  0.41946E+02  0.46709E+02  0.37904E+02  0.19028E+02  0.27506E+01
 -0.26687E+01 -0.15514E+01 -0.30335E+01 -0.82779E+01 -0.10443E+02 -0.64247E+01
 -0.21970E+01 -0.50197E+01 -0.16132E+02 -0.32790E+02 -0.50982E+02 -0.62900E+02
 -0.58162E+02 -0.33567E+02  0.88033E+00  0.29844E+02  0.44527E+02  0.44502E+02
  0.33170E+02  0.17058E+02  0.53182E+01  0.30300E+01  0.73355E+01  0.14417E+02
  0.24692E+02  0.35640E+02  0.37571E+02  0.25976E+02  0.12107E+02  0.10241E+02
  0.17358E+02  0.16965E+02  0.41544E+01 -0.44272E+01  0.72330E+01  0.28800E+02
  0.31088E+02  0.12233E+01 -0.38556E+02 -0.55113E+02 -0.42969E+02 -0.27057E+02
 -0.26159E+02 -0.28251E+02 -0.12440E+02  0.16213E+02  0.31907E+02  0.24439E+02
  0.10546E+02  0.64326E+01  0.73198E+01  0.10911E+01 -0.12661E+02 -0.26104E+02
 -0.35650E+02 -0.41733E+02 -0.40893E+02 -0.27141E+02 -0.29189E+01  0.17577E+02
  0.21875E+02  0.13279E+02  0.53316E+01  0.53217E+01  0.11194E+02  0.20838E+02
  0.32377E+02  0.36523E+02  0.22703E+02 -0.41683E+01 -0.24860E+02 -0.28267E+02
 -0.22890E+02 -0.21290E+02 -0.23000E+02 -0.20540E+02 -0.14498E+02 -0.11608E+02
 -0.11187E+02 -0.52651E+01  0.69657E+01  0.15381E+02  0.13528E+02  0.92829E+01
  0.15316E+02  0.32580E+02  0.48425E+02  0.50801E+02  0.40588E+02  0.28014E+02
  0.20320E+02  0.17096E+02  0.14613E+02  0.87335E+01 -0.34599E+01 -0.17794E+02
 -0.22079E+02 -0.94774E+01  0.98730E+01  0.19723E+02  0.18684E+02  0.20478E+02
  0.32308E+02  0.43181E+02  0.38869E+02  0.21135E+02  0.47792E+01 -0.79569E+00
 -0.14057E-02 -0.21327E+01 -0.10514E+02 -0.21967E+02 -0.31731E+02 -0.34782E+02
 -0.25152E+02 -0.34641E+00  0.31940E+02  0.56112E+02  0.60707E+02  0.46573E+02
  0.23711E+02  0.34737E+01 -0.72528E+01 -0.79281E+01 -0.46668E+00  0.15425E+02
  0.38613E+02  0.60138E+02  0.67587E+02  0.55878E+02  0.29627E+02 -0.24445E+01
 -0.31647E+02 -0.50876E+02 -0.55093E+02 -0.40298E+02 -0.58591E+01  0.37490E+02
  0.66523E+02  0.62482E+02  0.31147E+02 -0.20155E+01 -0.20191E+02 -0.29302E+02
 -0.36943E+02 -0.29956E+02  0.83276E+01  0.62138E+02  0.87432E+02  0.60699E+02
  0.77153E+01 -0.26617E+02 -0.24108E+02 -0.48805E-01  0.20838E+02  0.22667E+02
  0.43543E+01 -0.18787E+02 -0.24439E+02 -0.42085E+01  0.25167E+02  0.36930E+02
  0.22579E+02  0.60236E+00 -0.84690E+01 -0.90870E+01 -0.18749E+02 -0.33455E+02
 -0.27727E+02  0.52952E+01  0.35133E+02  0.29284E+02 -0.60484E+01 -0.35162E+02
 -0.34359E+02 -0.10722E+02  0.14103E+02  0.25140E+02  0.21380E+02  0.12058E+02
  0.67069E+01  0.62245E+01  0.50028E+01  0.72901E+00 -0.20252E+01  0.23940E+01
  0.13392E+02  0.21187E+02  0.12865E+02 -0.12251E+02 -0.35147E+02 -0.35370E+02
 -0.15697E+02  0.37427E+01  0.14029E+02  0.23548E+02  0.35323E+02  0.37227E+02
  0.21002E+02 -0.25244E+01 -0.14158E+02 -0.51519E+01  0.17318E+02  0.37632E+02
  0.43583E+02  0.34996E+02  0.21019E+02  0.87151E+01 -0.10302E+01 -0.60090E+01
 -0.19269E-01  0.17750E+02  0.37111E+02  0.45558E+02  0.38952E+02  0.20957E+02
 -0.35482E+01 -0.29622E+02 -0.49104E+02 -0.52617E+02 -0.37337E+02 -0.10835E+02
  0.14147E+02  0.28183E+02  0.29216E+02  0.20624E+02  0.69714E+01 -0.82844E+01
 -0.22057E+02 -0.30954E+02 -0.32663E+02 -0.26629E+02 -0.12926E+02  0.60854E+01
  0.21847E+02  0.23376E+02  0.96497E+01 -0.63215E+01 -0.10911E+02 -0.35827E+01
  0.71445E+01  0.15874E+02  0.21380E+02  0.18835E+02  0.31397E+00 -0.32796E+02
 -0.61652E+02 -0.61846E+02 -0.28188E+02  0.15753E+02  0.38974E+02  0.32137E+02
  0.95057E+01 -0.13465E+02 -0.31699E+02 -0.39521E+02 -0.25539E+02  0.10082E+02
  0.44101E+02  0.50747E+02  0.29786E+02  0.29433E+01 -0.13298E+02 -0.19305E+02
 -0.20148E+02 -0.16283E+02 -0.89827E+01 -0.41783E+01 -0.47341E+01 -0.51489E+01
 -0.73726E+00  0.24521E+01 -0.39923E+01 -0.15033E+02 -0.16640E+02 -0.69473E+01
  0.21651E+00 -0.34378E+01 -0.99894E+01 -0.12325E+02 -0.17104E+02 -0.30492E+02
 -0.43378E+02 -0.43328E+02 -0.33609E+02 -0.29425E+02 -0.38571E+02 -0.52955E+02
 -0.58032E+02 -0.46560E+02 -0.23187E+02  0.13537E+01  0.17971E+02  0.22797E+02
  0.18052E+02  0.10281E+02  0.37734E+01 -0.37159E+01 -0.14069E+02 -0.20964E+02
 -0.17241E+02 -0.76827E+01 -0.48618E+01 -0.12906E+02 -0.23806E+02 -0.29223E+02
 -0.27957E+02 -0.21966E+02 -0.12544E+02 -0.14746E+01  0.89646E+01  0.16584E+02
  0.17022E+02  0.60083E+01 -0.11156E+02 -0.19823E+02 -0.13568E+02 -0.38414E+01
 -0.30245E+01 -0.67544E+01 -0.49398E+01 -0.20570E+01 -0.10770E+02 -0.28580E+02
 -0.36812E+02 -0.25901E+02 -0.95184E+01 -0.68356E+01 -0.18041E+02 -0.25440E+02
 -0.16267E+02  0.24487E+01  0.13179E+02  0.80284E+01 -0.41809E+01 -0.10361E+02
 -0.76537E+01 -0.21894E+01  0.19341E+01  0.52025E+01  0.58577E+01 -0.51081E+00
 -0.11960E+02 -0.17890E+02 -0.10441E+02  0.58640E+01  0.20013E+02  0.26647E+02
  0.27550E+02  0.23787E+02  0.13519E+02 -0.16900E+01 -0.14786E+02 -0.20496E+02
 -0.20859E+02 -0.20519E+02 -0.19088E+02 -0.11935E+02  0.14798E+01  0.13506E+02
  0.15483E+02  0.81876E+01  0.20085E+01  0.57756E+01  0.17206E+02  0.25685E+02
  0.23468E+02  0.11707E+02 -0.48532E+01 -0.23915E+02 -0.41680E+02 -0.48300E+02
 -0.36106E+02 -0.10548E+02  0.13852E+02  0.26093E+02  0.22749E+02  0.66600E+01
 -0.10301E+02 -0.10765E+02  0.98986E+01  0.32798E+02  0.34562E+02  0.15013E+02
 -0.53316E+01 -0.13445E+02 -0.15158E+02 -0.16180E+02 -0.83587E+01  0.13979E+02
  0.35644E+02  0.34953E+02  0.13227E+02 -0.48741E+01 -0.16016E+01  0.15041E+02
  0.24763E+02  0.17111E+02 -0.30229E+01 -0.23441E+02 -0.33050E+02 -0.26498E+02
 -0.56056E+01  0.22231E+02  0.46588E+02  0.56406E+02  0.45019E+02  0.16688E+02
 -0.14379E+02 -0.34771E+02 -0.39780E+02 -0.30196E+02 -0.80741E+01  0.20046E+02
  0.42076E+02  0.48970E+02  0.41526E+02  0.25951E+02  0.78312E+01 -0.67897E+01
 -0.11661E+02 -0.73971E+01 -0.28209E+01 -0.32806E+01 -0.23912E+01  0.79468E+01
  0.23203E+02  0.29778E+02  0.21771E+02  0.70345E+01 -0.40269E+01 -0.92497E+01
 -0.12276E+02 -0.14745E+02 -0.14489E+02 -0.92067E+01  0.15408E+00  0.92690E+01
  0.14249E+02  0.15848E+02  0.17530E+02  0.19191E+02  0.16862E+02  0.96598E+01
  0.26269E+01  0.88600E+00  0.41146E+01  0.79175E+01  0.85124E+01  0.61962E+01
  0.53672E+01  0.91059E+01  0.13201E+02  0.99476E+01 -0.11490E+01 -0.12009E+02
 -0.16400E+02 -0.15375E+02 -0.11246E+02 -0.34411E+01  0.69137E+01  0.14279E+02
  0.14318E+02  0.88810E+01  0.24363E+01 -0.38690E+01 -0.10851E+02 -0.15444E+02
 -0.11671E+02  0.80180E+00  0.13350E+02  0.16869E+02  0.11616E+02  0.62395E+01
  0.85779E+01  0.19439E+02  0.33588E+02  0.43341E+02  0.41830E+02  0.27409E+02
  0.66079E+01 -0.10770E+02 -0.21118E+02 -0.27784E+02 -0.31112E+02 -0.24037E+02
 -0.25046E+01  0.23788E+02  0.37317E+02  0.29440E+02  0.81793E+01 -0.10742E+02
 -0.18070E+02 -0.15523E+02 -0.95419E+01 -0.48324E+01 -0.34634E+01 -0.56236E+01
 -0.86076E+01 -0.65762E+01  0.53599E+01  0.24333E+02  0.38542E+02  0.37426E+02
  0.23203E+02  0.78892E+01 -0.31099E+00 -0.22133E+01 -0.85915E+00  0.35841E+01
  0.11307E+02  0.18936E+02  0.19438E+02  0.77081E+01 -0.11539E+02 -0.24977E+02
 -0.24488E+02 -0.16500E+02 -0.12618E+02 -0.14525E+02 -0.14136E+02 -0.67245E+01
  0.19287E+01  0.19354E+01 -0.99575E+01 -0.25559E+02 -0.30100E+02 -0.15202E+02
  0.10462E+02  0.27305E+02  0.24872E+02  0.11997E+02  0.43522E+01  0.70307E+01
  0.13249E+02  0.14740E+02  0.81494E+01 -0.46153E+01 -0.16548E+02 -0.18684E+02
 -0.84111E+01  0.66376E+01  0.16320E+02  0.17281E+02  0.11870E+02  0.18399E+01
 -0.11749E+02 -0.24662E+02 -0.31138E+02 -0.29717E+02 -0.23435E+02 -0.13685E+02
  0.14397E+01  0.19732E+02  0.30158E+02  0.22739E+02  0.37290E+01 -0.61133E+01
  0.61162E+01  0.28128E+02  0.34887E+02  0.18702E+02 -0.17168E+01 -0.56632E+01
  0.55330E+01  0.14932E+02  0.11266E+02 -0.37473E+01 -0.21885E+02 -0.35454E+02
 -0.42059E+02 -0.43803E+02 -0.38350E+02 -0.17059E+02  0.19008E+02  0.48652E+02
  0.49662E+02  0.25667E+02  0.29452E+01  0.93924E+00  0.13572E+02  0.20593E+02
  0.12272E+02 -0.86053E+00 -0.26382E+01  0.85744E+01  0.19371E+02  0.19571E+02
  0.13070E+02  0.77350E+01  0.29418E+01 -0.58895E+01 -0.16294E+02 -0.21251E+02
 -0.20348E+02 -0.20109E+02 -0.22743E+02 -0.21402E+02 -0.93511E+01  0.10457E+02
  0.27926E+02  0.35077E+02  0.30097E+02  0.15154E+02 -0.47703E+01 -0.20640E+02
 -0.22188E+02 -0.68187E+01  0.15271E+02  0.28979E+02  0.28119E+02  0.19085E+02
  0.11194E+02  0.67860E+01  0.17062E+01 -0.77953E+01 -0.21317E+02 -0.35579E+02
 -0.45449E+02 -0.43765E+02 -0.25739E+02  0.26873E+01  0.25191E+02  0.29539E+02
  0.19913E+02  0.10636E+02  0.10382E+02  0.16826E+02  0.23211E+02  0.24347E+02
  0.17874E+02  0.51214E+01 -0.80863E+01 -0.13666E+02 -0.71093E+01  0.61364E+01
  0.11825E+02  0.42660E+00 -0.20195E+02 -0.32231E+02 -0.28424E+02 -0.17897E+02
 -0.11199E+02 -0.87491E+01 -0.71037E+01 -0.73782E+01 -0.10634E+02 -0.11586E+02
 -0.55359E+01  0.21305E+01  0.21701E+01 -0.46669E+01 -0.87047E+01 -0.58818E+01
 -0.25725E+01 -0.47659E+01 -0.10420E+02 -0.14623E+02 -0.15009E+02 -0.97027E+01
  0.29531E+01  0.19079E+02  0.29297E+02  0.28014E+02  0.19415E+02  0.11808E+02
  0.86826E+01  0.71020E+01  0.28036E+01 -0.47539E+01 -0.11679E+02 -0.13631E+02
 -0.11111E+02 -0.10097E+02 -0.16051E+02 -0.27683E+02 -0.37576E+02 -0.38088E+02
 -0.26802E+02 -0.97503E+01 -0.34666E-01 -0.74374E+01 -0.25612E+02 -0.35001E+02
 -0.23838E+02 -0.22903E+01  0.90595E+01  0.10345E+01 -0.17915E+02 -0.32982E+02
 -0.35511E+02 -0.26542E+02 -0.12542E+02  0.74331E+00  0.10612E+02  0.16092E+02
  0.17931E+02  0.19419E+02  0.23215E+02  0.27294E+02  0.27530E+02  0.23686E+02
  0.18842E+02  0.13609E+02  0.54674E+01 -0.60077E+01 -0.17832E+02 -0.28227E+02
 -0.37426E+02 -0.42059E+02 -0.34638E+02 -0.13260E+02  0.12370E+02  0.29038E+02
  0.30595E+02  0.18036E+02 -0.42066E+01 -0.27195E+02 -0.38754E+02 -0.31405E+02
 -0.69011E+01  0.26087E+02  0.52790E+02  0.54844E+02  0.24704E+02 -0.20815E+02
 -0.52242E+02 -0.55886E+02 -0.42741E+02 -0.28597E+02 -0.16341E+02 -0.16951E+01
  0.14215E+02  0.25851E+02  0.31076E+02  0.30744E+02  0.23385E+02  0.70297E+01
 -0.13677E+02 -0.27490E+02 -0.25778E+02 -0.96015E+01  0.12101E+02  0.28296E+02
  0.31086E+02  0.20732E+02  0.64361E+01 -0.26226E+01 -0.78269E+01 -0.17334E+02
 -0.30582E+02 -0.34156E+02 -0.18806E+02  0.51143E+01  0.18223E+02  0.16099E+02
  0.12048E+02  0.14315E+02  0.12837E+02 -0.31676E+01 -0.23885E+02 -0.28166E+02
 -0.10658E+02  0.12501E+02  0.24148E+02  0.20959E+02  0.86295E+01 -0.54362E+01
 -0.12951E+02 -0.90352E+01  0.11950E+01  0.75060E+01  0.71255E+01  0.56836E+01
  0.57251E+01  0.29349E+01 -0.36076E+01 -0.61060E+01  0.65442E+00  0.88177E+01
  0.68504E+01 -0.36348E+01 -0.96527E+01 -0.48897E+01  0.33166E+01  0.68713E+01
  0.75935E+01  0.98407E+01  0.10303E+02  0.40838E+01 -0.32914E+01 -0.82534E+00
  0.10809E+02  0.17470E+02  0.10234E+02 -0.26475E+01 -0.75709E+01 -0.30545E+01
  0.55155E+00 -0.40234E+01 -0.11514E+02 -0.10564E+02  0.22316E+01  0.17424E+02
  0.23573E+02  0.20416E+02  0.16657E+02  0.16036E+02  0.12511E+02  0.95403E+00
 -0.13912E+02 -0.23081E+02 -0.23364E+02 -0.18483E+02 -0.13542E+02 -0.11050E+02
 -0.97291E+01 -0.54122E+01  0.44684E+01  0.16120E+02  0.22044E+02  0.20237E+02
  0.17961E+02  0.23284E+02  0.34565E+02  0.41421E+02  0.35263E+02  0.16855E+02
 -0.44169E+01 -0.16824E+02 -0.15094E+02 -0.56352E+01 -0.20966E+00 -0.32496E+01
 -0.94165E+01 -0.13823E+02 -0.18278E+02 -0.25290E+02 -0.31462E+02 -0.30099E+02
 -0.17603E+02  0.33933E+01  0.23537E+02  0.30160E+02  0.17978E+02 -0.23041E+01
 -0.13038E+02 -0.95701E+01 -0.45178E+01 -0.97084E+01 -0.20735E+02 -0.23475E+02
 -0.10862E+02  0.10403E+02  0.25988E+02  0.24802E+02  0.81702E+01 -0.10278E+02
 -0.17840E+02 -0.15831E+02 -0.14874E+02 -0.18597E+02 -0.19185E+02 -0.10071E+02
  0.39577E+01  0.13262E+02  0.15346E+02  0.15008E+02  0.14679E+02  0.10812E+02
  0.48014E+00 -0.13737E+02 -0.27221E+02 -0.37530E+02 -0.43170E+02 -0.41363E+02
 -0.29598E+02 -0.89647E+01  0.13820E+02  0.27914E+02  0.25339E+02  0.87244E+01
 -0.10567E+02 -0.23562E+02 -0.29659E+02 -0.30727E+02 -0.25440E+02 -0.13825E+02
 -0.26396E+01  0.26792E+00 -0.45599E+01 -0.94344E+01 -0.98053E+01 -0.85957E+01
 -0.94022E+01 -0.95949E+01 -0.33711E+01  0.94985E+01  0.20792E+02  0.21528E+02
  0.12321E+02  0.32442E+01  0.16935E+01  0.41005E+01  0.33687E+01  0.55085E+00
  0.28278E+01  0.11270E+02  0.16999E+02  0.11194E+02 -0.45699E+01 -0.19692E+02
 -0.24665E+02 -0.19101E+02 -0.10953E+02 -0.85281E+01 -0.13047E+02 -0.18588E+02
 -0.18396E+02 -0.10680E+02  0.37314E+00  0.78879E+01  0.79573E+01  0.34783E+01
  0.96097E+00  0.29204E+01  0.60786E+01  0.74644E+01  0.76607E+01  0.65638E+01
  0.20523E+01 -0.35756E+01 -0.25210E+01  0.70138E+01  0.13963E+02  0.74105E+01
 -0.71057E+01 -0.13885E+02 -0.86471E+01 -0.36876E+01 -0.90390E+01 -0.17844E+02
 -0.16503E+02 -0.32096E+01  0.10922E+02  0.16263E+02  0.13398E+02  0.81798E+01
  0.39414E+01  0.35851E+00 -0.31783E+01 -0.52508E+01 -0.28969E+01  0.55733E+01
  0.17257E+02  0.24881E+02  0.22639E+02  0.12496E+02  0.28932E+01 -0.27209E+00
 -0.19650E+00 -0.47460E+01 -0.15926E+02 -0.26306E+02 -0.26900E+02 -0.16820E+02
 -0.36409E+01  0.47383E+01  0.66493E+01  0.52897E+01  0.34288E+01  0.15289E+01
 -0.85987E-01 -0.13888E+00  0.17526E+01  0.39707E+01  0.48635E+01  0.48040E+01
  0.48901E+01  0.40701E+01 -0.56060E+00 -0.96694E+01 -0.18888E+02 -0.21359E+02
 -0.13540E+02  0.10769E+01  0.13816E+02  0.17520E+02  0.12688E+02  0.65109E+01
  0.54080E+01  0.96249E+01  0.15218E+02  0.18825E+02  0.19333E+02  0.17059E+02
  0.13014E+02  0.80334E+01  0.19619E+01 -0.51638E+01 -0.10678E+02 -0.97412E+01
 -0.34571E+00  0.12341E+02  0.19234E+02  0.16238E+02  0.76838E+01 -0.64339E+00
 -0.80457E+01 -0.14622E+02 -0.15155E+02 -0.48522E+01  0.10895E+02  0.20448E+02
  0.19555E+02  0.14729E+02  0.12944E+02  0.13477E+02  0.10868E+02  0.22281E+01
 -0.97065E+01 -0.18776E+02 -0.19455E+02 -0.99373E+01  0.61535E+01  0.19979E+02
  0.22410E+02  0.12310E+02 -0.13170E+01 -0.82533E+01 -0.67204E+01 -0.19815E+01
  0.20140E+01  0.56630E+01  0.93509E+01  0.10713E+02  0.85445E+01  0.63621E+01
  0.81801E+01  0.12105E+02  0.12239E+02  0.64603E+01 -0.15488E+01 -0.76836E+01
 -0.10754E+02 -0.10396E+02 -0.59835E+01  0.11669E+01  0.72828E+01  0.88218E+01
  0.47969E+01 -0.26580E+01 -0.93522E+01 -0.12296E+02 -0.12162E+02 -0.10781E+02
 -0.75116E+01 -0.12763E+01  0.53542E+01  0.80954E+01  0.60853E+01  0.21273E+01
 -0.80948E+00 -0.13017E+01  0.22573E-02 -0.19163E+00 -0.50848E+01 -0.12535E+02
 -0.15324E+02 -0.93428E+01  0.24300E+00  0.42227E+01  0.54963E+00 -0.29054E+01
  0.17963E+01  0.12895E+02  0.21764E+02  0.23178E+02  0.18687E+02  0.11045E+02
  0.66348E+00 -0.11016E+02 -0.18847E+02 -0.17878E+02 -0.85959E+01  0.36064E+01
  0.13185E+02  0.17114E+02  0.14075E+02  0.40572E+01 -0.99013E+01 -0.21229E+02
 -0.23286E+02 -0.14151E+02  0.15347E+01  0.14853E+02  0.17873E+02  0.96161E+01
 -0.18010E+01 -0.51298E+01  0.28030E+01  0.12357E+02  0.11198E+02 -0.32846E+00
 -0.88187E+01 -0.50564E+01  0.43088E+01  0.75668E+01  0.46535E+01  0.42461E+01
  0.72551E+01  0.46110E+01 -0.67094E+01 -0.15919E+02 -0.12396E+02 -0.31748E+00
  0.72457E+01  0.45720E+01 -0.22339E+01 -0.44342E+01  0.48903E+00  0.80018E+01
  0.11458E+02  0.85326E+01  0.38441E+01  0.36979E+01  0.81359E+01  0.10759E+02
  0.68455E+01 -0.12512E+01 -0.79777E+01 -0.11178E+02 -0.12363E+02 -0.11935E+02
 -0.78697E+01 -0.19771E+00  0.65811E+01  0.85893E+01  0.77297E+01  0.76178E+01
  0.62894E+01 -0.11702E+01 -0.13039E+02 -0.20354E+02 -0.17574E+02 -0.90235E+01
 -0.30048E+01 -0.31456E+01 -0.66904E+01 -0.79467E+01 -0.26727E+01  0.76974E+01
  0.15700E+02  0.14671E+02  0.58223E+01 -0.40903E+01 -0.10517E+02 -0.12934E+02
 -0.11154E+02 -0.50574E+01  0.24833E+01  0.68380E+01  0.61560E+01  0.18694E+01
 -0.45275E+01 -0.11915E+02 -0.17331E+02 -0.16678E+02 -0.82235E+01  0.55948E+01
  0.18518E+02  0.22130E+02  0.10702E+02 -0.12490E+02 -0.34715E+02 -0.42011E+02
 -0.29505E+02 -0.54596E+01  0.14469E+02  0.19405E+02  0.11596E+02  0.22559E+01
 -0.47590E+00  0.23002E+01  0.51381E+01  0.58045E+01  0.65141E+01  0.96877E+01
  0.14716E+02  0.18404E+02  0.17055E+02  0.89960E+01 -0.27843E+01 -0.10931E+02
 -0.93378E+01  0.58577E+00  0.10613E+02  0.13503E+02  0.94547E+01  0.42669E+01
  0.20838E+01  0.17692E+01  0.64065E+00 -0.85205E+00 -0.51547E+00  0.12424E+01
  0.19281E+01  0.14486E+01  0.21941E+01  0.36955E+01  0.13951E+01 -0.62125E+01
 -0.12195E+02 -0.77059E+01  0.60977E+01  0.16959E+02  0.14775E+02  0.29498E+01
 -0.70679E+01 -0.98352E+01 -0.89180E+01 -0.73221E+01 -0.24304E+01  0.68620E+01
  0.13430E+02  0.81638E+01 -0.73741E+01 -0.19344E+02 -0.15682E+02  0.29841E+00
  0.13609E+02  0.13827E+02  0.42066E+01 -0.50198E+01 -0.77280E+01 -0.40277E+01
  0.43563E+01  0.15227E+02  0.23428E+02  0.23215E+02  0.14678E+02  0.35215E+01
 -0.64221E+01 -0.15484E+02 -0.21958E+02 -0.20027E+02 -0.74816E+01  0.87569E+01
  0.18395E+02  0.17016E+02  0.82363E+01 -0.75128E+00 -0.45873E+01 -0.28825E+01
  0.69437E+00  0.31810E+01  0.56885E+01  0.10442E+02  0.15843E+02  0.17987E+02
  0.16609E+02  0.14983E+02  0.13581E+02  0.88961E+01 -0.22068E+00 -0.10422E+02
 -0.19404E+02 -0.27104E+02 -0.29195E+02 -0.17679E+02  0.62784E+01  0.26951E+02
  0.29213E+02  0.15235E+02 -0.74951E+00 -0.10317E+02 -0.15088E+02 -0.16128E+02
 -0.10385E+02  0.72386E+00  0.86973E+01  0.75324E+01 -0.45551E+00 -0.10378E+02
 -0.20191E+02 -0.28284E+02 -0.30768E+02 -0.24288E+02 -0.10125E+02  0.55343E+01
  0.15496E+02  0.16972E+02  0.13656E+02  0.11515E+02  0.12748E+02  0.15068E+02
  0.15817E+02  0.14473E+02  0.11675E+02  0.84523E+01  0.63559E+01  0.63193E+01
  0.76507E+01  0.95032E+01  0.11852E+02  0.13338E+02  0.10505E+02  0.19953E+01
 -0.80443E+01 -0.13242E+02 -0.11214E+02 -0.56033E+01 -0.24776E+01 -0.46187E+01
 -0.92417E+01 -0.12096E+02 -0.12468E+02 -0.11433E+02 -0.72258E+01  0.20529E+01
  0.11829E+02  0.13901E+02  0.73757E+01  0.59539E+00 -0.10747E+00  0.19933E+01
  0.71680E+00 -0.35659E+01 -0.52920E+01 -0.18238E+01  0.36456E+01  0.63839E+01
  0.45276E+01 -0.49567E+00 -0.55468E+01 -0.73821E+01 -0.47530E+01 -0.41437E+00
 -0.80188E-01 -0.70117E+01 -0.16956E+02 -0.20841E+02 -0.14659E+02 -0.49582E+01
 -0.17362E+01 -0.68731E+01 -0.12799E+02 -0.12288E+02 -0.60820E+01 -0.32881E-01
  0.22339E+01  0.19260E+01  0.18751E+01  0.26399E+01  0.21319E+01 -0.14672E+01
 -0.74065E+01 -0.13398E+02 -0.17726E+02 -0.19303E+02 -0.16951E+02 -0.10443E+02
 -0.18074E+01  0.56279E+01  0.93313E+01  0.85264E+01  0.41121E+01 -0.16262E+01
 -0.59117E+01 -0.69434E+01 -0.47100E+01 -0.53203E+00  0.38948E+01  0.70498E+01
  0.77460E+01  0.55306E+01  0.13884E+01 -0.22897E+01 -0.32949E+01 -0.15731E+01
  0.73497E+00  0.15019E+01  0.61328E+00 -0.36345E+00 -0.19031E+00  0.66784E+00
  0.81176E+00 -0.11625E+00 -0.86866E+00 -0.32460E+00  0.95383E+00  0.15898E+01
  0.12706E+01  0.91713E+00  0.12111E+01  0.17620E+01  0.18410E+01  0.13535E+01
  0.77824E+00  0.44173E+00  0.19640E+00 -0.19136E+00 -0.57728E+00 -0.55868E+00
 -0.18244E-01  0.66382E+00  0.10217E+01  0.96574E+00  0.72335E+00  0.47790E+00
  0.24859E+00  0.55572E-01 -0.70138E-02  0.83629E-01  0.19374E+00  0.18982E+00
  0.11264E+00  0.10331E+00  0.19952E+00  0.29737E+00  0.29760E+00  0.21178E+00
  0.12128E+00  0.84527E-01  0.98745E-01  0.12629E+00  0.14033E+00  0.14381E+00
  0.14772E+00  0.14591E+00  0.12646E+00  0.99139E-01  0.88240E-01  0.98213E-01
  0.10706E+00  0.98758E-01  0.83564E-01  0.78410E-01  0.82774E-01  0.85104E-01
  0.82149E-01  0.80289E-01  0.82873E-01  0.86001E-01  0.85451E-01  0.81566E-01
  0.76882E-01  0.72656E-01  0.68930E-01  0.66236E-01  0.65494E-01  0.66542E-01
  0.67816E-01  0.68015E-01  0.67242E-01  0.66316E-01  0.65535E-01  0.64689E-01
  0.63787E-01  0.63145E-01  0.62920E-01  0.62978E-01  0.63099E-01  0.63222E-01
  0.63348E-01  0.63466E-01  0.63561E-01  0.63660E-01  0.63799E-01  0.63959E-01
  0.64156E-01  0.64398E-01  0.64683E-01  0.65010E-01  0.65342E-01  0.65697E-01
  0.66052E-01  0.66429E-01  0.66819E-01  0.67230E-01  0.67656E-01  0.68097E-01
  0.68555E-01  0.69019E-01  0.69493E-01  0.69970E-01  0.70471E-01  0.70976E-01
  0.71486E-01  0.72008E-01  0.72533E-01  0.73054E-01  0.73596E-01  0.74145E-01
  0.74687E-01  0.75228E-01  0.75783E-01  0.76330E-01  0.76877E-01  0.77431E-01
  0.77979E-01  0.78534E-01  0.79098E-01  0.79649E-01  0.80196E-01  0.80740E-01
  0.81290E-01  0.81837E-01  0.82376E-01  0.82908E-01  0.83452E-01  0.83989E-01
