sm07       fn  Saguenay, 25 Nov 88, Site 7, Baie-St-Paul, PQ                    
   3548    5.00000E-03  0  0  0.  0.  0.  0.  0.
  0.10694E+01  0.11041E+01  0.13482E+01  0.15764E+01  0.12903E+01  0.10188E+01
  0.42773E+00 -0.30222E+00 -0.74911E+00 -0.36586E+00  0.17670E-01 -0.54024E+00
 -0.73681E+00 -0.12509E+01 -0.42172E+01 -0.59277E+01 -0.53606E+01 -0.41097E+01
  0.19933E+01  0.10820E+02  0.17487E+02  0.24884E+02  0.30910E+02  0.36736E+02
  0.44278E+02  0.48356E+02  0.49056E+02  0.50492E+02  0.41369E+02  0.29830E+02
  0.20146E+02  0.16589E+01 -0.11205E+02 -0.29554E+02 -0.40699E+02 -0.45154E+02
 -0.55497E+02 -0.55658E+02 -0.62816E+02 -0.69388E+02 -0.77208E+02 -0.90920E+02
 -0.87691E+02 -0.76428E+02 -0.67190E+02 -0.55873E+02 -0.44408E+02 -0.27144E+02
 -0.98846E+01 -0.39735E+00  0.95537E+01  0.20535E+02  0.32359E+02  0.36221E+02
  0.37979E+02  0.43502E+02  0.43333E+02  0.38115E+02  0.36441E+02  0.39450E+02
  0.34144E+02  0.30133E+02  0.27585E+02  0.20518E+02  0.21091E+02  0.23569E+02
  0.25172E+02  0.32810E+02  0.40890E+02  0.45096E+02  0.49145E+02  0.52730E+02
  0.53780E+02  0.53379E+02  0.48136E+02  0.30708E+02  0.14318E+02 -0.25583E+01
 -0.21562E+02 -0.26656E+02 -0.26936E+02 -0.33328E+02 -0.43085E+02 -0.55666E+02
 -0.71325E+02 -0.81027E+02 -0.85660E+02 -0.92327E+02 -0.98409E+02 -0.10521E+03
 -0.11256E+03 -0.11187E+03 -0.10170E+03 -0.93526E+02 -0.80861E+02 -0.52075E+02
 -0.20653E+02  0.90304E+01  0.39500E+02  0.58852E+02  0.59082E+02  0.61637E+02
  0.63340E+02  0.53449E+02  0.37957E+02  0.29860E+02  0.26070E+02  0.13202E+02
  0.84219E+00 -0.15636E+02 -0.26113E+02 -0.31862E+02 -0.35519E+02 -0.29354E+02
 -0.25635E+02 -0.20988E+02 -0.21624E+02 -0.19302E+02 -0.10685E+02 -0.10925E+02
  0.43233E+01  0.26501E+02  0.42088E+02  0.60212E+02  0.76219E+02  0.94098E+02
  0.11158E+03  0.11820E+03  0.12137E+03  0.12723E+03  0.12406E+03  0.11710E+03
  0.11255E+03  0.10677E+03  0.92767E+02  0.79779E+02  0.65194E+02  0.47143E+02
  0.30398E+02 -0.38326E+01 -0.42851E+02 -0.58450E+02 -0.80936E+02 -0.11878E+03
 -0.12807E+03 -0.14372E+03 -0.16049E+03 -0.15429E+03 -0.14427E+03 -0.12676E+03
 -0.10952E+03 -0.86283E+02 -0.58471E+02 -0.33054E+02 -0.82398E+01  0.16341E+02
  0.28051E+02  0.29930E+02  0.34658E+02  0.32463E+02  0.31560E+02  0.31470E+02
  0.27583E+02  0.23052E+02  0.20081E+02  0.24874E+02  0.33585E+02  0.44888E+02
  0.62756E+02  0.73616E+02  0.73480E+02  0.71795E+02  0.67121E+02  0.56654E+02
  0.30299E+02  0.13245E+02  0.12169E+02 -0.44873E+01 -0.24188E+02 -0.33890E+02
 -0.48065E+02 -0.64732E+02 -0.70902E+02 -0.76607E+02 -0.75613E+02 -0.65262E+02
 -0.74345E+02 -0.81244E+02 -0.70197E+02 -0.68550E+02 -0.53648E+02 -0.10745E+02
  0.21562E+02  0.39985E+02  0.57831E+02  0.70507E+02  0.79529E+02  0.87620E+02
  0.95092E+02  0.97301E+02  0.97799E+02  0.10013E+03  0.98628E+02  0.10163E+03
  0.11034E+03  0.11442E+03  0.11446E+03  0.11398E+03  0.11298E+03  0.97601E+02
  0.69264E+02  0.38114E+02  0.11803E+02 -0.10245E+02 -0.41028E+02 -0.58194E+02
 -0.54809E+02 -0.61620E+02 -0.69251E+02 -0.71236E+02 -0.78026E+02 -0.84151E+02
 -0.89890E+02 -0.10099E+03 -0.11407E+03 -0.11990E+03 -0.12480E+03 -0.12088E+03
 -0.11414E+03 -0.12290E+03 -0.12986E+03 -0.13144E+03 -0.12858E+03 -0.10421E+03
 -0.67397E+02 -0.41655E+02 -0.11574E+02  0.88085E+01  0.60712E+01  0.14727E+02
  0.22554E+02  0.16307E+02  0.88734E+01  0.14718E+02  0.17417E+02  0.12033E+02
  0.16859E+02  0.17521E+02  0.18194E+02  0.21835E+02  0.21544E+02  0.23823E+02
  0.31272E+02  0.51610E+02  0.67441E+02  0.75201E+02  0.89615E+02  0.10297E+03
  0.11615E+03  0.12120E+03  0.12264E+03  0.12295E+03  0.12044E+03  0.12315E+03
  0.11946E+03  0.11394E+03  0.10516E+03  0.73036E+02  0.42583E+02  0.25297E+02
 -0.50551E+01 -0.30115E+02 -0.33373E+02 -0.42631E+02 -0.53496E+02 -0.54185E+02
 -0.54165E+02 -0.44656E+02 -0.41935E+02 -0.41040E+02 -0.24433E+02 -0.15821E+02
 -0.13620E+02 -0.85623E+01 -0.56851E+01 -0.12840E+02 -0.19918E+02 -0.24737E+02
 -0.35236E+02 -0.43288E+02 -0.52613E+02 -0.58940E+02 -0.69937E+02 -0.85559E+02
 -0.91325E+02 -0.90319E+02 -0.85601E+02 -0.76823E+02 -0.68787E+02 -0.70273E+02
 -0.65669E+02 -0.44246E+02 -0.27462E+02  0.60493E+00  0.37640E+02  0.41503E+02
  0.38234E+02  0.39970E+02  0.26847E+02  0.85743E+01 -0.35632E+01 -0.13364E+02
 -0.21041E+02 -0.15484E+02 -0.47681E+01  0.53280E+01  0.22178E+02  0.37568E+02
  0.43920E+02  0.49012E+02  0.54513E+02  0.57190E+02  0.59248E+02  0.62091E+02
  0.64470E+02  0.65807E+02  0.69924E+02  0.75128E+02  0.70484E+02  0.66308E+02
  0.66327E+02  0.64476E+02  0.61939E+02  0.54684E+02  0.48957E+02  0.48501E+02
  0.41102E+02  0.31290E+02  0.28821E+02  0.22429E+02  0.20143E+02  0.16830E+02
  0.10870E+02  0.92349E+01  0.24750E+01 -0.70632E+01 -0.29606E+02 -0.52750E+02
 -0.63404E+02 -0.65831E+02 -0.63497E+02 -0.57896E+02 -0.47269E+02 -0.41456E+02
 -0.40212E+02 -0.40408E+02 -0.48363E+02 -0.55188E+02 -0.58119E+02 -0.62731E+02
 -0.55470E+02 -0.39758E+02 -0.22188E+02 -0.27019E+01 -0.86552E+00 -0.45659E+01
 -0.45678E+01 -0.21400E+02 -0.42451E+02 -0.43848E+02 -0.45943E+02 -0.63030E+02
 -0.66354E+02 -0.61107E+02 -0.61795E+02 -0.56527E+02 -0.47771E+02 -0.42901E+02
 -0.35728E+02 -0.20095E+02 -0.98882E+01 -0.46744E+00  0.22174E+02  0.43088E+02
  0.55168E+02  0.62428E+02  0.68095E+02  0.68503E+02  0.53531E+02  0.25848E+02
  0.10920E+02 -0.54806E+01 -0.27340E+02 -0.35059E+02 -0.40753E+02 -0.37732E+02
 -0.33272E+02 -0.31391E+02 -0.25790E+02 -0.19801E+02 -0.10215E+02  0.16751E+01
  0.13233E+02  0.37325E+02  0.60266E+02  0.57341E+02  0.61160E+02  0.66018E+02
  0.57280E+02  0.54532E+02  0.50124E+02  0.38518E+02  0.29293E+02  0.36676E+02
  0.48822E+02  0.51576E+02  0.59647E+02  0.66849E+02  0.68455E+02  0.74391E+02
  0.84520E+02  0.87693E+02  0.78695E+02  0.79532E+02  0.67032E+02  0.35780E+02
  0.24673E+02  0.67338E+01 -0.20285E+02 -0.38679E+02 -0.64546E+02 -0.84556E+02
 -0.10139E+03 -0.11818E+03 -0.12826E+03 -0.14231E+03 -0.15311E+03 -0.16123E+03
 -0.17028E+03 -0.16452E+03 -0.15492E+03 -0.14335E+03 -0.12693E+03 -0.11201E+03
 -0.84311E+02 -0.28977E+02  0.20188E+02  0.29741E+02  0.37765E+02  0.48482E+02
  0.51608E+02  0.46378E+02  0.40762E+02  0.36598E+02  0.29155E+02  0.23683E+02
  0.10307E+02 -0.22514E+01 -0.50656E+01 -0.95184E+01 -0.63972E+01  0.13931E+02
  0.11936E+02  0.58888E+01  0.17893E+02  0.21263E+02  0.26856E+02  0.28603E+02
  0.24006E+02  0.25788E+02  0.23702E+02  0.15493E+02  0.41296E+01 -0.66043E+01
 -0.20251E+02 -0.35098E+02 -0.44923E+02 -0.51741E+02 -0.48556E+02 -0.39887E+02
 -0.31275E+02 -0.16804E+02  0.13541E+01  0.80625E+01  0.10154E+02  0.21048E+02
  0.22187E+02  0.19450E+02  0.25849E+02  0.40862E+02  0.63128E+02  0.70523E+02
  0.69470E+02  0.76602E+02  0.74274E+02  0.66056E+02  0.65148E+02  0.63715E+02
  0.50714E+02  0.31648E+02  0.18957E+02  0.81041E+01 -0.48862E+01 -0.30842E+02
 -0.49025E+02 -0.52016E+02 -0.64274E+02 -0.70185E+02 -0.71326E+02 -0.76348E+02
 -0.79347E+02 -0.77908E+02 -0.71720E+02 -0.66595E+02 -0.57251E+02 -0.38307E+02
 -0.10029E+02  0.26654E+02  0.60900E+02  0.86310E+02  0.10603E+03  0.11987E+03
  0.12702E+03  0.12850E+03  0.12697E+03  0.12251E+03  0.12318E+03  0.12213E+03
  0.11310E+03  0.11189E+03  0.10859E+03  0.10042E+03  0.93846E+02  0.80448E+02
  0.62730E+02  0.53108E+02  0.39853E+02  0.15182E+02  0.62006E+01  0.75279E+01
  0.49031E+01  0.12066E+02  0.16649E+02  0.10946E+02  0.11727E+02  0.95693E+01
  0.46741E+01  0.26659E+01 -0.24338E+01 -0.16034E+02 -0.35356E+02 -0.46109E+02
 -0.60072E+02 -0.85684E+02 -0.98551E+02 -0.12324E+03 -0.15433E+03 -0.15978E+03
 -0.17967E+03 -0.19534E+03 -0.19650E+03 -0.19523E+03 -0.18336E+03 -0.17017E+03
 -0.13943E+03 -0.94654E+02 -0.49057E+02 -0.18619E+02  0.45990E+01  0.18029E+02
  0.22977E+02  0.43273E+02  0.62384E+02  0.78116E+02  0.96473E+02  0.10763E+03
  0.10966E+03  0.11637E+03  0.10951E+03  0.99273E+02  0.10230E+03  0.94441E+02
  0.88363E+02  0.87077E+02  0.83399E+02  0.87285E+02  0.83366E+02  0.74573E+02
  0.68670E+02  0.50533E+02  0.32118E+02  0.29051E+02  0.27710E+02  0.17157E+02
  0.50756E+01 -0.13571E+02 -0.34775E+02 -0.42095E+02 -0.44145E+02 -0.51010E+02
 -0.53513E+02 -0.53802E+02 -0.56404E+02 -0.63470E+02 -0.71653E+02 -0.73990E+02
 -0.77756E+02 -0.90601E+02 -0.88065E+02 -0.68468E+02 -0.74115E+02 -0.78755E+02
 -0.70684E+02 -0.67916E+02 -0.51685E+02 -0.16297E+02  0.21348E+02  0.46638E+02
  0.57156E+02  0.59713E+02  0.65791E+02  0.61439E+02  0.53666E+02  0.53023E+02
  0.41131E+02  0.26171E+02  0.22926E+02  0.25483E+02  0.26457E+02  0.24187E+02
  0.21119E+02  0.24917E+02  0.23886E+02  0.14895E+02  0.14972E+02  0.72427E+01
  0.76296E+01  0.14760E+02  0.12899E+02  0.14006E+02  0.12466E+02  0.19220E+02
  0.27956E+02  0.36338E+02  0.41807E+02  0.37721E+02  0.42914E+02  0.45991E+02
  0.36102E+02  0.25804E+02  0.32273E+01 -0.20413E+02 -0.24832E+02 -0.32096E+02
 -0.43402E+02 -0.44088E+02 -0.39039E+02 -0.38409E+02 -0.39295E+02 -0.31578E+02
 -0.26065E+02 -0.26309E+02 -0.22666E+02 -0.15964E+02 -0.17961E+02 -0.30017E+02
 -0.33619E+02 -0.38549E+02 -0.50131E+02 -0.50415E+02 -0.36244E+02 -0.16457E+02
 -0.28830E+01  0.12995E+02  0.19926E+02  0.17102E+02  0.17268E+02  0.15230E+02
  0.10945E+02  0.11886E+02  0.14753E+02  0.27394E+01 -0.57537E+01 -0.11147E+02
 -0.26205E+02 -0.35884E+02 -0.40003E+02 -0.41951E+02 -0.45971E+02 -0.43964E+02
 -0.33894E+02 -0.31811E+02 -0.22718E+02 -0.17287E+02 -0.13441E+02 -0.40856E+01
 -0.29118E+01  0.12403E+01  0.54801E+01  0.66872E+01  0.71079E+01  0.73624E+01
  0.45384E+01  0.77824E+01  0.14426E+02  0.16840E+02  0.24081E+02  0.29949E+02
  0.32414E+02  0.37403E+02  0.37623E+02  0.33503E+02  0.30645E+02  0.21267E+02
  0.14390E+02  0.55211E+01 -0.16591E+02 -0.28793E+02 -0.33134E+02 -0.37917E+02
 -0.49256E+02 -0.66751E+02 -0.63695E+02 -0.49079E+02 -0.39745E+02 -0.33810E+02
 -0.30145E+02 -0.28651E+02 -0.27555E+02 -0.23613E+02 -0.22119E+02 -0.20469E+02
 -0.15951E+02 -0.13548E+02 -0.63294E+01  0.11065E+02  0.17499E+02  0.16668E+02
  0.20787E+02  0.28714E+02  0.36344E+02  0.34738E+02  0.40495E+02  0.40086E+02
  0.30409E+02  0.31084E+02  0.24373E+02  0.12880E+02  0.10887E+02  0.13224E+02
  0.19468E+02  0.30430E+02  0.50571E+02  0.66073E+02  0.63991E+02  0.59285E+02
  0.54679E+02  0.47525E+02  0.30840E+02  0.15626E+02  0.79744E+01 -0.40062E+01
 -0.42165E+01  0.10982E+01  0.18514E+01  0.74388E+00 -0.12714E+01  0.14637E+01
 -0.22019E+01 -0.11170E+02 -0.10329E+02 -0.11746E+02 -0.16596E+02 -0.70180E+01
 -0.24784E+01 -0.80808E+01 -0.13208E+02 -0.20073E+02 -0.33658E+02 -0.57830E+02
 -0.61683E+02 -0.45140E+02 -0.37390E+02 -0.25032E+02 -0.80693E+01  0.12314E+01
  0.96134E+01  0.14862E+02  0.15858E+02  0.11706E+02  0.51513E+01  0.17632E+01
 -0.47032E+01 -0.11524E+02 -0.12265E+02 -0.15566E+02 -0.25464E+02 -0.32495E+02
 -0.45405E+02 -0.58338E+02 -0.63996E+02 -0.68215E+02 -0.65170E+02 -0.58493E+02
 -0.46169E+02 -0.38629E+02 -0.35849E+02 -0.27511E+02 -0.31597E+02 -0.38639E+02
 -0.28994E+02 -0.18974E+02 -0.10868E+02  0.10900E+02  0.39822E+02  0.63849E+02
  0.71224E+02  0.68566E+02  0.68520E+02  0.60484E+02  0.42015E+02  0.23479E+02
  0.21697E+02  0.24067E+02  0.19804E+02  0.18265E+02  0.14943E+02  0.12375E+02
  0.70711E+01  0.26750E+01 -0.29380E+01 -0.21298E+01  0.86883E+01  0.18788E+01
 -0.47758E+01 -0.36020E+01 -0.11164E+02 -0.18151E+02 -0.26886E+02 -0.39498E+02
 -0.45732E+02 -0.39630E+02 -0.29178E+02 -0.28912E+02 -0.29875E+02 -0.30052E+02
 -0.39708E+02 -0.47170E+02 -0.44778E+02 -0.34137E+02 -0.23031E+02 -0.12202E+02
 -0.50601E+01 -0.43293E+01 -0.48271E+01 -0.87797E+01 -0.11703E+02 -0.82365E+01
 -0.67083E+01 -0.69855E+01  0.42978E+01  0.17663E+02  0.39233E+02  0.61334E+02
  0.69627E+02  0.84409E+02  0.92403E+02  0.94341E+02  0.98339E+02  0.98904E+02
  0.10001E+03  0.93955E+02  0.83348E+02  0.69563E+02  0.51061E+02  0.43543E+02
  0.43288E+02  0.39015E+02  0.36081E+02  0.31663E+02  0.17745E+02 -0.28937E+01
 -0.21141E+02 -0.41592E+02 -0.55233E+02 -0.52032E+02 -0.45389E+02 -0.38901E+02
 -0.31270E+02 -0.18282E+02 -0.47850E+01 -0.11745E+01  0.55691E+01  0.12002E+02
  0.86811E+01  0.52262E+01  0.77739E+01  0.33001E+01 -0.10363E+02 -0.28976E+02
 -0.41376E+02 -0.47633E+02 -0.52128E+02 -0.40114E+02 -0.28841E+02 -0.25884E+02
 -0.13760E+02  0.41783E+01  0.16513E+02  0.32303E+02  0.49732E+02  0.59244E+02
  0.66407E+02  0.72874E+02  0.73063E+02  0.67693E+02  0.60729E+02  0.49756E+02
  0.32605E+02  0.17104E+02  0.12454E+02  0.57664E+01 -0.37668E+01 -0.90701E+01
 -0.15979E+02 -0.21881E+02 -0.22999E+02 -0.20042E+02 -0.18636E+02 -0.20241E+02
 -0.22090E+02 -0.19321E+02 -0.18955E+02 -0.19819E+02 -0.13463E+02 -0.86677E+01
 -0.83460E+01 -0.92871E+01 -0.10892E+02 -0.14523E+02 -0.19959E+02 -0.20967E+02
 -0.10237E+02 -0.49282E+00  0.20069E+02  0.42469E+02  0.44341E+02  0.48372E+02
  0.50841E+02  0.42548E+02  0.31565E+02  0.17879E+02 -0.10654E+02 -0.36963E+02
 -0.55276E+02 -0.72317E+02 -0.83234E+02 -0.95059E+02 -0.87651E+02 -0.72725E+02
 -0.71341E+02 -0.58541E+02 -0.36849E+02 -0.22742E+02 -0.10351E+02 -0.75090E+00
 -0.68730E+01  0.18633E+01  0.18107E+02  0.56838E+01 -0.23440E+01 -0.30518E+01
 -0.11599E+02 -0.19804E+02 -0.21154E+02 -0.17965E+02 -0.25848E+02 -0.31572E+02
 -0.29291E+02 -0.32147E+02 -0.33122E+02 -0.27197E+02 -0.20930E+02 -0.11618E+02
  0.14044E+01 -0.11309E+01  0.65207E+01  0.23075E+02  0.15468E+02  0.14007E+02
  0.23962E+02  0.30251E+02  0.38833E+02  0.42708E+02  0.46795E+02  0.47725E+02
  0.47092E+02  0.54726E+02  0.49444E+02  0.41479E+02  0.43528E+02  0.40751E+02
  0.27111E+02  0.10768E+02 -0.36593E+01 -0.20866E+02 -0.33023E+02 -0.28738E+02
 -0.15539E+02 -0.97141E+01 -0.44210E+01  0.75822E+01  0.18501E+02  0.28886E+02
  0.42440E+02  0.48597E+02  0.44611E+02  0.46040E+02  0.47059E+02  0.46771E+02
  0.49584E+02  0.43350E+02  0.34692E+02  0.17586E+02  0.11533E+01 -0.38947E+01
 -0.15056E+02 -0.20702E+02 -0.21864E+02 -0.28076E+02 -0.28054E+02 -0.26724E+02
 -0.30743E+02 -0.36513E+02 -0.41705E+02 -0.40055E+02 -0.34539E+02 -0.26700E+02
 -0.16103E+02 -0.65577E+01  0.15140E+01  0.39612E+01  0.65089E+01  0.26446E+01
 -0.13388E+02 -0.31591E+02 -0.55728E+02 -0.69990E+02 -0.68384E+02 -0.59027E+02
 -0.41499E+02 -0.26163E+02 -0.21581E+01  0.21284E+02  0.27793E+02  0.35832E+02
  0.41750E+02  0.38502E+02  0.35413E+02  0.31417E+02  0.27641E+02  0.24686E+02
  0.23578E+02  0.23325E+02  0.17257E+02  0.97614E+01  0.62739E+01  0.50897E+01
  0.55324E+01  0.54886E+01 -0.86613E+01 -0.25547E+02 -0.29333E+02 -0.40062E+02
 -0.42952E+02 -0.36784E+02 -0.38444E+02 -0.32853E+02 -0.26729E+02 -0.19797E+02
 -0.62671E+01  0.69544E+01  0.16865E+02  0.23387E+02  0.27351E+02  0.24008E+02
  0.17242E+02  0.73108E+01 -0.12099E+02 -0.24124E+02 -0.28896E+02 -0.37133E+02
 -0.37842E+02 -0.35782E+02 -0.27709E+02 -0.14986E+02 -0.50990E+01  0.88197E+01
  0.16736E+02  0.21233E+02  0.30136E+02  0.31000E+02  0.22507E+02  0.94310E+01
 -0.62692E+01 -0.98790E+01 -0.40878E+01  0.18031E+01  0.68307E+01  0.90672E+01
  0.15633E+02  0.26120E+02  0.39673E+02  0.57954E+02  0.71717E+02  0.79004E+02
  0.82613E+02  0.78484E+02  0.71774E+02  0.58233E+02  0.37006E+02  0.20941E+02
 -0.18024E+01 -0.29992E+02 -0.57884E+02 -0.83229E+02 -0.97313E+02 -0.10802E+03
 -0.11407E+03 -0.11360E+03 -0.10411E+03 -0.92052E+02 -0.79329E+02 -0.61956E+02
 -0.47196E+02 -0.38504E+02 -0.32425E+02 -0.25648E+02 -0.19369E+02 -0.16003E+02
 -0.17575E+02 -0.23587E+02 -0.30374E+02 -0.44270E+02 -0.63869E+02 -0.63901E+02
 -0.52364E+02 -0.38301E+02 -0.25235E+02 -0.34993E+01  0.19432E+02  0.26475E+02
  0.33218E+02  0.33208E+02  0.29410E+02  0.22789E+02  0.16212E+02  0.17109E+02
  0.13378E+02  0.94807E+01  0.27486E+01 -0.21674E+01  0.23568E+00 -0.27869E+01
 -0.54774E+01 -0.79239E+01 -0.10603E+02 -0.80679E+01 -0.59320E+00  0.85198E+01
  0.20589E+02  0.30522E+02  0.38893E+02  0.48780E+02  0.60529E+02  0.79308E+02
  0.92695E+02  0.99948E+02  0.98819E+02  0.93615E+02  0.74836E+02  0.32860E+02
  0.13937E+02  0.31862E+01 -0.12149E+02 -0.16213E+02 -0.16378E+02 -0.99441E+01
 -0.45272E-01  0.89124E+01  0.13552E+02  0.19808E+02  0.25976E+02  0.19753E+02
  0.13941E+02  0.18924E+02  0.15369E+02  0.10742E+02  0.45078E+01 -0.89781E+01
 -0.21457E+02 -0.36139E+02 -0.55357E+02 -0.79833E+02 -0.95003E+02 -0.10095E+03
 -0.10371E+03 -0.97070E+02 -0.84436E+02 -0.62213E+02 -0.30922E+02  0.10225E+02
  0.38426E+02  0.34928E+02  0.36877E+02  0.41904E+02  0.39302E+02  0.42824E+02
  0.43986E+02  0.43588E+02  0.44308E+02  0.44220E+02  0.40765E+02  0.36292E+02
  0.34044E+02  0.32982E+02  0.28886E+02  0.20514E+02  0.19264E+02  0.18477E+02
  0.13850E+02  0.12388E+02  0.87787E+01  0.26891E+01 -0.12857E+02 -0.37792E+02
 -0.48931E+02 -0.43439E+02 -0.38599E+02 -0.29044E+02 -0.11604E+02 -0.26014E+01
  0.22041E+01  0.68328E+01  0.76297E+01  0.11616E+02  0.19312E+02  0.20851E+02
  0.22324E+02  0.28491E+02  0.26488E+02  0.23421E+02  0.21716E+02  0.18815E+02
  0.23632E+02  0.25515E+02  0.25082E+02  0.27774E+02  0.25947E+02  0.22792E+02
  0.21607E+02  0.20833E+02  0.21220E+02  0.24299E+02  0.30167E+02  0.36845E+02
  0.41263E+02  0.40754E+02  0.37543E+02  0.37200E+02  0.35927E+02  0.31697E+02
  0.25463E+02  0.19208E+02  0.35398E+01 -0.14364E+02 -0.25259E+02 -0.39554E+02
 -0.44658E+02 -0.47647E+02 -0.52940E+02 -0.53327E+02 -0.54081E+02 -0.59646E+02
 -0.64666E+02 -0.65638E+02 -0.73132E+02 -0.64942E+02 -0.53599E+02 -0.55972E+02
 -0.51111E+02 -0.44201E+02 -0.40780E+02 -0.44611E+02 -0.46260E+02 -0.45695E+02
 -0.50512E+02 -0.55727E+02 -0.64806E+02 -0.74494E+02 -0.71991E+02 -0.60310E+02
 -0.58140E+02 -0.52614E+02 -0.26405E+02  0.53956E+01  0.33708E+02  0.66848E+02
  0.98284E+02  0.10960E+03  0.11013E+03  0.11979E+03  0.12429E+03  0.11779E+03
  0.11461E+03  0.11015E+03  0.96416E+02  0.82965E+02  0.74037E+02  0.60684E+02
  0.54672E+02  0.54152E+02  0.47320E+02  0.38795E+02  0.28873E+02  0.16107E+02
 -0.25436E-01 -0.15283E+02 -0.21550E+02 -0.24030E+02 -0.29987E+02 -0.25325E+02
 -0.17353E+02 -0.20309E+02 -0.16444E+02 -0.14263E+02 -0.22766E+02 -0.28779E+02
 -0.30184E+02 -0.25047E+02 -0.21281E+02 -0.26984E+02 -0.26142E+02 -0.23883E+02
 -0.32542E+02 -0.31855E+02 -0.26518E+02 -0.24303E+02 -0.13318E+02  0.28029E+01
  0.19013E+02  0.29934E+02  0.32800E+02  0.30017E+02  0.25193E+02  0.18439E+02
 -0.38721E+01 -0.24467E+02 -0.16417E+02 -0.21743E+02 -0.37599E+02 -0.31487E+02
 -0.26403E+02 -0.21676E+02 -0.15088E+02 -0.11068E+02 -0.10292E+02 -0.90189E+01
 -0.43020E+01 -0.70922E+01 -0.13680E+02 -0.16802E+02 -0.18430E+02 -0.19460E+02
 -0.18352E+02 -0.17997E+02 -0.17864E+02 -0.83746E+01 -0.28827E+01 -0.53625E+01
 -0.22623E+01 -0.25828E+01 -0.19403E+01 -0.41296E+00 -0.31580E+01  0.24006E+01
  0.69071E+01  0.14271E+02  0.33006E+02  0.51685E+02  0.69490E+02  0.80042E+02
  0.82910E+02  0.88236E+02  0.88912E+02  0.83753E+02  0.76445E+02  0.60789E+02
  0.43870E+02  0.30594E+02  0.14228E+02 -0.25349E+01 -0.14880E+02 -0.22122E+02
 -0.25012E+02 -0.29585E+02 -0.37568E+02 -0.43026E+02 -0.45330E+02 -0.51164E+02
 -0.51552E+02 -0.47222E+02 -0.52869E+02 -0.59988E+02 -0.61716E+02 -0.61206E+02
 -0.57186E+02 -0.51407E+02 -0.50188E+02 -0.51760E+02 -0.50864E+02 -0.51649E+02
 -0.56424E+02 -0.58224E+02 -0.56135E+02 -0.56920E+02 -0.54126E+02 -0.39613E+02
 -0.27488E+02 -0.21054E+02 -0.15142E+02 -0.12328E+02 -0.72026E+01 -0.60840E+01
 -0.10767E+02 -0.45220E+01  0.95070E+01  0.17856E+02  0.25895E+02  0.32229E+02
  0.37809E+02  0.40711E+02  0.44021E+02  0.48372E+02  0.48705E+02  0.50565E+02
  0.50810E+02  0.49824E+02  0.46436E+02  0.41066E+02  0.32131E+02  0.18545E+02
  0.66751E+01 -0.94255E+00 -0.87709E+01 -0.18958E+02 -0.31437E+02 -0.38090E+02
 -0.34016E+02 -0.24250E+02 -0.20264E+02 -0.24072E+02 -0.17595E+02 -0.13132E+02
 -0.21702E+02 -0.22499E+02 -0.18922E+02 -0.17638E+02 -0.17981E+02 -0.15788E+02
 -0.11027E+02 -0.12301E+02 -0.60776E+01  0.84386E+01  0.17519E+02  0.21572E+02
  0.23465E+02  0.26333E+02  0.26034E+02  0.20254E+02  0.14619E+02  0.67904E+01
 -0.36515E+01 -0.12797E+02 -0.17857E+02 -0.24057E+02 -0.30302E+02 -0.30789E+02
 -0.33136E+02 -0.32661E+02 -0.25241E+02 -0.18609E+02 -0.29960E+01  0.11664E+02
  0.11420E+02  0.12627E+02  0.13635E+02  0.90736E+01  0.52312E+01  0.11236E+01
 -0.31610E+00 -0.66376E+01 -0.12384E+02 -0.64774E+00  0.84874E+01  0.74691E+01
  0.11920E+02  0.18719E+02  0.17944E+02  0.19284E+02  0.18088E+02  0.22373E+02
  0.33635E+02  0.30136E+02  0.32151E+02  0.40311E+02  0.41031E+02  0.41120E+02
  0.42981E+02  0.40179E+02  0.34699E+02  0.32019E+02  0.29052E+02  0.26018E+02
  0.21511E+02  0.18821E+02  0.14802E+02  0.89887E+01  0.11547E+02  0.10218E+02
  0.21686E+01 -0.21384E+01 -0.14872E+02 -0.30861E+02 -0.39430E+02 -0.44424E+02
 -0.43616E+02 -0.38755E+02 -0.28911E+02 -0.19245E+02 -0.50827E+01  0.81051E+01
  0.60453E+01  0.17229E+02  0.30838E+02  0.29431E+02  0.35400E+02  0.40072E+02
  0.39054E+02  0.40305E+02  0.37382E+02  0.34172E+02  0.28258E+02  0.14518E+02
  0.10092E+01 -0.21678E+02 -0.33869E+02 -0.33260E+02 -0.44720E+02 -0.50356E+02
 -0.47643E+02 -0.48584E+02 -0.38674E+02 -0.23660E+02 -0.53339E+01  0.18704E+02
  0.32733E+02  0.41702E+02  0.48922E+02  0.55555E+02  0.55466E+02  0.44571E+02
  0.19902E+02 -0.44470E+01 -0.74472E+01 -0.10027E+02 -0.17269E+02 -0.19483E+02
 -0.20025E+02 -0.21354E+02 -0.31585E+02 -0.29503E+02 -0.13105E+02  0.17989E+01
  0.15187E+02  0.12761E+02  0.16980E+02  0.23513E+02  0.13658E+02  0.85991E+01
  0.56200E+01  0.90292E+00 -0.62056E+01 -0.16757E+02 -0.23711E+02 -0.26767E+02
 -0.30697E+02 -0.32712E+02 -0.26069E+02 -0.21961E+02 -0.14431E+02 -0.38785E+01
 -0.34136E+01 -0.76318E+01 -0.13721E+02 -0.16390E+02 -0.19246E+02 -0.21162E+02
 -0.16434E+02 -0.19744E+02 -0.30319E+02 -0.36707E+02 -0.41945E+02 -0.41490E+02
 -0.35268E+02 -0.27251E+02 -0.16842E+02 -0.60026E+01  0.26899E+01  0.12379E+02
  0.20916E+02  0.24293E+02  0.21082E+02  0.12789E+02  0.91684E+01  0.76071E+01
  0.10763E+02  0.16908E+02  0.15414E+02  0.10664E+02  0.10221E+02  0.13499E+02
  0.11351E+02  0.67998E+01  0.21053E+01 -0.17034E+01 -0.77710E+01 -0.16064E+02
 -0.18655E+02 -0.29628E+02 -0.36991E+02 -0.27911E+02 -0.20592E+02 -0.10793E+02
  0.31700E+01  0.18372E+02  0.31660E+02  0.42677E+02  0.52754E+02  0.54713E+02
  0.57127E+02  0.53363E+02  0.44705E+02  0.29491E+02  0.10933E+02  0.69360E+01
  0.61379E+00 -0.70152E+01 -0.14998E+02 -0.20036E+02 -0.21663E+02 -0.30068E+02
 -0.36357E+02 -0.39844E+02 -0.41704E+02 -0.44450E+02 -0.43918E+02 -0.43464E+02
 -0.50694E+02 -0.58434E+02 -0.61745E+02 -0.61689E+02 -0.59917E+02 -0.55777E+02
 -0.54579E+02 -0.50173E+02 -0.40650E+02 -0.33940E+02 -0.21693E+02 -0.50516E+01
  0.14038E+02  0.32297E+02  0.36062E+02  0.37291E+02  0.33870E+02  0.30171E+02
  0.25787E+02  0.21694E+01 -0.11300E+01  0.92115E+01  0.75844E+01  0.11006E+02
  0.13265E+02  0.11083E+02  0.15524E+02  0.15679E+02  0.13067E+02  0.22390E+02
  0.23851E+02  0.32776E+02  0.55499E+02  0.65317E+02  0.72826E+02  0.84412E+02
  0.88484E+02  0.88585E+02  0.89114E+02  0.82781E+02  0.72617E+02  0.60282E+02
  0.50251E+02  0.50251E+02  0.49166E+02  0.43984E+02  0.39988E+02  0.32413E+02
  0.25172E+02  0.19160E+02  0.10103E+02 -0.51553E+00 -0.45793E+01  0.20096E+01
  0.13414E+02  0.17976E+02  0.17323E+02  0.23402E+02  0.26702E+02  0.21653E+02
  0.15209E+02  0.31956E+01 -0.10513E+02 -0.58725E+01 -0.22959E+01 -0.10223E+02
 -0.13335E+02 -0.18583E+02 -0.28614E+02 -0.33730E+02 -0.30120E+02 -0.21649E+02
 -0.17696E+02 -0.17009E+02 -0.94243E+01 -0.53386E+01 -0.24812E+01 -0.44965E+01
 -0.11738E+02 -0.17539E+02 -0.96336E+01  0.45948E+01  0.20931E+01  0.10574E+02
  0.18436E+02  0.11406E+02  0.72203E+01  0.67158E-01 -0.21923E+02 -0.43447E+02
 -0.49582E+02 -0.61894E+02 -0.68582E+02 -0.57309E+02 -0.53843E+02 -0.60620E+02
 -0.60365E+02 -0.57032E+02 -0.59900E+02 -0.60276E+02 -0.60054E+02 -0.65014E+02
 -0.69742E+02 -0.75367E+02 -0.86406E+02 -0.87602E+02 -0.80770E+02 -0.79585E+02
 -0.69619E+02 -0.45768E+02 -0.26059E+02 -0.11930E+02  0.31396E+01  0.14988E+02
  0.24023E+02  0.31065E+02  0.35971E+02  0.40810E+02  0.39858E+02  0.41187E+02
  0.48063E+02  0.49148E+02  0.52028E+02  0.53943E+02  0.49769E+02  0.43303E+02
  0.46580E+02  0.55173E+02  0.57034E+02  0.61906E+02  0.65991E+02  0.67187E+02
  0.69978E+02  0.65373E+02  0.57865E+02  0.54046E+02  0.46571E+02  0.35112E+02
  0.29387E+02  0.23818E+02  0.10044E+02 -0.42172E+01 -0.16076E+02 -0.16596E+02
 -0.99628E+01 -0.63311E+01 -0.57551E+01 -0.85006E+01 -0.11435E+02 -0.15332E+02
 -0.20536E+02 -0.27700E+02 -0.33335E+02 -0.35340E+02 -0.35251E+02 -0.30401E+02
 -0.24809E+02 -0.21387E+02 -0.16848E+02 -0.15440E+02 -0.14721E+02 -0.15163E+02
 -0.16890E+02 -0.16259E+02 -0.19858E+02 -0.18916E+02 -0.20211E+02 -0.23278E+02
 -0.19237E+02 -0.21915E+02 -0.27784E+02 -0.33851E+02 -0.36741E+02 -0.35212E+02
 -0.36010E+02 -0.36264E+02 -0.37150E+02 -0.34260E+02 -0.28735E+02 -0.24981E+02
 -0.14251E+02  0.34297E+00  0.11184E+02  0.15015E+02  0.15513E+02  0.20252E+02
  0.20596E+02  0.18437E+02  0.25512E+02  0.29976E+02  0.29853E+02  0.26598E+02
  0.21583E+02  0.15692E+02  0.16523E+02  0.19901E+02  0.11264E+02  0.11829E+02
  0.11087E+02  0.13216E+01 -0.55098E+01 -0.12829E+02 -0.18963E+02 -0.21886E+02
 -0.19571E+02 -0.16570E+02 -0.13470E+02 -0.89845E+01 -0.46775E+01  0.11250E+01
  0.78022E+01  0.91309E+01  0.12663E+02  0.17912E+02  0.15066E+02  0.10837E+02
  0.77587E+01  0.15585E+01 -0.63576E+01 -0.15836E+02 -0.25967E+02 -0.30429E+02
 -0.29499E+02 -0.35744E+02 -0.43749E+02 -0.46129E+02 -0.51079E+02 -0.51499E+02
 -0.46328E+02 -0.39285E+02 -0.28776E+02 -0.17615E+02 -0.97539E+01 -0.69409E+01
 -0.32871E+01  0.12752E+01  0.26041E+01  0.24715E+01  0.26381E+01  0.48416E+01
  0.12650E+01 -0.36840E+01 -0.65846E+01 -0.88761E+01 -0.29080E+01  0.54520E+01
  0.11088E+02  0.16348E+02  0.25583E+02  0.30975E+02  0.32072E+02  0.35017E+02
  0.32538E+02  0.29404E+02  0.33523E+02  0.41407E+02  0.50243E+02  0.61981E+02
  0.72633E+02  0.77538E+02  0.79885E+02  0.79653E+02  0.72280E+02  0.62780E+02
  0.50799E+02  0.43093E+02  0.35154E+02  0.26440E+02  0.29020E+02  0.31291E+02
  0.32155E+02  0.38045E+02  0.44999E+02  0.44623E+02  0.46229E+02  0.51489E+02
  0.52518E+02  0.53504E+02  0.52087E+02  0.51457E+02  0.51301E+02  0.44681E+02
  0.41780E+02  0.28172E+02  0.59715E+01 -0.10936E+02 -0.35451E+02 -0.42460E+02
 -0.39602E+02 -0.42846E+02 -0.46190E+02 -0.54649E+02 -0.63152E+02 -0.69707E+02
 -0.70128E+02 -0.68268E+02 -0.65898E+02 -0.60494E+02 -0.54792E+02 -0.49022E+02
 -0.42977E+02 -0.36034E+02 -0.26345E+02 -0.13013E+02 -0.32691E+01 -0.44526E+00
  0.34858E+01  0.30874E+01 -0.35116E+01 -0.89812E+01 -0.14130E+02 -0.22400E+02
 -0.27926E+02 -0.27372E+02 -0.26652E+02 -0.26430E+02 -0.24293E+02 -0.24337E+02
 -0.29917E+02 -0.32375E+02 -0.41477E+02 -0.55139E+02 -0.47732E+02 -0.36902E+02
 -0.26495E+02 -0.13539E+02 -0.42045E+01  0.10312E+02  0.16213E+02  0.19148E+02
  0.25582E+02  0.27542E+02  0.26944E+02  0.27641E+02  0.28750E+02  0.22483E+02
  0.15917E+02  0.99603E+01  0.21100E+01  0.99133E+00  0.22210E+01 -0.10398E+00
 -0.57177E+01 -0.16247E+02 -0.28637E+02 -0.40053E+02 -0.40761E+02 -0.32966E+02
 -0.26743E+02 -0.15150E+02 -0.43205E+01  0.71398E+01  0.15456E+02  0.16885E+02
  0.18125E+02  0.13397E+02  0.99646E+01  0.10884E+02  0.15524E+02  0.17528E+02
  0.15369E+02  0.13255E+02  0.88257E+01  0.10066E+02  0.12048E+02  0.78517E+01
  0.45191E+01  0.31185E+00 -0.76707E+01 -0.14049E+02 -0.17470E+02 -0.16108E+02
 -0.78474E+01 -0.41380E+01 -0.39499E+01  0.35026E+01  0.66696E+01  0.75444E+01
  0.10391E+02  0.41676E+01 -0.45015E+01 -0.14046E+02 -0.29293E+02 -0.33589E+02
 -0.28651E+02 -0.25683E+02 -0.17964E+02 -0.59729E+01  0.65393E+01  0.15564E+02
  0.19660E+02  0.23404E+02  0.25918E+02  0.24578E+02  0.23936E+02  0.23139E+02
  0.16794E+02  0.72726E+01 -0.64467E+01 -0.11872E+02 -0.21793E+02 -0.36508E+02
 -0.31049E+02 -0.23409E+02 -0.21482E+02 -0.16886E+02 -0.61462E+01 -0.24918E+01
 -0.18271E+01  0.75067E+01  0.13342E+02  0.17063E+02  0.23696E+02  0.29133E+02
  0.35001E+02  0.37083E+02  0.37515E+02  0.39209E+02  0.34183E+02  0.25812E+02
  0.17740E+02  0.11053E+02  0.66786E+01  0.58040E+01  0.20061E+01  0.16964E+01
  0.10356E+02  0.16534E+02  0.21373E+02  0.25703E+02  0.27906E+02  0.30011E+02
  0.31627E+02  0.29158E+02  0.25217E+02  0.20322E+02  0.11985E+02  0.49099E+01
 -0.94738E+00 -0.13603E+02 -0.22461E+02 -0.26879E+02 -0.34563E+02 -0.34640E+02
 -0.33976E+02 -0.33898E+02 -0.31207E+02 -0.25959E+02 -0.18551E+02 -0.15672E+02
 -0.14886E+02 -0.16170E+02 -0.12959E+02 -0.37576E+01  0.60302E+01  0.13981E+02
  0.19572E+02  0.27844E+02  0.32273E+02  0.34100E+02  0.34477E+02  0.30059E+02
  0.26394E+02  0.17259E+02 -0.17296E+01 -0.10632E+02 -0.97242E+01 -0.16124E+02
 -0.18914E+02 -0.20409E+02 -0.23731E+02 -0.18017E+02 -0.11905E+02 -0.62247E+01
  0.10055E+01  0.40623E+01  0.70074E+01  0.33206E+01 -0.40321E+01 -0.63124E+01
 -0.15469E+02 -0.26099E+02 -0.29078E+02 -0.36253E+02 -0.42741E+02 -0.42974E+02
 -0.53493E+02 -0.66967E+02 -0.62041E+02 -0.53326E+02 -0.41324E+02 -0.19621E+02
  0.81884E+00  0.23817E+02  0.44556E+02  0.54975E+02  0.57788E+02  0.62504E+02
  0.65239E+02  0.63246E+02  0.62527E+02  0.57788E+02  0.53093E+02  0.49716E+02
  0.46029E+02  0.36440E+02  0.25611E+02  0.14294E+02 -0.10242E+02 -0.26619E+02
 -0.34214E+02 -0.38367E+02 -0.34646E+02 -0.25644E+02 -0.13442E+02 -0.81501E+01
 -0.43296E+01 -0.34995E+01 -0.38530E+01 -0.89730E+00  0.75238E+00  0.45064E+01
  0.13885E+02  0.23540E+02  0.29342E+02  0.34048E+02  0.36007E+02  0.33915E+02
  0.32741E+02  0.31357E+02  0.25765E+02  0.20594E+02  0.16154E+02  0.14870E+02
  0.14659E+02  0.12566E+02  0.13795E+02  0.11957E+02  0.10429E+02  0.17714E+02
  0.21723E+02  0.24845E+02  0.33360E+02  0.36870E+02  0.37268E+02  0.34412E+02
  0.27735E+02  0.19840E+02  0.59992E+01  0.94965E+00 -0.59821E+01 -0.19767E+02
 -0.27551E+02 -0.42400E+02 -0.48290E+02 -0.55277E+02 -0.74477E+02 -0.79582E+02
 -0.75607E+02 -0.69484E+02 -0.66307E+02 -0.58024E+02 -0.39456E+02 -0.28849E+02
 -0.15218E+02 -0.59842E+01 -0.60281E+01 -0.38580E+01 -0.50105E+01 -0.62614E+01
 -0.85982E+01 -0.12042E+02 -0.17379E+02 -0.22306E+02 -0.26437E+02 -0.27943E+02
 -0.27046E+02 -0.39525E+02 -0.42615E+02 -0.37410E+02 -0.37865E+02 -0.30413E+02
 -0.33171E+02 -0.35883E+02 -0.31466E+02 -0.27823E+02 -0.15965E+02 -0.14492E+01
  0.12325E+02  0.12402E+02  0.96787E+01  0.10376E+02  0.60018E+01 -0.43133E+00
 -0.13431E+02 -0.17849E+02 -0.20297E+02 -0.21261E+02 -0.16223E+02 -0.97236E+01
 -0.22946E+01  0.14149E+01  0.74712E+01  0.11768E+02  0.92315E+01  0.68391E+01
  0.36946E+01  0.31297E+01  0.37159E+01 -0.11564E+01  0.20545E+01  0.34386E+01
  0.10464E+00  0.68808E+01  0.11387E+02  0.10191E+02  0.20267E+02  0.32557E+02
  0.34937E+02  0.39942E+02  0.44027E+02  0.42443E+02  0.44679E+02  0.45266E+02
  0.42874E+02  0.38134E+02  0.29530E+02  0.20883E+02  0.34206E+01 -0.27472E+01
  0.99194E+01  0.18201E+02  0.26926E+02  0.35385E+02  0.35783E+02  0.32671E+02
  0.26648E+02  0.18010E+02  0.10901E+02  0.57629E+01  0.10678E+01 -0.12827E+00
  0.26726E+01  0.37572E+01  0.28599E+01  0.28484E+01  0.82158E+00  0.17844E+01
  0.72873E+01  0.10121E+02  0.14572E+02  0.15756E+02  0.11327E+02  0.58449E+01
  0.87293E+00 -0.57049E+01 -0.20033E+02 -0.27651E+02 -0.28228E+02 -0.31639E+02
 -0.31318E+02 -0.25760E+02 -0.21830E+02 -0.25751E+02 -0.28552E+02 -0.28497E+02
 -0.31200E+02 -0.26904E+02 -0.21081E+02 -0.14405E+02  0.24807E+01  0.18292E+02
  0.32874E+02  0.42185E+02  0.42971E+02  0.46834E+02  0.50842E+02  0.48295E+02
  0.44740E+02  0.43211E+02  0.37187E+02  0.23545E+02  0.90065E+01  0.94470E+00
 -0.10261E+02 -0.19209E+02 -0.19730E+02 -0.25565E+02 -0.29054E+02 -0.25046E+02
 -0.23132E+02 -0.19821E+02 -0.16844E+02 -0.12437E+02 -0.48531E+01  0.25536E+01
  0.12685E+02  0.17589E+02  0.20666E+02  0.24508E+02  0.23787E+02  0.27441E+02
  0.26521E+02  0.18648E+02  0.13487E+02 -0.44958E+01 -0.28446E+02 -0.41434E+02
 -0.58797E+02 -0.76813E+02 -0.75119E+02 -0.72286E+02 -0.70559E+02 -0.62034E+02
 -0.54760E+02 -0.45195E+02 -0.35739E+02 -0.27125E+02 -0.23129E+02 -0.22831E+02
 -0.22289E+02 -0.24992E+02 -0.26487E+02 -0.24118E+02 -0.22602E+02 -0.22226E+02
 -0.22615E+02 -0.22339E+02 -0.16405E+02 -0.16428E+02 -0.19429E+02 -0.15211E+02
 -0.15677E+02 -0.21502E+02 -0.19266E+02 -0.78623E+01  0.23455E+01  0.92985E+01
  0.19695E+02  0.35262E+02  0.40477E+02  0.43211E+02  0.48613E+02  0.44349E+02
  0.44846E+02  0.45820E+02  0.37891E+02  0.36972E+02  0.31434E+02  0.19686E+02
  0.15223E+02  0.12177E+02  0.16936E+02  0.20778E+02  0.12606E+02  0.60168E+01
  0.12770E+02  0.20409E+02  0.29200E+02  0.49407E+02  0.55296E+02  0.52073E+02
  0.59015E+02  0.60520E+02  0.53189E+02  0.50497E+02  0.42978E+02  0.17300E+02
  0.10665E+01  0.17189E+01 -0.46488E+01 -0.12877E+02 -0.12889E+02 -0.59913E+01
 -0.35787E+01 -0.41659E+01  0.40581E+00 -0.32597E+00  0.15665E+01  0.23849E+01
  0.24388E+01  0.98903E+01  0.64679E+01  0.31226E+01  0.22253E+01 -0.48622E+01
 -0.64799E+01 -0.70680E+01 -0.10822E+02 -0.11488E+02 -0.10824E+02 -0.11888E+02
 -0.16883E+02 -0.21933E+02 -0.27747E+02 -0.40592E+02 -0.47159E+02 -0.43971E+02
 -0.34106E+02 -0.25648E+02 -0.24996E+02 -0.88417E+01  0.14409E+02  0.20565E+02
  0.24583E+02  0.28037E+02  0.21780E+02  0.11669E+02 -0.35363E-01 -0.70011E+01
 -0.17078E+02 -0.31872E+02 -0.37863E+02 -0.43102E+02 -0.48805E+02 -0.48197E+02
 -0.44577E+02 -0.35012E+02 -0.27594E+02 -0.26267E+02 -0.21163E+02 -0.19249E+02
 -0.21719E+02 -0.23502E+02 -0.17558E+02 -0.80249E+01  0.53317E+00  0.13255E+02
  0.20306E+02  0.21701E+02  0.25785E+02  0.29206E+02  0.27034E+02  0.21874E+02
  0.18661E+02  0.14397E+02  0.58816E+01 -0.92907E+00 -0.21150E+01  0.85137E+01
  0.16473E+02  0.18543E+02  0.31785E+02  0.40133E+02  0.41062E+02  0.47771E+02
  0.53550E+02  0.54922E+02  0.52993E+02  0.47013E+02  0.37468E+02  0.11723E+02
 -0.49645E+01 -0.19648E+01 -0.71258E+01 -0.13493E+02 -0.16960E+02 -0.17249E+02
 -0.79602E+01 -0.10854E+01 -0.40982E+01 -0.19071E+00  0.55551E+01  0.87424E+01
  0.12595E+02  0.11077E+02  0.75658E+01  0.76979E+01  0.16267E+02  0.11814E+02
  0.76500E+01  0.13429E+02  0.90766E+01  0.67394E+01  0.35264E+01 -0.44463E+01
 -0.12132E+02 -0.15544E+02 -0.17859E+02 -0.20262E+02 -0.15923E+02 -0.17607E+02
 -0.17387E+02 -0.14033E+02 -0.13004E+02 -0.23865E+01 -0.13357E+01 -0.52120E+01
 -0.39068E+01 -0.61928E+00  0.16717E+01  0.12166E+01 -0.25711E+00 -0.51520E+01
 -0.52862E+01 -0.30724E+01 -0.40374E+01 -0.89213E+01 -0.43607E+01 -0.39075E+01
 -0.11958E+02 -0.77188E+01 -0.87823E+01 -0.13069E+02 -0.13712E+02 -0.12916E+02
 -0.98163E+01 -0.10316E+02 -0.79694E+01 -0.75937E+01 -0.75729E+01 -0.53705E+01
 -0.45078E+01 -0.57973E-01  0.10932E+01  0.39930E+01  0.97608E+01  0.92391E+01
  0.96478E+01  0.14153E+02  0.15425E+02  0.10796E+02  0.12312E+02  0.15899E+02
  0.12598E+02  0.92864E+01  0.64283E+01  0.52985E+01  0.38578E+01 -0.17460E+01
 -0.65968E+01 -0.10385E+02 -0.15069E+02 -0.16332E+02 -0.16511E+02 -0.17696E+02
 -0.16114E+02 -0.14775E+02 -0.12141E+02 -0.10835E+02 -0.95630E+01 -0.26326E+01
 -0.34196E+01  0.79804E+00  0.70863E+01  0.33107E+00  0.19810E-01  0.19127E+01
 -0.81244E+00 -0.22974E+01 -0.66602E+01 -0.12264E+02 -0.14491E+02 -0.26760E+02
 -0.39926E+02 -0.46161E+02 -0.56603E+02 -0.57047E+02 -0.48389E+02 -0.36576E+02
 -0.24209E+02 -0.20544E+02 -0.12629E+02 -0.32067E+01  0.14976E+01  0.88282E+01
  0.11617E+02  0.12546E+02  0.14937E+02  0.16032E+02  0.15112E+02  0.12299E+02
  0.10859E+02  0.13183E+02  0.14998E+02  0.15452E+02  0.17975E+02  0.18262E+02
  0.21871E+02  0.18870E+02  0.17894E+02  0.20064E+02  0.10086E+02  0.13706E+02
  0.17814E+02  0.11756E+02  0.13372E+02  0.14921E+02  0.10038E+02  0.11587E+02
  0.12417E+02  0.61045E+01  0.46754E+01  0.13085E+01 -0.18368E+01 -0.84589E+01
 -0.20883E+02 -0.30007E+02 -0.31448E+02 -0.18461E+02 -0.12604E+02 -0.23810E+02
 -0.23246E+02 -0.18762E+02 -0.22782E+02 -0.20424E+02 -0.20935E+02 -0.24290E+02
 -0.20858E+02 -0.99078E+01  0.62134E+00  0.15397E+01  0.46061E+01  0.88462E+01
  0.48594E+01 -0.21212E+00 -0.18851E+01 -0.78750E+01 -0.14376E+02 -0.18318E+02
 -0.23567E+02 -0.26203E+02 -0.21796E+02 -0.15342E+02 -0.28748E+01  0.11098E+02
  0.14165E+02  0.26200E+02  0.31248E+02  0.30540E+02  0.38832E+02  0.35056E+02
  0.27914E+02  0.24381E+02  0.10806E+02 -0.23404E+00 -0.79902E+00 -0.57820E+01
 -0.63915E+01  0.43042E+01  0.75038E+01  0.14793E+01  0.32173E+01  0.24862E+01
 -0.90219E+00 -0.12348E+01 -0.30954E+01 -0.47675E+01 -0.65952E+01 -0.23766E+01
 -0.84925E+00  0.49002E+00  0.82519E+01  0.89381E+01  0.59483E+01  0.74870E+01
  0.15503E+02  0.15282E+02  0.13631E+02  0.17463E+02  0.11760E+02  0.11571E+02
  0.14748E+02  0.12888E+02  0.10862E+02  0.94999E+01  0.94994E+01  0.87242E+01
  0.81039E+01  0.81481E+01  0.66420E+01  0.25228E+01 -0.90984E+00 -0.13973E+01
 -0.41543E+01 -0.70110E+01 -0.81183E+01 -0.97355E+01 -0.92037E+01 -0.51852E+01
 -0.25385E+01 -0.49192E+01 -0.80416E+01 -0.10190E+02 -0.12316E+02 -0.16180E+02
 -0.11673E+02 -0.66247E+01 -0.77320E+01  0.18019E+01  0.13140E+02  0.16750E+02
  0.21378E+02  0.21511E+02  0.18334E+02  0.19020E+02  0.17658E+02  0.19540E+02
  0.22121E+02  0.21811E+02  0.23760E+02  0.23538E+02  0.26207E+02  0.27026E+02
  0.25997E+02  0.25144E+02  0.19786E+02  0.15966E+02  0.16408E+02  0.15955E+02
  0.66433E+01  0.78629E+00  0.47595E+00 -0.63773E+01 -0.12290E+02 -0.16796E+02
 -0.19918E+02 -0.20294E+02 -0.22442E+02 -0.18434E+02 -0.18167E+02 -0.22231E+02
 -0.21389E+02 -0.17845E+02 -0.19085E+02 -0.21055E+02 -0.20934E+02 -0.22516E+02
 -0.20644E+02 -0.17023E+02 -0.13148E+02 -0.83639E+01 -0.98910E+00 -0.30481E+01
 -0.21396E+01  0.58442E+01  0.44385E+01  0.47823E+01  0.82815E+01  0.79279E+01
  0.44518E+01  0.40759E+01  0.30799E+01  0.12092E+01  0.52402E+01  0.30375E+01
 -0.57646E+01 -0.92850E+01 -0.83874E+01 -0.11708E+02 -0.18363E+02 -0.18628E+02
 -0.18539E+02 -0.26875E+02 -0.24561E+02 -0.15093E+02 -0.17949E+02 -0.17682E+02
 -0.92553E+01 -0.81134E+01 -0.59538E+01  0.26835E+01  0.77117E+01  0.96937E+01
  0.10559E+02  0.15774E+02  0.16285E+02  0.90996E+01  0.11171E+02  0.16896E+02
  0.16200E+02  0.10775E+02  0.64134E+01  0.43216E+01  0.55792E+00  0.29395E+01
  0.79340E+01  0.37943E+01  0.19682E+01  0.50029E+01  0.37583E+00 -0.55803E+01
 -0.90339E+01 -0.82802E+00  0.12925E+02  0.15728E+02  0.21663E+02  0.27821E+02
  0.28542E+02  0.27647E+02  0.25422E+02  0.22367E+02  0.15104E+02  0.60041E+01
 -0.84835E-01 -0.29840E+01  0.50332E+01  0.11014E+02  0.63201E+01  0.12191E+02
  0.15402E+02  0.14418E+02  0.14618E+02  0.11907E+02  0.89850E+01  0.52438E+01
  0.11038E+01 -0.40538E+01 -0.67106E+01 -0.12921E+02 -0.19186E+02 -0.22174E+02
 -0.26304E+02 -0.18019E+02 -0.99241E+01 -0.15193E+02 -0.89691E+01 -0.35293E+00
 -0.17134E+01  0.36915E+01  0.10004E+02  0.40710E+01 -0.36893E+01 -0.81059E+01
 -0.15479E+02 -0.19087E+02 -0.22041E+02 -0.25107E+02 -0.17698E+02 -0.95137E+01
 -0.25139E+01  0.12325E+02  0.22646E+02  0.22936E+02  0.26801E+02  0.31620E+02
  0.32330E+02  0.34879E+02  0.35456E+02  0.34793E+02  0.32847E+02  0.25264E+02
  0.22497E+02  0.18092E+02  0.16222E+02  0.24551E+02  0.24907E+02  0.22705E+02
  0.24169E+02  0.23340E+02  0.20541E+02  0.16988E+02  0.89623E+01 -0.59948E+01
 -0.16745E+02 -0.22157E+02 -0.26031E+02 -0.25265E+02 -0.25186E+02 -0.21452E+02
 -0.14951E+02 -0.10907E+02 -0.51473E+01  0.25525E-01  0.90234E+00  0.15020E+01
  0.81144E+01  0.10364E+02  0.99900E+01  0.13889E+02  0.15486E+02  0.15177E+02
  0.12346E+02  0.10576E+02  0.12350E+02  0.15330E+02  0.13749E+02  0.46047E+01
 -0.44392E+01 -0.21533E+02 -0.35194E+02 -0.30265E+02 -0.25213E+02 -0.23507E+02
 -0.22873E+02 -0.23015E+02 -0.23733E+02 -0.31337E+02 -0.38189E+02 -0.39758E+02
 -0.46467E+02 -0.51004E+02 -0.47392E+02 -0.46648E+02 -0.47122E+02 -0.48736E+02
 -0.56152E+02 -0.59572E+02 -0.55572E+02 -0.48007E+02 -0.35593E+02 -0.21639E+02
 -0.11494E+02 -0.14262E+01  0.50311E+01  0.64064E+01  0.51682E+01 -0.13224E+00
 -0.43268E+01 -0.90857E+01 -0.11287E+02 -0.11273E+02 -0.12699E+02 -0.17159E+02
 -0.21287E+02 -0.24428E+02 -0.31258E+02 -0.32086E+02 -0.25861E+02 -0.23987E+02
 -0.22800E+02 -0.17006E+02 -0.17281E+02 -0.19160E+02 -0.11994E+02 -0.69317E+01
 -0.53012E+01 -0.16447E+01  0.93764E+00  0.56576E+01  0.87936E+01  0.39902E+01
 -0.42893E+01 -0.15404E+02 -0.26861E+02 -0.30878E+02 -0.29370E+02 -0.30629E+02
 -0.30117E+02 -0.22398E+02 -0.13924E+02 -0.17416E+01  0.10430E+02  0.17065E+02
  0.24841E+02  0.27855E+02  0.24934E+02  0.24594E+02  0.24054E+02  0.21133E+02
  0.14094E+02  0.54157E+01 -0.16575E+01 -0.95488E+01 -0.13732E+02 -0.18258E+02
 -0.27058E+02 -0.29956E+02 -0.22801E+02 -0.17661E+02 -0.21456E+02 -0.11975E+02
  0.10493E+01 -0.28454E+01 -0.40660E+00  0.66824E+01  0.65634E+01  0.65655E+01
  0.48741E+01  0.77892E+01  0.13738E+02  0.12456E+02  0.79083E+01  0.63606E+01
  0.12930E+02  0.10242E+02  0.50070E+01  0.13425E+02  0.16019E+02  0.10264E+02
  0.86720E+01  0.15573E+02  0.15465E+02  0.93116E+01  0.12669E+02  0.68367E+01
  0.65183E+01  0.17859E+02  0.12227E+02  0.98705E+01  0.15675E+02  0.16231E+02
  0.16478E+02  0.16746E+02  0.16693E+02  0.17737E+02  0.15758E+02  0.13568E+02
  0.13051E+02  0.86577E+01  0.46081E+01  0.22302E+01 -0.34366E+01 -0.50946E+01
  0.48068E+01  0.91171E+01  0.49783E+01  0.49370E+01  0.68554E+01  0.65704E+01
  0.57424E+01  0.12997E+02  0.28369E+02  0.35215E+02  0.40300E+02  0.45705E+02
  0.46827E+02  0.49465E+02  0.44828E+02  0.41100E+02  0.42630E+02  0.45246E+02
  0.46422E+02  0.45285E+02  0.47081E+02  0.49851E+02  0.50065E+02  0.49369E+02
  0.48420E+02  0.48877E+02  0.47351E+02  0.45526E+02  0.45751E+02  0.41801E+02
  0.40031E+02  0.37144E+02  0.30857E+02  0.28081E+02  0.22869E+02  0.14245E+02
  0.96636E+01  0.18267E+01 -0.75603E+01 -0.96948E+01 -0.13789E+02 -0.17983E+02
 -0.20671E+02 -0.24633E+02 -0.28273E+02 -0.29822E+02 -0.31302E+02 -0.35364E+02
 -0.33755E+02 -0.29214E+02 -0.38689E+02 -0.41466E+02 -0.28841E+02 -0.32337E+02
 -0.34383E+02 -0.28535E+02 -0.26196E+02 -0.23182E+02 -0.26945E+02 -0.26012E+02
 -0.22755E+02 -0.24424E+02 -0.25330E+02 -0.26358E+02 -0.26898E+02 -0.26630E+02
 -0.27680E+02 -0.29405E+02 -0.23523E+02 -0.17520E+02 -0.11527E+02 -0.91781E+00
  0.25279E+01  0.39139E+01  0.10349E+02  0.11293E+02  0.93345E+01  0.78859E+01
  0.38687E+01  0.12131E+01  0.10271E+01 -0.15179E+01 -0.72849E+01 -0.97301E+01
 -0.16295E+02 -0.14521E+02 -0.39337E+01 -0.51610E+01 -0.21695E+01  0.52730E+01
  0.48761E+01  0.35935E+01  0.60308E+01  0.60325E+01  0.14503E+01  0.15181E+01
  0.14757E+01 -0.25088E+01 -0.29833E+01  0.21333E+01  0.52799E+01  0.81374E+01
  0.13266E+02  0.13721E+02  0.16169E+02  0.23402E+02  0.26304E+02  0.25065E+02
  0.25066E+02  0.22654E+02  0.21503E+02  0.20431E+02  0.22835E+02  0.25714E+02
  0.22073E+02  0.28740E+02  0.32472E+02  0.26726E+02  0.23007E+02  0.22145E+02
  0.20009E+02  0.15924E+02  0.17563E+02  0.16136E+02  0.16336E+02  0.24220E+02
  0.27664E+02  0.29980E+02  0.32726E+02  0.27346E+02  0.18411E+02  0.26439E+01
 -0.10111E+02 -0.10952E+02 -0.16111E+02 -0.24415E+02 -0.25732E+02 -0.25355E+02
 -0.33471E+02 -0.39882E+02 -0.41310E+02 -0.43558E+02 -0.41277E+02 -0.34876E+02
 -0.30413E+02 -0.24357E+02 -0.11634E+02 -0.14588E+01 -0.84743E-02  0.24500E+01
  0.41883E+01  0.56608E+01  0.92924E+01  0.34348E+01 -0.28575E+00 -0.52023E+01
 -0.14581E+02 -0.13474E+02 -0.18690E+02 -0.17971E+02 -0.57360E+01 -0.93240E+01
 -0.12447E+02 -0.10510E+02 -0.96691E+01 -0.54949E+01 -0.38905E+01 -0.30384E+01
 -0.36487E+01 -0.10282E+02 -0.12663E+02 -0.63862E+01 -0.80701E+01 -0.15025E+02
 -0.14306E+02 -0.15359E+02 -0.16501E+02 -0.12206E+02 -0.11698E+02 -0.10858E+02
 -0.89878E+01 -0.62435E+01 -0.36317E+01 -0.30031E+00  0.52011E+01  0.18999E+01
  0.38358E+01  0.46867E+01  0.20386E+01  0.36755E+01  0.23334E+01  0.32400E+01
 -0.54943E+00 -0.22677E+01  0.68688E+00  0.87292E+00  0.16680E+01  0.28505E+01
  0.35457E+01  0.63225E+01  0.11868E+02  0.17623E+02  0.19425E+02  0.19279E+02
  0.21568E+02  0.25241E+02  0.27176E+02  0.27649E+02  0.27048E+02  0.27323E+02
  0.26710E+02  0.22267E+02  0.20847E+02  0.21796E+02  0.23077E+02  0.23605E+02
  0.22915E+02  0.22890E+02  0.20716E+02  0.19749E+02  0.24894E+02  0.24824E+02
  0.13792E+02  0.10500E+02  0.12898E+02  0.42907E+01 -0.64644E+01 -0.95353E+01
 -0.12286E+02 -0.18457E+02 -0.16634E+02 -0.76035E+01 -0.78185E+01 -0.12661E+02
 -0.65211E+01 -0.16758E+01 -0.53898E+01 -0.11595E+02 -0.15287E+02 -0.16621E+02
 -0.18708E+02 -0.16930E+02 -0.19039E+02 -0.17494E+02 -0.11055E+02 -0.13972E+02
 -0.20544E+02 -0.21811E+02 -0.22027E+02 -0.26617E+02 -0.26744E+02 -0.21723E+02
 -0.19204E+02 -0.18147E+02 -0.16381E+02 -0.14638E+02 -0.11644E+02 -0.16865E+02
 -0.15919E+02 -0.74108E+01 -0.72729E+01 -0.81325E+00  0.56465E+01  0.84079E+01
  0.11811E+02  0.15426E+02  0.15906E+02  0.12943E+02  0.10389E+02  0.37159E+01
 -0.78700E+00 -0.27987E+01 -0.93053E+01 -0.16820E+02 -0.20658E+02 -0.24752E+02
 -0.29255E+02 -0.34999E+02 -0.39558E+02 -0.31172E+02 -0.26807E+02 -0.29916E+02
 -0.22627E+02 -0.15227E+02 -0.11471E+02 -0.56441E+01  0.57629E+01  0.13516E+02
  0.15279E+02  0.22788E+02  0.23865E+02  0.17091E+02  0.13228E+02  0.80253E+01
  0.34432E+01 -0.42283E+01 -0.10881E+02 -0.54432E+01 -0.10681E+01 -0.14543E+01
  0.17026E+01  0.71182E+01  0.88909E+01  0.14450E+02  0.23309E+02  0.23044E+02
  0.29257E+02  0.35679E+02  0.35049E+02  0.41847E+02  0.40719E+02  0.34308E+02
  0.31485E+02  0.13801E+02 -0.42250E+01 -0.93736E+01 -0.17026E+02 -0.25142E+02
 -0.24943E+02 -0.24057E+02 -0.29064E+02 -0.27414E+02 -0.24038E+02 -0.25246E+02
 -0.22833E+02 -0.19967E+02 -0.16613E+02 -0.17079E+02 -0.19882E+02 -0.17880E+02
 -0.19708E+02 -0.24162E+02 -0.24849E+02 -0.27288E+02 -0.31142E+02 -0.32961E+02
 -0.29952E+02 -0.27773E+02 -0.30599E+02 -0.26504E+02 -0.24880E+02 -0.26222E+02
 -0.23081E+02 -0.23206E+02 -0.22400E+02 -0.16037E+02 -0.11069E+02 -0.91017E+01
  0.15134E+01  0.87514E+01  0.96886E+01  0.10670E+02  0.10289E+02  0.12290E+02
  0.10768E+02  0.10476E+02  0.93637E+01  0.27048E+01  0.33754E+01  0.90179E+01
  0.29340E+01  0.32055E+01  0.14539E+02  0.18630E+02  0.22046E+02  0.25650E+02
  0.26176E+02  0.20689E+02  0.12933E+02  0.95381E+01  0.59786E+01  0.15655E+01
 -0.75591E+00 -0.20358E+01 -0.59186E+00  0.74104E+00 -0.25654E+01 -0.33361E+01
 -0.31328E+01 -0.49669E+01 -0.81190E+01 -0.13297E+02 -0.17291E+02 -0.20211E+02
 -0.24038E+02 -0.24423E+02 -0.22659E+02 -0.19556E+02 -0.10995E+02 -0.68951E+01
 -0.78050E+00  0.59208E+01  0.77500E+01  0.11040E+02  0.13114E+02  0.15618E+02
  0.15309E+02  0.14735E+02  0.14549E+02  0.13465E+02  0.10542E+02  0.40772E+01
 -0.29529E+01 -0.98839E+01 -0.10935E+02 -0.86536E+01 -0.88523E+01 -0.77004E+01
 -0.29169E+01  0.33727E+01  0.13459E+02  0.25462E+02  0.31186E+02  0.34662E+02
  0.39202E+02  0.42998E+02  0.45301E+02  0.43905E+02  0.39253E+02  0.32221E+02
  0.27624E+02  0.19307E+02  0.52983E+01 -0.29487E+00 -0.90438E+01 -0.13088E+02
 -0.53614E+01 -0.47216E+01  0.51304E+01  0.18470E+02  0.23250E+02  0.34487E+02
  0.40950E+02  0.43604E+02  0.48439E+02  0.47638E+02  0.43981E+02  0.35384E+02
  0.22315E+02  0.19620E+02  0.14135E+02  0.11653E+01  0.94963E+00 -0.18123E+01
 -0.63561E+01 -0.75355E+01 -0.17350E+02 -0.22228E+02 -0.24747E+02 -0.31485E+02
 -0.32231E+02 -0.41272E+02 -0.44977E+02 -0.36325E+02 -0.35379E+02 -0.30702E+02
 -0.22193E+02 -0.17516E+02 -0.12873E+02 -0.67787E+01  0.31169E+00  0.69811E+01
  0.98081E+01  0.74531E+01  0.65263E+01  0.47135E+01  0.29670E+01  0.34127E+01
 -0.14123E+01 -0.59939E+01 -0.66668E+01 -0.58119E+01 -0.61091E+01 -0.66940E+01
 -0.75117E+01 -0.13057E+02
