  Time his fp  matched to spectrum:Sclrel_output/sm08.h.freq.tgt                
   2958    1.00000E-02  0  0  0.  0.  0.  0.  0.
  0.22203E+00  0.41198E+00  0.35474E+00  0.37535E+00  0.37166E+00  0.37356E+00
  0.37334E+00  0.36751E+00  0.34534E+00  0.30626E+00  0.25989E+00  0.20335E+00
  0.15932E+00  0.22380E+00  0.71755E+00  0.18899E+01  0.38544E+01  0.64814E+01
  0.97775E+01  0.14255E+02  0.20791E+02  0.24394E+02  0.20724E+02  0.18064E+02
  0.13825E+02  0.25112E+00 -0.12198E+02 -0.19031E+02 -0.24586E+02 -0.28156E+02
 -0.29609E+02 -0.30135E+02 -0.25162E+02 -0.19950E+02 -0.18846E+02 -0.98475E+01
  0.43493E+01  0.83790E+01  0.92275E+01  0.64794E+01  0.34081E+01  0.11816E+02
  0.17799E+02  0.14720E+02  0.62146E+01 -0.56695E+01 -0.11213E+02 -0.67169E+01
 -0.64989E+01 -0.11116E+02 -0.84076E+01 -0.29297E+01  0.76383E+00  0.23478E+01
  0.33056E+00 -0.12831E+00 -0.29217E+01 -0.79921E+01 -0.13522E+02 -0.98522E+01
  0.25579E+01  0.28031E+01 -0.34292E+01  0.26136E+00  0.52757E+01  0.13387E+02
  0.21434E+02  0.22185E+02  0.18712E+02  0.11394E+02  0.69900E+01  0.58854E+01
  0.69720E+01  0.45156E+01  0.22958E+01  0.70099E+01  0.59825E+01 -0.23814E+01
 -0.83706E+01 -0.95276E+01 -0.62205E+01 -0.14244E+01  0.25836E+01  0.51911E+01
  0.47364E+01  0.84770E+01  0.87896E+01 -0.27733E+01 -0.94997E+01 -0.10688E+02
 -0.15914E+02 -0.17557E+02 -0.16587E+02 -0.15131E+02 -0.99086E+01 -0.71034E+01
 -0.70991E+01 -0.27119E+01  0.40859E+01  0.76114E+01  0.64119E+01  0.49506E+01
  0.66664E+01  0.49797E+01  0.22109E+01  0.21106E+01 -0.58132E+00  0.14544E+01
  0.50919E+01  0.69867E+00 -0.50676E+01 -0.80582E+01 -0.65452E+01  0.18913E+01
  0.57914E+01 -0.16585E+01 -0.39568E+01  0.15796E+01  0.28764E+01 -0.10159E+01
 -0.23342E+01  0.23271E+01  0.96604E+01  0.44099E+01 -0.43207E+01 -0.28779E+01
  0.17737E+00  0.89309E+01  0.10051E+02  0.97661E+00  0.70699E+00 -0.36655E+01
 -0.10780E+02 -0.93311E+01 -0.59064E+01 -0.20745E+01  0.14079E+01  0.19890E+01
 -0.91181E+00 -0.27908E+01  0.53066E+00  0.59405E+01  0.93030E+01  0.99602E+01
  0.15156E+01 -0.45499E+01  0.13464E+01  0.27994E+01 -0.39086E+01 -0.52690E+01
 -0.46418E+01 -0.43792E+01 -0.13551E+01 -0.10283E+02 -0.15454E+02 -0.36928E+01
  0.24359E+01  0.48566E+00  0.15196E+01  0.40549E+01  0.57336E+01  0.61899E+01
 -0.68424E+00 -0.34624E+01  0.18618E+01  0.67196E+01  0.71503E+01 -0.92403E+00
 -0.28520E+01 -0.15674E+00 -0.71372E+01 -0.13323E+02 -0.97683E+01 -0.43175E+01
  0.25719E+01  0.12233E+02  0.14450E+02  0.12703E+02  0.78618E+01  0.13236E+01
  0.53294E+01  0.86686E+01  0.10632E+02  0.96498E+01 -0.26763E-01 -0.26206E+01
 -0.59750E+00 -0.30363E+01 -0.76359E+01 -0.10409E+02 -0.62309E+01 -0.18202E+01
 -0.80347E+01 -0.15731E+02 -0.11294E+02 -0.42952E+01 -0.42086E+01 -0.31466E+01
  0.38057E+01  0.61086E+01 -0.30019E+01 -0.53861E+01 -0.41161E+01 -0.81947E+01
 -0.26248E+00  0.10935E+02  0.14714E+02  0.15794E+02  0.15314E+02  0.12614E+02
  0.10767E+02  0.75442E+01 -0.62304E+01 -0.12835E+02 -0.34624E+01  0.32959E+01
  0.10079E+02  0.14809E+02  0.50388E+01 -0.72978E+01 -0.14631E+02 -0.10529E+02
  0.26372E+01  0.99467E+01  0.82601E+01  0.32826E+01  0.25683E+01  0.75887E+01
  0.79198E+01  0.32650E+01  0.22332E+01  0.28134E+01  0.20949E+01 -0.86012E+00
 -0.60727E+01 -0.50567E+01  0.27613E+01  0.32970E+01 -0.14302E+00 -0.11986E+00
 -0.43971E+01 -0.73082E+01 -0.91591E+00  0.14353E+01  0.22796E+01  0.10074E+02
  0.68182E+01 -0.22823E+01  0.70349E+01  0.18975E+02  0.53473E+01 -0.82483E+01
 -0.33029E+01 -0.13634E+01 -0.19784E+01 -0.13870E+01 -0.64172E+01 -0.93565E+01
 -0.89635E+01 -0.13691E+02 -0.13551E+02 -0.57712E+01 -0.18850E+01 -0.27000E+01
 -0.33753E+01  0.10427E+01  0.13823E+02  0.14208E+02  0.22223E+00 -0.74160E+01
 -0.49651E+01  0.27384E+01  0.27443E+01 -0.67612E+01 -0.56750E+01  0.93318E+00
  0.66022E+01  0.12095E+02  0.51584E+01 -0.37212E+01 -0.27151E+01  0.79723E+00
 -0.75759E+00 -0.31569E+01 -0.68736E+01 -0.11497E+02 -0.10097E+02 -0.45521E+01
 -0.28879E+01  0.46404E+00  0.85449E+01  0.79270E+01  0.52721E+01  0.88610E+01
  0.64115E+01 -0.18701E+00 -0.34546E+01 -0.26628E+01 -0.39462E+01 -0.10950E+02
 -0.99955E+01 -0.28462E+01 -0.85907E+01 -0.15483E+02 -0.10232E+01  0.10158E+02
  0.10538E+02  0.11548E+02  0.43887E+01 -0.38900E+01 -0.62406E+01 -0.76203E+01
 -0.39830E+01 -0.44779E+01 -0.97549E+01 -0.24147E+01  0.47453E+01  0.33631E+01
  0.12986E+00 -0.52275E+01 -0.10002E+02 -0.11444E+02 -0.86537E+01 -0.60644E+01
  0.23266E+01  0.14829E+02  0.14556E+02  0.31899E+01 -0.50503E+01 -0.55712E+01
  0.45164E+01  0.10224E+02  0.44288E+00 -0.94466E+01 -0.11268E+02 -0.18120E+01
  0.11945E+02  0.15134E+02  0.11247E+02  0.56894E+01  0.30710E+01  0.32620E+01
 -0.10344E+01 -0.40067E+01 -0.46162E+01 -0.89275E+01 -0.14528E+02 -0.12018E+02
 -0.38405E+00  0.84777E+01  0.89474E+01  0.69122E+01  0.32061E+01  0.23137E+01
 -0.22468E-01 -0.48208E+01 -0.66432E+01 -0.70532E+01 -0.54086E+01 -0.27369E+01
  0.69413E+01  0.12492E+02  0.26739E+01  0.15697E+01  0.36643E+01  0.21744E+01
  0.10624E+02  0.60930E+01 -0.97033E+00  0.10173E+02  0.10838E+02  0.83497E+00
 -0.26135E+01 -0.12073E+01  0.32647E+01  0.50115E+01  0.67714E+01  0.36045E+01
 -0.56311E+00  0.70846E+01  0.11233E+02  0.75920E+01  0.53061E+01  0.15522E+01
 -0.72820E+01 -0.94508E+01 -0.47935E+01 -0.67745E+01 -0.94153E+01  0.12323E+01
  0.60203E+01 -0.32175E+01 -0.38652E+01 -0.43476E-01 -0.42876E+01 -0.58421E+01
 -0.79794E+01 -0.78098E+01  0.48908E+01  0.10447E+02  0.11953E+02  0.10383E+02
 -0.23504E+01 -0.77156E+01 -0.86724E+01 -0.16430E+02 -0.77691E+01  0.68616E+01
  0.39362E+01 -0.86633E+00  0.25730E+01  0.11637E+01 -0.86267E+00  0.94440E+01
  0.71355E+01  0.43890E+00  0.10835E+02  0.10236E+02  0.14155E+01  0.22412E+01
  0.49314E+01  0.31033E+01  0.90248E+00  0.20295E+00  0.17532E+01  0.13871E+01
 -0.54418E+01 -0.89682E+01 -0.10867E+02 -0.12539E+02 -0.98262E+01 -0.43749E+01
 -0.49954E-01  0.44122E+01  0.72840E+01  0.29623E+01 -0.45842E+01 -0.76886E+01
 -0.54029E+01 -0.39281E+01 -0.16952E+01 -0.15922E+00 -0.29635E+01 -0.34336E+01
  0.21143E+01  0.83874E+01  0.85219E+01 -0.34435E+00 -0.11088E+02 -0.82357E+01
  0.47672E+01  0.69890E+01  0.85172E+00 -0.41162E+01 -0.10967E+02 -0.15230E+02
 -0.81329E+01  0.10770E+01  0.53129E+01  0.83476E+01  0.31120E+01 -0.26297E+01
  0.12783E+01  0.30342E+01  0.20026E+01 -0.87332E+00 -0.46854E+01  0.22499E+00
  0.61834E+01  0.37554E+01  0.41560E+01 -0.30825E+00 -0.63077E+01  0.12692E+01
  0.42235E+01  0.25967E+00  0.58882E+00 -0.24927E+01 -0.60093E+01 -0.50512E+01
 -0.31373E+01  0.32611E+00 -0.23117E+01 -0.63554E+01 -0.52998E+01 -0.75719E+01
 -0.48972E+01  0.31892E+01  0.62825E+01  0.10092E+01 -0.93318E+01 -0.11452E+02
 -0.69726E+01 -0.17232E+01 -0.19570E+00 -0.34068E+00  0.43631E+01  0.71885E+01
  0.69336E+01  0.71510E+01  0.58797E+01  0.16454E+01 -0.74000E+01 -0.15424E+02
 -0.11084E+02 -0.71716E+01 -0.44687E+01  0.56605E+01  0.90443E+01  0.22587E+01
 -0.23324E+01 -0.14606E+01  0.14448E+01  0.55323E+01  0.32177E+01  0.10745E+01
  0.85674E+01  0.10250E+02  0.23843E+01 -0.42987E+01 -0.59677E+01 -0.17520E+01
 -0.36407E+00 -0.10029E+01 -0.63817E+01 -0.15850E+02 -0.10216E+02  0.10730E+01
 -0.11862E+01 -0.43653E+01  0.20232E+01  0.23557E+01 -0.26123E+01  0.31256E+01
  0.59355E+01 -0.40487E+01 -0.88712E+01 -0.34838E+00  0.10135E+02  0.19966E+02
  0.17022E+02  0.33444E+01  0.13651E+01  0.63026E+01  0.31141E+01  0.21474E+01
  0.63954E+01  0.22647E+01  0.87705E+00  0.35844E+01 -0.28149E+01 -0.10328E+02
 -0.10802E+02 -0.10547E+02 -0.12040E+02 -0.57486E+01  0.24065E+01  0.66123E+01
  0.12746E+02  0.11922E+02  0.30470E+01 -0.24995E+01 -0.42343E+01 -0.40265E+01
 -0.57820E+01 -0.72718E+01  0.40387E+01  0.83171E+01 -0.51381E+00 -0.45384E+01
 -0.21953E+00  0.55259E+01  0.39171E+01 -0.43775E+01 -0.78084E+01 -0.77680E+00
  0.15326E+02  0.20865E+02  0.90469E+01  0.47612E+01 -0.23127E+00 -0.19465E+01
  0.12228E+02  0.12888E+02  0.36572E+01  0.70040E+01  0.10638E+02  0.38801E+01
 -0.46537E+01 -0.29269E+01  0.47609E+01  0.48018E+01 -0.29619E+01 -0.75804E+01
 -0.53508E+01  0.59527E+00  0.28011E+01 -0.14415E+01 -0.48548E+01 -0.50604E+01
  0.28429E+01  0.14889E+02  0.66558E+01 -0.90956E+01 -0.58486E+01 -0.12143E+01
 -0.60939E+01 -0.63727E+01 -0.45239E+01 -0.15132E+01  0.25001E+01  0.14926E+01
 -0.38906E+01 -0.67608E+01 -0.40545E+00  0.96583E+01  0.10222E+02 -0.92170E+00
 -0.40156E+01  0.27309E+01  0.30818E+01 -0.40144E+01 -0.82749E+01 -0.95399E+01
 -0.35775E+01  0.86404E-01 -0.63147E+01 -0.14142E+01  0.54369E+01  0.15836E+01
  0.19987E+01 -0.58284E+00 -0.61350E+01 -0.34827E+01 -0.13351E+01  0.42228E+01
  0.12756E+02  0.13595E+02  0.15664E+02  0.16514E+02  0.72095E+01  0.15051E+01
 -0.85614E+01 -0.20103E+02 -0.10798E+02 -0.17449E+01  0.27553E+01  0.10537E+02
  0.14717E+02  0.18307E+02  0.97689E+01 -0.96757E+01 -0.16365E+02 -0.16769E+02
 -0.13248E+02  0.14289E+01  0.60919E+01  0.10811E+01  0.39835E+01  0.63598E+01
 -0.38098E+01 -0.11407E+02 -0.24257E+01  0.63905E+01  0.14389E+01  0.10159E+01
  0.54154E+01  0.66319E+01  0.10896E+02  0.44134E+01 -0.63570E+01 -0.69202E+01
 -0.20257E+01  0.64461E+01  0.72405E+01 -0.13738E+01 -0.48097E+01 -0.42702E+01
 -0.39180E+01 -0.63664E+01 -0.10520E+02 -0.11107E+02 -0.15398E+02 -0.18116E+02
 -0.15295E+02 -0.16336E+02 -0.16747E+02 -0.11085E+02 -0.11095E+02 -0.10912E+02
 -0.12272E+01  0.29164E+01 -0.36120E+01 -0.56027E+01 -0.19986E+01  0.32761E+01
  0.10019E+02  0.15178E+02  0.18085E+02  0.21130E+02  0.23137E+02  0.14404E+02
  0.80567E+01  0.11654E+02  0.41106E+01 -0.12993E+02 -0.19836E+02 -0.17928E+02
 -0.10601E+02 -0.56809E+01 -0.77558E+01 -0.61718E+01 -0.43279E+01 -0.78975E+01
 -0.96460E+01 -0.84056E+01 -0.40067E+01  0.29746E+01  0.82054E+01  0.18437E+02
  0.26333E+02  0.16838E+02  0.89695E+01  0.11272E+02  0.27475E+01 -0.13805E+02
 -0.20878E+02 -0.17125E+02 -0.71578E+01 -0.40060E+01 -0.63017E+01 -0.46681E+01
 -0.35002E+01  0.16198E+01  0.46820E+01 -0.48355E+01 -0.73372E+01  0.96375E+00
  0.30915E+01  0.40323E+01  0.56817E+01  0.52729E+00 -0.48761E+01  0.15157E+01
  0.89865E+01  0.91576E+01  0.14213E+02  0.18539E+02  0.12795E+02  0.71759E+01
 -0.33961E+01 -0.15982E+02 -0.12106E+02 -0.70453E+01 -0.38902E+01  0.53630E+01
  0.85341E+01  0.10273E+02  0.17133E+02  0.19055E+02  0.94629E+01 -0.74016E+01
 -0.15569E+02 -0.67481E+01  0.38830E+01  0.84781E+01  0.98182E+01  0.68934E+01
  0.21384E+00 -0.34322E+01 -0.61784E+01 -0.15383E+02 -0.15489E+02 -0.63336E+01
 -0.27116E+01 -0.37047E+01 -0.26259E+01  0.53975E+00 -0.23663E+01 -0.29696E+01
  0.86243E+00  0.16963E+01  0.28306E+01  0.49451E+01  0.39292E+01  0.22036E+01
  0.50416E+01  0.72479E+01  0.46257E+01 -0.89539E+00 -0.17075E+01  0.35627E+01
  0.19542E+01 -0.78250E+01 -0.11174E+02 -0.99990E+01 -0.11922E+02 -0.59634E+01
 -0.24767E+00 -0.35642E+01 -0.61422E+01 -0.77333E+01 -0.94809E+01 -0.90968E+01
 -0.49620E+01 -0.57687E+00  0.11028E+01  0.36301E+01  0.78465E+01  0.10057E+02
  0.12479E+02  0.13232E+02  0.11040E+02  0.93154E+01  0.57866E+01  0.16125E+01
  0.34460E+01  0.29198E+01 -0.14741E+01  0.40314E+01  0.76415E+01 -0.43239E+00
 -0.24518E+01 -0.81248E+00 -0.70138E+01 -0.13685E+02 -0.18023E+02 -0.17610E+02
 -0.13672E+02 -0.13777E+02 -0.12126E+02 -0.75628E+01 -0.24324E+01  0.10831E+02
  0.19311E+02  0.17511E+02  0.21433E+02  0.19743E+02  0.63353E+01 -0.42682E+01
 -0.93580E+01 -0.72903E+01  0.18967E+01  0.54934E+01  0.50283E+01  0.26533E+01
  0.93583E+00  0.44593E+01  0.19738E+01 -0.27934E+01  0.21370E+01  0.48930E+01
 -0.30392E+01 -0.71214E+01 -0.45221E+01 -0.60119E+01 -0.90114E+01 -0.92192E+01
 -0.63229E+01 -0.43640E+01 -0.15699E+01  0.55836E+01  0.32719E+01 -0.11621E+00
  0.10741E+02  0.18380E+02  0.14601E+02  0.11001E+02  0.75650E+01  0.14532E+01
  0.24365E+01  0.39716E+01  0.16342E-01 -0.48364E+01 -0.13608E+02 -0.17376E+02
 -0.11125E+02 -0.41386E+01 -0.18262E+01 -0.27185E+01  0.15491E+01  0.12858E+02
  0.15660E+02  0.82667E+01  0.30801E+01  0.11247E+01 -0.14281E+01 -0.13760E+01
 -0.40453E+01 -0.71184E+01 -0.31814E+01 -0.48810E+00  0.36321E+01  0.75271E+01
  0.77130E+01  0.85123E+01  0.41551E+01 -0.43657E+00  0.11531E+01 -0.29282E+01
 -0.89174E+01 -0.70776E+01 -0.69561E+01 -0.98816E+01 -0.51665E+01 -0.10479E+01
 -0.68365E+01 -0.66566E+01 -0.24918E+01  0.17275E+01  0.85485E+01  0.56435E+01
  0.37948E+01  0.40817E+01  0.30743E+01  0.82171E+01  0.72769E+01 -0.23183E+01
 -0.21300E+01  0.44147E+01  0.73934E+01  0.58436E+01 -0.18963E+01 -0.34438E+00
  0.20014E+01 -0.48146E+01 -0.63614E-01  0.11221E+02  0.15991E+02  0.11149E+02
 -0.73677E+01 -0.14566E+02 -0.99981E+01 -0.10245E+02 -0.55965E+01  0.72650E+00
  0.14654E+01  0.84733E+01  0.14335E+02  0.82633E+01  0.57929E+01  0.22094E+01
 -0.79063E+01 -0.13317E+02 -0.15361E+02 -0.15599E+02 -0.19223E+02 -0.20517E+02
 -0.10932E+01  0.21608E+02  0.20937E+02  0.62089E+01 -0.58890E+01 -0.11845E+02
 -0.91939E+01 -0.79696E+01 -0.11016E+02 -0.36449E+01  0.76739E+01  0.87384E+01
  0.35836E+01 -0.19269E+01 -0.38294E+01 -0.60245E+01 -0.10184E+02  0.97781E+00
  0.18634E+02  0.12691E+02 -0.23340E+01 -0.78099E+01 -0.10749E+02 -0.10594E+02
 -0.10692E+02 -0.83987E+01  0.70129E+01  0.10163E+02 -0.37560E+01  0.16980E+01
  0.14488E+02  0.80430E+01 -0.28332E+01 -0.56853E+01 -0.30527E+01  0.14202E+01
 -0.11831E+01 -0.64288E+01 -0.76580E+01 -0.49850E+01 -0.37469E+01 -0.85831E+01
 -0.10683E+02 -0.85562E+01 -0.96160E+01 -0.11134E+02 -0.51353E+01 -0.19102E+01
 -0.10745E+02 -0.78182E+01  0.53249E+01  0.38319E+01 -0.52296E+01 -0.12541E+02
 -0.20239E+01  0.18632E+02  0.23841E+02  0.20039E+02  0.62378E+01 -0.31849E+01
  0.56789E+00  0.52407E+01  0.76658E+01  0.81932E+00 -0.94064E+01 -0.81572E+01
 -0.21285E+01 -0.52344E+01 -0.88266E+01 -0.55589E+01 -0.93797E+00  0.19249E+01
  0.11162E+02  0.14108E+02  0.63707E+01  0.18619E+01 -0.12494E+01 -0.31436E+01
 -0.76390E+01 -0.62142E+01  0.47531E+01  0.13804E+02  0.20060E+02  0.16646E+02
  0.42288E+01 -0.16697E+00 -0.47299E+00 -0.53262E+00  0.10511E+02  0.18047E+02
  0.16493E+02  0.15047E+02  0.87947E+01 -0.30207E+01 -0.98273E+01 -0.12240E+02
 -0.16224E+02 -0.16818E+02 -0.12265E+02 -0.11252E+02 -0.10753E+02 -0.27740E+01
 -0.33384E+01 -0.11240E+02 -0.56810E+01  0.71405E+00  0.49302E+01  0.11171E+02
  0.12649E+02  0.98363E+01  0.33513E+01 -0.17556E+01  0.24965E+01  0.83201E+01
  0.12831E+02  0.14817E+02  0.67148E+01  0.18381E+01  0.61267E+01  0.72281E+01
 -0.83342E-01 -0.13810E+02 -0.28508E+02 -0.30264E+02 -0.19261E+02 -0.95720E+01
 -0.24017E+01  0.14301E+02  0.36113E+02  0.45934E+02  0.35068E+02  0.18841E+02
  0.14799E+02  0.15745E+02  0.86927E+01 -0.17749E+01  0.36423E+01  0.14314E+02
  0.66452E+01 -0.49684E+01  0.20220E+01  0.13761E+02  0.11954E+02  0.67769E+01
 -0.19298E+00 -0.10366E+02 -0.10831E+02 -0.17217E+02 -0.35132E+02 -0.43094E+02
 -0.54059E+02 -0.74504E+02 -0.77285E+02 -0.65763E+02 -0.41700E+02 -0.15279E+01
  0.29455E+02  0.36801E+02  0.42896E+02  0.55666E+02  0.52515E+02  0.48404E+02
  0.60557E+02  0.64646E+02  0.65900E+02  0.68949E+02  0.49362E+02  0.29134E+02
  0.24639E+02  0.88511E+01 -0.37559E+02 -0.99007E+02 -0.13040E+03 -0.12932E+03
 -0.10119E+03 -0.68548E+02 -0.61214E+02 -0.52091E+02 -0.35790E+02 -0.31030E+02
 -0.36191E+02 -0.13538E+02  0.48349E+02  0.94677E+02  0.10933E+03  0.10093E+03
  0.79727E+02  0.69720E+02  0.60909E+02  0.23740E+02 -0.13760E+02 -0.26000E+02
 -0.42718E+02 -0.61675E+02 -0.65382E+02 -0.64778E+02 -0.54837E+02 -0.40868E+02
 -0.50535E+02 -0.74522E+02 -0.73669E+02 -0.57802E+02 -0.44241E+02 -0.16721E+02
 -0.64206E+00 -0.24701E+02 -0.42821E+02  0.48926E+01  0.78570E+02  0.10323E+03
  0.13411E+03  0.21300E+03  0.24368E+03  0.17758E+03  0.99118E+02  0.23532E+02
 -0.67444E+02 -0.10078E+03 -0.87796E+02 -0.55988E+02 -0.36325E+02 -0.14987E+02
  0.34390E+02  0.42894E+02  0.29748E+02  0.32447E+02  0.43852E+02  0.47930E+02
  0.23156E+02  0.74981E+01 -0.16357E+01 -0.25701E+02 -0.25396E+02 -0.23320E+01
 -0.86162E+01 -0.47663E+02 -0.76987E+02 -0.79276E+02 -0.55917E+01  0.83619E+02
  0.87117E+01 -0.13404E+03 -0.14174E+03 -0.59194E+02 -0.63136E+01 -0.24856E+02
 -0.54225E+02 -0.55349E+02 -0.45529E+02 -0.22381E+02  0.14516E+02  0.46249E+02
  0.57937E+02  0.58878E+02  0.57808E+02  0.92924E+02  0.13108E+03  0.46105E+02
 -0.53409E+02 -0.53966E+02 -0.12325E+02  0.23132E+02  0.37839E+02  0.47632E+02
  0.35098E+02  0.12701E+02 -0.16505E+02 -0.28713E+02  0.13456E+02 -0.19430E+02
 -0.12172E+03 -0.11253E+03 -0.30544E+02  0.35278E+01  0.95516E+01  0.17925E+02
  0.19776E+02  0.28724E+02  0.58257E+02  0.60218E+02  0.37709E+02  0.38283E+02
  0.28643E+02 -0.17094E+00 -0.28391E+02 -0.62086E+02 -0.63481E+02 -0.20731E+02
 -0.98519E+01 -0.22915E+02 -0.21089E+02 -0.27423E+02 -0.42684E+02 -0.54562E+02
 -0.60800E+02 -0.61461E+02 -0.62302E+02 -0.25999E+02  0.49166E+02  0.68543E+02
  0.33791E+02  0.31618E+02  0.73324E+02  0.50950E+02 -0.30277E+01 -0.37904E+01
 -0.23927E+02 -0.38415E+02 -0.11695E+02  0.89430E+01  0.19637E+02  0.38351E+02
  0.41230E+02  0.40119E+02  0.63711E+02  0.49844E+02 -0.16817E+02 -0.38272E+02
  0.12100E+01  0.58527E+02  0.38118E+02 -0.74835E+02 -0.12035E+03 -0.20234E+02
  0.59160E+02  0.20520E+02 -0.24450E+02 -0.37231E+02 -0.49112E+02 -0.33896E+02
 -0.10134E+01  0.37677E+01  0.13402E+01  0.19306E+02  0.21808E+02 -0.33706E+01
 -0.12337E+02 -0.12690E+02 -0.13506E+02  0.27140E+01  0.85393E+01 -0.13451E+02
 -0.33163E+02 -0.22062E+02  0.29759E+02  0.63125E+02  0.51008E+02  0.42795E+02
  0.33263E+02  0.14993E+02  0.43071E+02  0.63365E+02  0.93010E+01 -0.12758E+02
 -0.10702E+02 -0.39527E+02 -0.51107E+02 -0.46211E+02 -0.49209E+02 -0.52394E+02
 -0.23678E+02  0.27877E+02  0.40338E+02  0.32658E+02  0.28847E+02  0.45235E+01
  0.15091E+01  0.26613E+02  0.22623E+02  0.21498E+02  0.32242E+02  0.53585E+01
 -0.22761E+02 -0.29761E+02 -0.43180E+02 -0.60842E+02 -0.57428E+02 -0.14223E+02
  0.14365E+02 -0.22563E+01 -0.10834E+02 -0.11474E+02 -0.19254E+02 -0.15293E+02
 -0.20012E+01 -0.10024E+00 -0.13792E+02  0.14832E+02  0.47524E+02  0.14503E+02
 -0.84019E+01  0.35136E+02  0.36925E+02 -0.31987E+02 -0.35361E+02 -0.44868E+01
 -0.39746E+01 -0.13625E+02 -0.31986E+02 -0.70045E+02 -0.47130E+02  0.50499E+02
  0.68589E+02  0.10584E+02  0.13982E+02  0.72317E+02  0.55238E+02 -0.14816E+02
 -0.24727E+02 -0.18589E+02 -0.36341E+02 -0.31075E+02  0.10368E+02  0.23066E+02
 -0.25401E+01 -0.66772E+01  0.45790E+01  0.18687E+02  0.58752E+02  0.66015E+02
  0.27439E+01 -0.29297E+02 -0.21642E+02 -0.14823E+02 -0.93660E+01 -0.16183E+02
 -0.15265E+02 -0.11511E+02 -0.16742E+02 -0.12020E+02  0.82264E-01  0.54472E+01
  0.12093E+02  0.40770E+02  0.73438E+02  0.61944E+02  0.25747E+02  0.85360E+00
  0.35330E+01  0.27596E+02  0.35595E+02  0.30174E+02  0.16226E+02  0.60480E+01
  0.18636E+02  0.10809E+02 -0.10162E+02  0.33959E+01  0.11722E+02 -0.14430E+02
 -0.43942E+02 -0.57226E+02 -0.76397E+01  0.90277E+02  0.87450E+02 -0.25581E+02
 -0.86213E+02 -0.75460E+02 -0.84336E+02 -0.98509E+02 -0.77179E+02 -0.53144E+02
 -0.53353E+02 -0.49206E+02 -0.12029E+02  0.22178E+02  0.22310E+02  0.20519E+02
  0.16068E+02  0.12188E+01 -0.22005E+01  0.11463E+02  0.32188E+02  0.28342E+02
  0.75866E+01  0.18340E+01  0.38865E+01  0.29386E+02  0.53277E+02  0.34876E+02
 -0.83656E+01 -0.44562E+02 -0.33228E+02  0.29468E+02  0.22436E+02 -0.67984E+02
 -0.91652E+02 -0.18108E+02  0.44859E+02  0.54558E+02  0.58407E+02  0.44650E+02
  0.78502E+00 -0.19985E+02 -0.15492E+02 -0.18706E+02 -0.18419E+02 -0.11523E+02
 -0.15894E+02 -0.19126E+02 -0.29935E+01  0.53822E+01 -0.34292E+01 -0.17365E+00
  0.22758E+01 -0.12791E+02 -0.17040E+02 -0.33655E+00  0.99877E+01  0.36599E+01
  0.16617E+01 -0.10555E+02 -0.31290E+02 -0.75966E+01  0.34705E+02  0.42578E+02
  0.24469E+02  0.12269E+02  0.23741E+02  0.36359E+02  0.89340E+02  0.15643E+03
  0.10647E+03  0.27092E+02  0.13508E+02 -0.21248E+02 -0.10098E+03 -0.14168E+03
 -0.91431E+02 -0.38967E+02 -0.32442E+02 -0.20473E+02 -0.15700E+02 -0.23598E+02
 -0.79492E+01  0.73774E+01  0.23138E+01 -0.37763E+00  0.36202E+00  0.41285E+00
  0.38430E+01  0.16996E+02  0.22892E+02  0.10662E+02 -0.22429E+01 -0.14017E+02
 -0.26611E+02 -0.32151E+02 -0.37084E+02 -0.44033E+02 -0.34847E+02 -0.29804E+01
  0.85893E+01  0.78200E+01  0.28093E+02  0.34727E+02  0.38186E+02  0.42254E+02
  0.17167E+02 -0.66858E+01  0.17472E+02  0.33018E+02 -0.26012E+00  0.47239E+01
  0.28777E+02  0.30131E+02  0.29680E+02  0.40417E+02  0.49602E+02  0.13731E+02
 -0.55964E+02 -0.10842E+03 -0.11391E+03 -0.43186E+02  0.25001E+02 -0.92316E+01
 -0.36643E+02  0.34667E+02  0.91355E+02  0.94104E+02  0.90593E+02  0.42813E+02
 -0.17543E+02 -0.35641E+02 -0.12802E+02  0.23421E+02  0.11713E+02 -0.48892E+02
 -0.54841E+02  0.37691E+02  0.57376E+02 -0.24552E+02 -0.45038E+02 -0.43654E+02
 -0.64407E+02 -0.39178E+02  0.24561E+02  0.31783E+02 -0.12204E+02 -0.19746E+02
 -0.13188E+02 -0.24769E+02 -0.33180E+02 -0.35164E+02 -0.48187E+02 -0.49975E+02
  0.13182E+02  0.73255E+02  0.72348E+02  0.50183E+02  0.39607E+02  0.39656E+02
  0.29249E+02  0.23238E+02  0.19928E+02  0.47735E+01 -0.11371E+02 -0.18358E+02
 -0.21682E+02 -0.13197E+02  0.49451E+01  0.26731E+01 -0.91777E+01 -0.26397E+02
 -0.55611E+02 -0.49103E+02 -0.94254E+01  0.51317E+01  0.17863E+02  0.65494E+02
  0.51997E+02 -0.25715E+02 -0.43042E+02 -0.40158E+02 -0.61127E+02 -0.77600E+02
 -0.76117E+02 -0.30645E+02  0.14061E+02  0.25584E+02  0.59568E+02  0.57820E+02
  0.14353E+01 -0.14749E+02 -0.30965E+00  0.24249E+02  0.56956E+02  0.50990E+02
  0.26245E+02  0.18411E+02  0.13552E+02  0.10041E+02  0.17810E+02  0.98560E+01
 -0.20004E+02 -0.21688E+02  0.18819E+01  0.50787E+01 -0.17623E+02 -0.29149E+02
 -0.16824E+02 -0.18839E+01  0.77591E+01  0.14155E+02  0.20453E+02  0.21355E+02
 -0.10969E+02 -0.39539E+02 -0.34125E+02 -0.23155E+02 -0.14411E+02  0.93669E+01
  0.39746E+02  0.51020E+02  0.47709E+02  0.28005E+02  0.30052E+01 -0.15401E+02
 -0.23586E+02 -0.38507E+02 -0.48775E+02 -0.20383E+02  0.74737E+01  0.98284E+01
  0.36312E+02  0.65993E+02  0.27784E+02 -0.85118E+01 -0.57182E+01 -0.17596E+02
 -0.17694E+02  0.10222E+01 -0.28147E+02 -0.69411E+02  0.21541E+01  0.92452E+02
  0.50990E+02  0.63167E+01  0.11783E+02  0.47008E+00 -0.11758E+02 -0.26759E+02
 -0.35675E+02 -0.29690E+02 -0.10695E+02  0.57684E+01 -0.12051E+02 -0.50003E+02
 -0.66865E+02 -0.65954E+02 -0.38014E+02 -0.54212E+01  0.88386E+01  0.37503E+02
  0.47700E+02  0.36497E+02  0.48433E+02  0.45399E+02  0.16038E+02  0.31807E+02
  0.52546E+02 -0.21006E+01 -0.27551E+02 -0.92677E+01 -0.96675E+01 -0.55377E+01
 -0.15154E+02 -0.44220E+02 -0.41015E+02 -0.17302E+02  0.26393E+01  0.28574E+02
  0.29659E+02  0.41577E+02  0.77858E+02 -0.69959E+01 -0.99469E+02 -0.24801E+02
  0.31753E+02  0.40025E+02  0.60418E+02  0.11206E+02 -0.34323E+02 -0.28531E+02
 -0.28820E+01  0.19123E+02  0.76263E+01 -0.53729E+01 -0.81595E+01  0.21573E+02
  0.39432E+02  0.16557E+02 -0.32950E+01 -0.30549E+02 -0.43218E+02 -0.21992E+02
 -0.12768E+02 -0.37363E+02 -0.51180E+02 -0.57360E+01  0.41955E+02  0.38558E+02
  0.16435E+02  0.58466E+01 -0.38794E+01 -0.22591E+02 -0.27876E+02 -0.12979E+02
 -0.99913E-01  0.74443E+01  0.16111E+02  0.96261E+01  0.62297E+01  0.24189E+02
  0.22052E+02  0.47307E+01  0.10301E+02  0.55437E+01 -0.17842E+02 -0.13426E+02
  0.13616E+02  0.21851E+02  0.41504E+01 -0.19470E+02 -0.27886E+02 -0.59913E+01
  0.58476E+01 -0.12196E+02 -0.73453E+01  0.86043E+01  0.76798E+00 -0.77432E+00
  0.73435E+01 -0.15040E+02 -0.27832E+02 -0.11719E+02 -0.12528E+02 -0.84714E+00
  0.19247E+02  0.12047E+02 -0.43596E+01 -0.15287E+02 -0.21482E+02 -0.31969E+02
 -0.29366E+02 -0.20025E+02 -0.39121E+02 -0.59873E+02 -0.42768E+02 -0.52195E+01
  0.10540E+02  0.58996E+01  0.50470E+00 -0.45733E+01 -0.79546E+01 -0.16773E+01
  0.12508E+02  0.79517E+01 -0.32078E+01  0.17470E+01  0.35675E+02  0.55718E+02
  0.41171E+02  0.38692E+02  0.30886E+02  0.38941E+02  0.79497E+02  0.47570E+02
 -0.62161E+01 -0.50311E+01 -0.26757E+01 -0.21625E+01 -0.15039E+02 -0.44076E+02
 -0.59917E+02 -0.42963E+02 -0.30584E+02 -0.47051E+02 -0.40961E+02 -0.15910E+02
 -0.10477E+02  0.95517E+01  0.56108E+02  0.62634E+02  0.46096E+02  0.59785E+02
  0.32149E+02 -0.37103E+02 -0.56848E+02 -0.37640E+02 -0.10947E+02  0.55336E+01
  0.31958E+02  0.41041E+02  0.10118E+02  0.84195E+01  0.15515E+02 -0.35788E+01
  0.87497E+01  0.32236E+02 -0.34967E+01 -0.29724E+02 -0.83787E+01  0.30550E+02
  0.26458E+02 -0.72980E+01 -0.24607E+02 -0.26172E+02 -0.86822E+01 -0.35717E+01
 -0.23075E+01  0.22308E+02  0.18043E+02 -0.18950E+02 -0.26352E+02 -0.30323E+02
 -0.24598E+02  0.23413E+02  0.53885E+02  0.39450E+02  0.23473E+02  0.11050E+02
 -0.12719E+02 -0.34148E+02 -0.33930E+02 -0.23876E+02 -0.14040E+02 -0.14038E+02
 -0.28821E+02 -0.21503E+02  0.17073E+01  0.18166E+02  0.15803E+02  0.17315E+01
  0.40762E+01 -0.16205E+01 -0.11278E+02 -0.89778E+01 -0.23711E+02 -0.33798E+02
 -0.15232E+02 -0.75426E+01 -0.12045E+02  0.22518E+01  0.15247E+02  0.14399E+02
  0.20468E+02  0.17171E+02 -0.92095E+01 -0.81741E+01  0.63730E+01  0.12557E+01
  0.70074E+01  0.13792E+02 -0.62854E+01 -0.20689E+02 -0.14803E+02 -0.14142E+02
 -0.10957E+02  0.21546E+02  0.56272E+02  0.66706E+02  0.60165E+02  0.35297E+02
  0.14417E+02 -0.82711E+00 -0.13545E+02 -0.13848E+02 -0.37149E+01 -0.17308E+01
 -0.14635E+02 -0.15595E+02 -0.94795E+01  0.13307E+02  0.26448E+02 -0.21865E+02
 -0.46330E+02 -0.40743E+02 -0.19795E+02  0.19836E+02  0.81677E+00 -0.61882E+00
  0.32157E+02  0.46539E+02  0.73369E+02  0.65659E+02  0.14173E+02 -0.11230E+02
 -0.19511E+02 -0.86999E+01  0.29226E+01 -0.12604E+02 -0.13732E+02 -0.17336E+02
 -0.41687E+02 -0.49407E+02 -0.36350E+02 -0.27687E+02 -0.31294E+02 -0.22527E+02
  0.76343E+01  0.27160E+02  0.17072E+02  0.52227E+01  0.44053E+01  0.11808E+02
  0.22193E+02  0.14780E+02  0.16866E+01 -0.11179E+02 -0.13215E+02  0.20131E+02
  0.48257E+02  0.30853E+02  0.60122E+01  0.42221E+00 -0.23376E+01  0.44726E+00
 -0.34363E+01 -0.24801E+02 -0.34749E+02 -0.26659E+02 -0.10122E+02  0.83503E+01
  0.34265E+00 -0.80437E+01  0.50783E+01  0.25472E+01 -0.55367E+01 -0.10537E+02
 -0.13995E+02  0.53683E+01  0.18028E+02  0.47300E+01  0.83845E+01  0.25236E+02
  0.14997E+02 -0.41500E+01 -0.97553E+01 -0.78292E+01 -0.25227E+01  0.88345E+01
  0.40559E+01 -0.25729E+02 -0.36960E+02 -0.23920E+02 -0.26340E+02 -0.27491E+02
 -0.11376E+01  0.14882E+02  0.10003E+02  0.67470E+01  0.85671E+01  0.22899E+02
  0.32082E+02  0.85026E+01 -0.17060E+02 -0.12083E+02  0.24845E+01  0.76667E+01
  0.94930E+01  0.12332E+02  0.19181E+02  0.25453E+02  0.18352E+02  0.23958E+01
 -0.47532E+01 -0.19229E+02 -0.34958E+02 -0.15554E+02  0.51232E+01 -0.24847E+02
 -0.49561E+02 -0.34396E+00  0.41129E+02  0.15713E+02 -0.12979E+01 -0.96863E+01
 -0.19098E+02  0.17671E+00  0.26818E+02  0.29496E+02  0.31780E+02  0.24181E+02
 -0.15474E+02 -0.34685E+02 -0.17082E+02 -0.32364E+01 -0.12095E+02 -0.33567E+02
 -0.42991E+02 -0.24202E+02 -0.82458E+01 -0.13477E+02 -0.14971E+02 -0.23648E+01
  0.18232E+02  0.27630E+02  0.22035E+01 -0.19844E+02 -0.81296E+01  0.13819E+02
  0.12068E+02  0.45727E+01  0.21418E+02  0.22649E+02 -0.63550E+01 -0.86563E+01
  0.14350E+02  0.16055E+02  0.94805E+01  0.33061E+01 -0.15893E+02 -0.33694E+02
 -0.21948E+02  0.82788E+01  0.82487E+01 -0.88745E+01 -0.14653E+00  0.30417E+02
  0.32456E+02  0.53898E+01 -0.24044E+01  0.13500E+02  0.14598E+02 -0.11266E+02
 -0.25362E+02 -0.19237E+02 -0.10784E+02 -0.10538E+02 -0.55301E+01  0.26857E+01
  0.92056E+01  0.79251E+01 -0.80126E+01 -0.20214E+02 -0.93305E+01  0.41861E+01
 -0.12095E+02 -0.22354E+02 -0.35322E+01  0.13957E+02  0.29772E+02  0.24163E+02
 -0.60485E+01 -0.28442E+02 -0.24306E+02  0.15422E+01  0.95664E+01  0.33339E+01
  0.87010E+01  0.35289E+01 -0.91770E+01 -0.57934E+01 -0.26382E+01 -0.58417E+01
 -0.87357E+01 -0.12803E+02 -0.22466E+01  0.64605E+01  0.42968E+01  0.33115E+01
  0.97339E+01  0.22150E+02  0.13975E+02 -0.29365E+01 -0.68478E+00  0.12329E+02
  0.15413E+02  0.79138E+01 -0.44587E+00  0.15694E+01  0.29639E+01  0.73031E+01
  0.16138E+02  0.40506E+01 -0.22311E+01  0.18009E+02  0.27254E+02  0.96025E+01
 -0.63490E+01 -0.13620E+02 -0.23132E+02  0.18807E+01  0.35979E+02  0.41709E+01
 -0.17950E+02 -0.63997E+01  0.24411E+01  0.38555E+02  0.52153E+02  0.10505E+02
 -0.13212E+02 -0.11199E+02 -0.25919E+01  0.86724E+01  0.16223E+01 -0.17327E+02
 -0.28764E+02 -0.13261E+02  0.17749E+02  0.25745E+02  0.30685E+02  0.30051E+02
  0.98557E+01  0.34045E+01  0.13805E+02  0.26133E+02  0.19061E+02  0.12123E+00
 -0.14515E+02 -0.24060E+02 -0.26876E+02 -0.30252E+02 -0.24074E+02 -0.17080E+02
 -0.19496E+02 -0.82043E+01  0.81973E+01  0.62976E+01  0.70652E+01  0.84018E+01
 -0.73193E+01 -0.16851E+02 -0.36719E+01  0.58053E+01 -0.63425E+00  0.22127E+01
  0.81500E+01  0.45992E+01  0.13901E+02  0.34561E+02  0.30962E+02  0.39123E+01
 -0.14220E+02 -0.16311E+02 -0.35516E+01 -0.35713E+01 -0.15427E+02 -0.17934E+02
 -0.27793E+02 -0.35622E+02 -0.26143E+02 -0.11471E+02 -0.90953E+01 -0.20959E+02
 -0.42725E+02 -0.18993E+02  0.78258E+02  0.92002E+02 -0.11743E+02 -0.87784E+02
 -0.57801E+02 -0.10878E+01  0.11119E+02  0.15402E+02  0.53024E+01  0.29412E+01
  0.18639E+02  0.20368E+02  0.11790E+02  0.16253E+02  0.18548E+02  0.10205E+02
  0.10452E+01 -0.68873E+01 -0.16146E+02 -0.22359E+02 -0.26832E+02 -0.30502E+02
 -0.19828E+02  0.25430E+01  0.85489E+01 -0.34832E+01 -0.29780E+01  0.10458E+02
  0.53489E+01 -0.28256E+01 -0.35055E+01 -0.12030E+02 -0.12008E+02  0.51500E+01
  0.30394E+02  0.26467E+02  0.18858E+01  0.80084E+01  0.10876E+02  0.38215E+01
  0.20461E+02  0.21216E+02 -0.20260E+01  0.54079E+01  0.11524E+02 -0.18890E+02
 -0.31301E+02 -0.23503E+02 -0.23076E+02 -0.78990E+01  0.13112E+02  0.26157E+01
 -0.19775E+02 -0.29419E+02 -0.21878E+02  0.64316E+01  0.17038E+02  0.20378E+02
  0.26509E+02  0.64598E+01 -0.12624E+02 -0.78196E+01  0.13862E+02  0.18440E+02
 -0.37449E+01 -0.20748E+02 -0.30033E+02 -0.26390E+02  0.33909E+00  0.30200E+02
  0.26746E+02  0.98226E+01  0.26009E+01  0.17181E+02  0.25897E+02  0.14941E+00
 -0.15253E+02 -0.15426E+02 -0.14123E+02 -0.19764E+02 -0.32886E+02 -0.25421E+02
  0.43621E+01  0.21727E+02  0.19501E+02  0.51577E+01 -0.78640E+01 -0.60818E+01
 -0.37703E+01 -0.61165E+01 -0.78443E+01 -0.38784E+01  0.23156E+01  0.98994E+01
  0.88668E+01  0.10552E+02  0.23672E+02  0.11247E+02 -0.17234E+02 -0.19165E+02
 -0.11207E+02 -0.26582E+02 -0.30023E+02  0.21059E+02  0.54405E+02  0.27084E+02
 -0.63119E+01 -0.16876E+02 -0.91000E+01  0.32335E+02  0.46090E+02  0.53797E+01
 -0.67739E+01  0.37105E+01  0.90454E+01  0.26705E+01  0.23299E+01  0.60063E+01
 -0.79582E+01 -0.15373E+02 -0.13696E+02 -0.17626E+02 -0.16546E+02 -0.14018E+01
  0.28529E+01 -0.80815E+01  0.14426E+01  0.24016E+02  0.33961E+02  0.10463E+02
 -0.15684E+02 -0.18415E+01  0.95751E+01 -0.45210E+01 -0.10469E+02  0.48907E+01
  0.17454E+02  0.77126E+01 -0.16987E+01 -0.11373E+01 -0.85080E+01 -0.90999E+01
  0.17312E+02  0.20638E+02 -0.14483E+02 -0.23261E+02 -0.66114E+01 -0.20270E+01
 -0.52402E+01 -0.12905E+01  0.46016E+01  0.54692E+01  0.20846E+02  0.40987E+02
  0.22086E+02 -0.87440E+01 -0.10181E+02 -0.12642E+02 -0.28290E+02 -0.27169E+02
 -0.16953E+02 -0.12391E+02 -0.65054E+01  0.38575E+01  0.20894E+02  0.20097E+02
  0.45106E+00 -0.69823E+01 -0.45282E+01  0.65448E+01  0.19793E+02  0.14834E+02
  0.21694E+01  0.26478E+01  0.62046E+01  0.18394E+02  0.31809E+02  0.91507E+01
 -0.15354E+02 -0.16527E+02 -0.11732E+02 -0.32889E+01  0.41579E-02 -0.36073E+01
  0.15626E+01  0.87931E+01 -0.47928E+00 -0.12578E+01  0.36652E+01 -0.81808E+01
 -0.19836E+02 -0.24067E+02 -0.20769E+02 -0.78149E+01  0.54176E+01 -0.60310E+01
 -0.23330E+02 -0.21177E+02 -0.94209E+01  0.56424E+00  0.90651E+01  0.27665E+02
  0.27602E+02  0.10217E+02  0.12953E+02  0.21585E+02  0.27358E+02  0.32357E+02
  0.12862E+02 -0.20362E+02 -0.29574E+02 -0.21435E+02 -0.11907E+02 -0.59382E+01
  0.17430E+01  0.10111E+02  0.54586E+01 -0.35849E+01 -0.70555E+01 -0.13981E+02
 -0.18267E+02 -0.84468E+01  0.14179E+00  0.14131E+01  0.11130E+02  0.11844E+02
 -0.55058E+01 -0.63838E+01  0.59681E+01  0.10603E+02  0.30643E+01 -0.10640E+02
 -0.11969E+02 -0.10314E+02 -0.37408E+01  0.15928E+02  0.11081E+02 -0.12482E+02
 -0.15165E+02  0.48438E+00  0.10774E+02  0.85564E+01 -0.10696E+01 -0.67864E+01
  0.81140E+01  0.11122E+02 -0.18542E+02 -0.38072E+02 -0.25308E+02 -0.11106E+02
 -0.10691E+02 -0.46970E+01  0.75421E+00  0.22808E+01  0.40680E+01 -0.14142E+01
 -0.12543E+02 -0.31247E+01  0.22194E+02  0.19125E+02  0.92172E+01  0.69724E+01
  0.30339E+01  0.97076E+01  0.47705E+01 -0.49601E+01 -0.51036E+00  0.18475E+01
 -0.55682E+01 -0.74787E+01  0.25533E+01  0.20011E+01 -0.12370E+02 -0.17574E+02
 -0.24174E+02 -0.28065E+02 -0.19436E+02 -0.21805E+01  0.12521E+02 -0.15236E+01
 -0.45327E+01  0.12407E+02  0.16550E+02  0.14633E+02  0.10155E+02  0.96731E+01
  0.13149E+02  0.65530E+01 -0.11694E+02 -0.68411E+01  0.11710E+02 -0.58945E+01
 -0.26406E+02 -0.28888E+02 -0.19735E+02  0.10972E+02  0.18928E+02  0.66165E-01
  0.29236E+01  0.78132E+01  0.37544E+01  0.70792E+01 -0.53026E+01 -0.23320E+02
 -0.15465E+02  0.13327E+02  0.19325E+02  0.15343E+02  0.26984E+02  0.25672E+02
  0.20733E+02  0.16343E+02  0.57744E+01 -0.14030E+01 -0.12894E+02 -0.21038E+02
 -0.14699E+02  0.19218E+00  0.21805E+01 -0.11328E+02 -0.10040E+02 -0.68767E+01
 -0.11994E+02  0.40986E+00  0.41403E+01 -0.95858E+01 -0.25377E+01  0.18355E+02
  0.23176E+02  0.98108E+01  0.54832E+01  0.16070E+01 -0.63973E+01  0.41125E+01
  0.82863E+01 -0.44695E+01 -0.18105E+02 -0.18714E+02  0.38861E+01  0.18258E+02
  0.14131E+02  0.65872E+01 -0.36860E+01  0.73826E+01  0.29568E+02  0.14866E+02
 -0.35026E+01 -0.66236E+01 -0.21812E+02 -0.28898E+02 -0.18319E+02 -0.72030E+01
 -0.75070E+01 -0.22850E+01  0.12605E+02  0.17432E+02  0.26141E+02  0.34530E+02
  0.10085E+02 -0.16401E+02 -0.10492E+02  0.17116E+01  0.11769E+01  0.39854E+01
  0.69650E+01 -0.23621E+01 -0.67613E+01  0.97116E+00  0.10804E+02  0.64160E+01
 -0.96347E+01 -0.14266E+02 -0.21448E+01  0.87060E+01  0.43515E+01  0.51712E+01
  0.86716E+01 -0.25330E+00 -0.71915E+01 -0.11660E+02 -0.18533E+02 -0.16601E+02
 -0.86628E+01 -0.47933E+01  0.49687E+01  0.14871E+02  0.88134E+01 -0.74397E+01
 -0.78532E+01  0.91003E+01  0.11272E+02  0.22593E+01 -0.21343E+01 -0.13580E+01
  0.68067E+00  0.99386E+01  0.17540E+02  0.18497E+01 -0.80301E+01 -0.21224E+01
 -0.38133E+01 -0.13580E+01  0.67623E+00 -0.46283E+01 -0.44600E-01  0.97549E+01
  0.43706E+01 -0.88697E+01 -0.51691E+01  0.81367E+01  0.98216E+01  0.70822E+01
 -0.12028E+01 -0.13887E+02 -0.12012E+02 -0.29250E+01  0.47431E+01  0.55610E+01
  0.38607E+01  0.87972E+01  0.87767E+01  0.13961E+01 -0.50332E+00 -0.37690E+01
 -0.14553E+02 -0.16790E+02 -0.15649E+02 -0.19824E+02 -0.10210E+02  0.78453E+01
  0.52676E+01  0.10338E+01  0.60830E+01  0.65429E+01 -0.17845E+01 -0.91310E+01
 -0.71831E+01 -0.43216E+01 -0.44752E+01 -0.15541E+01  0.59260E+01  0.98358E+00
 -0.53732E+01  0.51862E+01  0.60273E+01 -0.45335E+01 -0.52741E+01  0.41363E+01
  0.17122E+02  0.16469E+02  0.13430E+01 -0.63341E+01 -0.45536E+01  0.80870E+00
  0.60087E+01  0.23511E+01 -0.66247E+01 -0.11484E+02 -0.55964E+01  0.77309E+01
  0.85943E+01 -0.19112E+01  0.39604E+00  0.26499E+01 -0.66565E+01 -0.69357E+01
 -0.66726E+01 -0.67596E+01  0.26765E+01  0.13582E+01 -0.12302E+02 -0.37345E+01
  0.10872E+02  0.27683E+01  0.58659E+01  0.16342E+02  0.57682E+01 -0.69801E+01
 -0.58025E+01 -0.12114E+01  0.36263E+01  0.73499E+01  0.26557E+00 -0.58546E+01
  0.14748E+01  0.71795E+01  0.39120E+01 -0.46057E+00 -0.42665E+01 -0.31741E+01
  0.36323E+01  0.18386E+01 -0.66692E+01 -0.81449E+01 -0.18620E+01 -0.38305E+00
  0.57197E+00  0.23793E+01 -0.29000E+01 -0.62510E+01 -0.33849E+01  0.25574E+01
  0.27482E+01 -0.21943E+01 -0.33461E+01 -0.20524E+01 -0.14369E+01  0.10995E+01
  0.50671E+01  0.67069E+01  0.88165E+01  0.11083E+02  0.95297E+01  0.44124E+01
  0.16208E+01 -0.33984E+01 -0.13459E+02 -0.15981E+02 -0.89693E+01 -0.57760E+01
 -0.47390E+01  0.43063E+01  0.10944E+02  0.52613E+01 -0.29042E+01 -0.41412E+01
  0.85620E+00  0.34033E+01  0.38249E+00 -0.58675E+00 -0.73784E+00 -0.53812E+00
  0.25680E+01  0.59074E+01  0.67145E+01  0.28735E+01 -0.23539E+01 -0.34871E+01
 -0.83404E+00 -0.47982E+00 -0.28131E+01 -0.50179E+01 -0.60676E+01 -0.18434E+01
  0.16202E+01 -0.16208E+01 -0.30433E+01 -0.72206E+00  0.15647E+01  0.42326E+01
  0.21841E+01 -0.12036E+01  0.63442E+00  0.43902E+01  0.75734E+00 -0.62792E+01
 -0.62003E+01 -0.67139E+01 -0.11038E+02 -0.77814E+01  0.63205E+00  0.28014E+01
  0.57078E+01  0.13934E+02  0.14122E+02  0.66841E+01  0.15383E+01 -0.17858E+01
 -0.31790E+01 -0.15544E+01  0.65908E+00  0.23109E+01  0.36510E+01  0.51468E+01
  0.31690E+01 -0.13815E+01 -0.31999E+01  0.14322E-01  0.19239E+01 -0.28359E+01
 -0.33242E+01  0.20432E+00  0.68722E-01  0.12343E+00 -0.13872E+01 -0.34320E+01
 -0.51551E+00  0.23185E+01  0.95270E+00 -0.24539E+01 -0.27631E+01 -0.77816E+00
 -0.25426E+00 -0.10662E+00 -0.10501E+01 -0.37926E+00  0.31671E+01  0.52722E+01
  0.42574E+01  0.17413E+01 -0.38990E+00  0.16785E+00 -0.68640E-01 -0.35709E+01
 -0.43812E+01 -0.15216E+01 -0.39191E+00  0.11282E+00  0.34608E+01  0.53193E+01
  0.39457E+01  0.26609E+01 -0.56998E+00 -0.45096E+01 -0.62221E+01 -0.54958E+01
 -0.24729E+01 -0.18127E+01 -0.12656E+01  0.31144E+01  0.23266E+01 -0.18390E+01
 -0.97332E+00  0.28797E+00  0.17306E+01  0.43655E+01  0.32195E+01  0.95670E+00
  0.66086E+00  0.57423E+00  0.13627E+01  0.82461E+00 -0.15999E+01 -0.23015E+01
 -0.13022E+01  0.10832E+00  0.24080E+00 -0.32426E+00 -0.53867E+00 -0.10004E+01
  0.21974E+00  0.26508E+01  0.15412E+01 -0.53503E+00 -0.12004E+01 -0.14021E+01
 -0.45739E+00 -0.12003E+01 -0.22111E+01 -0.54657E+00 -0.28092E+00 -0.19970E+01
 -0.13074E+01 -0.62614E-01  0.42223E-01  0.12259E+01  0.57499E+00 -0.43967E-01
  0.18372E+01  0.14991E+01  0.87406E+00  0.52338E+00 -0.31817E+00 -0.94180E+00
 -0.13051E+01  0.27126E+00  0.83861E+00  0.18195E+00  0.31987E+00  0.65804E+00
  0.16607E+00 -0.77440E+00 -0.63637E+00  0.74008E-01 -0.75901E+00 -0.15758E+01
 -0.21489E+00  0.70848E+00  0.10083E+00 -0.32614E+00 -0.24993E+00 -0.57584E+00
 -0.38727E+00  0.33099E+00  0.13954E+00 -0.80127E-01 -0.17013E+00 -0.53734E-01
  0.87847E+00  0.74464E+00 -0.42846E+00 -0.50623E+00  0.82236E-01  0.39203E+00
  0.30287E+00 -0.20395E-01  0.91924E-02  0.49290E+00  0.60700E+00  0.81652E-01
 -0.24904E+00 -0.24007E+00 -0.22003E+00 -0.20491E+00 -0.20447E+00 -0.19461E-01
  0.18305E+00  0.11323E+00  0.12354E-01  0.17570E+00  0.25856E+00  0.21084E+00
  0.16435E+00 -0.25755E-01 -0.26923E+00 -0.20131E+00  0.23234E-01  0.58400E-01
 -0.15578E-01 -0.52860E-01 -0.50392E-01  0.14366E-01  0.37878E-01  0.33465E-01
  0.54320E-02  0.42106E-02  0.83403E-02  0.56917E-02  0.20414E-01  0.31633E-01
  0.18217E-02 -0.68161E-02 -0.45956E-02 -0.58420E-03 -0.53362E-02  0.15471E-02
 -0.22447E-02  0.39605E-03  0.39660E-02  0.54015E-02 -0.16000E-02  0.12129E-02
 -0.64898E-02 -0.15904E-02  0.10837E-02  0.55632E-02  0.12410E-02  0.39409E-02
 -0.70596E-03  0.24527E-02 -0.55015E-03  0.17391E-02 -0.18408E-02  0.18110E-02
 -0.13934E-02  0.21905E-02 -0.74646E-03  0.21839E-02 -0.15190E-02  0.17976E-02
 -0.13607E-02  0.18850E-02 -0.14566E-02  0.17854E-02 -0.14699E-02  0.17751E-02
 -0.14412E-02  0.17602E-02 -0.15360E-02  0.16879E-02 -0.15543E-02  0.16643E-02
 -0.15733E-02  0.16311E-02 -0.16011E-02  0.16236E-02 -0.16074E-02  0.15958E-02
 -0.16229E-02  0.15820E-02 -0.16265E-02  0.15781E-02 -0.16136E-02  0.15716E-02
 -0.16458E-02  0.15611E-02 -0.16416E-02  0.15499E-02 -0.16277E-02  0.15610E-02
 -0.16182E-02  0.15640E-02 -0.16070E-02  0.15729E-02 -0.15920E-02  0.15821E-02
 -0.15790E-02  0.15773E-02 -0.15809E-02  0.15746E-02 -0.15842E-02  0.15673E-02
