-1.082300000000000040e+00
-1.133299999999999974e+00
-1.171499999999999986e+00
-9.055100000000000371e-01
-7.556199999999999584e-01
-7.226100000000000856e-01
-3.245600000000000152e-01
-1.280499999999999972e+00
-6.229600000000000692e-01
-1.930399999999999894e+00
-2.572999999999999954e+00
4.879699999999999704e+00
2.788400000000000212e+00
-7.991200000000000081e+00
-8.678900000000000503e+00
-2.893499999999999961e-01
3.683199999999999807e+00
8.291600000000000747e+00
-5.575400000000000134e+00
-2.027600000000000069e+00
7.430299999999999905e+00
2.774300000000000210e+00
-2.806400000000000006e+00
-5.379100000000000215e+00
6.387699999999999712e+00
6.072700000000000209e+00
-9.485899999999999332e-01
-1.366800000000000015e+00
3.768800000000000150e+00
-1.657699999999999951e+00
-7.159799999999999720e+00
-2.828400000000000247e+01
-1.826800000000000068e+01
4.460499999999999687e+00
2.240299999999999958e+00
4.674999999999999822e+00
9.252399999999999514e-01
1.860399999999999920e+01
1.471700000000000053e+01
2.948800000000000310e-01
-1.657900000000000063e+01
-1.503999999999999915e+01
5.157600000000000406e+00
1.342000000000000082e+00
6.699799999999999756e+00
3.327499999999999858e+01
3.303900000000000148e+01
5.654899999999999594e+00
-4.004800000000000182e+01
-4.511800000000000210e+01
-5.118999999999999773e+00
1.960000000000000142e+01
1.356099999999999994e+01
-7.731399999999999828e+00
1.464200000000000124e+01
3.602000000000000313e+01
3.921199999999999797e+00
-2.047799999999999798e+01
1.593700000000000117e+01
7.281100000000000350e+00
-6.559899999999999842e+00
-3.021300000000000097e+01
-1.130599999999999916e+01
9.199399999999999977e+01
1.742999999999999972e+01
-6.576600000000000534e+01
1.282000000000000028e+01
-5.867499999999999716e+01
1.191400000000000148e+01
2.607699999999999818e+01
-5.267900000000000027e+00
2.488300000000000267e+01
-1.069399999999999977e+02
1.100999999999999979e+01
-8.869999999999999218e+00
7.247799999999999798e-01
6.176800000000000068e+01
-1.069999999999999929e+01
-5.029999999999999716e+01
-3.774600000000000222e+01
3.023000000000000043e+01
7.732500000000000284e+01
2.061899999999999977e+01
-3.251599999999999824e+01
3.238700000000000045e+01
2.474800000000000111e+01
4.189500000000000313e+01
-2.095199999999999818e+01
-3.943299999999999983e+01
-4.799800000000000466e+01
-1.216700000000000017e+02
-7.035399999999999920e+01
1.167900000000000063e+02
1.372599999999999909e+02
-2.023000000000000043e+01
2.110700000000000021e+00
3.196200000000000152e+00
4.419500000000000206e+00
4.798399999999999466e+01
-2.387199999999999989e+01
-1.519400000000000084e+01
6.066799999999999926e+01
4.251100000000000279e+01
5.508399999999999608e+01
6.711199999999999477e+01
3.945000000000000284e+01
3.106300000000000239e+01
-2.248600000000000065e+01
-1.448899999999999864e+02
-1.565000000000000000e+02
-1.265600000000000023e+02
-4.510899999999999466e+01
1.150000000000000000e+02
1.605600000000000023e+02
8.212600000000000477e+01
-7.355700000000000216e+01
-2.251599999999999966e+02
-1.941699999999999875e+02
-3.362899999999999778e+01
9.785200000000000387e+01
1.438300000000000125e+02
8.808400000000000318e+01
3.954400000000000404e+01
-2.121000000000000085e+01
-9.467200000000001125e+01
-1.026299999999999955e+02
-1.941600000000000037e+01
4.286199999999999477e+01
9.306299999999998818e+01
1.013400000000000034e+02
1.551400000000000112e+01
2.437099999999999866e+01
-1.413299999999999912e+01
-7.076000000000000512e+01
-9.243899999999999295e+01
-6.791100000000000136e+01
6.301899999999999835e+01
2.030600000000000023e+02
1.786399999999999864e+02
-2.864499999999999957e+01
-1.727899999999999920e+02
-1.979300000000000068e+02
-3.788000000000000256e+01
1.789499999999999886e+02
2.377199999999999989e+02
1.428100000000000023e+02
3.634300000000000352e+01
-8.425200000000000955e+01
-1.267399999999999949e+02
-7.596999999999999886e+01
-7.686299999999999955e+01
-3.844400000000000261e+01
1.890500000000000114e+01
1.861499999999999844e+01
-2.386300000000000310e+01
-4.608200000000000074e+01
-6.256399999999999295e+01
-1.052600000000000051e+02
-9.205799999999999272e+01
4.130499999999999972e+01
1.517400000000000091e+02
1.518000000000000114e+02
6.174399999999999977e+01
-2.524199999999999733e+01
-1.000999999999999979e+01
6.623999999999999488e+01
1.145799999999999983e+02
4.703499999999999659e+01
-4.421199999999999619e+01
-8.230400000000000205e+01
-3.282399999999999807e+01
5.606600000000000250e+01
1.103199999999999932e+02
1.302100000000000080e+02
7.130199999999999250e+01
-5.300300000000000011e+01
-1.735000000000000000e+02
-2.639700000000000273e+02
-2.683500000000000227e+02
-1.737500000000000000e+02
-8.938700000000000045e+01
-5.447699999999999676e+01
3.266499999999999915e+01
1.468899999999999864e+02
1.808499999999999943e+02
1.130400000000000063e+02
-4.712500000000000000e+01
-1.435200000000000102e+02
-5.930300000000000438e+01
1.112500000000000000e+02
2.505300000000000011e+02
2.512400000000000091e+02
1.386399999999999864e+02
7.827600000000001046e+01
5.892300000000000182e+01
1.328500000000000014e+01
-4.300699999999999790e+01
-1.151200000000000045e+02
-1.437599999999999909e+02
-7.461700000000000443e+01
-1.547499999999999964e+01
4.778499999999999659e+01
7.416299999999999670e+01
2.320800000000000196e+01
-4.991700000000000159e+01
-1.262000000000000028e+02
-1.209399999999999977e+02
-5.264500000000000313e+01
-1.041599999999999859e+01
-6.979099999999999859e+00
-1.817299999999999827e+01
-4.714300000000000068e+01
-8.648200000000001353e+01
-4.762199999999999989e+01
1.060999999999999943e+01
2.501399999999999935e+01
5.861899999999999977e+01
1.137600000000000051e+02
1.594399999999999977e+02
1.347599999999999909e+02
1.071299999999999955e+02
8.838400000000000034e+01
-4.637199999999999989e+01
-1.642299999999999898e+02
-2.863000000000000114e+02
-3.124100000000000250e+02
-2.223000000000000114e+02
-1.874699999999999989e+02
-1.173599999999999994e+02
-5.698600000000000421e+01
-3.788499999999999801e+01
-4.995199999999999818e+01
-5.188800000000000523e+01
-6.747099999999999653e+00
2.815399999999999991e+01
6.969299999999999606e+00
-2.756699999999999662e+01
-6.923100000000000875e+01
-3.261999999999999744e+01
5.706899999999999551e+01
1.095900000000000034e+02
1.354499999999999886e+02
1.406299999999999955e+02
1.604600000000000080e+02
1.717299999999999898e+02
1.457700000000000102e+02
1.284699999999999989e+02
9.023899999999999011e+01
1.929400000000000048e+01
-1.992999999999999972e+01
-8.365899999999999892e+00
2.657000000000000028e+01
7.253699999999999193e+01
8.625000000000000000e+01
-8.839100000000000845e-01
-7.099699999999999989e+01
-1.523000000000000043e+01
8.902500000000000568e+01
1.379300000000000068e+02
8.107999999999999829e+01
-1.558900000000000041e+01
-2.633599999999999852e+01
-2.189999999999999858e+01
-5.014000000000000057e+01
-8.303600000000000136e+01
-1.256700000000000017e+02
-9.548200000000001353e+01
-1.137700000000000067e+01
4.407999999999999829e+01
-1.107300000000000040e+01
-1.059599999999999937e+02
-1.516899999999999977e+02
-1.534199999999999875e+02
-1.415200000000000102e+02
-1.455699999999999932e+02
-1.269099999999999966e+02
-1.122299999999999898e+01
1.669300000000000068e+02
2.599300000000000068e+02
2.600199999999999818e+02
1.694699999999999989e+02
6.140299999999999869e+01
1.754500000000000171e+01
4.770499999999999829e+01
9.415399999999999636e+01
8.221700000000001296e+01
1.545700000000000074e+01
-7.775799999999999557e+01
-1.131299999999999955e+02
-6.398899999999999721e+01
1.142599999999999838e+01
3.976599999999999824e+01
5.409399999999999409e+01
7.311899999999999977e+01
7.926699999999999591e+01
5.965699999999999648e+01
2.174900000000000233e+01
2.203199999999999648e+01
1.722499999999999920e+00
-6.394399999999999551e+01
-8.861399999999999011e+01
-5.292399999999999949e+01
4.432899999999999352e+01
1.230999999999999943e+02
1.164599999999999937e+02
6.973600000000000421e+01
6.984899999999998954e+01
1.089699999999999989e+02
1.246299999999999955e+02
1.141500000000000057e+02
2.649699999999999989e+01
-6.624500000000000455e+01
-1.028700000000000045e+02
-1.233900000000000006e+02
-1.539699999999999989e+02
-1.484900000000000091e+02
-9.507999999999999829e+01
-8.612500000000000711e+00
8.679899999999999238e+01
1.281100000000000136e+02
1.251500000000000057e+02
7.577299999999999613e+01
1.715399999999999991e+01
-1.781900000000000261e+01
-3.509400000000000119e+01
-4.346699999999999875e+01
-5.474300000000000210e+01
-8.293899999999999295e+01
-1.156299999999999955e+02
-1.294000000000000057e+02
-1.223100000000000023e+02
-1.107999999999999972e+02
-9.105899999999999750e+01
-6.657999999999999829e+01
-6.109399999999999409e+01
-4.563000000000000256e+01
-1.783599999999999852e+01
-8.166399999999999437e+00
-4.249699999999999989e+01
-1.213100000000000023e+02
-1.652400000000000091e+02
-1.382500000000000000e+02
-1.062600000000000051e+02
-9.036899999999999977e+01
-1.057999999999999972e+02
-1.080699999999999932e+02
-6.663400000000000034e+01
-1.535999999999999943e+01
3.332699999999999818e+01
6.297899999999999920e+01
9.049600000000000932e+01
1.235999999999999943e+02
1.733600000000000136e+02
1.976399999999999864e+02
1.697599999999999909e+02
1.403199999999999932e+02
1.155400000000000063e+02
8.233100000000000307e+01
6.689000000000000057e+01
1.550599999999999845e+01
-6.725700000000000500e+01
-1.067500000000000000e+02
-1.047300000000000040e+02
-6.071399999999999864e+01
-7.652999999999999581e+00
6.759599999999999831e+00
-2.399099999999999966e+01
-5.408200000000000074e+01
-5.836699999999999733e+01
-5.660499999999999687e+01
-6.359199999999999875e+01
-7.220600000000000307e+01
-5.595300000000000296e+01
-1.560799999999999876e+01
1.768799999999999883e+01
4.585300000000000153e+01
5.688899999999999579e+01
7.066199999999999193e+01
8.917700000000000671e+01
7.927199999999999136e+01
6.024399999999999977e+01
4.192699999999999960e+01
3.336299999999999955e+01
2.348400000000000176e+01
3.261500000000000199e+01
7.292300000000000182e+01
1.183299999999999983e+02
1.376200000000000045e+02
1.209099999999999966e+02
8.765399999999999636e+01
6.048499999999999943e+01
3.977499999999999858e+01
-1.121299999999999919e+01
-5.671100000000000563e+01
-4.686600000000000676e+01
-4.403599999999999959e+00
3.259900000000000375e+01
3.627000000000000313e+01
8.949199999999999378e+00
-1.044599999999999973e+01
-1.177799999999999869e+01
-5.128700000000000259e+00
-2.820699999999999985e+00
-1.465700000000000003e+01
-5.492099999999999760e+00
3.152899999999999991e+01
6.276200000000000045e+01
7.897399999999998954e+01
9.292399999999999238e+01
9.628799999999999670e+01
9.420399999999999352e+01
9.972899999999999920e+01
1.044300000000000068e+02
1.095000000000000000e+02
9.523899999999999011e+01
4.951200000000000045e+01
-1.291599999999999859e+01
-6.880299999999999727e+01
-9.250700000000000500e+01
-9.135500000000000398e+01
-1.078299999999999983e+02
-1.409000000000000057e+02
-1.716200000000000045e+02
-1.850600000000000023e+02
-1.590399999999999920e+02
-1.335300000000000011e+02
-1.404300000000000068e+02
-1.591399999999999864e+02
-1.862299999999999898e+02
-2.044499999999999886e+02
-2.075600000000000023e+02
-2.038899999999999864e+02
-1.718799999999999955e+02
-8.754799999999998761e+01
-1.222599999999999909e+01
1.467799999999999905e+01
2.678599999999999781e+01
3.266799999999999926e+01
4.975600000000000023e+01
7.896099999999999852e+01
1.105199999999999960e+02
1.380800000000000125e+02
1.623499999999999943e+02
1.790399999999999920e+02
1.889799999999999898e+02
1.957100000000000080e+02
1.617100000000000080e+02
9.469299999999999784e+01
2.604800000000000182e+01
-2.686899999999999977e+01
-6.863600000000000989e+01
-9.906299999999998818e+01
-1.102500000000000000e+02
-1.010499999999999972e+02
-9.231399999999999295e+01
-1.083599999999999994e+02
-1.380200000000000102e+02
-1.618600000000000136e+02
-1.469300000000000068e+02
-8.945299999999998875e+01
-2.984499999999999886e+01
-9.277300000000000324e+00
-5.221700000000000230e+00
-1.086100000000000065e+00
4.448400000000000354e+00
2.967699999999999960e+01
6.110600000000000165e+01
7.750600000000000023e+01
7.682399999999999807e+01
6.446899999999999409e+01
6.318399999999999750e+01
6.968899999999999295e+01
7.940300000000000580e+01
8.812000000000000455e+01
8.339299999999998647e+01
8.710399999999999920e+01
1.034000000000000057e+02
1.054399999999999977e+02
8.210299999999999443e+01
5.358899999999999864e+01
3.381900000000000261e+01
2.221599999999999753e+01
1.162400000000000100e+00
-1.958599999999999852e+01
-2.685999999999999943e+01
-2.225600000000000023e+01
-6.748099999999999987e+00
3.979800000000000004e+00
1.781500000000000128e+01
2.119599999999999795e+01
7.277499999999999858e+00
-1.245400000000000063e+01
-2.285800000000000054e+01
-1.721699999999999875e+01
-1.807199999999999918e+01
-2.221499999999999986e+01
-1.992900000000000205e+01
-5.315999999999999837e+00
4.495800000000000018e+00
1.113699999999999912e+00
-1.593999999999999950e+01
-2.165099999999999980e+01
-1.443299999999999983e+01
1.078099999999999881e+01
3.999300000000000210e+01
3.626500000000000057e+01
1.539099999999999824e+01
-5.684400000000000119e+00
3.401899999999999924e+00
2.086800000000000210e+01
6.892900000000000027e+00
-2.250900000000000034e+01
-4.617600000000000193e+01
-5.041899999999999693e+01
-3.793599999999999994e+01
-3.076399999999999935e+01
-3.630599999999999739e+01
-3.731400000000000006e+01
-3.194699999999999918e+01
-2.159400000000000119e+01
-6.027400000000000091e+00
1.739499999999999957e+01
4.707500000000000284e+01
6.523999999999999488e+01
7.513600000000000989e+01
7.326200000000000045e+01
4.624600000000000222e+01
1.379499999999999948e+00
-1.348799999999999955e+01
-2.172200000000000131e+00
-4.806899999999999729e+00
-2.650199999999999889e+01
-4.143199999999999505e+01
-2.685999999999999943e+01
4.207500000000000129e-01
2.253500000000000014e+01
2.202599999999999980e+01
8.208700000000000330e+00
6.555600000000000094e+00
1.627299999999999969e+01
3.287699999999999534e+01
3.783099999999999596e+01
2.503000000000000114e+01
9.253899999999999793e+00
4.364200000000000301e+00
1.454499999999999993e+01
2.342399999999999949e+01
3.053599999999999781e+01
3.082400000000000162e+01
1.938299999999999912e+01
1.662800000000000011e+01
2.007300000000000040e+01
1.128500000000000014e+01
-1.682900000000000063e+00
-1.452999999999999936e+01
-2.810300000000000153e+01
-4.350999999999999801e+01
-4.327100000000000080e+01
-3.338300000000000267e+01
-2.770800000000000196e+01
-2.622899999999999920e+01
-2.424599999999999866e+01
-2.096199999999999974e+01
-1.906299999999999883e+01
-2.188100000000000023e+01
-3.624399999999999977e+01
-5.743500000000000227e+01
-7.190699999999999648e+01
-5.744500000000000028e+01
-3.176000000000000156e+01
-2.220499999999999829e+01
-3.061899999999999977e+01
-4.468299999999999983e+01
-3.581600000000000250e+01
-5.887500000000000178e+00
9.956799999999999429e+00
5.434099999999999930e+00
-5.912899999999999601e+00
-3.349600000000000133e+00
-3.719500000000000028e-01
-3.992999999999999883e+00
-2.047500000000000142e+01
-4.722100000000000364e+01
-5.703399999999999892e+01
-5.222899999999999920e+01
-3.879400000000000404e+01
-2.221000000000000085e+01
-9.791299999999999670e+00
5.395100000000000451e-01
8.586999999999999744e+00
1.446700000000000053e+01
1.996400000000000219e+01
3.417600000000000193e+01
5.900100000000000477e+01
7.702700000000000102e+01
8.249700000000001410e+01
7.835200000000000387e+01
5.856499999999999773e+01
3.181400000000000006e+01
2.241600000000000037e+01
2.996800000000000352e+01
4.725199999999999534e+01
5.634899999999999665e+01
4.839399999999999835e+01
2.941600000000000037e+01
1.187700000000000067e+01
3.435799999999999965e+00
-7.806499999999999773e+00
-2.349199999999999733e+01
-3.882699999999999818e+01
-4.539399999999999835e+01
-4.430300000000000438e+01
-3.684400000000000119e+01
-3.215500000000000114e+01
-2.709800000000000253e+01
-1.864300000000000068e+01
-1.332099999999999973e+01
-6.813699999999999868e+00
-3.387799999999999923e+00
1.428099999999999925e-01
-4.287899999999999601e+00
-1.723400000000000176e+01
-2.681099999999999994e+01
-2.851900000000000190e+01
-2.783399999999999963e+01
-2.700099999999999767e+01
-2.962900000000000134e+01
-3.290699999999999648e+01
-3.161499999999999844e+01
-3.020400000000000063e+01
-2.019999999999999929e+01
-4.712100000000000399e+00
7.631099999999999994e+00
1.438599999999999923e+01
1.898700000000000188e+01
1.998700000000000188e+01
1.507799999999999940e+01
7.031500000000000306e+00
1.764000000000000012e+00
2.204299999999999926e+00
-3.440300000000000136e+00
-8.607699999999999463e+00
-5.366200000000000081e+00
8.477999999999999758e+00
2.511599999999999966e+01
4.227300000000000324e+01
5.479999999999999716e+01
6.186899999999999977e+01
6.309499999999999886e+01
5.601800000000000068e+01
3.994699999999999562e+01
2.268900000000000006e+01
1.417500000000000071e+01
1.332000000000000028e+01
1.103599999999999959e+01
1.538000000000000034e+00
-7.811399999999999899e+00
-1.416099999999999959e+01
-7.285999999999999588e+00
3.587899999999999867e+00
9.828099999999999170e+00
9.688800000000000523e+00
1.145299999999999940e+01
9.750299999999999301e+00
6.123599999999999710e+00
7.829799999999999649e+00
5.574900000000000411e+00
5.360599999999999810e+00
2.056299999999999795e+00
-9.121200000000000419e-01
-3.816899999999999959e+00
-1.897100000000000009e+00
6.772000000000000242e+00
6.943100000000000271e+00
-9.368999999999999551e-01
-6.379699999999999704e+00
-2.696299999999999919e+00
1.220500000000000007e+01
3.008699999999999974e+01
3.639699999999999847e+01
2.944500000000000028e+01
1.849200000000000088e+01
9.728400000000000603e+00
-1.379599999999999937e+00
-1.684700000000000131e+01
-2.998999999999999844e+01
-3.962500000000000000e+01
-4.560999999999999943e+01
-4.695899999999999608e+01
-5.032300000000000040e+01
-5.136299999999999955e+01
-5.190800000000000125e+01
-5.983899999999999864e+01
-6.711399999999999011e+01
-5.991199999999999903e+01
-4.093900000000000006e+01
-2.030700000000000216e+01
1.510399999999999965e+00
2.213300000000000267e+01
3.347699999999999676e+01
3.814199999999999591e+01
4.875199999999999534e+01
6.080100000000000193e+01
7.505199999999999250e+01
8.987500000000000000e+01
9.584799999999999898e+01
9.413400000000000034e+01
8.662600000000000477e+01
8.022700000000000387e+01
7.645699999999999363e+01
7.541500000000000625e+01
7.361599999999999966e+01
6.407399999999999807e+01
4.943800000000000239e+01
2.647500000000000142e+01
5.828700000000000436e+00
-7.604300000000000281e+00
-1.961400000000000077e+01
-3.326099999999999568e+01
-5.224399999999999977e+01
-7.507099999999999795e+01
-9.922499999999999432e+01
-1.160000000000000000e+02
-1.247999999999999972e+02
-1.313600000000000136e+02
-1.391800000000000068e+02
-1.430699999999999932e+02
-1.415999999999999943e+02
-1.375200000000000102e+02
-1.351599999999999966e+02
-1.339799999999999898e+02
-1.227399999999999949e+02
-1.021700000000000017e+02
-7.169899999999999807e+01
-4.585699999999999932e+01
-2.291699999999999804e+01
-3.787100000000000133e+00
1.832400000000000162e+01
5.035999999999999943e+01
7.489499999999999602e+01
8.944499999999999318e+01
9.225200000000000955e+01
9.142499999999999716e+01
9.296299999999999386e+01
9.570299999999998875e+01
8.955400000000000205e+01
7.893399999999999750e+01
7.014399999999999125e+01
6.370199999999999818e+01
5.393299999999999983e+01
3.845400000000000063e+01
2.276599999999999824e+01
9.227000000000000313e+00
2.276899999999999924e+00
2.871000000000000218e-01
3.387799999999999923e+00
8.515200000000000102e+00
1.037500000000000000e+01
1.531700000000000017e+01
2.167900000000000205e+01
3.220400000000000063e+01
4.327799999999999869e+01
4.646300000000000097e+01
4.474600000000000222e+01
3.603399999999999892e+01
3.036300000000000310e+01
2.416499999999999915e+01
1.613599999999999923e+01
2.462899999999999867e+00
-1.195199999999999996e+01
-1.989700000000000202e+01
-2.733900000000000219e+01
-3.227300000000000324e+01
-3.712199999999999989e+01
-3.832399999999999807e+01
-3.563599999999999568e+01
-3.558299999999999841e+01
-3.492999999999999972e+01
-3.811899999999999977e+01
-4.529899999999999949e+01
-4.786299999999999955e+01
-5.023399999999999466e+01
-4.975800000000000267e+01
-4.868999999999999773e+01
-4.342499999999999716e+01
-3.805899999999999750e+01
-3.410600000000000165e+01
-2.902699999999999747e+01
-2.233399999999999963e+01
-1.565400000000000169e+01
-4.392299999999999649e+00
1.047200000000000131e+01
2.596800000000000352e+01
4.105600000000000449e+01
5.181000000000000227e+01
6.603799999999999670e+01
8.035800000000000409e+01
9.311299999999999955e+01
1.012500000000000000e+02
1.058299999999999983e+02
1.080699999999999932e+02
1.049800000000000040e+02
9.559700000000000841e+01
8.164000000000000057e+01
6.337199999999999989e+01
3.803999999999999915e+01
9.002000000000000668e+00
-2.021900000000000119e+01
-4.226800000000000068e+01
-5.476100000000000279e+01
-6.110999999999999943e+01
-6.560899999999999466e+01
-7.014100000000000534e+01
-7.202400000000000091e+01
-7.253499999999999659e+01
-6.647100000000000364e+01
-5.887300000000000466e+01
-5.514399999999999835e+01
-4.730399999999999494e+01
-3.231499999999999773e+01
-1.106700000000000017e+01
4.546800000000000175e+00
1.402299999999999969e+01
2.057400000000000162e+01
2.539000000000000057e+01
3.084499999999999886e+01
3.868699999999999761e+01
3.927700000000000102e+01
3.226099999999999568e+01
2.332999999999999829e+01
8.282299999999999329e+00
-8.268900000000000361e+00
-2.023700000000000188e+01
-2.608800000000000097e+01
-2.924699999999999989e+01
-2.466000000000000014e+01
-2.101800000000000068e+01
-1.710900000000000176e+01
-1.723799999999999955e+01
-2.443699999999999761e+01
-3.331499999999999773e+01
-3.986999999999999744e+01
-3.874399999999999977e+01
-3.459100000000000108e+01
-2.623000000000000043e+01
-1.977299999999999969e+01
-1.293700000000000117e+01
-9.926899999999999835e+00
-6.119399999999999729e+00
-1.831299999999999928e+00
5.530300000000000216e-01
7.253400000000000070e+00
1.405599999999999916e+01
2.097300000000000253e+01
2.063400000000000034e+01
2.083199999999999719e+01
1.971999999999999886e+01
1.309200000000000053e+01
8.952600000000000335e+00
5.219500000000000028e+00
1.054499999999999993e+01
1.853099999999999881e+01
1.989700000000000202e+01
1.741400000000000148e+01
8.010999999999999233e+00
1.097399999999999931e+00
-3.118500000000000161e-01
-5.216300000000000381e+00
-6.759999999999999787e+00
-6.533699999999999619e+00
-3.772400000000000198e+00
-8.768200000000000438e-01
-6.527999999999999581e+00
-1.849800000000000111e+01
-2.706099999999999994e+01
-2.733399999999999963e+01
-2.697599999999999909e+01
-2.403900000000000148e+01
-2.384800000000000253e+01
-2.314499999999999957e+01
-2.300300000000000011e+01
-2.479300000000000281e+01
-2.586199999999999832e+01
-2.161599999999999966e+01
-1.221499999999999986e+01
-4.966800000000000104e+00
-1.520399999999999877e-02
6.484899999999999665e+00
1.310299999999999976e+01
1.737500000000000000e+01
1.857700000000000173e+01
1.593799999999999883e+01
1.836899999999999977e+01
2.659199999999999875e+01
3.848799999999999955e+01
4.683299999999999841e+01
4.828699999999999903e+01
4.416199999999999903e+01
4.228699999999999903e+01
4.357999999999999829e+01
4.589500000000000313e+01
4.751300000000000523e+01
4.702700000000000102e+01
4.531499999999999773e+01
4.144699999999999562e+01
3.612300000000000466e+01
3.400199999999999534e+01
3.554699999999999704e+01
3.696999999999999886e+01
4.034499999999999886e+01
4.092999999999999972e+01
4.134100000000000108e+01
4.268800000000000239e+01
3.916599999999999682e+01
2.972899999999999920e+01
1.867999999999999972e+01
9.199400000000000688e+00
-1.294200000000000073e-01
-9.160600000000000520e+00
-1.687400000000000233e+01
-2.518400000000000105e+01
-3.502900000000000347e+01
-3.868999999999999773e+01
-3.900800000000000267e+01
-4.031499999999999773e+01
-3.773699999999999477e+01
-3.846699999999999875e+01
-3.424399999999999977e+01
-3.201200000000000045e+01
-3.208599999999999852e+01
-3.366900000000000404e+01
-3.949099999999999966e+01
-4.779299999999999926e+01
-5.504600000000000648e+01
-6.197600000000000620e+01
-6.483599999999999852e+01
-6.518699999999999761e+01
-6.433599999999999852e+01
-6.093299999999999983e+01
-6.267399999999999949e+01
-6.157899999999999352e+01
-6.178800000000000381e+01
-5.917000000000000171e+01
-5.301600000000000534e+01
-4.653499999999999659e+01
-3.752499999999999858e+01
-2.624099999999999966e+01
-1.442200000000000060e+01
-1.026299999999999990e+01
-1.230799999999999983e+01
-1.115499999999999936e+01
-4.017800000000000260e+00
8.145099999999999341e+00
1.895299999999999940e+01
2.829300000000000281e+01
3.446199999999999619e+01
3.742099999999999937e+01
4.171199999999999619e+01
4.950899999999999324e+01
5.347800000000000153e+01
5.557399999999999807e+01
5.700800000000000267e+01
5.852000000000000313e+01
5.566799999999999926e+01
5.070000000000000284e+01
4.239600000000000080e+01
3.372500000000000142e+01
2.969999999999999929e+01
2.811100000000000065e+01
2.687000000000000099e+01
2.255199999999999960e+01
1.945599999999999952e+01
1.526200000000000045e+01
1.441900000000000048e+01
1.562199999999999989e+01
1.834099999999999753e+01
2.328699999999999903e+01
2.211100000000000065e+01
1.476999999999999957e+01
3.974800000000000111e+00
-5.857300000000000395e+00
-9.511599999999999611e+00
-8.881800000000000139e+00
-3.724600000000000133e+00
1.990099999999999980e+00
4.345299999999999940e+00
5.792500000000000426e+00
3.012700000000000156e+00
-7.629600000000000826e-01
-3.148699999999999832e-01
-3.980399999999999938e+00
-9.182800000000000296e+00
-9.571400000000000574e+00
-5.915399999999999991e+00
-3.295399999999999885e+00
-8.512299999999999756e+00
-1.669099999999999895e+01
-2.348699999999999832e+01
-2.559400000000000119e+01
-2.459699999999999775e+01
-2.568099999999999739e+01
-2.481500000000000128e+01
-2.471800000000000352e+01
-2.262000000000000099e+01
-2.085099999999999909e+01
-2.013200000000000145e+01
-1.935699999999999932e+01
-1.670899999999999963e+01
-1.275500000000000078e+01
-5.804000000000000270e+00
-2.972900000000000098e+00
-1.030399999999999983e+00
2.918699999999999850e+00
5.408800000000000274e+00
6.337200000000000166e+00
4.508200000000000429e+00
2.100699999999999790e+00
-3.531800000000000050e+00
-1.261200000000000099e+00
3.864799999999999791e+00
7.637999999999999901e+00
8.706799999999999429e+00
6.903999999999999915e+00
6.332900000000000418e+00
7.705599999999999561e+00
1.054700000000000060e+01
1.367900000000000027e+01
1.910200000000000031e+01
2.341600000000000037e+01
2.940800000000000125e+01
3.587899999999999778e+01
3.832900000000000063e+01
4.023199999999999932e+01
4.041300000000000381e+01
3.770900000000000318e+01
3.608899999999999864e+01
3.245100000000000051e+01
3.083800000000000097e+01
2.650499999999999901e+01
1.919900000000000162e+01
1.319999999999999929e+01
7.294999999999999929e+00
-1.346799999999999997e+00
-1.066499999999999915e+01
-1.741199999999999903e+01
-2.277800000000000225e+01
-3.049500000000000099e+01
-3.627199999999999847e+01
-4.235899999999999466e+01
-4.873199999999999932e+01
-5.243600000000000705e+01
-5.568500000000000227e+01
-5.447299999999999898e+01
-5.107999999999999829e+01
-4.536699999999999733e+01
-3.820100000000000051e+01
-3.377900000000000347e+01
-3.348900000000000432e+01
-3.028300000000000125e+01
-2.897899999999999920e+01
-2.405300000000000082e+01
-1.883699999999999974e+01
-1.418500000000000050e+01
-5.787700000000000067e+00
4.828199999999999714e-01
8.832300000000000040e+00
1.662599999999999767e+01
2.298300000000000054e+01
2.678599999999999781e+01
2.339499999999999957e+01
1.897299999999999898e+01
1.874500000000000099e+01
2.157499999999999929e+01
2.842399999999999949e+01
3.219400000000000261e+01
3.217999999999999972e+01
3.167000000000000171e+01
3.104300000000000281e+01
2.499199999999999733e+01
2.244900000000000162e+01
2.305499999999999972e+01
2.787999999999999901e+01
3.309000000000000341e+01
3.216100000000000136e+01
3.320599999999999596e+01
3.071900000000000119e+01
2.539400000000000190e+01
2.116900000000000048e+01
1.945799999999999841e+01
1.893700000000000117e+01
1.691199999999999903e+01
1.488199999999999967e+01
1.225699999999999967e+01
8.694000000000000838e+00
7.845799999999999663e+00
2.056299999999999795e+00
-3.841699999999999893e+00
-1.240900000000000070e+01
-2.138500000000000156e+01
-2.519900000000000162e+01
-3.015300000000000225e+01
-3.534499999999999886e+01
-4.131199999999999761e+01
-4.806000000000000227e+01
-5.196399999999999864e+01
-5.243999999999999773e+01
-5.443600000000000705e+01
-5.707399999999999807e+01
-5.712399999999999523e+01
-5.459100000000000108e+01
-5.539899999999999380e+01
-5.313100000000000023e+01
-4.646100000000000563e+01
-3.634300000000000352e+01
-3.075300000000000011e+01
-2.896099999999999852e+01
-2.151099999999999923e+01
-1.390200000000000102e+01
-7.626599999999999824e+00
-7.020699999999999719e+00
-2.361099999999999977e+00
-4.025599999999999734e-01
3.847399999999999931e+00
1.098400000000000176e+01
1.483599999999999852e+01
2.009499999999999886e+01
2.064499999999999957e+01
1.794500000000000028e+01
1.664099999999999824e+01
2.212500000000000000e+01
2.709199999999999875e+01
2.757499999999999929e+01
2.487000000000000099e+01
2.082499999999999929e+01
2.476300000000000168e+01
2.423999999999999844e+01
2.625400000000000134e+01
2.610599999999999810e+01
2.930400000000000205e+01
2.978400000000000247e+01
2.882499999999999929e+01
2.876900000000000190e+01
2.582600000000000051e+01
2.653500000000000014e+01
2.427800000000000225e+01
2.587000000000000099e+01
2.832199999999999918e+01
3.385800000000000409e+01
2.993499999999999872e+01
2.407800000000000296e+01
1.905199999999999960e+01
1.741900000000000048e+01
1.931500000000000128e+01
1.718099999999999739e+01
9.777100000000000790e+00
1.296100000000000030e+00
-2.201200000000000045e+00
-4.614799999999999791e+00
-1.537900000000000045e+00
-6.183200000000000252e+00
-1.039599999999999902e+01
-1.170599999999999952e+01
-9.556499999999999773e+00
-5.559499999999999886e+00
-7.218499999999999694e+00
-1.365400000000000169e+01
-1.542599999999999838e+01
-1.322200000000000131e+01
-1.421199999999999974e+01
-1.605499999999999972e+01
-2.179500000000000171e+01
-2.324599999999999866e+01
-2.350600000000000023e+01
-2.060300000000000153e+01
-1.575999999999999979e+01
-1.460799999999999876e+01
-1.135299999999999976e+01
-1.039799999999999969e+01
-4.315299999999999692e+00
9.415200000000000236e-01
3.079400000000000137e+00
5.041500000000000092e+00
1.679100000000000037e+00
2.545100000000000140e+00
5.719000000000000306e+00
7.470600000000000129e+00
8.956599999999999895e+00
1.085500000000000043e+01
9.903700000000000614e+00
9.607300000000000395e+00
9.079000000000000625e+00
1.455900000000000105e+01
1.992999999999999972e+01
2.622899999999999920e+01
2.902699999999999747e+01
2.905800000000000338e+01
2.774599999999999866e+01
2.699500000000000099e+01
2.424199999999999733e+01
1.860900000000000176e+01
1.522599999999999909e+01
1.117500000000000071e+01
1.169900000000000162e+01
1.398599999999999888e+01
1.453900000000000148e+01
1.292799999999999905e+01
8.228500000000000369e+00
1.282299999999999995e+00
-1.885299999999999976e+00
-6.045700000000000074e+00
-1.308300000000000018e+01
-2.210800000000000054e+01
-2.729100000000000037e+01
-3.134499999999999886e+01
-3.359799999999999898e+01
-3.630499999999999972e+01
-3.992900000000000205e+01
-4.250300000000000011e+01
-4.311600000000000676e+01
-4.613700000000000045e+01
-5.093199999999999505e+01
-5.300999999999999801e+01
-5.544300000000000495e+01
-5.721100000000000563e+01
-5.903100000000000591e+01
-6.020700000000000074e+01
-6.217000000000000171e+01
-6.135899999999999466e+01
-6.175399999999999778e+01
-5.727100000000000080e+01
-5.024499999999999744e+01
-4.569699999999999562e+01
-3.920499999999999829e+01
-3.381600000000000250e+01
-2.946099999999999852e+01
-2.221900000000000119e+01
-1.922400000000000020e+01
-1.625000000000000000e+01
-1.040499999999999936e+01
-6.702499999999999680e+00
-2.819199999999999928e+00
4.169800000000000395e+00
1.197700000000000031e+01
1.987999999999999901e+01
2.621300000000000097e+01
3.129500000000000171e+01
3.885499999999999687e+01
4.413100000000000023e+01
4.987199999999999989e+01
5.421500000000000341e+01
5.774199999999999733e+01
5.953800000000000381e+01
6.084899999999999665e+01
6.425799999999999557e+01
6.601000000000000512e+01
6.432999999999999829e+01
6.124100000000000676e+01
5.753399999999999892e+01
5.397299999999999898e+01
5.001399999999999579e+01
4.861999999999999744e+01
4.644699999999999562e+01
4.148100000000000165e+01
4.435600000000000165e+01
4.254500000000000171e+01
4.085399999999999920e+01
3.905599999999999739e+01
3.433599999999999852e+01
3.420100000000000051e+01
2.977400000000000091e+01
2.870599999999999952e+01
2.708900000000000219e+01
2.733500000000000085e+01
2.883699999999999974e+01
2.819400000000000261e+01
2.378199999999999648e+01
1.929599999999999937e+01
1.428200000000000003e+01
1.067300000000000004e+01
7.485800000000000232e+00
3.492700000000000138e+00
-3.012400000000000078e-01
-5.283500000000000085e+00
-5.886700000000000266e+00
-9.562400000000000233e+00
-1.259900000000000020e+01
-1.610699999999999932e+01
-1.880799999999999983e+01
-2.133999999999999986e+01
-2.193599999999999994e+01
-2.268599999999999994e+01
-2.139000000000000057e+01
-2.140099999999999980e+01
-2.207900000000000063e+01
-2.394500000000000028e+01
-2.425699999999999790e+01
-2.642699999999999960e+01
-2.856599999999999895e+01
-2.808199999999999719e+01
-2.787800000000000011e+01
-2.613599999999999923e+01
-2.611499999999999844e+01
-2.649900000000000233e+01
-2.809800000000000253e+01
-2.817999999999999972e+01
-2.834099999999999753e+01
-3.051999999999999957e+01
-3.273100000000000165e+01
-3.119099999999999895e+01
-3.258599999999999852e+01
-3.737100000000000222e+01
-4.136399999999999721e+01
-4.454800000000000182e+01
-4.227300000000000324e+01
-4.047800000000000153e+01
-4.026699999999999591e+01
-3.954599999999999937e+01
-3.828099999999999881e+01
-3.883200000000000074e+01
-3.830699999999999505e+01
-3.443500000000000227e+01
-3.272699999999999676e+01
-2.671999999999999886e+01
-2.449300000000000210e+01
-2.035800000000000054e+01
-1.932799999999999940e+01
-1.789499999999999957e+01
-1.540299999999999869e+01
-1.540700000000000003e+01
-1.344900000000000162e+01
-1.298299999999999876e+01
-1.479599999999999937e+01
-1.257000000000000028e+01
-8.753099999999999881e+00
-5.144499999999999851e+00
1.121499999999999941e+00
5.998499999999999943e+00
1.350699999999999967e+01
1.954200000000000159e+01
2.634400000000000119e+01
2.885300000000000153e+01
2.966099999999999781e+01
3.151000000000000156e+01
3.341400000000000148e+01
3.606700000000000017e+01
3.710399999999999920e+01
3.697999999999999687e+01
3.888599999999999568e+01
4.046099999999999852e+01
4.166700000000000159e+01
3.952499999999999858e+01
4.013300000000000267e+01
4.147399999999999665e+01
4.127399999999999380e+01
4.340600000000000591e+01
4.383399999999999608e+01
4.512500000000000000e+01
4.384300000000000352e+01
4.415100000000000335e+01
4.315899999999999892e+01
3.976200000000000045e+01
3.606000000000000227e+01
3.186100000000000065e+01
3.124900000000000233e+01
3.047300000000000253e+01
2.674599999999999866e+01
2.403900000000000148e+01
2.252899999999999991e+01
2.061300000000000310e+01
1.658599999999999852e+01
1.567699999999999960e+01
1.217500000000000071e+01
6.419699999999999740e+00
3.407900000000000151e+00
-3.166400000000000325e-01
-3.043000000000000149e+00
-6.565400000000000347e+00
-1.041400000000000148e+01
-1.435500000000000043e+01
-1.800400000000000134e+01
-1.962900000000000134e+01
-1.991499999999999915e+01
-2.352199999999999847e+01
-2.025700000000000145e+01
-2.103000000000000114e+01
-1.976000000000000156e+01
-2.082400000000000162e+01
-2.121499999999999986e+01
-2.243599999999999994e+01
-2.751599999999999824e+01
-3.009600000000000009e+01
-3.121499999999999986e+01
-2.883699999999999974e+01
-2.910800000000000054e+01
-2.818099999999999739e+01
-2.607900000000000063e+01
-2.319400000000000261e+01
-2.198400000000000176e+01
-1.996400000000000219e+01
-1.790700000000000003e+01
-1.700499999999999901e+01
-1.898999999999999844e+01
-1.851900000000000190e+01
-1.904299999999999926e+01
-1.817500000000000071e+01
-2.129800000000000182e+01
-2.585300000000000153e+01
-2.778099999999999881e+01
-2.827599999999999980e+01
-2.660800000000000054e+01
-2.492500000000000071e+01
-2.076399999999999935e+01
-1.651599999999999824e+01
-1.036900000000000155e+01
-6.253000000000000114e+00
-3.000999999999999890e+00
-9.439999999999999503e-01
2.283800000000000274e-01
2.736300000000000399e-01
1.008999999999999897e+00
3.542600000000000193e+00
3.834600000000000009e+00
5.284900000000000375e+00
7.345399999999999707e+00
8.873499999999999943e+00
1.102400000000000091e+01
1.348000000000000043e+01
1.446499999999999986e+01
1.347000000000000064e+01
1.350699999999999967e+01
1.592900000000000027e+01
1.511599999999999966e+01
1.390499999999999936e+01
1.361599999999999966e+01
1.055799999999999983e+01
7.197300000000000253e+00
6.688100000000000378e+00
6.833800000000000097e+00
8.768499999999999517e+00
9.459699999999999775e+00
9.495799999999999130e+00
1.255799999999999983e+01
1.356400000000000006e+01
1.378200000000000003e+01
1.400099999999999945e+01
1.470800000000000018e+01
1.512500000000000000e+01
1.612900000000000134e+01
1.466099999999999959e+01
1.430299999999999905e+01
1.086400000000000077e+01
1.108099999999999952e+01
1.547499999999999964e+01
1.670100000000000051e+01
1.546900000000000119e+01
1.362700000000000067e+01
8.898999999999999133e+00
4.301999999999999602e+00
4.649200000000000443e+00
4.083599999999999675e+00
7.119900000000000340e+00
7.819899999999999629e+00
7.977599999999999802e+00
6.936700000000000088e+00
5.774200000000000443e+00
5.559300000000000352e+00
3.785200000000000120e+00
3.456599999999999895e+00
3.655299999999999994e+00
2.338200000000000056e+00
1.323099999999999943e+00
1.271099999999999897e+00
1.998300000000000076e-01
-2.931000000000000050e+00
-3.757099999999999884e+00
-3.228400000000000158e+00
-1.582100000000000062e+00
-4.562899999999999734e-01
-5.593199999999999283e-01
-1.021900000000000031e+00
2.171499999999999986e+00
3.257600000000000051e+00
3.277499999999999858e+00
7.391499999999999737e+00
6.940500000000000114e+00
7.295399999999999885e+00
1.793600000000000083e+00
1.268199999999999994e+00
-9.354100000000000747e-01
-4.465399999999999814e+00
-8.539400000000000546e+00
-8.457800000000000651e+00
-9.772100000000000009e+00
-1.238900000000000112e+01
-1.373299999999999876e+01
-1.759799999999999898e+01
-1.844599999999999795e+01
-2.141699999999999804e+01
-2.241499999999999915e+01
-2.286400000000000077e+01
-1.996099999999999852e+01
-1.637000000000000099e+01
-1.474200000000000088e+01
-1.543599999999999994e+01
-1.644999999999999929e+01
-1.693900000000000006e+01
-1.670400000000000063e+01
-1.709400000000000119e+01
-1.617399999999999949e+01
-1.568999999999999950e+01
-1.532499999999999929e+01
-1.454099999999999859e+01
-1.459500000000000064e+01
-1.330199999999999960e+01
-1.449900000000000055e+01
-1.457200000000000095e+01
-1.455000000000000071e+01
-1.458900000000000041e+01
-1.448900000000000077e+01
-1.172000000000000064e+01
-8.042899999999999494e+00
-7.953700000000000436e+00
-1.052200000000000024e+01
-1.345199999999999996e+01
-1.796099999999999852e+01
-1.707300000000000040e+01
-1.314799999999999969e+01
-9.490700000000000358e+00
-6.579500000000000348e+00
-4.267400000000000304e+00
-2.983999999999999986e+00
-4.349400000000000155e+00
-3.904700000000000060e+00
1.053600000000000092e+00
7.464199999999999946e+00
8.384000000000000341e+00
1.235900000000000176e+01
1.445800000000000018e+01
1.876399999999999935e+01
2.032600000000000051e+01
2.014000000000000057e+01
2.058800000000000097e+01
2.011499999999999844e+01
2.098900000000000077e+01
2.040900000000000247e+01
2.017099999999999937e+01
2.019999999999999929e+01
1.974699999999999989e+01
2.077499999999999858e+01
2.199500000000000099e+01
2.021099999999999852e+01
1.999500000000000099e+01
2.144900000000000162e+01
2.099599999999999866e+01
2.158699999999999974e+01
2.183999999999999986e+01
1.973400000000000176e+01
1.905099999999999838e+01
2.062500000000000000e+01
2.057000000000000028e+01
2.167900000000000205e+01
2.734900000000000020e+01
2.881400000000000006e+01
2.962199999999999989e+01
2.898400000000000176e+01
2.879500000000000171e+01
2.882999999999999829e+01
2.844300000000000139e+01
2.562800000000000011e+01
2.278900000000000148e+01
2.251599999999999824e+01
1.661299999999999955e+01
1.500300000000000011e+01
1.284200000000000053e+01
1.304599999999999937e+01
9.152100000000000790e+00
5.909600000000000186e+00
3.711699999999999999e+00
3.981000000000000094e-01
4.405500000000000388e-02
-1.851699999999999902e+00
-4.326299999999999812e+00
-8.149100000000000676e+00
-8.371900000000000119e+00
-1.164599999999999902e+01
-1.899399999999999977e+01
-2.177800000000000225e+01
-2.105599999999999739e+01
-2.083599999999999852e+01
-2.059699999999999775e+01
-2.203900000000000148e+01
-2.407800000000000296e+01
-2.562999999999999901e+01
-2.482600000000000051e+01
-2.479300000000000281e+01
-2.873699999999999832e+01
-3.041300000000000026e+01
-3.274199999999999733e+01
-3.590599999999999881e+01
-3.777900000000000347e+01
-3.626800000000000068e+01
-3.596999999999999886e+01
-3.536699999999999733e+01
-3.335800000000000409e+01
-3.150800000000000267e+01
-2.731699999999999662e+01
-2.488400000000000034e+01
-2.196599999999999753e+01
-2.119300000000000139e+01
-2.132199999999999918e+01
-2.089499999999999957e+01
-2.225099999999999767e+01
-2.251099999999999923e+01
-2.217599999999999838e+01
-2.337999999999999901e+01
-2.291000000000000014e+01
-2.315199999999999747e+01
-1.926299999999999812e+01
-1.518500000000000050e+01
-1.034299999999999997e+01
-6.317199999999999704e+00
-1.603199999999999958e+00
1.210399999999999920e+00
3.251300000000000079e+00
8.918599999999999639e+00
1.312299999999999933e+01
1.603000000000000114e+01
1.784799999999999898e+01
1.848600000000000065e+01
1.923600000000000065e+01
2.087400000000000233e+01
2.161800000000000210e+01
1.667599999999999838e+01
1.711100000000000065e+01
1.741400000000000148e+01
1.650499999999999901e+01
1.676699999999999946e+01
1.573000000000000043e+01
2.019500000000000028e+01
1.890599999999999881e+01
1.982199999999999918e+01
2.128599999999999781e+01
2.132999999999999829e+01
2.127899999999999991e+01
2.381599999999999895e+01
2.413400000000000034e+01
2.228900000000000148e+01
2.339499999999999957e+01
2.230900000000000105e+01
2.380099999999999838e+01
2.313599999999999923e+01
2.102199999999999847e+01
1.991799999999999926e+01
1.819999999999999929e+01
1.538499999999999979e+01
1.426599999999999824e+01
9.554899999999999949e+00
4.084500000000000242e+00
2.504399999999999959e+00
6.588300000000000267e-01
1.109799999999999898e+00
-6.430399999999999450e-01
-1.629599999999999937e+00
-2.341200000000000170e+00
-3.629599999999999937e+00
-8.733900000000000219e+00
-8.843400000000000816e+00
-1.124400000000000155e+01
-1.317799999999999905e+01
-1.220299999999999940e+01
-1.289200000000000124e+01
-1.221099999999999852e+01
-1.365299999999999869e+01
-1.362400000000000055e+01
-1.400099999999999945e+01
-1.258300000000000018e+01
-9.283899999999999153e+00
-1.148099999999999987e+01
-1.065599999999999881e+01
-8.404700000000000060e+00
-7.623999999999999666e+00
-7.027700000000000280e+00
-8.772399999999999309e+00
-7.947099999999999831e+00
-6.800300000000000011e+00
-8.256500000000000838e+00
-9.378199999999999648e+00
-6.350999999999999979e+00
-2.380199999999999871e+00
-3.170100000000000140e+00
-2.423000000000000043e+00
-2.000799999999999912e+00
-5.013199999999999601e-02
-8.184700000000000308e-01
1.183899999999999952e+00
1.677000000000000046e+00
-1.173599999999999990e-02
2.207599999999999785e+00
2.450099999999999778e-01
2.484199999999999964e+00
2.398600000000000065e+00
4.350799999999999557e+00
5.312899999999999956e+00
5.086199999999999832e+00
6.793000000000000149e+00
9.527900000000000702e+00
1.055900000000000105e+01
8.745599999999999596e+00
1.069900000000000162e+01
9.815300000000000580e+00
1.018700000000000117e+01
9.702500000000000568e+00
8.790300000000000225e+00
8.022500000000000853e+00
7.098900000000000432e+00
7.314000000000000057e+00
7.822600000000000442e+00
8.976200000000000401e+00
8.642300000000000537e+00
7.736600000000000144e+00
3.674999999999999822e+00
2.495200000000000085e+00
2.154399999999999871e+00
3.194599999999999884e+00
3.203500000000000014e+00
5.316600000000000215e+00
1.029499999999999993e+01
1.086700000000000088e+01
9.489699999999999136e+00
7.588000000000000078e+00
4.613199999999999967e+00
-6.285700000000001009e-02
-3.679800000000000182e+00
-2.936700000000000088e+00
-6.496999999999999886e+00
-9.385899999999999466e+00
-1.016600000000000037e+01
-1.069099999999999895e+01
-1.035099999999999909e+01
-1.099000000000000021e+01
-1.012100000000000044e+01
-1.019999999999999929e+01
-9.993199999999999861e+00
-1.035599999999999987e+01
-1.063599999999999923e+01
-1.133999999999999986e+01
-1.437199999999999989e+01
-1.777200000000000202e+01
-1.800799999999999912e+01
-1.824399999999999977e+01
-1.818799999999999883e+01
-1.828400000000000247e+01
-1.787699999999999889e+01
-1.710500000000000043e+01
-1.703800000000000026e+01
-1.766700000000000159e+01
-1.483999999999999986e+01
-1.272400000000000020e+01
-1.242500000000000071e+01
-1.306400000000000006e+01
-1.319200000000000017e+01
-1.291799999999999926e+01
-1.320500000000000007e+01
-1.059400000000000119e+01
-6.784500000000000419e+00
-8.111900000000000333e+00
-5.703199999999999825e+00
-2.558600000000000207e+00
5.478600000000000136e-01
3.060900000000000176e+00
3.476300000000000168e+00
7.428799999999999848e+00
7.436200000000000365e+00
7.408400000000000318e+00
7.333400000000000141e+00
7.150100000000000122e+00
7.194200000000000372e+00
7.453899999999999970e+00
7.655800000000000161e+00
7.192300000000000360e+00
8.017599999999999838e+00
8.688499999999999446e+00
9.233700000000000685e+00
1.344999999999999929e+01
1.587400000000000055e+01
1.527099999999999902e+01
1.913299999999999912e+01
1.921300000000000097e+01
1.728200000000000003e+01
1.585599999999999987e+01
1.322099999999999831e+01
1.222700000000000031e+01
1.443200000000000038e+01
1.840900000000000247e+01
1.763100000000000023e+01
1.822200000000000131e+01
1.673499999999999943e+01
1.748099999999999810e+01
1.602799999999999869e+01
1.156200000000000117e+01
1.141599999999999859e+01
1.132900000000000063e+01
1.121900000000000119e+01
8.806200000000000472e+00
6.234099999999999753e+00
5.736399999999999721e+00
5.096000000000000085e+00
4.897199999999999775e+00
5.659900000000000375e+00
5.913999999999999702e+00
6.436600000000000321e+00
6.665799999999999947e+00
6.490700000000000358e+00
6.701800000000000423e+00
5.455799999999999983e+00
5.768500000000000405e+00
3.939999999999999947e+00
-5.838600000000000456e-01
-1.332900000000000196e-01
-8.035600000000000520e-01
-4.436799999999999855e+00
-5.324200000000000266e+00
-4.818399999999999572e+00
-6.746900000000000119e+00
-1.023399999999999999e+01
-9.580399999999999139e+00
-9.855299999999999727e+00
-1.337299999999999933e+01
-1.266200000000000081e+01
-1.271900000000000119e+01
-1.773499999999999943e+01
-1.849500000000000099e+01
-1.825099999999999767e+01
-1.944999999999999929e+01
-1.776299999999999812e+01
-1.863299999999999912e+01
-1.665200000000000102e+01
-1.700900000000000034e+01
-1.427900000000000169e+01
-1.509299999999999997e+01
-1.543700000000000117e+01
-1.407400000000000162e+01
-1.371099999999999852e+01
-9.449099999999999611e+00
-1.076900000000000013e+01
-8.619300000000000850e+00
-9.865099999999999980e+00
-9.727000000000000313e+00
-1.071099999999999852e+01
-9.411099999999999355e+00
-8.169800000000000395e+00
-8.880300000000000082e+00
-5.224199999999999733e+00
-5.566300000000000026e+00
-6.033800000000000274e+00
-6.346799999999999997e+00
-7.014700000000000379e+00
-7.885500000000000398e+00
-6.854800000000000004e+00
-6.645800000000000374e+00
-6.150599999999999845e+00
-7.067199999999999704e+00
-7.290000000000000036e+00
-3.047499999999999876e+00
-2.936999999999999833e+00
-3.952100000000000168e+00
9.175399999999999112e-01
1.512599999999999945e+00
4.568699999999999761e+00
8.190200000000000813e+00
7.664500000000000313e+00
1.100799999999999912e+01
1.284900000000000020e+01
1.112299999999999933e+01
1.331799999999999962e+01
1.789400000000000190e+01
1.838799999999999812e+01
1.825700000000000145e+01
1.805199999999999960e+01
1.660999999999999943e+01
1.879299999999999926e+01
1.904299999999999926e+01
1.659499999999999886e+01
1.758800000000000097e+01
1.715099999999999980e+01
1.739999999999999858e+01
1.650000000000000000e+01
1.626000000000000156e+01
1.751000000000000156e+01
1.352400000000000091e+01
1.060700000000000109e+01
1.076200000000000045e+01
1.078599999999999959e+01
9.539899999999999380e+00
6.274700000000000166e+00
4.770199999999999996e+00
5.466800000000000104e+00
1.003599999999999959e+01
1.210599999999999987e+01
8.032999999999999474e+00
5.784200000000000230e+00
5.800799999999999734e+00
1.236199999999999966e+00
4.536000000000000032e-01
-1.861900000000000222e-01
7.673499999999999766e-01
-1.155899999999999928e+00
-4.849999999999999645e+00
-4.469899999999999984e+00
-4.275599999999999845e+00
-3.568999999999999950e+00
-7.209900000000000198e+00
-7.844599999999999795e+00
-6.884299999999999642e+00
-1.003100000000000058e+01
-1.349300000000000033e+01
-1.333400000000000141e+01
-1.379400000000000048e+01
-1.373400000000000176e+01
-1.374400000000000155e+01
-1.372900000000000098e+01
-1.372900000000000098e+01
-1.368900000000000006e+01
-1.315299999999999869e+01
-1.304299999999999926e+01
-1.249699999999999989e+01
-1.266400000000000148e+01
-1.170800000000000018e+01
-6.610699999999999577e+00
-5.249799999999999578e+00
-3.207500000000000018e+00
-4.445299999999999585e+00
-2.543800000000000061e+00
-2.927400000000000002e-01
-1.211900000000000061e-01
2.920900000000000052e+00
3.410499999999999865e+00
3.850099999999999856e+00
5.638499999999999623e+00
7.568699999999999761e+00
3.156000000000000139e+00
2.960700000000000109e+00
3.095000000000000195e+00
4.300099999999999589e+00
6.014499999999999957e+00
6.192999999999999616e+00
6.182400000000000340e+00
5.113800000000000345e+00
4.459699999999999775e+00
3.962600000000000122e+00
4.284699999999999953e+00
3.431099999999999817e+00
2.988399999999999945e+00
3.124299999999999855e+00
3.190599999999999881e+00
3.225000000000000089e+00
3.448399999999999910e+00
1.229200000000000070e+00
-1.494299999999999962e+00
-5.202799999999999647e-01
-3.169500000000000206e+00
-6.833599999999999675e+00
-6.498499999999999943e+00
-5.052399999999999558e+00
-6.451900000000000190e+00
-6.933099999999999596e+00
-6.898600000000000065e+00
-7.118000000000000327e+00
-7.138499999999999623e+00
-7.157600000000000406e+00
-8.136900000000000688e+00
-1.184599999999999831e+01
-1.345599999999999952e+01
-1.314900000000000091e+01
-1.360099999999999909e+01
-1.307699999999999996e+01
-1.410599999999999987e+01
-1.208300000000000018e+01
-1.043200000000000038e+01
-1.030799999999999983e+01
-7.121999999999999886e+00
-7.610400000000000276e+00
-6.958000000000000185e+00
-2.838699999999999779e+00
-6.761300000000000088e-01
9.142399999999999416e-01
6.789100000000000135e-01
4.285400000000000098e+00
5.867200000000000415e+00
4.105999999999999872e+00
4.639499999999999957e+00
5.013799999999999812e+00
9.072300000000000253e+00
1.013000000000000078e+01
9.558500000000000441e+00
1.045500000000000007e+01
8.997899999999999565e+00
1.239099999999999824e+01
1.273000000000000043e+01
1.298000000000000043e+01
1.250699999999999967e+01
1.339400000000000013e+01
1.636400000000000077e+01
1.524799999999999933e+01
1.508400000000000141e+01
1.391300000000000026e+01
1.007499999999999929e+01
6.441499999999999559e+00
7.328400000000000247e+00
6.374200000000000088e+00
6.940800000000000303e+00
6.278900000000000148e+00
5.810699999999999754e+00
6.352699999999999569e+00
5.468099999999999739e+00
5.800900000000000389e+00
4.623999999999999666e+00
1.993700000000000028e+00
3.115400000000000169e+00
6.505399999999999849e+00
7.573900000000000077e+00
7.284799999999999720e+00
8.590299999999999159e+00
5.339400000000000368e+00
3.527499999999999858e+00
3.886299999999999866e+00
4.044400000000000439e+00
2.391700000000000159e+00
-1.081599999999999895e+00
-4.818599999999999994e+00
-6.632200000000000095e+00
-7.722900000000000098e+00
-1.173000000000000043e+01
-1.067200000000000060e+01
-8.792899999999999494e+00
-9.649900000000000588e+00
-8.641500000000000625e+00
-1.026400000000000112e+01
-1.010999999999999943e+01
-1.171599999999999930e+01
-1.159799999999999898e+01
-1.109900000000000020e+01
-1.055900000000000105e+01
-9.463100000000000733e+00
-8.149699999999999278e+00
-6.038800000000000168e+00
-7.355000000000000426e+00
-6.220500000000000362e+00
-6.009900000000000020e+00
-5.657600000000000406e+00
-6.037099999999999689e+00
-5.255499999999999616e+00
-4.908800000000000274e+00
-4.045899999999999608e+00
-3.936199999999999921e+00
-4.253899999999999793e+00
-5.519000000000000128e+00
-5.696100000000000385e+00
-5.262800000000000367e+00
-5.743100000000000094e+00
-6.097400000000000375e+00
-5.857300000000000395e+00
-6.415899999999999714e+00
-5.041800000000000281e+00
-5.211800000000000210e+00
-3.909400000000000208e+00
-1.230499999999999927e+00
-2.211100000000000065e+00
8.708399999999999475e-01
2.982800000000000118e+00
3.231100000000000083e+00
3.258799999999999919e+00
3.149000000000000021e+00
3.271500000000000075e+00
3.080499999999999794e+00
3.274399999999999977e+00
3.015699999999999825e+00
3.325899999999999856e+00
5.327600000000000335e+00
7.217800000000000438e+00
9.125199999999999534e+00
8.291499999999999204e+00
7.811099999999999710e+00
8.594200000000000728e+00
8.815400000000000347e+00
4.380700000000000038e+00
4.331800000000000317e+00
2.077799999999999869e+00
3.226399999999999935e+00
4.840900000000000425e+00
2.398000000000000131e+00
3.981399999999999828e+00
5.045799999999999841e+00
6.778400000000000425e+00
4.286299999999999777e+00
3.880300000000000082e+00
2.092999999999999972e+00
2.333899999999999864e+00
2.337800000000000100e+00
1.560799999999999965e+00
1.813499999999999890e+00
1.582200000000000051e+00
1.820300000000000029e+00
2.497900000000000009e+00
2.772699999999999942e+00
2.651299999999999990e+00
1.483700000000000019e+00
9.529700000000000948e-01
2.934600000000000097e+00
2.450400000000000134e+00
2.903200000000000003e+00
2.444300000000000139e+00
2.635499999999999954e+00
2.053900000000000059e+00
4.328199999999999825e-01
4.999899999999999900e-01
4.144999999999999796e-01
4.270899999999999697e-01
4.116699999999999804e-01
-9.087100000000000177e-01
-4.681499999999999773e+00
-5.495800000000000018e+00
-5.481300000000000061e+00
-5.547699999999999854e+00
-5.443200000000000038e+00
-6.323599999999999888e+00
-6.779399999999999871e+00
-6.383099999999999774e+00
-7.219999999999999751e+00
-6.760399999999999743e+00
-5.612300000000000288e+00
-5.661699999999999733e+00
-5.579600000000000115e+00
-5.094800000000000217e+00
-4.142400000000000304e+00
-2.775100000000000122e+00
-5.937100000000000710e-01
7.171499999999999542e-01
3.411099999999999799e+00
2.193400000000000016e+00
2.459799999999999986e+00
3.580299999999999816e+00
2.326200000000000045e+00
2.385600000000000165e+00
2.207800000000000207e+00
2.351700000000000124e+00
2.182300000000000129e+00
2.337899999999999867e+00
2.138700000000000045e+00
2.345800000000000107e+00
2.068700000000000205e+00
2.473300000000000054e+00
2.532799999999999940e+00
2.746599999999999930e+00
3.190999999999999837e+00
2.308800000000000185e+00
2.815999999999999837e+00
1.428099999999999925e+00
2.308399999999999785e+00
1.706499999999999906e+00
2.620099999999999874e+00
3.586699999999999999e+00
3.306400000000000006e+00
4.190100000000000158e+00
3.015899999999999803e+00
1.989400000000000057e+00
1.072700000000000042e-01
-6.201500000000000068e-02
-1.136299999999999949e-01
-1.686499999999999944e-01
-3.967099999999999793e-02
-7.644099999999999506e-02
-1.171000000000000041e+00
-1.365599999999999925e+00
-4.291399999999999659e-01
-4.692399999999999904e-01
-5.692899999999999627e-01
-1.879799999999999915e+00
-3.011400000000000077e+00
-2.536200000000000010e+00
-2.415799999999999947e+00
-2.222399999999999931e+00
-2.457100000000000062e+00
-9.408999999999999586e-01
-1.213799999999999990e+00
-1.307700000000000085e+00
-1.494399999999999951e+00
-1.722699999999999898e+00
-1.886400000000000077e+00
-2.045199999999999907e+00
-1.985300000000000065e+00
-2.300100000000000033e+00
-3.051599999999999868e-01
1.054599999999999982e+00
2.255100000000000104e+00
2.707699999999999996e+00
1.303199999999999914e+00
-1.030100000000000016e+00
-1.327199999999999935e+00
-7.754100000000000437e-01
-3.944900000000000073e-01
-9.304799999999999738e-01
-1.324100000000000055e+00
-7.095100000000000851e-01
-3.205300000000000371e-01
-3.312800000000000189e-01
-6.440299999999999914e-01
-6.947300000000000697e-01
-8.566600000000000881e-01
-1.025099999999999900e+00
-1.321399999999999908e+00
-1.103799999999999892e+00
-3.128099999999999881e+00
-3.124400000000000066e+00
-3.979800000000000004e+00
-6.068800000000000416e+00
-6.692300000000000360e+00
-7.337399999999999700e+00
-7.100299999999999834e+00
-6.341000000000000192e+00
-5.362800000000000011e+00
-5.518900000000000361e+00
-6.208999999999999631e+00
-4.955700000000000216e+00
-4.642699999999999605e+00
-6.012699999999999712e+00
-4.995199999999999640e+00
-3.710599999999999898e+00
-2.125999999999999890e+00
-2.213300000000000267e-01
1.809300000000000075e-01
-2.127300000000000302e-01
8.759899999999999354e-01
4.158999999999999919e-01
1.844500000000000028e+00
4.927900000000000169e+00
4.867300000000000182e+00
5.280999999999999694e+00
5.799100000000000144e+00
5.390100000000000335e+00
5.508600000000000385e+00
5.612199999999999633e+00
5.506800000000000139e+00
5.545499999999999652e+00
5.770100000000000229e+00
5.987899999999999778e+00
5.776399999999999757e+00
5.972599999999999909e+00
4.845799999999999663e+00
2.907999999999999918e+00
2.358200000000000074e+00
2.264100000000000001e-01
-1.036499999999999977e+00
-2.399199999999999944e-01
-1.944599999999999940e-01
2.589400000000000035e-01
-6.589500000000000357e-01
-3.946399999999999908e-01
4.212199999999999972e-02
6.648199999999999665e-01
2.406600000000000072e+00
2.568200000000000038e+00
2.156000000000000139e+00
4.755200000000000315e+00
3.616899999999999782e+00
1.772100000000000009e+00
2.759599999999999831e+00
8.602600000000000247e-01
5.046599999999999975e-01
-2.421900000000000164e-01
9.694300000000000139e-02
-1.540799999999999947e-01
7.247699999999999976e-02
5.709699999999999775e-01
5.554700000000000193e-01
8.915100000000000247e-01
1.114800000000000013e+00
7.528500000000000192e-01
7.291699999999999848e-01
-1.600599999999999801e-01
-1.128900000000000015e+00
-2.703099999999999947e-01
-1.653599999999999959e+00
1.407000000000000028e+00
1.267500000000000071e+00
1.116300000000000070e+00
2.082699999999999996e+00
2.077399999999999913e+00
2.564799999999999969e+00
1.758799999999999919e+00
2.181500000000000217e+00
1.783300000000000107e+00
2.184499999999999886e+00
1.691899999999999959e+00
2.396599999999999842e+00
-7.953500000000000014e-01
-6.594499999999999806e-01
-9.082100000000000728e-01
-2.070500000000000007e+00
-1.770499999999999963e+00
-3.828199999999999825e+00
-3.322299999999999809e+00
-4.345399999999999707e+00
-3.245899999999999785e+00
-3.075099999999999945e+00
-1.698700000000000099e+00
-1.640500000000000069e+00
-1.952099999999999946e+00
-5.359099999999999975e-01
8.272500000000000409e-01
2.246799999999999908e+00
9.403100000000000902e-01
1.379999999999999893e+00
2.015200000000000102e+00
1.333800000000000097e+00
1.597599999999999909e+00
1.218099999999999961e+00
1.380800000000000027e+00
1.064200000000000035e+00
1.482299999999999951e+00
1.868700000000000028e+00
1.688199999999999923e+00
1.069900000000000073e+00
-1.951600000000000001e-01
-8.980299999999998839e-01
-2.292499999999999982e+00
-2.245699999999999807e+00
-3.268800000000000150e+00
-1.360100000000000087e+00
-1.580500000000000016e+00
-4.876199999999999979e-01
-1.326500000000000012e+00
-4.170200000000000351e+00
-2.901600000000000179e+00
-2.617999999999999883e+00
-9.316100000000000492e-01
-8.420200000000001017e-01
-4.951899999999999635e-01
-3.097200000000000300e-02
-1.201699999999999990e+00
-2.120299999999999851e+00
-3.935900000000000176e+00
-3.644099999999999895e+00
-4.431700000000000195e+00
-3.262599999999999945e+00
-3.788400000000000212e+00
-5.842800000000000438e+00
-6.486200000000000188e+00
-6.068399999999999572e+00
-5.706999999999999851e+00
-4.722000000000000419e+00
-5.756800000000000139e+00
-3.770399999999999974e+00
-2.316300000000000026e+00
-1.643000000000000016e+00
-1.625000000000000056e-01
-1.182299999999999907e+00
-1.207200000000000051e+00
-6.568399999999999794e-01
1.445599999999999996e+00
1.205100000000000060e+00
1.994399999999999951e+00
9.926399999999999668e-01
1.839800000000000102e+00
-7.618399999999999617e-01
-2.758300000000000196e+00
-2.363900000000000112e+00
-2.851300000000000168e+00
-2.408700000000000063e+00
4.498600000000000376e-01
3.310299999999999798e+00
3.572000000000000064e+00
4.114200000000000301e+00
5.012999999999999901e+00
7.284600000000000186e+00
6.268099999999999561e+00
8.271499999999999631e+00
7.022599999999999731e+00
6.548300000000000232e+00
5.692800000000000082e+00
3.843999999999999861e+00
4.250300000000000189e+00
1.769700000000000051e+00
1.930700000000000083e+00
1.585700000000000109e+00
1.959000000000000075e+00
1.738599999999999923e+00
2.048799999999999955e+00
2.539800000000000058e+00
1.521700000000000053e+00
1.742299999999999960e+00
2.259900000000000020e+00
2.203800000000000203e+00
2.315100000000000158e+00
3.107899999999999885e+00
2.798099999999999810e+00
2.642500000000000071e+00
2.740499999999999936e+00
1.674600000000000088e+00
8.889600000000000835e-01
4.747199999999999753e-01
1.052700000000000025e-01
-5.193600000000000300e-02
-2.724600000000000133e+00
-4.964400000000000368e+00
-4.534699999999999953e+00
-4.895800000000000374e+00
-4.349800000000000111e+00
-5.065699999999999648e+00
-3.488399999999999945e+00
-2.043699999999999850e+00
-2.860700000000000021e+00
-2.887099999999999667e-01
2.640200000000000102e+00
3.189299999999999802e+00
3.199899999999999967e+00
3.560000000000000053e+00
3.011600000000000055e+00
1.934199999999999919e+00
3.958599999999999897e-01
4.443600000000000327e-01
-1.198499999999999899e+00
-6.690599999999999881e-01
7.838899999999999757e-01
1.366400000000000059e+00
1.814400000000000013e+00
2.139899999999999913e+00
3.048900000000000166e+00
-2.006700000000000150e-01
-1.259900000000000020e+00
-6.774899999999999256e-01
-1.327099999999999946e+00
-1.560599999999999987e+00
-1.303299999999999903e+00
-9.895299999999999097e-01
-1.297600000000000087e+00
5.830199999999999827e-01
4.639199999999999990e-01
1.797299999999999898e+00
3.220299999999999940e+00
1.625399999999999956e+00
1.350300000000000056e+00
-2.064800000000000246e-01
-2.615600000000000147e+00
-3.423000000000000043e+00
-3.757800000000000029e+00
-5.311399999999999899e+00
-6.604700000000000237e+00
-6.768799999999999706e+00
-6.687599999999999767e+00
-6.747200000000000308e+00
-6.790199999999999569e+00
-4.953199999999999825e+00
-3.830499999999999794e+00
-3.348199999999999843e+00
-1.840999999999999970e+00
-3.703199999999999825e+00
-4.154399999999999871e+00
-2.423399999999999999e+00
-2.637500000000000178e+00
-2.211599999999999788e+00
-1.955800000000000038e-01
7.939400000000000623e-02
1.768699999999999939e+00
3.806299999999999795e+00
3.651699999999999946e+00
3.848599999999999799e+00
3.703899999999999970e+00
3.819599999999999884e+00
3.713099999999999845e+00
3.579800000000000093e+00
3.556099999999999817e+00
3.548900000000000166e+00
4.919599999999999973e+00
4.327099999999999724e+00
3.507400000000000073e+00
3.594599999999999795e+00
3.625300000000000189e+00
4.218300000000000161e+00
4.776399999999999757e+00
5.360999999999999766e+00
5.244100000000000428e+00
3.256899999999999906e+00
3.702199999999999935e+00
3.499000000000000110e+00
2.043899999999999828e+00
6.219700000000000228e-01
-5.511899999999999578e-01
5.224800000000000555e-01
1.515400000000000080e-01
-7.311099999999999544e-02
-5.253400000000000430e-02
1.885900000000000076e-01
-1.109400000000000108e-01
-3.423800000000000177e-01
-2.195699999999999985e+00
-2.755399999999999849e+00
-2.844300000000000050e+00
-3.303100000000000147e+00
-2.037300000000000111e+00
-2.529199999999999893e+00
-2.104099999999999859e+00
-2.528000000000000025e+00
-2.054899999999999949e+00
-2.639800000000000146e+00
-1.780299999999999994e+00
-2.898899999999999810e+00
-3.952900000000000080e+00
-2.183199999999999807e+00
-3.039899999999999824e+00
-2.817099999999999937e+00
-2.325699999999999878e+00
-2.121300000000000185e+00
-2.798900000000000166e+00
-2.244600000000000151e+00
-2.376599999999999824e+00
-2.188600000000000101e+00
-2.101799999999999891e+00
-2.089599999999999902e+00
-2.090599999999999792e+00
-1.222699999999999898e+00
-1.624899999999999956e-01
-1.057199999999999918e+00
-1.822599999999999998e+00
-1.549900000000000055e+00
-1.789600000000000080e+00
-7.807100000000000151e-01
-1.585800000000000098e+00
-1.681100000000000039e+00
-1.728399999999999936e+00
-1.362700000000000022e+00
-2.480999999999999872e+00
-3.178199999999999914e+00
-1.927000000000000046e+00
-2.206199999999999939e+00
-2.059299999999999908e+00
-2.104600000000000026e+00
-1.640800000000000036e+00
-1.261600000000000055e+00
1.556200000000000083e-01
8.223700000000000454e-02
1.664299999999999946e-01
7.016700000000000159e-01
1.243600000000000039e+00
2.991099999999999870e+00
3.816600000000000215e+00
3.726799999999999891e+00
3.799799999999999844e+00
3.713400000000000034e+00
4.847900000000000098e+00
4.668700000000000294e+00
4.569200000000000372e+00
5.098200000000000287e+00
4.914500000000000313e+00
4.687700000000000422e+00
4.633000000000000007e+00
4.653299999999999770e+00
3.136499999999999844e+00
3.546499999999999986e+00
5.118999999999999773e+00
4.030100000000000016e+00
4.093700000000000117e+00
4.517100000000000115e+00
6.335300000000000153e+00
6.037600000000000300e+00
4.368599999999999817e+00
3.860399999999999832e+00
3.763399999999999856e+00
3.711300000000000043e+00
3.974400000000000155e+00
2.386899999999999800e+00
5.706299999999999706e-01
8.138999999999999568e-01
-1.262599999999999945e+00
-1.496799999999999908e+00
-1.822200000000000042e+00
-2.371399999999999952e+00
-9.290500000000000425e-01
-2.985500000000000043e+00
-2.377099999999999991e+00
-1.868200000000000083e+00
-2.538199999999999790e+00
-3.475200000000000067e+00
-2.603000000000000203e+00
-2.157000000000000028e+00
-2.276299999999999990e+00
-2.451999999999999957e+00
-3.075400000000000134e+00
-1.582999999999999963e+00
-2.705400000000000027e+00
-1.571099999999999941e+00
-2.509500000000000064e+00
-1.889100000000000001e+00
-3.213699999999999779e+00
-2.203599999999999781e+00
-2.344300000000000050e+00
-2.272800000000000153e+00
-3.054899999999999949e+00
-3.299999999999999822e+00
-2.668000000000000149e+00
-4.471700000000000230e+00
-3.047000000000000153e+00
-3.411300000000000221e+00
-3.046199999999999797e+00
-2.558399999999999785e+00
-2.108600000000000030e+00
-2.221000000000000085e+00
-3.170700000000000074e+00
-7.874499999999999833e-01
3.376399999999999541e-02
4.205100000000000504e-01
5.999800000000000688e-01
1.121099999999999985e+00
2.292100000000000026e+00
1.607699999999999907e+00
4.108600000000000585e-01
3.946600000000000108e-01
1.466199999999999948e+00
3.473300000000000276e-01
2.662999999999999812e-01
-4.496499999999999941e-01
2.453699999999999770e-01
1.064200000000000007e-01
1.663599999999999968e+00
2.241000000000000103e+00
3.108400000000000052e+00
2.422299999999999898e+00
2.077500000000000124e+00
2.445699999999999985e+00
-5.537999999999999590e-01
5.057300000000000129e-01
-9.400299999999999212e-01
-1.480499999999999927e+00
-2.263199999999999878e+00
-2.334499999999999797e+00
-2.193700000000000205e+00
-1.754299999999999971e+00
-1.029099999999999876e-01
1.629699999999999926e+00
1.946199999999999930e+00
7.238600000000000589e-01
8.612499999999999600e-01
6.237399999999999611e-01
2.354600000000000026e-01
-6.140499999999999847e-01
-1.836600000000000010e+00
-1.649599999999999955e+00
-1.463000000000000078e+00
-7.008100000000000440e-01
5.902399999999999869e-01
1.086999999999999966e+00
2.036399999999999988e+00
1.906199999999999894e+00
2.125799999999999912e+00
3.118199999999999861e+00
2.525300000000000100e+00
3.477599999999999802e+00
1.728699999999999903e+00
2.125599999999999934e+00
3.275100000000000122e+00
2.675300000000000011e+00
3.479900000000000215e+00
2.505100000000000104e+00
3.667600000000000193e+00
2.308199999999999807e+00
6.301200000000000134e-01
1.604999999999999982e+00
2.490499999999999936e+00
1.420900000000000052e+00
1.889899999999999913e+00
1.096999999999999975e+00
5.511899999999999578e-01
8.724899999999999878e-01
-9.140099999999999614e-02
9.179000000000000492e-01
8.840999999999999970e-01
2.662599999999999856e+00
1.416600000000000081e+00
3.413900000000000268e-01
2.129500000000000171e+00
1.094000000000000083e+00
-8.537500000000000089e-01
-2.803300000000000125e+00
-5.491399999999999615e-01
-6.815799999999999637e-01
-1.581700000000000106e+00
-2.819900000000000073e+00
-2.058499999999999996e+00
-8.032000000000000250e-01
-3.607200000000000184e+00
-2.495999999999999996e+00
-1.347199999999999953e+00
-1.105099999999999971e+00
-1.166600000000000081e+00
-1.147100000000000009e+00
-4.824600000000000555e-01
-1.628700000000000037e+00
-4.717100000000000182e-01
-4.523100000000000454e-01
2.800099999999999811e-01
3.656099999999999905e-01
6.401799999999999713e-01
-6.207899999999999530e-01
-2.690999999999999837e+00
-2.501199999999999868e+00
-3.175300000000000011e+00
-3.924100000000000144e+00
-6.168599999999999639e+00
-6.028800000000000381e+00
-6.498999999999999666e+00
-5.841999999999999638e+00
-6.486600000000000144e+00
-7.549000000000000377e+00
-5.291800000000000281e+00
-5.123999999999999666e+00
-5.052500000000000213e+00
-5.612499999999999822e+00
-4.821500000000000341e+00
-2.934299999999999908e+00
-2.398499999999999854e+00
-2.758100000000000218e+00
-1.539299999999999891e+00
2.931000000000000272e-01
2.981699999999999906e-01
1.490200000000000136e-01
1.009700000000000042e+00
2.352799999999999780e+00
2.133999999999999897e+00
2.082699999999999996e+00
3.674500000000000099e+00
2.908599999999999852e+00
3.654700000000000060e+00
4.276600000000000179e+00
3.008199999999999985e+00
4.495499999999999829e+00
4.359700000000000131e+00
5.898600000000000065e+00
4.809199999999999697e+00
5.676499999999999879e+00
5.825999999999999623e+00
3.526299999999999990e+00
4.944200000000000372e+00
5.521499999999999631e+00
6.083800000000000097e+00
5.439199999999999591e+00
3.353499999999999925e+00
2.927599999999999980e+00
3.039200000000000124e+00
2.963400000000000034e+00
2.625599999999999934e+00
5.020000000000000018e-01
2.356099999999999861e-01
5.383899999999999797e-02
2.004400000000000071e-01
9.506299999999999473e-02
-2.125800000000000189e-01
-7.058699999999999974e-01
-2.092799999999999994e+00
-2.313999999999999946e-01
1.874699999999999978e-01
2.849799999999999989e-03
1.300400000000000167e-01
-3.645100000000000007e-01
5.297699999999999632e-02
-1.104700000000000015e+00
-3.237299999999999844e+00
-3.308800000000000185e+00
-3.677000000000000046e+00
-3.892599999999999838e+00
-3.698399999999999910e+00
-3.686799999999999855e+00
-3.442800000000000082e+00
-2.923399999999999999e+00
-2.803599999999999870e+00
-2.658900000000000041e+00
-3.054600000000000204e+00
-2.122199999999999864e+00
-2.705099999999999838e+00
-2.669500000000000206e+00
-3.217499999999999805e+00
-1.254899999999999904e+00
1.090899999999999981e+00
7.387399999999999523e-01
2.217299999999999827e+00
2.585100000000000176e+00
4.934599999999999653e+00
5.232800000000000118e+00
5.071900000000000297e+00
6.139700000000000379e+00
4.546100000000000030e+00
2.351100000000000190e+00
2.238599999999999923e+00
2.281800000000000050e+00
4.964600000000000124e-01
-1.713500000000000023e+00
-1.576799999999999979e+00
-2.188099999999999934e+00
-2.666599999999999859e+00
-2.861400000000000166e+00
-2.797499999999999876e+00
-2.753299999999999859e+00
-2.758900000000000130e+00
-2.729699999999999793e+00
-2.804600000000000204e+00
-2.042400000000000215e+00
-7.111600000000000144e-01
-8.838500000000000245e-01
-3.180600000000000094e+00
-2.444399999999999906e+00
-7.100100000000000300e-01
-6.270100000000000673e-01
-8.888299999999998979e-01
9.468900000000000095e-01
2.825899999999999856e+00
2.010200000000000209e+00
1.155000000000000027e+00
7.933600000000000374e-02
5.921300000000000452e-01
7.537699999999999956e-02
-8.377100000000000657e-01
-7.159999999999999698e-01
-1.131499999999999950e+00
-1.159900000000000098e-01
5.430599999999999872e-01
2.493900000000000006e+00
3.252499999999999947e+00
3.071000000000000174e+00
3.314000000000000057e+00
3.946800000000000086e+00
2.899599999999999955e+00
3.844300000000000050e+00
2.870200000000000085e+00
2.118599999999999817e+00
1.691799999999999971e+00
2.538499999999999979e+00
4.010399999999999743e+00
3.865699999999999914e+00
4.223399999999999821e+00
5.152999999999999581e+00
5.686499999999999666e+00
3.666300000000000114e+00
4.237800000000000011e+00
3.192699999999999871e+00
3.236800000000000122e+00
1.395799999999999930e+00
5.810100000000000264e-01
-1.077700000000000102e+00
-3.630100000000000104e+00
-3.499899999999999789e+00
-3.714399999999999924e+00
-3.562399999999999789e+00
-3.991000000000000103e+00
-4.489200000000000301e+00
-4.706999999999999851e+00
-4.595200000000000173e+00
-4.657300000000000217e+00
-4.677999999999999936e+00
-5.333999999999999631e+00
-4.295300000000000118e+00
-3.793899999999999828e+00
-3.723599999999999799e+00
-3.610300000000000065e+00
-3.750700000000000145e+00
-6.711300000000000043e-01
-5.928399999999999226e-01
-7.947899999999999965e-01
-8.227399999999999158e-01
8.935899999999999954e-01
2.973100000000000076e+00
2.497199999999999864e+00
2.298299999999999788e+00
2.163699999999999957e+00
2.017799999999999816e+00
1.594600000000000017e+00
1.677200000000000024e+00
1.522599999999999953e+00
1.676199999999999912e+00
1.612700000000000022e+00
1.627000000000000002e+00
1.649399999999999977e+00
1.620400000000000063e+00
1.554799999999999960e+00
-4.060900000000000065e-01
-7.156500000000000083e-01
-1.812300000000000022e-01
-1.295199999999999907e+00
-1.039500000000000091e+00
-1.316200000000000037e+00
3.055999999999999828e-01
-7.291300000000000558e-01
-1.241600000000000037e+00
5.392399999999999416e-01
6.151900000000000146e-01
7.574600000000000222e-01
8.168499999999999650e-01
1.749700000000000033e+00
2.589900000000000091e+00
3.398499999999999854e+00
1.460900000000000087e+00
1.226299999999999946e+00
1.180399999999999894e+00
-4.835899999999999643e-01
-9.192200000000000371e-01
-1.598600000000000021e+00
-1.210199999999999942e+00
-1.602899999999999991e+00
-1.158300000000000107e+00
-3.438000000000000167e+00
-1.955600000000000005e+00
-1.708599999999999897e+00
-3.148000000000000131e+00
-3.600699999999999790e+00
-4.398600000000000065e+00
-1.062599999999999989e+00
-2.478899999999999881e+00
-2.222300000000000164e+00
-2.020399999999999974e+00
-2.103800000000000114e+00
-2.044599999999999973e+00
-2.219300000000000050e+00
-2.178500000000000103e+00
-2.187399999999999789e+00
-2.145000000000000018e+00
-2.147400000000000198e+00
-2.154799999999999827e+00
-2.051099999999999923e+00
-2.298900000000000166e+00
-1.808899999999999952e+00
-4.434399999999999453e-01
-1.348000000000000087e+00
-4.600399999999999490e-01
-1.566799999999999971e+00
-9.541700000000000736e-01
-9.384700000000000264e-01
-2.727199999999999624e-01
3.400999999999999943e-03
1.816900000000000182e-01
8.043799999999999839e-01
8.981799999999999784e-01
2.787799999999999834e+00
7.509000000000000119e-01
8.895499999999999519e-01
6.004500000000000393e-01
1.188600000000000101e+00
1.330699999999999994e+00
1.048499999999999988e+00
2.875500000000000167e+00
2.047800000000000065e+00
1.568500000000000005e+00
1.392500000000000071e+00
1.468800000000000106e+00
3.669200000000000017e+00
3.329499999999999904e+00
3.089399999999999924e+00
3.358499999999999819e+00
3.688899999999999846e+00
3.973100000000000076e+00
1.954199999999999937e+00
3.084400000000000031e+00
3.484999999999999876e+00
1.960700000000000109e+00
8.593600000000000128e-01
8.227100000000000524e-01
1.772899999999999920e+00
1.074899999999999967e+00
7.833899999999999197e-01
8.369400000000000173e-01
7.762700000000000156e-01
8.816100000000000048e-01
6.239899999999999336e-01
6.810199999999999587e-02
-9.982999999999999652e-01
-8.904999999999999583e-01
-1.488899999999999890e+00
-2.216400000000000148e+00
-1.704900000000000082e+00
-2.378899999999999793e+00
-8.174600000000000755e-01
-4.462999999999999745e-01
-3.717099999999999849e-01
-3.366500000000000048e-01
-1.100500000000000034e+00
-9.157499999999999529e-01
5.626800000000000690e-01
1.272000000000000020e+00
1.129399999999999959e+00
1.025099999999999900e+00
8.067300000000000582e-01
1.026399999999999979e+00
7.821100000000000829e-01
1.163200000000000012e+00
-3.240399999999999947e-01
-1.331800000000000095e+00
-1.802000000000000046e+00
-1.898800000000000043e+00
-1.829399999999999915e+00
-1.882300000000000084e+00
-1.812300000000000022e+00
-1.920900000000000052e+00
-1.822000000000000064e+00
