-9.790300000000000225e+00
-8.815300000000000580e+00
-3.770599999999999952e+00
-1.254699999999999926e+00
2.574100000000000055e+00
-1.272199999999999998e+00
-3.905499999999999972e+00
9.496899999999999231e-01
-1.384100000000000108e+00
2.987099999999999866e+00
-6.824299999999999811e-01
-9.693199999999999150e+00
4.600100000000000300e+00
7.044400000000000439e+00
9.744799999999999685e+00
9.820999999999999730e-01
-6.272899999999999920e+00
1.957500000000000018e+00
-3.268200000000000216e+00
8.606899999999999551e+00
8.486599999999999255e+00
-1.645000000000000018e+00
-8.787699999999999179e+00
1.078800000000000026e+01
2.194500000000000117e+00
7.561200000000000365e+00
-6.091899999999999871e+00
-1.064499999999999957e+01
1.133400000000000141e+01
1.952299999999999924e+00
-5.599899999999999878e+00
-4.963800000000000434e-01
1.699900000000000233e+01
5.047399999999999665e+00
3.202100000000000168e+00
-9.007799999999999585e+00
-1.471499999999999986e+01
8.430299999999999461e-01
9.430299999999999239e-01
5.042900000000000382e+00
2.110699999999999932e+01
-8.548799999999999955e+00
-1.786999999999999922e+00
8.408799999999999386e+00
-5.566799999999999748e+00
-1.010700000000000109e+01
-4.478500000000000369e+00
-1.010399999999999920e+01
1.839099999999999824e+01
2.104299999999999837e+00
-1.488699999999999912e+00
3.419900000000000162e+00
-6.051400000000000112e+00
1.754299999999999971e+00
1.696900000000000119e+01
1.918499999999999872e+01
-2.370899999999999785e+00
4.144999999999999574e+00
-5.031799999999999606e+00
-1.384599999999999831e+01
-2.332300000000000040e+01
5.407099999999999795e+00
2.066300000000000026e+01
2.574900000000000233e+01
-2.033299999999999841e+01
-2.162300000000000111e+01
4.589100000000000179e+00
-1.607700000000000173e+01
-2.214199999999999946e+01
-2.965399999999999814e+00
4.523200000000000109e+00
-3.389899999999999913e+00
1.804299999999999926e+01
8.835599999999999454e+00
-2.005199999999999960e+01
-1.372400000000000020e+01
-1.783599999999999852e+01
1.979899999999999993e+00
2.496999999999999886e+01
-1.176299999999999990e+01
-1.018100000000000094e+01
4.757100000000000328e+00
6.114399999999999835e-01
-9.290200000000000458e+00
2.418499999999999872e+00
-1.261600000000000055e+00
5.387400000000000411e+00
-1.231100000000000083e+00
-2.840199999999999747e+01
7.993400000000000283e+00
1.506700000000000017e+01
2.671199999999999974e+01
5.823000000000000398e+00
4.187700000000000422e+00
-2.902899999999999991e+01
-4.831000000000000227e+01
1.667200000000000060e+01
2.929699999999999704e+01
-9.490999999999999659e+00
5.897800000000000153e+00
-2.711800000000000210e+01
-4.505899999999999750e+01
1.266699999999999982e+01
1.692099999999999937e+01
-5.687199999999999811e+00
3.206400000000000006e+01
4.247699999999999676e+01
-3.002499999999999858e+01
-3.395599999999999596e+01
-5.625500000000000256e+01
-2.864800000000000324e+01
8.546600000000000819e+01
7.629899999999999238e+01
1.760699999999999932e+01
2.346000000000000085e+01
-8.818300000000000693e+00
-6.816800000000000637e+01
-4.864000000000000057e+01
8.112700000000000244e+00
5.255699999999999505e+01
3.546399999999999864e+01
-3.761999999999999789e-01
-1.980099999999999838e+01
-1.810800000000000054e+01
-5.371399999999999864e+01
-3.779299999999999926e+01
3.370799999999999841e+01
5.470100000000000051e+01
-1.634299999999999997e+01
-2.254899999999999949e+01
1.060900000000000176e+01
-4.727000000000000313e+01
1.911899999999999977e+01
3.869400000000000261e+01
1.471700000000000053e+01
1.320400000000000063e+01
-1.609199999999999875e+01
1.057599999999999874e+01
3.515299999999999869e+01
-4.311899999999999977e+01
-7.795600000000000307e+01
1.606299999999999883e+01
1.838599999999999923e+01
8.359400000000000830e+00
5.268600000000000172e+00
7.062899999999998693e-03
1.356400000000000006e+01
-1.514900000000000091e+01
-3.305100000000000193e+01
7.039699999999999847e+00
3.155499999999999972e+01
8.737000000000000099e+00
4.305100000000000193e+01
2.279199999999999804e+01
2.594399999999999817e+00
-1.629799999999999827e+01
-9.143600000000000705e+01
-4.692699999999999960e+01
3.346500000000000341e+01
6.431100000000000705e+01
1.215699999999999932e+02
8.691899999999999693e+01
-7.601700000000000124e-01
-4.120700000000000074e+01
-3.740099999999999625e+01
9.537599999999999412e+00
3.892600000000000193e+01
4.177000000000000313e+01
8.821700000000001296e+01
9.001100000000000989e+01
8.601700000000001012e+01
6.372399999999999842e+00
-3.036400000000000077e+01
-6.319699999999999562e+01
-8.528600000000000136e+01
-1.202099999999999937e+02
-7.815200000000000102e+01
1.253400000000000034e+02
2.001899999999999977e+02
1.418799999999999955e+02
1.084200000000000017e+02
1.218100000000000023e+02
3.302000000000000313e+01
-5.353999999999999915e+01
-1.539199999999999875e+02
-2.000399999999999920e+02
-2.074199999999999875e+02
-1.159699999999999989e+02
-3.134300000000000352e+01
3.301599999999999824e+01
3.363700000000000045e+01
-1.240900000000000034e+02
-2.018499999999999943e+02
-2.774900000000000091e+02
-2.733999999999999773e+02
-2.036999999999999886e+02
-2.065599999999999881e+01
2.221899999999999977e+02
3.253100000000000023e+02
3.123299999999999841e+02
2.898899999999999864e+02
3.015899999999999750e+02
2.207199999999999989e+02
7.749299999999999500e+01
-7.320100000000000762e+01
-9.675700000000000500e+01
-1.400099999999999909e+02
-9.884700000000000841e+01
-7.257500000000000284e+01
-1.241099999999999994e+02
-6.440300000000000580e+01
-3.252700000000000102e+01
-6.605299999999999727e+01
-1.870800000000000125e+02
-2.806700000000000159e+02
-1.660099999999999909e+02
-3.234300000000000352e+01
-1.036099999999999994e+02
-2.031500000000000057e+02
-2.230300000000000011e+02
-1.616399999999999864e+02
-1.949699999999999989e+02
-2.397299999999999898e+02
-1.286100000000000136e+02
-2.634699999999999775e+01
1.152600000000000051e+02
2.718199999999999932e+02
4.185400000000000205e+02
4.405199999999999818e+02
2.167800000000000011e+02
1.517100000000000080e+02
2.803999999999999773e+02
5.032799999999999727e+02
5.817699999999999818e+02
4.331700000000000159e+02
3.615600000000000023e+02
2.901000000000000227e+02
1.537800000000000011e+02
7.944400000000000261e+01
-6.450900000000000034e+01
-1.923300000000000125e+02
-1.371899999999999977e+02
1.484900000000000020e+01
2.540000000000000000e+02
1.507100000000000080e+02
-5.158200000000000074e+01
-6.976899999999999125e+01
-1.495300000000000011e+02
-2.548600000000000136e+02
-3.495000000000000000e+02
-4.289200000000000159e+02
-4.269200000000000159e+02
-3.459200000000000159e+02
-3.471700000000000159e+02
-3.845500000000000114e+02
-4.322799999999999727e+02
-5.115600000000000023e+02
-5.879199999999999591e+02
-6.246200000000000045e+02
-6.594299999999999500e+02
-6.318600000000000136e+02
-6.622100000000000364e+02
-4.173899999999999864e+02
7.764000000000000057e+01
2.645400000000000205e+02
3.598999999999999773e+02
4.334399999999999977e+02
4.459399999999999977e+02
4.115099999999999909e+02
4.813100000000000023e+02
5.953899999999999864e+02
5.274199999999999591e+02
4.342400000000000091e+02
5.146200000000000045e+02
6.890299999999999727e+02
7.537000000000000455e+02
7.243400000000000318e+02
7.011000000000000227e+02
6.289299999999999500e+02
5.423500000000000227e+02
2.874399999999999977e+02
3.848100000000000165e+01
-6.740100000000001046e+01
-2.180200000000000102e+02
-4.148799999999999955e+02
-5.592000000000000455e+02
-5.505900000000000318e+02
-4.557699999999999818e+02
-3.709800000000000182e+02
-5.317899999999999636e+02
-5.955800000000000409e+02
-3.031600000000000250e+02
-1.554300000000000068e+02
-1.603799999999999955e+02
-1.142099999999999937e+02
-8.087899999999999068e+01
2.255000000000000071e+01
1.951999999999999886e+02
3.504900000000000091e+02
4.037099999999999795e+02
2.204000000000000057e+02
7.248000000000000220e+00
4.567999999999999616e+00
8.083600000000000563e+00
-1.054200000000000017e+02
-7.301899999999999125e+01
9.210099999999999909e+01
5.891499999999999915e+01
-7.276800000000000068e+01
2.729299999999999837e+00
-8.102199999999999136e+01
-2.755899999999999750e+02
-9.978100000000000591e+01
-6.320799999999999841e+01
-2.050800000000000125e+02
-1.499000000000000057e+02
2.575600000000000023e+01
1.226099999999999994e+02
-1.452700000000000102e+02
-2.693899999999999864e+02
7.303700000000000081e+00
3.309199999999999875e+01
-5.178800000000000381e+01
8.605899999999999750e+01
1.590300000000000011e+02
2.478599999999999781e+01
-1.574399999999999977e+02
-2.032700000000000102e+02
-1.046799999999999997e+01
1.511800000000000068e+02
1.134300000000000068e+02
9.764399999999999125e+01
4.634899999999999665e+01
4.664399999999999835e+01
1.025600000000000023e+02
1.545699999999999932e+02
8.399399999999999977e+01
-7.593500000000000227e+01
3.919400000000000261e+01
1.182500000000000000e+02
1.057000000000000028e+02
1.348600000000000136e+02
-7.868699999999999584e+00
-1.938899999999999864e+02
-1.550200000000000102e+02
2.157400000000000162e+01
-2.274099999999999966e+01
-1.310999999999999943e+02
-1.266200000000000045e+02
-1.330799999999999983e+01
1.733099999999999952e+01
4.886999999999999744e+01
1.055499999999999972e+02
6.142199999999999704e+01
3.954800000000000182e+01
2.832699999999999663e-01
-1.996799999999999908e+00
3.194400000000000261e+01
5.759499999999999886e+01
7.100100000000000477e+01
2.882600000000000051e+01
1.219700000000000095e+01
-1.791300000000000026e+01
-9.065799999999998704e+01
-1.211099999999999994e+02
-8.100300000000000011e+01
9.560099999999999909e+01
1.835300000000000011e+02
1.047300000000000040e+02
-4.400500000000000256e+01
-8.843799999999998818e+01
-1.007900000000000063e+02
-1.423199999999999932e+02
-2.913800000000000168e+01
5.694699999999999562e+01
2.960700000000000109e+00
5.220500000000000362e+00
9.147200000000000841e+01
3.138800000000000168e+01
-8.113100000000000023e+01
-8.775299999999998590e+01
-4.376899999999999835e+01
-5.741399999999999437e+01
-1.189899999999999949e+02
-3.022100000000000009e+01
7.594299999999999784e+01
1.253499999999999943e+02
1.664900000000000091e+02
4.190999999999999659e+01
-7.341899999999999693e+01
-2.042500000000000071e+01
9.009100000000000819e+01
1.229200000000000017e+02
7.459399999999999409e+01
1.684799999999999898e+01
-4.158200000000000074e+01
-6.097699999999999676e+01
-1.795299999999999940e+01
-1.774700000000000166e-01
-3.936400000000000432e+01
-5.131499999999999950e+00
1.944699999999999918e+01
1.753300000000000125e+01
-8.430899999999999395e+00
-3.933599999999999852e+01
2.253400000000000247e+01
4.817699999999999960e+01
3.728600000000000136e+00
-6.089199999999999591e+01
-1.401299999999999955e+02
-1.976999999999999886e+02
-3.565999999999999659e+01
5.720300000000000296e+01
3.865099999999999625e+01
1.267300000000000040e+02
1.266800000000000068e+02
6.249000000000000199e+01
2.634600000000000009e+01
2.905900000000000105e+01
3.486899999999999977e+01
4.867199999999999704e+01
9.014600000000000080e+01
2.786599999999999966e+01
-8.322200000000000841e+01
-8.082600000000000762e+01
-6.138300000000000267e+01
-3.028099999999999881e+01
4.836299999999999955e+01
2.746599999999999753e+01
-9.977700000000000102e+01
-6.964900000000000091e+01
2.006400000000000006e+01
3.527400000000000091e+01
-1.024400000000000155e+01
-3.771300000000000097e+01
6.958400000000000141e-01
-1.661200000000000176e-01
-1.364000000000000057e+01
-6.673199999999999932e+01
-1.268700000000000045e+02
-1.194699999999999989e+02
-8.185800000000000409e+01
-3.977799999999999869e+01
-2.286899999999999977e+01
1.163700000000000045e+01
9.023700000000000898e+01
9.893700000000001182e+01
3.513400000000000034e+01
-3.153400000000000247e+01
1.686399999999999899e+00
5.404500000000000171e+01
2.632300000000000040e+01
4.814000000000000057e+01
8.015800000000000125e+01
3.847400000000000375e+01
2.112800000000000011e+01
6.721399999999999864e+01
9.543899999999999295e+01
1.001500000000000057e+02
5.187500000000000000e+01
8.707200000000000273e+00
-9.430600000000000094e+00
-8.202299999999999613e+01
-9.943899999999999295e+01
-4.501600000000000534e+01
-3.832399999999999807e+01
-4.940800000000000125e+01
-1.640599999999999881e+01
-1.497400000000000020e+01
-4.135699999999999932e+01
-2.268300000000000338e+01
-2.080499999999999972e+01
-6.635699999999999932e+01
-7.149600000000000932e+01
2.533599999999999852e+00
7.306199999999999761e+01
1.697299999999999898e+01
-6.114199999999999591e+01
-1.134799999999999898e+01
3.377400000000000091e+01
-1.718599999999999994e+01
-6.951500000000000057e+01
-9.570000000000000284e+01
-4.450199999999999534e+01
5.244800000000000040e+01
3.261999999999999744e+01
-3.193400000000000105e+01
-2.702199999999999847e+01
1.965700000000000003e+00
6.232600000000000051e+01
1.616299999999999955e+02
1.827899999999999920e+02
1.550399999999999920e+02
8.641400000000000148e+01
3.270300000000000296e+01
3.568900000000000006e+01
1.426900000000000013e+01
6.560600000000000875e+01
1.114800000000000040e+02
9.208200000000000784e+01
8.484700000000000841e+01
8.705400000000000205e+01
5.767000000000000171e+01
8.621800000000000352e+00
-4.030899999999999750e+01
-9.141100000000000136e+01
-1.315999999999999943e+02
-1.080100000000000051e+02
-5.430199999999999960e+01
-5.618899999999999295e+01
-8.787399999999999523e+01
-1.247000000000000028e+02
-1.699000000000000057e+02
-2.111599999999999966e+02
-2.218300000000000125e+02
-2.134000000000000057e+02
-1.745699999999999932e+02
-1.094899999999999949e+02
-7.866899999999999693e+01
-5.401200000000000045e+01
-2.280800000000000338e+01
6.670899999999999608e+00
6.799899999999999523e+01
7.569599999999999795e+01
3.482500000000000284e+01
5.487699999999999534e+01
1.025300000000000011e+02
1.555900000000000034e+02
1.720300000000000011e+02
1.742500000000000000e+02
1.880000000000000000e+02
1.816299999999999955e+02
1.687899999999999920e+02
1.500600000000000023e+02
1.233900000000000006e+02
8.571099999999999852e+01
5.896100000000000563e+01
2.953300000000000125e+01
-2.935900000000000176e+01
-4.258100000000000307e+01
8.309900000000000730e+00
2.846699999999999875e+01
-2.356900000000000261e+01
-7.696399999999999864e+01
-7.598100000000000875e+01
-6.098699999999999477e+01
-8.592200000000001125e+01
-1.229200000000000017e+02
-1.345999999999999943e+02
-1.192900000000000063e+02
-8.421399999999999864e+01
-1.599499999999999922e+01
6.348499999999999943e+01
6.058800000000000097e+01
2.383199999999999985e+00
-8.004399999999999693e+01
-1.418000000000000114e+02
-1.497899999999999920e+02
-1.297800000000000011e+02
-7.145000000000000284e+01
-3.365299999999999869e+01
-4.213000000000000078e+00
2.611899999999999977e+01
4.506499999999999773e+01
7.894499999999999851e+00
-4.368600000000000705e+01
-1.306700000000000017e+01
6.466100000000000136e+01
1.161700000000000017e+02
1.537400000000000091e+02
1.897700000000000102e+02
2.042400000000000091e+02
1.744900000000000091e+02
8.480400000000000205e+01
4.314999999999999858e+01
1.432499999999999929e+01
-2.850300000000000011e+01
-2.117999999999999972e+01
-8.360799999999999343e+00
-2.763199999999999790e+01
-2.531599999999999895e+01
5.893799999999999706e+00
3.712799999999999989e-01
-5.407199999999999562e+01
-9.920600000000000307e+01
-1.212900000000000063e+02
-1.344499999999999886e+02
-9.805700000000000216e+01
-6.719400000000000261e+01
-2.944800000000000040e+01
3.621199999999999619e+01
3.159300000000000352e+01
-7.291000000000000369e+00
-3.533899999999999864e+01
-3.882099999999999795e+01
-1.250900000000000034e+01
1.409799999999999898e+01
-8.193199999999999150e+00
-2.991499999999999915e+01
-2.399800000000000111e+01
3.277499999999999858e+00
5.560600000000000165e+01
2.644900000000000162e+01
-4.295000000000000284e+01
-3.295599999999999596e+01
-1.623000000000000043e+01
-1.330000000000000071e+00
4.288899999999999579e+01
5.357399999999999807e+01
6.096000000000000085e+01
8.619599999999999795e+01
7.690800000000000125e+01
2.183800000000000097e+01
-3.784400000000000119e+01
-4.259100000000000108e+01
1.340799999999999947e+01
6.417000000000000171e+01
7.457800000000000296e+01
6.217600000000000193e+01
4.229699999999999704e+01
1.756099999999999994e+01
-4.001200000000000045e+01
-7.912199999999999989e+01
-3.852499999999999858e+01
3.504800000000000182e+01
6.873399999999999466e+01
6.293899999999999295e+01
1.451699999999999990e+00
-8.791200000000000614e+01
-9.144400000000000261e+01
-5.086399999999999721e+01
-4.816200000000000259e+00
4.237699999999999534e+01
5.625800000000000267e+01
2.788400000000000034e+01
1.633099999999999952e+01
3.100800000000000267e+01
1.417699999999999960e+01
1.075099999999999945e-01
-5.098200000000000287e+00
-2.507199999999999918e+01
-2.851099999999999923e+01
1.299400000000000155e+01
5.209700000000000131e+01
4.571199999999999619e+01
-6.459299999999999820e+00
-3.826300000000000523e+01
-5.647899999999999920e+01
-6.748600000000000421e+01
-7.694899999999999807e+01
-9.694100000000000250e+01
-9.195299999999998875e+01
-8.868899999999999295e+01
-5.355899999999999750e+01
-2.416400000000000148e+01
-4.652399999999999380e+01
-4.463000000000000256e+01
4.956800000000000317e+00
1.446400000000000041e+01
2.840699999999999648e+01
6.234799999999999898e+01
5.734899999999999665e+01
6.916199999999999193e+01
8.284000000000000341e+01
5.731100000000000705e+01
3.686799999999999855e+00
-5.202700000000000102e+01
-7.869100000000000250e+01
-2.629599999999999937e+01
4.958399999999999608e+01
7.062800000000000011e+01
2.394300000000000139e+01
-2.842999999999999972e+01
-2.231099999999999994e+01
-4.314099999999999824e+00
3.389200000000000212e+00
6.365100000000000335e+01
1.103599999999999994e+02
6.972100000000000364e+01
1.005899999999999928e+01
-3.938499999999999890e+00
2.043099999999999739e+01
4.267899999999999494e+01
4.857699999999999818e+01
5.609300000000000352e+01
8.019299999999999784e+01
6.818399999999999750e+01
2.785999999999999943e+01
-4.857699999999999818e+01
-9.454600000000000648e+01
-8.704399999999999693e+01
-8.443600000000000705e+01
-9.342700000000000671e+01
-1.030400000000000063e+02
-1.129300000000000068e+02
-1.190900000000000034e+02
-6.993099999999999739e+01
-6.105800000000000338e+00
3.188400000000000034e+01
6.913200000000000500e+01
7.809899999999998954e+01
8.511499999999999488e+01
8.992100000000000648e+01
4.565200000000000102e+01
-2.040700000000000003e+01
-5.482500000000000284e+01
-1.960200000000000031e+01
4.173300000000000409e+01
6.077300000000000324e+01
4.911800000000000210e+01
2.932000000000000028e+01
1.439499999999999957e+01
-1.852400000000000091e+01
-4.923899999999999721e+01
-3.355400000000000205e+01
-4.190299999999999692e+00
1.385599999999999943e+00
4.111299999999999955e+00
6.153299999999999770e+00
-8.311299999999999244e+00
-4.109799999999999898e+01
-6.567300000000000182e+01
-7.090100000000001046e+01
-5.322699999999999676e+01
-5.387899999999999912e-01
4.195199999999999818e+01
4.011099999999999710e+01
2.143900000000000006e+01
2.830900000000000105e+01
2.878699999999999903e+01
3.492699999999999960e+01
7.068500000000000227e+01
6.189399999999999835e+01
5.777099999999999902e+00
-2.848199999999999932e+01
-3.055000000000000071e+01
-1.869000000000000128e+01
-5.197699999999999676e+01
-1.027600000000000051e+02
-1.017399999999999949e+02
-3.819300000000000495e+01
3.550500000000000256e+01
4.537100000000000222e+01
2.099099999999999966e+01
1.798900000000000077e+01
3.074199999999999733e+01
2.078900000000000148e+01
3.616099999999999870e+00
1.814400000000000013e+00
3.285200000000000120e+00
3.122300000000000253e+01
4.780699999999999505e+01
4.507300000000000040e+01
3.915400000000000347e+01
2.434099999999999753e+01
3.184900000000000020e+01
4.948300000000000409e+01
2.371800000000000352e+01
-3.406099999999999994e+01
-7.348899999999999011e+01
-7.313100000000000023e+01
-6.454099999999999682e+01
-4.803000000000000114e+01
-2.024099999999999966e+01
-1.313499999999999979e+01
-2.259300000000000352e+01
-4.953999999999999915e+01
-4.272500000000000142e+01
-3.643500000000000227e+01
-5.126300000000000523e+01
-3.576400000000000290e+01
3.807099999999999929e-01
1.834499999999999886e+01
1.927700000000000102e+01
2.311100000000000065e+01
1.518400000000000105e+01
1.330700000000000038e+01
2.005000000000000071e+01
2.309400000000000119e+01
4.304999999999999716e+01
6.306300000000000239e+01
6.755599999999999739e+01
5.454399999999999693e+01
4.639000000000000057e+01
5.818100000000000449e+01
5.331399999999999295e+01
2.673099999999999810e+01
1.119099999999999895e+01
-7.125700000000000145e+00
-3.735800000000000409e+01
-2.591699999999999804e+01
-1.272599999999999909e+01
-8.098499999999999588e+00
-2.114999999999999858e+01
-4.657600000000000051e+01
-4.892499999999999716e+01
-3.698300000000000409e+01
-2.696999999999999886e+01
-1.816199999999999903e+01
6.289699999999999847e+00
4.893200000000000216e+00
-9.187500000000000000e+00
-1.564499999999999957e+01
-6.233900000000000219e+00
1.116999999999999993e+01
6.814499999999999780e+00
-6.839100000000000179e+00
6.286399999999999766e-01
1.683299999999999841e+01
4.303899999999999437e+01
6.207999999999999829e+01
4.796100000000000563e+01
2.058999999999999986e+01
-1.097000000000000064e+01
-4.246500000000000341e+01
-4.656399999999999295e+01
-3.123900000000000077e+01
-4.651600000000000534e+01
-5.363499999999999801e+01
-3.763199999999999790e+01
-3.381199999999999761e+01
-3.037099999999999866e+01
-1.965099999999999980e+01
-5.753000000000000114e+00
8.316300000000000026e+00
1.029499999999999993e+01
1.818499999999999872e+01
3.627900000000000347e+01
4.478300000000000125e+01
4.428600000000000136e+01
3.694699999999999562e+01
3.421099999999999852e+01
4.243899999999999295e+01
4.075500000000000256e+01
1.285500000000000043e+01
-6.115000000000000213e+00
-2.255700000000000038e+00
7.795099999999999696e+00
1.658900000000000219e+01
9.868599999999999942e-03
-2.626300000000000168e+01
-3.108999999999999986e+01
-7.691300000000000026e+00
2.605199999999999960e+01
3.332099999999999795e+01
2.402800000000000225e+01
2.042999999999999972e+01
1.865700000000000003e+01
2.182199999999999918e+01
2.203999999999999915e+01
-5.520599999999999952e+00
-4.317000000000000171e+01
-6.585899999999999466e+01
-5.789500000000000313e+01
-2.530800000000000338e+01
-2.597900000000000098e+00
2.031499999999999861e+00
-1.483599999999999852e+01
-4.227000000000000313e+01
-5.813899999999999579e+01
-5.995899999999999608e+01
-6.192699999999999960e+01
-3.543599999999999994e+01
3.802900000000000169e+00
1.710299999999999798e+01
1.514599999999999902e+01
2.697800000000000153e+01
2.536800000000000210e+01
2.195899999999999963e+01
2.589499999999999957e+01
2.985000000000000142e+01
3.549399999999999977e+01
1.646900000000000119e+01
-1.106900000000000084e+01
-2.630099999999999838e+01
-9.564099999999999824e+00
2.227300000000000113e-01
-1.010499999999999954e+00
-1.451999999999999957e+01
-2.670800000000000196e+01
-2.627499999999999858e+01
-2.016700000000000159e+01
-1.088400000000000034e+01
6.792300000000000004e+00
1.750499999999999901e+01
9.275100000000000122e+00
1.327500000000000036e+01
2.732999999999999829e+01
3.053699999999999903e+01
8.159599999999999298e+00
-1.074799999999999933e+01
-7.201200000000000045e+00
9.057600000000000762e+00
2.508399999999999963e+01
3.498499999999999943e+01
5.019300000000000495e+01
5.584700000000000131e+01
5.617499999999999716e+01
2.473099999999999810e+01
-3.054300000000000281e+01
-3.739000000000000057e+01
-1.778000000000000114e+01
5.254900000000000126e+00
1.440200000000000102e+01
2.580800000000000338e+01
2.822699999999999676e+01
3.190900000000000247e+01
3.724600000000000222e+01
1.027999999999999936e+01
3.533100000000000129e+00
1.836400000000000077e+01
1.883200000000000074e+01
-2.310900000000000176e+00
-2.964800000000000324e+01
-3.625600000000000023e+01
-2.393300000000000338e+01
-3.515500000000000114e+01
-5.355300000000000438e+01
-6.181700000000000017e+01
-7.466100000000000136e+01
-6.149199999999999733e+01
-2.552400000000000091e+01
-2.441099999999999781e+01
-2.941199999999999903e+01
-1.160599999999999987e+01
-4.314700000000000202e+00
-1.191099999999999959e+01
-2.198300000000000054e+01
-1.022400000000000020e+01
3.713799999999999990e+00
6.769899999999999807e+00
7.797199999999999791e-03
-1.153200000000000003e+01
6.024499999999999744e+00
1.216400000000000148e+01
-1.186700000000000088e+01
-1.358400000000000141e+01
-6.883700000000000152e+00
-2.136899999999999800e+00
5.796800000000000175e+00
1.891900000000000048e+01
3.427499999999999858e+01
3.192000000000000171e+01
1.042699999999999960e+01
5.494900000000000340e+00
2.008500000000000085e+01
3.069099999999999895e+01
3.360399999999999920e+01
1.961499999999999844e+01
1.274099999999999966e+01
1.418700000000000117e+01
2.937800000000000011e+01
3.820599999999999596e+01
2.396400000000000219e+01
1.542000000000000037e+00
-1.155099999999999838e+01
-1.737800000000000011e+01
-2.992800000000000082e+01
-3.493699999999999761e+01
-3.260499999999999687e+01
-2.945199999999999818e+01
-2.311800000000000210e+01
-1.602700000000000102e+01
-9.646200000000000330e+00
-3.885600000000000165e+00
5.522499999999999964e+00
5.266499999999999737e+00
7.918199999999999683e+00
3.978600000000000136e+01
7.181199999999999761e+01
8.306700000000000728e+01
8.154999999999999716e+01
6.044899999999999807e+01
3.198000000000000043e+01
3.382800000000000296e+01
4.394699999999999562e+01
2.940599999999999881e+01
8.886200000000000543e+00
-1.005500000000000060e+00
-1.211800000000000033e+01
-3.448300000000000409e+01
-4.602000000000000313e+01
-3.859700000000000131e+01
-4.162699999999999534e+01
-4.838899999999999579e+01
-5.818299999999999983e+01
-6.399499999999999744e+01
-4.027799999999999869e+01
-7.511599999999999611e+00
1.963000000000000078e+00
1.204099999999999962e-02
5.185200000000000031e+00
-2.264800000000000146e+00
-1.785399999999999920e+01
-2.571900000000000119e+01
-2.902199999999999847e+01
-2.335599999999999810e+01
-9.699899999999999523e+00
-1.415000000000000036e+01
-2.005599999999999739e+01
-1.089900000000000091e+01
9.057700000000000751e-01
3.029900000000000038e+00
-7.165899999999999714e+00
-1.858299999999999841e+01
-1.759600000000000009e+01
5.020299999999999763e-01
1.708599999999999852e+01
1.883900000000000219e+01
1.234700000000000131e+01
8.159299999999999997e+00
6.416299999999999670e+00
1.000599999999999934e+00
-5.693599999999999994e+00
-1.439699999999999980e+00
8.147000000000000242e+00
1.822500000000000142e+01
1.724500000000000099e+01
1.144200000000000017e+01
3.152100000000000080e+01
4.774300000000000210e+01
4.382199999999999562e+01
3.954599999999999937e+01
3.183599999999999852e+01
2.418699999999999761e+01
2.117300000000000182e+01
1.272700000000000031e+01
9.430600000000000094e+00
1.267400000000000126e+01
3.764699999999999935e+00
-5.356099999999999639e+00
-5.219899999999999984e+00
-6.625600000000000378e+00
-1.922100000000000009e+01
-3.290800000000000125e+01
-4.019400000000000261e+01
-3.614500000000000313e+01
-3.610800000000000409e+01
-4.753699999999999903e+01
-4.783100000000000307e+01
-3.282300000000000040e+01
-1.353999999999999915e+01
-2.510399999999999854e-01
-1.093900000000000095e+00
1.202099999999999946e+00
-2.999600000000000044e+00
3.749099999999999877e+00
2.131099999999999994e+01
1.801099999999999923e+01
1.934499999999999886e+01
2.122899999999999920e+01
1.858100000000000085e+00
-2.679500000000000171e+01
-4.521899999999999409e+01
-2.578400000000000247e+01
-4.672600000000000087e+00
1.316000000000000059e+00
-6.021099999999999675e+00
-1.721199999999999974e+01
-6.859700000000000519e-02
1.636200000000000188e+01
2.536800000000000210e+01
1.425599999999999845e+01
-5.608799999999999564e+00
-6.941600000000000215e+00
4.557299999999999685e+00
1.526200000000000045e+01
3.016499999999999915e+01
3.671699999999999875e+01
2.600900000000000034e+01
2.177100000000000080e+01
2.179400000000000048e+01
1.770100000000000051e+01
1.140799999999999947e+01
3.739199999999999857e+00
-7.455000000000000071e+00
-9.655499999999999972e+00
9.192399999999999460e-01
1.104400000000000048e+01
5.433399999999999785e+00
-1.086299999999999955e+01
-1.242900000000000027e+01
-1.557400000000000162e+01
-2.955199999999999960e+01
-3.303099999999999881e+01
-1.631900000000000261e+01
1.230799999999999983e+01
3.159400000000000119e+01
3.787699999999999534e+01
3.257600000000000051e+01
2.101300000000000168e+01
8.092100000000000293e+00
-8.151400000000000645e+00
-1.696999999999999886e+01
-1.027500000000000036e+01
-1.430500000000000105e+00
-1.047799999999999976e+01
-1.459500000000000064e+01
-5.777800000000000047e+00
1.275600000000000067e+00
-9.970200000000000173e+00
-3.016199999999999903e+01
-3.610399999999999920e+01
-2.015800000000000125e+01
1.541599999999999859e+01
3.791799999999999926e+01
4.177300000000000324e+01
3.544699999999999562e+01
1.085799999999999876e+01
-1.741600000000000037e+01
-2.339300000000000068e+01
-2.923800000000000310e+01
-2.267699999999999960e+01
6.740899999999999892e+00
3.012300000000000111e+01
3.692300000000000182e+01
2.247199999999999775e+01
-1.046300000000000008e-01
-1.248299999999999876e+01
1.025500000000000023e-01
1.675900000000000034e+01
8.855800000000000338e+00
-3.476900000000000102e+00
-1.861900000000000110e+00
7.517900000000000027e+00
-4.692099999999999937e+00
-1.357499999999999929e+01
-1.006700000000000017e+01
-1.595500000000000007e+01
-1.244299999999999962e+01
-8.739900000000000446e+00
-3.941399999999999793e+00
8.138600000000000279e-01
1.167399999999999993e+00
2.771799999999999820e+00
-4.534799999999999720e+00
-4.322099999999999831e+00
-2.482000000000000206e+00
-1.119599999999999973e+01
-5.554999999999999716e+00
1.029500000000000082e+00
2.897699999999999942e+00
5.191399999999999793e+00
8.621000000000000441e+00
1.946600000000000108e+00
-8.564299999999999358e+00
-1.621099999999999852e+01
-3.032000000000000028e+01
-4.402300000000000324e+01
-4.953000000000000114e+01
-5.364300000000000068e+01
-4.679100000000000392e+01
-3.810999999999999943e+01
-2.828999999999999915e+01
-1.767200000000000060e+01
-1.166900000000000048e+01
-6.827800000000000535e-01
2.398400000000000176e+01
3.624000000000000199e+01
3.149699999999999989e+01
3.375199999999999534e+01
3.919100000000000250e+01
5.230199999999999960e+01
6.761499999999999488e+01
7.375000000000000000e+01
5.922399999999999665e+01
3.616599999999999682e+01
3.136800000000000210e+01
3.892300000000000182e+01
3.190500000000000114e+01
1.860200000000000031e+01
2.490400000000000169e+00
3.045700000000000074e+00
1.356200000000000117e+01
6.864600000000000257e+00
-1.401299999999999990e+01
-2.910000000000000142e+01
-3.631199999999999761e+01
-4.784100000000000108e+01
-5.458200000000000074e+01
-5.295700000000000074e+01
-5.157800000000000296e+01
-4.491499999999999915e+01
-3.283299999999999841e+01
-3.387500000000000000e+01
-3.190599999999999881e+01
-2.965900000000000247e+01
-3.118900000000000006e+01
-3.093099999999999739e+01
-2.836100000000000065e+01
-2.299900000000000233e+01
1.154800000000000049e+00
3.338800000000000523e+01
5.109600000000000364e+01
6.290100000000000335e+01
5.602700000000000102e+01
3.734900000000000375e+01
2.743599999999999994e+01
2.471099999999999852e+01
2.385900000000000176e+01
6.248999999999999666e+00
-6.150500000000000078e+00
-5.625200000000000422e+00
-4.717500000000000249e+00
2.807300000000000129e+00
1.082799999999999940e+01
9.586999999999999744e+00
5.515399999999999636e+00
-2.891300000000000203e+00
1.187999999999999945e+00
1.568599999999999994e+01
1.999399999999999977e+01
1.408699999999999974e+01
9.245100000000000762e+00
9.710900000000000531e+00
6.258600000000000385e+00
-2.104400000000000048e+00
-1.453500000000000014e+01
-1.845799999999999841e+01
-1.824599999999999866e+01
-1.376099999999999923e+01
-1.088499999999999979e+01
-8.304700000000000415e+00
-9.241600000000000037e+00
-6.456699999999999662e+00
-1.412300000000000111e+00
1.605099999999999971e+00
2.641799999999999926e+00
5.196500000000000341e+00
1.287599999999999945e+01
1.457900000000000063e+01
1.504400000000000048e+01
6.140699999999999825e+00
-2.703500000000000014e+00
-6.631700000000000372e+00
-5.792600000000000193e+00
-1.433999999999999986e+01
-1.810900000000000176e+01
-2.057300000000000040e+01
-3.029599999999999937e+01
-2.786199999999999832e+01
-1.610299999999999798e+01
-2.755900000000000016e+00
5.881400000000000183e+00
3.801499999999999879e+00
-1.788300000000000001e+00
-5.748900000000000121e-01
3.791500000000000092e+00
-3.309400000000000119e-01
-1.162800000000000011e+01
-9.639200000000000657e+00
7.738299999999999734e+00
3.275500000000000256e+01
4.095100000000000051e+01
4.796699999999999875e+01
5.332500000000000284e+01
4.567100000000000648e+01
3.047800000000000153e+01
1.164700000000000024e+01
-4.401500000000000412e+00
-2.054699999999999704e+01
-3.046699999999999875e+01
-2.969400000000000261e+01
-2.628300000000000125e+01
-1.248799999999999955e+01
5.048199999999999577e+00
9.982200000000000628e+00
1.982699999999999907e+00
-1.084200000000000053e+01
-1.958399999999999963e+01
-1.658200000000000074e+01
-5.937599999999999767e+00
-1.624900000000000011e+00
-9.371900000000000119e+00
-2.425400000000000134e+01
-3.265400000000000347e+01
-3.600600000000000023e+01
-3.196699999999999875e+01
-2.296300000000000097e+01
-2.051999999999999957e+01
-3.133999999999999986e+01
-2.344699999999999918e+01
-8.884299999999999642e+00
-9.480399999999999494e+00
-5.418899999999999828e+00
3.666300000000000114e+00
1.588400000000000034e+01
1.094500000000000028e+01
1.303099999999999881e+01
2.684600000000000009e+01
3.478000000000000114e+01
3.642000000000000171e+01
2.753800000000000026e+01
2.383199999999999719e+01
2.396199999999999974e+01
1.996000000000000085e+01
2.016700000000000159e+01
2.185699999999999932e+01
2.441900000000000048e+01
3.274699999999999989e+01
3.392199999999999704e+01
1.985399999999999920e+01
-2.516599999999999948e+00
-1.896499999999999986e+01
-2.617900000000000205e+01
-1.484400000000000119e+01
4.869900000000000340e+00
1.532200000000000095e+01
1.597000000000000064e+01
1.403500000000000014e+01
8.286899999999999267e+00
-7.830799999999999983e+00
-2.297899999999999920e+01
-2.877100000000000080e+01
-2.632600000000000051e+01
-2.455000000000000071e+01
-2.903099999999999881e+01
-4.674300000000000210e+01
-4.400500000000000256e+01
-2.664999999999999858e+01
-1.290000000000000036e+01
-8.113599999999999923e+00
-1.271000000000000085e+01
-3.644699999999999829e+00
8.268599999999999284e+00
1.997700000000000031e+01
2.400499999999999901e+01
2.574099999999999966e+01
2.461699999999999733e+01
1.903099999999999881e+01
1.700099999999999767e+01
1.150999999999999979e+01
-4.897599999999999731e+00
-1.957999999999999829e+01
-1.905999999999999872e+01
-1.144599999999999973e+01
-7.195199999999999818e+00
-4.556600000000000428e+00
1.908500000000000085e+00
4.523299999999999876e+00
8.414299999999999002e-01
1.545700000000000074e+00
-6.380499999999999616e+00
-1.551500000000000057e+01
-1.764600000000000080e+01
-1.016000000000000014e+01
-8.601499999999999702e+00
-1.491999999999999993e+01
-6.765600000000000058e+00
8.003299999999999415e+00
1.747700000000000031e+01
1.022299999999999898e+01
-1.322099999999999942e-01
4.235800000000000121e-01
1.536800000000000033e+01
2.870699999999999719e+01
3.924800000000000466e+01
4.109600000000000364e+01
3.348199999999999932e+01
2.179599999999999937e+01
9.538100000000000023e+00
3.321299999999999919e+00
3.681900000000000173e-01
7.659600000000000186e+00
1.664499999999999957e+01
2.237500000000000000e+01
2.821599999999999753e+01
2.784199999999999875e+01
2.036700000000000088e+01
1.129700000000000060e+01
6.319300000000000139e+00
-2.251100000000000101e+00
-1.482200000000000095e+01
-2.405300000000000082e+01
-2.245800000000000196e+01
-1.670299999999999940e+01
-1.575099999999999945e+01
-1.618099999999999739e+01
-1.592400000000000126e+01
-2.036499999999999844e+01
-1.818499999999999872e+01
-1.462900000000000134e+01
-1.048599999999999888e+01
-4.765699999999999936e-01
4.230199999999999960e+00
3.657200000000000006e+00
4.450599999999999667e+00
4.642800000000000260e+00
-4.575100000000000278e-01
-4.787799999999999834e+00
-1.154099999999999859e+01
-1.399499999999999922e+01
-1.521599999999999930e+01
-1.530400000000000027e+01
-1.273900000000000077e+01
-8.231999999999999318e+00
-9.442099999999999937e+00
-1.634700000000000131e+01
-2.582400000000000162e+01
-3.215999999999999659e+01
-3.241199999999999903e+01
-2.616600000000000037e+01
-1.213900000000000112e+01
1.307199999999999918e+00
9.817199999999999704e+00
9.630399999999999849e+00
1.501500000000000057e+01
2.635999999999999943e+01
2.548999999999999844e+01
2.004899999999999949e+01
1.316999999999999993e+01
-7.056999999999999940e-01
-8.375799999999999912e+00
-9.808500000000000441e+00
-1.042799999999999905e+01
-8.334400000000000475e+00
-1.029400000000000048e+01
-9.166299999999999670e+00
-1.027500000000000080e+00
1.037900000000000134e+01
1.878099999999999881e+01
2.083599999999999852e+01
2.425499999999999901e+01
2.303500000000000014e+01
2.700400000000000134e+01
3.346900000000000119e+01
2.735500000000000043e+01
1.980000000000000071e+01
6.019599999999999618e+00
-1.094900000000000162e+01
-1.525799999999999912e+01
-1.779400000000000048e+01
-2.291000000000000014e+01
-2.975800000000000267e+01
-1.987000000000000099e+01
-5.368599999999999817e+00
-6.200599999999999667e+00
-1.438199999999999967e+01
-1.917500000000000071e+01
-1.435700000000000109e+01
-8.219699999999999562e+00
-7.927599999999999980e+00
-1.670799999999999841e+01
-1.459400000000000119e+01
-1.102400000000000091e+01
-5.910400000000000098e+00
6.716800000000000104e+00
2.724399999999999977e+01
3.216100000000000136e+01
1.739400000000000190e+01
8.782500000000000639e+00
5.261199999999999655e+00
6.748699999999999699e-01
-5.083000000000000185e+00
-4.843600000000000128e-01
5.210499999999999687e+00
1.405299999999999905e+01
1.500999999999999979e+01
1.124000000000000021e+01
7.196399999999999686e+00
7.603699999999999903e+00
1.357699999999999996e+01
1.645799999999999841e+01
2.262199999999999989e+01
2.415399999999999991e+01
2.282199999999999918e+01
1.884700000000000131e+01
1.589599999999999902e+01
8.371999999999999886e+00
-5.458000000000000185e+00
-1.625300000000000011e+01
-1.126700000000000124e+01
3.896100000000000119e+00
1.333200000000000074e+01
1.409500000000000064e+01
3.312800000000000189e+00
1.119399999999999951e+00
-1.065600000000000103e+00
-1.213499999999999979e+01
-2.430400000000000205e+01
-2.323699999999999832e+01
-1.581499999999999950e+01
-6.665300000000000225e+00
2.857699999999999907e+00
9.557600000000000762e+00
1.058699999999999974e+01
-2.895300000000000207e+00
-1.541999999999999993e+01
-2.173300000000000054e+01
-2.102899999999999991e+01
-1.965500000000000114e+01
-1.746699999999999875e+01
-1.674399999999999977e+01
-1.584999999999999964e+01
-1.735200000000000031e+01
-1.404499999999999993e+01
-8.969799999999999329e+00
-2.211399999999999810e+00
5.118699999999999362e-01
5.927399999999999558e+00
1.218700000000000117e+01
9.730499999999999261e+00
2.011699999999999822e+00
-1.178299999999999947e+01
-1.890200000000000102e+01
-2.028900000000000148e+01
-7.756599999999999717e+00
4.162099999999999689e+00
6.293599999999999639e+00
2.385899999999999910e+00
4.025999999999999801e+00
6.582900000000000418e+00
1.656099999999999994e+01
1.870899999999999963e+01
1.032000000000000028e+01
6.997700000000000031e+00
3.537700000000000067e+00
6.099700000000000122e-01
3.087400000000000144e+00
4.251699999999999591e+00
2.179300000000000015e+00
8.400600000000000289e-01
3.197599999999999998e+00
1.655700000000000216e+01
2.097400000000000020e+01
1.940500000000000114e+01
1.710000000000000142e+01
1.169200000000000017e+01
-3.930099999999999927e+00
-1.447400000000000020e+01
-1.713500000000000156e+01
-1.566599999999999859e+01
-1.555599999999999916e+01
-1.871400000000000219e+01
-1.538700000000000045e+01
-7.466300000000000381e+00
1.058400000000000007e+00
6.031100000000000350e+00
9.619099999999999540e+00
1.113599999999999923e+01
7.477199999999999847e+00
-1.851299999999999946e+00
-1.431899999999999951e+00
1.501200000000000090e+00
-5.741800000000000237e-01
-5.122300000000000075e+00
-2.700699999999999878e+00
1.293900000000000050e+00
4.500600000000000378e+00
9.534900000000000375e+00
8.006899999999999906e+00
-2.711399999999999810e+00
-1.956599999999999895e+01
-2.634600000000000009e+01
-1.653599999999999781e+01
-1.980000000000000093e-01
1.174099999999999966e+01
1.231599999999999895e+01
7.021300000000000097e+00
8.920799999999999841e+00
8.323999999999999844e+00
6.795200000000000129e-01
2.005500000000000060e+00
9.117399999999999949e+00
6.957300000000000040e+00
1.879999999999999893e+00
-2.703699999999999992e+00
-3.059400000000000119e+00
-4.195800000000000196e+00
-8.682299999999999685e+00
-1.218299999999999983e+01
-5.634400000000000297e+00
5.419299999999999784e+00
1.527500000000000036e+01
2.089699999999999847e+01
2.273000000000000043e+01
2.127800000000000225e+01
1.562599999999999945e+01
2.271300000000000097e+00
-2.918899999999999828e+00
-1.613599999999999923e+00
-1.470099999999999962e+00
1.386000000000000010e-01
-6.803700000000000081e+00
-1.301500000000000057e+01
-9.849999999999999645e+00
-3.937899999999999956e+00
-3.051899999999999835e+00
-3.541199999999999903e+00
-4.508499999999999730e+00
-4.490099999999999980e+00
5.351500000000000146e-01
7.309400000000000119e+00
1.666400000000000103e+00
-6.254299999999999748e+00
-9.445399999999999352e+00
-1.288000000000000078e+01
-1.193900000000000006e+01
-8.222599999999999909e+00
-4.140500000000000291e+00
3.593500000000000139e+00
-3.050600000000000200e+00
-1.088700000000000045e+01
-1.075699999999999967e+01
-1.154199999999999982e+01
-7.116999999999999993e+00
5.658299999999999663e+00
1.719599999999999795e+01
1.350999999999999979e+01
5.809300000000000352e+00
1.698900000000000077e+00
-5.556700000000000195e+00
-1.489700000000000024e+01
-1.929200000000000159e+01
-1.780499999999999972e+01
-1.182200000000000095e+01
-3.954899999999999860e+00
-1.641399999999999970e+00
-6.585899999999999643e+00
-7.499500000000000277e+00
-4.960899999999999643e+00
-4.991399999999999615e+00
3.591400000000000148e+00
7.957900000000000418e+00
1.043500000000000050e+01
1.359799999999999898e+01
1.354700000000000060e+01
1.911899999999999977e+01
2.146499999999999986e+01
2.116800000000000281e+01
2.083300000000000196e+01
2.347400000000000020e+01
2.768300000000000338e+01
3.436299999999999955e+01
3.147899999999999920e+01
1.977499999999999858e+01
6.362000000000000099e+00
-7.803399999999999892e+00
-1.650700000000000145e+01
-1.559900000000000020e+01
-5.448999999999999844e+00
1.631599999999999995e-01
-2.954200000000000159e+00
-6.736699999999999910e+00
-1.168599999999999994e+01
-1.300699999999999967e+01
-1.054499999999999993e+01
-5.700499999999999901e+00
7.841899999999999427e-01
1.244699999999999918e+00
3.754999999999999893e+00
1.006399999999999961e+00
-8.332300000000000040e+00
-1.963400000000000034e+01
-2.773600000000000065e+01
-2.285099999999999909e+01
-2.143400000000000105e+01
-1.882099999999999795e+01
-1.299099999999999966e+01
-6.436799999999999855e+00
2.220899999999999874e+00
5.125499999999999723e+00
6.949799999999999756e+00
2.117999999999999883e+00
-1.646700000000000053e+00
-2.826299999999999923e-01
4.799500000000000099e+00
1.213700000000000045e+01
1.541799999999999926e+01
1.136099999999999888e+01
1.385099999999999998e+00
-9.361499999999999488e+00
-1.378700000000000081e+01
-1.328500000000000014e+01
-8.867800000000000793e+00
-2.628600000000000048e+00
1.146999999999999964e-01
5.519700000000000273e+00
2.026100000000000012e+00
-3.983200000000000074e+00
-5.242300000000000182e+00
-5.554400000000000226e+00
-6.711700000000000443e+00
-9.895500000000000185e+00
-1.706199999999999939e+00
6.311899999999999622e+00
1.163700000000000045e+01
1.010899999999999999e+01
5.077499999999999680e+00
5.343099999999999739e+00
4.726099999999999746e+00
1.330100000000000060e+00
5.853000000000000425e-01
1.844200000000000061e+00
-1.445099999999999996e-01
-2.450400000000000134e+00
-7.633099999999999774e+00
-1.017500000000000071e+01
-7.070199999999999818e+00
-6.958699999999999886e-01
6.311099999999999710e+00
1.103500000000000014e+01
9.540100000000000691e+00
6.945100000000000051e+00
9.514799999999999258e+00
7.648600000000000065e+00
6.281699999999999839e+00
4.630899999999999572e+00
1.577499999999999902e+00
6.339999999999999858e+00
1.161500000000000021e+01
1.680499999999999972e+01
1.767200000000000060e+01
1.472799999999999976e+01
1.238599999999999923e+01
1.432799999999999940e+01
1.663200000000000145e+01
1.522900000000000098e+01
1.051200000000000045e+01
-1.604500000000000093e-01
-1.231200000000000117e+01
-1.655000000000000071e+01
-1.662199999999999989e+01
-1.617999999999999972e+01
-1.373099999999999987e+01
-8.740399999999999281e+00
-3.100400000000000045e+00
6.481600000000000250e+00
1.430199999999999960e+01
8.541199999999999903e+00
-2.128699999999999815e+00
-7.620800000000000018e+00
-5.008200000000000429e+00
-3.744299999999999962e+00
-3.880199999999999871e+00
-5.334399999999999586e+00
-4.136599999999999611e+00
-3.597100000000000186e+00
-1.654799999999999882e-01
5.886700000000000266e+00
4.673600000000000421e+00
-1.860300000000000065e+00
-5.208099999999999952e+00
-6.452300000000000146e+00
-6.083899999999999864e+00
-6.637100000000000222e+00
-8.027100000000000790e+00
-4.779600000000000293e+00
3.189499999999999780e+00
8.135999999999999233e+00
3.232499999999999929e+00
-4.214999999999999858e+00
-2.790299999999999780e+00
-2.971999999999999975e+00
-4.305900000000000283e+00
-7.083000000000000185e+00
-8.209099999999999397e+00
-3.979499999999999815e+00
-4.225100000000000300e+00
-5.433399999999999785e+00
-1.197799999999999976e+01
-1.546400000000000041e+01
-1.413599999999999923e+01
-1.545199999999999996e+01
-1.240900000000000070e+01
-5.566099999999999604e+00
1.016000000000000014e+00
7.288700000000000401e+00
1.057400000000000162e+01
1.370400000000000063e+01
8.940200000000000813e+00
3.243300000000000072e+00
5.203500000000000014e+00
3.859500000000000153e+00
2.620400000000000063e+00
3.508100000000000218e+00
3.213299999999999823e+00
4.548899999999999721e+00
4.720200000000000173e+00
1.848300000000000054e+00
-5.245300000000000518e-01
-2.190900000000000070e+00
-2.951400000000000023e+00
-8.392699999999999605e+00
-9.755000000000000782e+00
-8.186299999999999244e+00
-5.924000000000000377e+00
8.956899999999999862e-01
1.302100000000000035e+00
-5.226799999999999891e+00
-3.553399999999999892e+00
-3.886499999999999844e+00
-5.614399999999999835e+00
-5.026099999999999568e+00
-1.425699999999999967e+00
4.273200000000000109e+00
4.073299999999999699e+00
7.581599999999999895e+00
4.297900000000000276e+00
3.941699999999999982e+00
-3.455599999999999783e-01
2.656899999999999817e-01
1.299699999999999989e+01
1.814400000000000190e+01
1.601699999999999946e+01
1.287800000000000011e+01
1.129900000000000126e+01
1.410599999999999987e+01
1.818499999999999872e+01
2.078199999999999648e+01
1.233300000000000018e+01
4.558100000000000485e-01
-2.572099999999999831e+00
-1.843199999999999950e+00
1.437300000000000022e+00
-4.735999999999999766e+00
-1.269299999999999962e+01
-1.898700000000000188e+01
-8.241300000000000736e+00
3.244299999999999962e+00
6.926700000000000301e+00
5.016899999999999693e+00
6.045000000000000373e-01
1.022400000000000020e+01
1.063799999999999990e+01
5.928700000000000081e+00
3.770300000000000207e+00
8.393200000000000660e-01
1.087499999999999911e+00
5.028200000000000003e+00
4.283599999999999852e+00
-6.463100000000000511e-01
-1.194299999999999917e+00
-5.655400000000000205e+00
-5.633499999999999730e+00
-7.530300000000000438e+00
-1.310400000000000098e+01
-1.324300000000000033e+01
-9.922100000000000364e+00
-7.498899999999999899e+00
-1.150500000000000078e+01
-1.141999999999999993e+01
-1.563400000000000034e+01
-1.878999999999999915e+01
-1.835000000000000142e+01
-1.763100000000000023e+01
-1.355299999999999905e+01
-6.884100000000000108e+00
-6.057800000000000296e+00
-3.650100000000000122e+00
6.292099999999999582e+00
7.335300000000000153e+00
9.308600000000000207e+00
2.602700000000000014e+00
-2.319199999999999928e+00
-4.938100000000000378e+00
-6.819799999999999862e+00
-8.161399999999999766e-01
5.084900000000000198e+00
1.140000000000000036e+01
1.240000000000000036e+01
1.068999999999999950e+01
1.003700000000000081e+01
8.552300000000000679e+00
1.070900000000000141e+01
1.345700000000000074e+01
1.335200000000000031e+01
1.341699999999999982e+01
4.923099999999999810e+00
4.692999999999999949e-01
1.546100000000000030e+00
4.309499999999999886e+00
3.671699999999999964e+00
-1.117199999999999971e+00
-2.903999999999999915e+00
-4.094200000000000061e-01
2.494699999999999918e+00
4.398200000000000109e+00
7.422299999999999898e+00
7.687800000000000189e+00
6.750700000000000145e+00
7.374600000000000044e+00
7.079600000000000115e+00
4.015399999999999636e+00
9.718999999999999861e-01
-2.401800000000000157e+00
-5.145999999999999908e+00
-1.060500000000000043e+01
-1.226500000000000057e+01
-1.731700000000000017e+01
-2.253400000000000247e+01
-1.871499999999999986e+01
-2.029500000000000171e+01
-2.328000000000000114e+01
-1.873799999999999955e+01
-1.534799999999999898e+01
-1.559400000000000119e+01
-1.594299999999999962e+01
-1.582799999999999940e+01
-1.406099999999999994e+01
-1.543299999999999983e+01
-1.048900000000000077e+01
-3.416300000000000114e+00
3.060400000000000009e+00
7.057199999999999918e+00
6.900400000000000311e+00
1.993600000000000039e+00
4.979499999999999815e+00
1.207099999999999973e+01
1.362500000000000000e+01
2.481099999999999994e+01
2.716499999999999915e+01
2.766300000000000026e+01
2.499300000000000210e+01
1.671300000000000097e+01
5.418899999999999828e+00
2.536500000000000199e+00
5.517599999999999838e+00
5.171100000000000030e+00
5.820199999999999818e+00
5.289900000000000269e+00
6.924699999999999633e+00
1.410999999999999943e+01
2.107099999999999795e+01
2.222199999999999775e+01
1.896699999999999875e+01
1.420599999999999952e+01
1.456200000000000117e+01
1.710500000000000043e+01
2.037000000000000099e+01
1.767200000000000060e+01
9.929399999999999338e+00
7.975699999999999790e+00
1.564099999999999935e-01
-5.653699999999999726e+00
-3.842600000000000016e+00
-4.608799999999999564e+00
2.960799999999999876e+00
4.567099999999999937e+00
9.192299999999998805e-01
1.696199999999999930e+00
-3.340700000000000003e+00
-1.201999999999999957e+01
-1.939900000000000091e+01
-2.112999999999999901e+01
-2.377699999999999747e+01
-2.873199999999999932e+01
-3.123900000000000077e+01
-4.018800000000000239e+01
-3.904299999999999926e+01
-3.371900000000000119e+01
-3.265500000000000114e+01
-2.553400000000000247e+01
-1.998400000000000176e+01
-1.510599999999999987e+01
-8.885699999999999932e+00
-7.550600000000000200e+00
-3.569300000000000139e+00
2.071900000000000130e-01
-2.460600000000000009e-01
-1.045800000000000063e+00
-2.548999999999999932e+00
6.307500000000000606e-02
2.516399999999999970e+00
5.433300000000000018e+00
5.463000000000000078e+00
4.832200000000000273e+00
1.169499999999999984e+00
-9.507799999999999585e-01
3.350600000000000023e+00
8.480900000000000105e+00
1.301700000000000124e+01
1.198000000000000043e+01
9.993299999999999628e+00
7.584100000000000286e+00
4.123099999999999987e+00
2.489700000000000024e+00
4.095600000000000129e+00
4.688399999999999679e+00
2.401800000000000157e+00
-3.119200000000000195e+00
-5.362099999999999866e+00
-5.470200000000000173e+00
-1.054099999999999859e+01
-9.392599999999999838e+00
-8.836199999999999832e+00
-4.095500000000000251e-01
5.411800000000000388e+00
2.396100000000000119e+00
6.571900000000000297e+00
1.198900000000000077e+01
1.584999999999999964e+01
1.750400000000000134e+01
1.602899999999999991e+01
1.315700000000000003e+01
1.351900000000000013e+01
7.168400000000000105e+00
4.109399999999999942e+00
-2.230900000000000105e+00
-7.616399999999999615e+00
