-2.091000000000000192e+00
1.622800000000000020e+00
2.579699999999999882e+00
2.120000000000000107e+00
-2.733099999999999863e+00
1.216399999999999926e+00
3.141000000000000014e+00
-7.044199999999999351e-01
2.862899999999999778e+00
-3.126399999999999846e+00
-1.109599999999999831e+01
-2.643600000000000172e+00
6.655400000000000205e+00
8.153399999999999537e+00
5.800699999999999967e+00
-1.548300000000000010e+00
-4.014199999999999768e+00
4.283900000000000041e+00
9.918500000000000094e-01
-5.637800000000000367e+00
-5.320899999999999519e-01
-3.081599999999999895e+00
-1.453500000000000014e+00
1.757400000000000162e+01
1.122099999999999831e+01
5.014599999999999724e+00
7.867300000000000182e+00
-9.981499999999999817e-01
-5.287799999999999834e+00
3.598099999999999632e-01
-3.232000000000000206e+00
-9.219699999999999562e+00
5.008300000000000196e+00
1.626099999999999923e+01
5.324600000000000444e-01
-5.146899999999999586e+00
-8.993399999999999395e+00
-1.354599999999999937e+01
8.076000000000000512e+00
1.765399999999999991e+01
2.327700000000000102e+00
3.310299999999999798e+00
-1.442900000000000027e+01
-3.107000000000000028e+01
-2.939999999999999947e+00
1.340499999999999936e+01
1.627200000000000202e+01
-1.529700000000000060e+00
1.287700000000000067e+00
3.803999999999999826e+00
-7.255700000000000038e+00
-2.734999999999999876e+00
-6.662500000000000089e-01
-1.926299999999999812e+01
-1.295099999999999874e+01
-4.438900000000000290e+00
5.291999999999999815e+00
2.732900000000000063e+01
3.219200000000000017e+01
-3.492300000000000182e+00
-3.070599999999999952e+01
-2.495400000000000063e+01
-1.578800000000000026e+01
2.912599999999999856e+00
1.698600000000000065e+01
1.194099999999999895e+01
7.202799999999999869e+00
1.104900000000000126e+01
3.609900000000000109e+00
-1.539799999999999969e+01
-1.157099999999999973e+01
-9.404600000000000737e-01
3.871300000000000185e+00
1.279299999999999926e+01
1.626800000000000068e+01
4.639399999999999635e-01
-1.479900000000000126e+01
-1.542900000000000027e+01
-4.159199999999999564e-01
3.099099999999999966e+00
4.192599999999999660e+00
7.799199999999999910e+00
1.475700000000000012e+00
-8.822499999999999787e+00
-9.774900000000000588e+00
-1.008299999999999891e-01
1.717300000000000049e+00
-9.991400000000000503e+00
-2.506600000000000161e+00
1.051799999999999891e+01
1.346299999999999919e+01
-1.712699999999999889e+00
-2.614699999999999847e+01
-2.516000000000000014e+01
-5.447099999999999831e+00
7.376699999999999591e+00
6.479599999999999582e+00
-2.845800000000000107e+00
-1.551999999999999957e+01
-1.453500000000000014e+01
2.318599999999999994e+00
2.015700000000000003e+01
7.312199999999999811e+00
-5.103500000000000369e+00
-9.449199999999999378e+00
-2.016600000000000037e+01
4.534599999999999742e-02
1.776399999999999935e+01
9.707800000000000651e+00
8.449799999999999534e-01
-1.213499999999999979e+01
-7.104199999999999626e+00
6.896799999999999820e+00
2.777499999999999858e+00
1.267600000000000060e+00
-1.805800000000000072e+00
-1.078200000000000003e+01
2.675800000000000178e+00
1.669500000000000028e+01
2.032499999999999929e+01
9.650199999999999889e+00
3.785400000000000098e+00
-4.315900000000000070e+00
-6.078400000000000247e+00
3.695399999999999796e+00
7.268600000000000172e+00
1.092600000000000016e+00
-3.250500000000000167e+00
-5.396099999999999675e+00
-5.179599999999999760e+00
1.149900000000000055e+01
7.759000000000000341e+00
-3.793400000000000105e+00
-1.488599999999999923e+01
-1.894299999999999784e+01
-1.206700000000000017e+01
-1.468099999999999916e+01
4.439099999999999824e+00
1.222799999999999976e+01
-1.060900000000000176e+01
-5.633700000000000152e+00
3.203799999999999981e-01
3.619000000000000217e+00
2.584900000000000198e+00
-4.234700000000000131e+00
-8.655499999999999972e+00
-9.085200000000000387e+00
-2.047400000000000020e+01
-1.976000000000000156e+01
-1.821299999999999919e+00
1.511200000000000010e+01
2.565599999999999881e+01
2.131500000000000128e+01
7.470500000000000362e+00
1.049800000000000066e+00
-5.741200000000000081e+00
-1.378999999999999915e+01
-1.950900000000000034e+01
-1.092099999999999937e+01
-8.508399999999999963e+00
-1.949699999999999989e+01
5.736699999999999910e+00
2.722199999999999775e+01
1.271299999999999919e+01
4.758899999999999797e-01
-5.639800000000000146e+00
-1.407799999999999940e+01
-9.972200000000000841e+00
-3.307799999999999851e+00
9.101599999999999469e+00
2.068099999999999739e+01
5.999600000000000044e+00
-1.281900000000000084e+01
-1.393700000000000117e+01
-5.636599999999999611e+00
2.006400000000000006e+01
3.255499999999999972e+01
1.553299999999999947e+01
5.470699999999999896e+00
-1.568599999999999994e+01
-3.472500000000000142e+01
-2.934099999999999753e+01
-2.185800000000000054e+01
8.418799999999999617e-01
5.366100000000000314e+00
-1.283700000000000063e+00
1.023299999999999876e+01
6.422399999999999665e+00
-5.123000000000000220e+00
1.789299999999999891e+00
2.629199999999999804e+01
1.166799999999999926e+01
-3.223699999999999477e+01
-1.657000000000000028e+01
6.337799999999999656e+00
9.163199999999999790e+00
3.158800000000000097e+01
5.016700000000000159e+00
-7.902999999999999581e+00
4.015699999999999825e+00
-8.022000000000000242e+00
9.667600000000000637e-01
3.046300000000000097e+01
2.516499999999999915e+01
3.221399999999999864e+01
1.846099999999999852e+01
-2.362299999999999844e+00
2.006400000000000006e+01
-2.819199999999999928e+00
-2.665699999999999648e+01
-1.659499999999999886e+01
3.868599999999999817e+00
-6.268900000000000361e+00
2.576800000000000068e+01
4.819699999999999562e+01
2.743800000000000239e+01
2.855900000000000105e+01
3.839399999999999835e+01
-1.286899999999999933e+00
8.195700000000000429e+00
7.140900000000000025e-02
-1.829400000000000048e+01
2.213699999999999690e+01
5.510100000000000620e+01
-4.700099999999999945e+00
-1.083900000000000041e+01
-2.681599999999999895e+01
5.716899999999999871e+00
5.814500000000000313e+01
1.765200000000000102e+01
4.855900000000000105e+00
5.424899999999999523e+01
1.653099999999999881e+01
2.242000000000000171e+01
-2.868699999999999761e+01
-2.246099999999999852e+01
9.182600000000000762e+01
-6.912600000000000300e+00
2.172699999999999676e+01
7.893200000000000216e+01
-2.659800000000000253e+01
-3.715200000000000102e+01
-5.565699999999999648e+01
-3.183800000000000097e+01
-1.733099999999999952e+01
-3.031400000000000006e+01
-7.837100000000000932e+01
-5.304100000000000392e+01
-4.393299999999999983e+01
-3.458299999999999841e+01
-7.886100000000000421e+01
-5.725500000000000256e+00
2.765199999999999747e+01
-2.691000000000000014e+01
5.577600000000000335e+00
7.523500000000000298e+00
9.229100000000000747e+00
1.008599999999999994e+02
5.816899999999999693e+01
-4.910199999999999676e+01
-2.963400000000000034e+01
1.841400000000000148e+01
-2.853999999999999915e+01
-9.897299999999999898e+01
-4.013400000000000034e+01
-6.147999999999999687e+01
-6.910300000000000864e+01
2.584300000000000352e+01
2.729299999999999837e+00
2.058399999999999963e+01
8.743000000000000682e+01
3.368199999999999505e+01
5.722600000000000620e+01
7.275100000000000477e+01
4.530300000000000438e+01
3.742099999999999937e+01
3.538300000000000267e+01
1.441100000000000136e+02
1.361299999999999955e+02
-4.685900000000000176e+00
-8.932799999999998875e+01
-1.094099999999999966e+02
-6.950900000000000034e+01
-6.228499999999999659e+01
-1.258000000000000007e+01
2.298999999999999844e+01
2.410500000000000043e+01
2.698199999999999932e+01
-3.083300000000000196e+01
-4.711699999999999733e+01
-7.240800000000000125e+01
-1.069699999999999989e+02
-7.910099999999999909e+01
-1.061099999999999994e+02
-1.215499999999999972e+02
-1.238100000000000023e+02
-1.809099999999999966e+02
-1.531999999999999886e+02
-7.638700000000000045e+01
-7.907699999999999818e+01
-6.807999999999999829e+01
5.236100000000000421e+01
9.601799999999998647e+01
7.474099999999999966e+01
1.233799999999999955e+02
1.964399999999999977e+02
1.980600000000000023e+02
1.352800000000000011e+02
1.207799999999999940e+01
-5.993399999999999750e+01
-4.362700000000000244e+00
-3.563800000000000523e+01
-2.988899999999999935e+01
-4.597299999999999898e+01
-7.571600000000000819e+01
-6.666800000000000637e+01
-1.111599999999999966e+01
1.481400000000000006e+01
9.854200000000000159e+01
1.327199999999999989e+02
1.035499999999999972e+02
1.271700000000000017e+02
1.082000000000000028e+02
-1.498700000000000010e+01
-1.044000000000000057e+02
-8.692700000000000671e+01
-2.367699999999999960e+01
1.451000000000000068e+00
-2.320800000000000196e+01
2.784699999999999775e+01
1.304699999999999989e+02
1.430999999999999943e+02
1.128599999999999994e+02
1.284199999999999875e+02
1.079800000000000040e+02
8.257200000000000273e+01
8.765200000000000102e+01
6.944800000000000750e+01
-1.548200000000000109e+01
-1.371399999999999864e+02
-2.562200000000000273e+02
-2.179000000000000057e+02
-2.003700000000000045e+02
-2.706499999999999773e+02
-2.481399999999999864e+02
-1.565200000000000102e+02
-1.329299999999999926e+00
9.468200000000000216e+01
1.696800000000000068e+02
2.544000000000000057e+02
1.396999999999999886e+02
-7.415999999999999659e+01
-1.931599999999999966e+02
-1.808199999999999932e+02
-6.623499999999999943e+01
2.025799999999999912e+01
7.293800000000000239e+01
9.963100000000000023e+01
1.561399999999999864e+02
2.222700000000000102e+02
2.466200000000000045e+02
2.187199999999999989e+02
2.630500000000000114e+02
3.162799999999999727e+02
3.148600000000000136e+02
2.024099999999999966e+02
3.275999999999999801e+01
-1.839799999999999898e+02
-4.203899999999999864e+02
-6.061599999999999682e+02
-6.193600000000000136e+02
-5.085099999999999909e+02
-4.770799999999999841e+02
-4.293600000000000136e+02
-2.060500000000000114e+02
3.315599999999999881e+01
1.747299999999999898e+02
2.403700000000000045e+02
3.371600000000000250e+02
4.371800000000000068e+02
4.968899999999999864e+02
4.256399999999999864e+02
3.098500000000000227e+02
1.565800000000000125e+02
7.587300000000000466e+01
4.586699999999999733e+01
-7.379699999999999704e+01
-1.947700000000000102e+02
-1.976599999999999966e+02
-2.558999999999999986e+01
1.861100000000000065e+01
-1.380800000000000125e+02
-2.455500000000000114e+02
-1.636100000000000136e+02
3.257699999999999818e+01
1.733400000000000034e+02
8.361399999999999011e+01
-7.484999999999999432e+01
-1.613499999999999943e+02
-1.605300000000000011e+02
-7.180700000000000216e+01
-4.594100000000000250e+01
9.968099999999999739e+00
1.420099999999999909e+02
1.824499999999999886e+02
1.558100000000000023e+02
1.816699999999999875e+02
2.074799999999999898e+02
2.163000000000000114e+02
1.317700000000000102e+02
1.149099999999999966e+01
-7.211799999999999500e+01
-1.518499999999999943e+02
-2.365300000000000011e+02
-2.480000000000000000e+02
-2.398199999999999932e+02
-2.000600000000000023e+02
-1.205999999999999943e+02
-5.098499999999999943e+01
-1.337800000000000011e+01
-2.335599999999999810e+01
-5.494299999999999962e+00
4.869100000000000250e+01
7.713100000000000023e+01
9.193399999999999750e+01
1.380099999999999909e+02
1.300500000000000114e+02
3.442199999999999704e+01
-3.266799999999999926e+00
4.733200000000000074e+01
1.202699999999999960e+02
1.377299999999999898e+02
1.905499999999999972e+01
-2.861300000000000310e+01
6.975100000000000477e+01
1.314499999999999886e+02
7.511899999999999977e+01
-2.285399999999999920e+01
-7.156799999999999784e+01
-1.897200000000000131e+01
-1.957999999999999829e+01
-8.296099999999999852e+01
-1.139800000000000040e+02
-4.580699999999999505e+01
4.238499999999999801e+01
3.805899999999999750e+01
-2.063500000000000156e+01
-1.525799999999999912e+01
8.482400000000000162e+00
2.905599999999999739e+01
1.923799999999999955e+01
-3.119800000000000040e+01
-9.963799999999999102e+01
-1.218499999999999943e+02
-1.206800000000000068e+02
-1.044800000000000040e+02
-9.263299999999999557e+01
-6.777199999999999136e+01
-3.355699999999999505e+01
-2.170499999999999829e+01
-9.488699999999999690e+00
3.573699999999999477e+01
6.784300000000000352e+01
6.842600000000000193e+01
8.089900000000000091e+01
7.523699999999999477e+01
4.862899999999999778e+01
2.375900000000000123e+00
-2.778999999999999915e+01
-6.268500000000000405e+00
2.308699999999999974e+00
-7.809999999999999609e+00
1.296099999999999852e+01
5.216100000000000136e+01
6.633100000000000307e+01
5.838499999999999801e+01
4.542800000000000438e+01
2.221099999999999852e+01
-6.735299999999999621e+00
-2.407800000000000296e+01
-2.880699999999999861e+01
-3.111599999999999966e+01
-2.789300000000000068e+01
-1.032200000000000095e+01
-2.236600000000000144e+00
-1.103500000000000014e+01
-4.969999999999999751e+00
-1.210400000000000098e+01
-1.497200000000000131e+01
-7.740000000000000213e+00
-9.128899999999999793e+00
-1.099599999999999866e+01
-6.581800000000000317e+00
1.239499999999999957e+01
7.561300000000000132e+00
-1.586800000000000033e+01
-1.625099999999999767e+01
-5.317800000000000438e+01
-1.056299999999999955e+02
-1.003499999999999943e+02
-8.892799999999999727e+01
-6.663100000000000023e+01
-4.622999999999999687e+01
-2.227899999999999991e+01
1.961400000000000077e+01
6.073199999999999932e+01
8.253000000000000114e+01
7.121800000000000352e+01
4.803699999999999903e+01
3.764999999999999858e+01
4.706500000000000128e+00
-4.577100000000000080e+01
-7.401699999999999591e+01
-8.679399999999999693e+01
-9.952100000000000080e+01
-1.068799999999999955e+02
-7.234999999999999432e+01
-2.479500000000000171e+01
1.749200000000000088e+01
5.131499999999999773e+01
5.667300000000000182e+01
4.777600000000000335e+01
4.937399999999999523e+01
3.816700000000000159e+01
1.256000000000000050e+01
-8.810000000000000497e+00
-2.394200000000000106e+00
-4.787099999999999689e+00
-7.650900000000000034e+00
3.010699999999999932e+01
8.316100000000000136e+01
1.260400000000000063e+02
1.513700000000000045e+02
1.578199999999999932e+02
1.401299999999999955e+02
1.071899999999999977e+02
5.361100000000000421e+01
-7.419599999999999973e+00
-5.469500000000000028e+01
-7.598600000000000421e+01
-8.713799999999999102e+01
-9.032399999999999807e+01
-8.243899999999999295e+01
-6.840699999999999648e+01
-4.665299999999999869e+01
-1.050999999999999979e+01
2.781099999999999994e+01
5.670100000000000051e+01
6.393899999999999295e+01
6.314199999999999591e+01
6.242800000000000438e+01
5.219500000000000028e+01
1.795299999999999940e+01
-2.456400000000000006e+01
-5.731800000000000495e+01
-7.046600000000000819e+01
-8.631700000000000728e+01
-9.463500000000000512e+01
-8.840000000000000568e+01
-8.454500000000000171e+01
-6.710600000000000875e+01
-3.961599999999999966e+01
3.224299999999999944e+00
3.221500000000000341e+01
4.367499999999999716e+01
7.098699999999999477e+01
9.390000000000000568e+01
9.057500000000000284e+01
9.302700000000000102e+01
8.434200000000001296e+01
7.444100000000000250e+01
7.500399999999999068e+01
7.118399999999999750e+01
4.810800000000000409e+01
1.723400000000000176e+01
-1.862800000000000011e+00
-1.317099999999999937e+01
-3.228300000000000125e+01
-2.849099999999999966e+01
-2.722500000000000142e+01
-2.520800000000000196e+01
-1.165000000000000036e+01
4.498400000000000176e+00
-3.101799999999999891e+00
-3.032300000000000040e+01
-5.204100000000000392e+01
-6.027499999999999858e+01
-5.727600000000000335e+01
-4.149399999999999977e+01
-9.850099999999999412e+00
1.433900000000000041e+01
2.659099999999999753e+01
3.235199999999999676e+01
2.437800000000000011e+01
2.157099999999999795e+01
2.609600000000000009e+01
2.740099999999999980e+01
2.149599999999999866e+01
2.137000000000000099e+01
3.057400000000000162e+01
3.864699999999999847e+01
4.088599999999999568e+01
3.741400000000000148e+01
3.798699999999999477e+01
3.995700000000000074e+01
4.427600000000000335e+01
4.832800000000000296e+01
3.872999999999999687e+01
2.060900000000000176e+01
4.998899999999999899e+00
-3.601999999999999869e+00
5.953699999999999548e-01
3.493799999999999795e+00
1.827199999999999935e+00
-5.017000000000000348e-01
-6.682299999999999907e-01
5.125099999999999767e+00
1.619999999999999929e+01
1.371499999999999986e+01
-3.260499999999999954e+00
-2.039700000000000202e+01
-3.760300000000000153e+01
-5.588199999999999790e+01
-7.722399999999998954e+01
-9.926799999999998647e+01
-1.153700000000000045e+02
-1.213400000000000034e+02
-1.204500000000000028e+02
-1.112999999999999972e+02
-1.015900000000000034e+02
-9.001799999999998647e+01
-7.581999999999999318e+01
-5.171999999999999886e+01
-2.545899999999999963e+01
-1.519099999999999895e+01
-1.591799999999999926e+01
-1.657000000000000028e+01
-1.055700000000000038e+01
3.546100000000000030e+00
1.263700000000000045e+01
1.520599999999999952e+01
1.772599999999999909e+01
2.493300000000000338e+01
3.754400000000000404e+01
5.249100000000000676e+01
6.636700000000000443e+01
7.231999999999999318e+01
6.638400000000000034e+01
5.478699999999999903e+01
3.669899999999999807e+01
7.977599999999999802e+00
-3.174800000000000111e+01
-5.546899999999999409e+01
-7.095499999999999829e+01
-8.492499999999999716e+01
-7.011499999999999488e+01
-3.800900000000000034e+01
-1.021299999999999919e+01
1.816300000000000026e+01
4.375199999999999534e+01
6.444100000000000250e+01
5.866399999999999437e+01
3.895799999999999841e+01
2.969500000000000028e+01
1.097000000000000064e+01
-1.646000000000000085e+01
-3.078599999999999781e+01
-4.037699999999999534e+01
-5.065899999999999892e+01
-6.062800000000000011e+01
-6.686700000000000443e+01
-6.172999999999999687e+01
-5.127199999999999847e+01
-4.354600000000000648e+01
-3.882600000000000051e+01
-2.821900000000000119e+01
-9.014400000000000190e+00
2.334499999999999770e-02
6.615700000000000358e+00
1.917299999999999827e+01
3.353199999999999648e+01
4.676899999999999835e+01
5.461800000000000210e+01
6.050000000000000000e+01
7.038299999999999557e+01
7.604200000000000159e+01
6.987800000000000011e+01
6.265999999999999659e+01
5.978000000000000114e+01
5.460600000000000165e+01
4.000900000000000034e+01
1.814700000000000202e+01
4.500700000000000145e+00
-6.358100000000000307e+00
-2.988100000000000200e+00
9.129200000000000870e+00
1.532699999999999996e+01
1.628099999999999881e+01
2.027299999999999969e+01
2.723999999999999844e+01
3.620599999999999596e+01
4.479699999999999704e+01
4.124399999999999977e+01
3.153599999999999781e+01
2.072300000000000253e+01
3.818900000000000183e+00
-9.249700000000000699e+00
-1.517400000000000126e+01
-1.748900000000000077e+01
-1.247400000000000020e+01
-2.071900000000000130e-01
1.834600000000000009e+01
3.121800000000000352e+01
3.529400000000000404e+01
3.415899999999999892e+01
2.516199999999999903e+01
2.858800000000000008e+00
-2.436800000000000210e+01
-4.510000000000000142e+01
-5.654699999999999704e+01
-6.430899999999999750e+01
-6.677800000000000580e+01
-6.521099999999999852e+01
-6.257600000000000051e+01
-6.332999999999999829e+01
-5.619300000000000495e+01
-4.074000000000000199e+01
-1.825300000000000011e+01
4.934199999999999697e+00
2.273600000000000065e+01
2.416099999999999781e+01
1.757900000000000063e+01
2.163699999999999690e+01
2.262000000000000099e+01
9.229900000000000659e+00
-8.457499999999999574e+00
-1.559200000000000053e+01
-1.959499999999999886e+01
-1.357699999999999996e+01
3.462699999999999667e-01
8.594500000000000028e+00
1.154199999999999982e+01
1.230299999999999905e+01
9.162699999999999179e+00
1.020100000000000051e+01
1.762900000000000134e+01
1.814300000000000068e+01
2.634700000000000042e+00
-1.334500000000000064e+01
-1.957999999999999829e+01
-2.350699999999999790e+01
-2.661899999999999977e+01
-2.653500000000000014e+01
-1.782900000000000063e+01
7.399899999999999256e-01
1.410500000000000043e+01
1.743900000000000006e+01
1.124300000000000033e+01
-1.402199999999999891e+00
-4.164100000000000357e+00
-9.111000000000000654e+00
-1.741900000000000048e+01
-2.535999999999999943e+01
-2.880400000000000205e+01
-2.248000000000000043e+01
-1.415200000000000102e+01
-9.801199999999999690e+00
-7.084500000000000242e+00
2.255900000000000127e-01
4.337399999999999700e+00
1.054699999999999971e+00
8.325900000000000745e+00
2.231699999999999662e+01
3.433800000000000097e+01
4.055199999999999960e+01
4.135499999999999687e+01
4.269600000000000506e+01
4.312500000000000000e+01
4.295100000000000051e+01
4.179500000000000171e+01
4.111500000000000199e+01
4.111500000000000199e+01
3.621199999999999619e+01
2.794999999999999929e+01
3.013500000000000156e+01
3.286299999999999955e+01
2.889999999999999858e+01
2.112699999999999889e+01
1.429400000000000048e+01
6.680699999999999861e+00
1.399900000000000033e-01
-9.701700000000000879e-01
1.360400000000000054e+00
-6.498599999999999932e-01
-1.044800000000000040e+01
-2.014900000000000091e+01
-2.691300000000000026e+01
-3.135000000000000142e+01
-3.317399999999999949e+01
-3.540699999999999648e+01
-3.956300000000000239e+01
-4.646399999999999864e+01
-4.292800000000000438e+01
-3.361599999999999966e+01
-3.588499999999999801e+01
-4.059599999999999653e+01
-3.256700000000000017e+01
-2.170300000000000296e+01
-1.283799999999999919e+01
-1.294099999999999895e+01
-1.752899999999999991e+01
-1.332300000000000040e+01
-8.454900000000000304e+00
-5.758700000000000152e+00
-7.222400000000000375e+00
6.639899999999999691e-01
1.499599999999999866e+01
1.965099999999999980e+01
1.575099999999999945e+01
1.582900000000000063e+01
2.325800000000000267e+01
3.137000000000000099e+01
3.637500000000000000e+01
2.992699999999999960e+01
1.964600000000000080e+01
1.483699999999999974e+01
1.231299999999999883e+01
1.627799999999999869e+01
2.218599999999999994e+01
2.826900000000000190e+01
2.388699999999999690e+01
1.098000000000000043e+01
-1.154000000000000026e-01
-8.439799999999999969e+00
-4.727899999999999991e+00
2.068299999999999805e+00
5.496900000000000119e+00
8.601699999999999235e+00
1.117900000000000027e+01
1.484700000000000131e+01
1.931400000000000006e+01
1.914099999999999824e+01
8.117599999999999483e+00
-4.316600000000000215e+00
-1.025799999999999912e+01
-8.100600000000000023e+00
-1.701099999999999923e+01
-3.221699999999999875e+01
-3.802100000000000080e+01
-3.810600000000000165e+01
-3.919899999999999807e+01
-3.771999999999999886e+01
-2.442699999999999960e+01
-1.101099999999999923e+01
-5.073100000000000165e+00
-4.461699999999999555e-01
1.841299999999999937e+00
-1.197799999999999976e+00
-4.984399999999999942e+00
-9.710000000000000853e+00
-1.467500000000000071e+01
-2.114999999999999858e+01
-2.841800000000000281e+01
-3.246600000000000108e+01
-2.936400000000000077e+01
-2.378199999999999648e+01
-1.761200000000000188e+01
-9.099500000000000810e+00
1.306400000000000006e+00
1.404400000000000048e+01
2.662400000000000233e+01
3.780699999999999505e+01
4.178800000000000381e+01
3.183599999999999852e+01
1.700900000000000034e+01
-8.706700000000000550e-01
-1.548099999999999987e+01
-2.088699999999999690e+01
-2.290199999999999747e+01
-2.239600000000000080e+01
-1.895700000000000074e+01
-1.396499999999999986e+01
-6.219400000000000261e+00
-3.374800000000000022e+00
-7.042600000000000193e+00
-4.205099999999999838e+00
7.063799999999999635e+00
1.796099999999999852e+01
2.105599999999999739e+01
1.714400000000000190e+01
1.534599999999999831e+01
1.581900000000000084e+01
6.839100000000000179e+00
-3.526100000000000012e+00
-7.247300000000000075e+00
-1.058300000000000018e+01
-8.321199999999999264e+00
-4.112499999999999822e+00
2.148899999999999810e+00
5.806000000000000050e+00
-7.601499999999999924e-01
-5.269400000000000084e+00
-1.153999999999999915e+00
-2.989700000000000024e+00
-1.088299999999999912e+01
-1.830000000000000071e+01
-2.628599999999999781e+01
-3.369699999999999562e+01
-3.803999999999999915e+01
-2.921900000000000119e+01
-1.768599999999999994e+01
-1.078999999999999915e+01
8.782200000000001117e-01
1.039200000000000124e+01
1.548000000000000043e+01
1.939900000000000091e+01
2.316800000000000281e+01
2.505199999999999960e+01
2.267099999999999937e+01
1.888700000000000045e+01
1.529800000000000004e+01
1.181400000000000006e+01
8.447900000000000631e+00
4.505600000000000271e+00
1.110000000000000098e+00
2.163699999999999957e+00
8.520699999999999719e+00
1.525400000000000134e+01
2.210099999999999909e+01
2.891000000000000014e+01
3.298199999999999932e+01
2.742399999999999949e+01
2.223400000000000176e+01
2.578699999999999903e+01
2.175400000000000134e+01
1.318799999999999883e+01
6.267699999999999605e+00
1.147599999999999953e+00
-2.985599999999999810e+00
-3.918000000000000149e+00
-3.327399999999999913e+00
-2.112000000000000099e+00
6.380200000000000315e-01
5.630099999999999660e+00
1.387500000000000000e+01
2.342500000000000071e+01
2.496599999999999753e+01
1.873900000000000077e+01
1.363499999999999979e+01
8.016099999999999781e+00
2.028000000000000025e+00
-2.698300000000000143e+00
-1.504000000000000004e+00
-3.743399999999999839e+00
-9.590199999999999392e+00
-1.287500000000000000e+01
-1.033200000000000074e+01
-6.150699999999999612e+00
-3.788400000000000212e+00
-2.984300000000000175e+00
-2.489700000000000024e+00
-3.105399999999999938e+00
-9.736800000000000566e+00
-1.905700000000000216e+01
-2.442199999999999704e+01
-2.721999999999999886e+01
-3.258299999999999841e+01
-3.747699999999999676e+01
-4.038900000000000290e+01
-3.983800000000000097e+01
-3.610000000000000142e+01
-3.641400000000000148e+01
-3.781900000000000261e+01
-3.017300000000000182e+01
-2.032600000000000051e+01
-1.097099999999999831e+01
-2.158100000000000129e+00
4.853600000000000136e+00
1.041099999999999959e+01
1.759600000000000009e+01
2.714000000000000057e+01
3.544899999999999807e+01
3.584499999999999886e+01
3.334100000000000108e+01
3.296300000000000097e+01
3.615200000000000102e+01
3.663599999999999568e+01
2.806699999999999662e+01
1.967000000000000171e+01
1.741000000000000014e+01
1.551500000000000057e+01
1.144500000000000028e+01
-2.375699999999999756e-01
-1.268500000000000050e+01
-1.960500000000000043e+01
-2.173999999999999844e+01
-1.771000000000000085e+01
-1.633099999999999952e+01
-1.789999999999999858e+01
-1.601399999999999935e+01
-5.541599999999999859e+00
5.038199999999999790e+00
1.279199999999999982e+01
1.737300000000000111e+01
1.489900000000000091e+01
1.063499999999999979e+01
6.254400000000000404e+00
1.107299999999999951e+00
-4.836599999999999788e+00
-1.217799999999999905e+01
-1.532300000000000040e+01
-1.361099999999999888e+01
-1.099400000000000155e+01
-6.542900000000000382e+00
-1.629899999999999904e+00
3.746900000000000119e+00
9.702199999999999491e+00
1.581499999999999950e+01
2.191400000000000148e+01
2.522100000000000009e+01
2.204800000000000182e+01
2.576099999999999923e+01
2.338300000000000267e+01
1.421899999999999942e+00
1.241500000000000048e+00
2.318800000000000028e-02
-5.719299999999999606e+00
-2.644699999999999829e-01
-3.342499999999999805e+00
-1.281599999999999895e+01
-6.729599999999999582e+00
-5.120199999999999640e+00
-1.496299999999999919e+01
-1.565499999999999936e+01
-1.218799999999999883e+01
-8.063200000000000145e+00
5.741500000000000492e-01
1.012199999999999989e+01
1.320500000000000007e+01
9.222099999999999298e+00
1.055400000000000027e+01
1.597499999999999964e+01
1.842800000000000082e+01
1.471000000000000085e+01
8.897100000000000009e+00
5.506700000000000372e+00
2.280600000000000183e+00
-1.335900000000000087e+00
-8.055099999999999483e+00
-1.600000000000000000e+01
-1.759299999999999997e+01
-1.568099999999999916e+01
-1.850199999999999889e+01
-1.536400000000000077e+01
-1.041400000000000148e+01
-1.032900000000000063e+01
-1.493200000000000038e+01
-1.479599999999999937e+01
-1.173499999999999943e+01
-1.573000000000000043e+01
-1.947299999999999898e+01
-1.784600000000000009e+01
-1.678800000000000026e+01
-1.838100000000000023e+01
-2.314999999999999858e+01
-2.717399999999999949e+01
-2.966499999999999915e+01
-2.914600000000000080e+01
-2.563100000000000023e+01
-2.178500000000000014e+01
-1.775600000000000023e+01
-1.244999999999999929e+01
-6.943100000000000271e+00
-6.916699999999999626e+00
-8.991899999999999338e+00
-4.584800000000000431e+00
1.828400000000000025e+00
5.578400000000000247e+00
8.583299999999999486e+00
1.126799999999999891e+01
1.323400000000000176e+01
1.508699999999999974e+01
1.626399999999999935e+01
1.599300000000000033e+01
1.531400000000000006e+01
1.544200000000000017e+01
1.937699999999999889e+01
2.526800000000000068e+01
2.830300000000000082e+01
2.774800000000000111e+01
2.575600000000000023e+01
2.086400000000000077e+01
1.511299999999999955e+01
1.085200000000000031e+01
7.502399999999999736e+00
3.427400000000000002e+00
-1.252999999999999892e+00
-5.298300000000000232e+00
-4.664799999999999613e+00
1.385199999999999987e+00
6.611299999999999955e+00
9.964100000000000179e+00
1.283400000000000141e+01
1.520900000000000141e+01
1.704299999999999926e+01
1.853200000000000003e+01
1.692800000000000082e+01
1.234299999999999997e+01
8.025700000000000500e+00
4.848600000000000243e+00
2.430299999999999905e+00
-3.578100000000000169e-01
-3.246300000000000185e+00
-6.085399999999999920e+00
-8.922299999999999898e+00
-1.164499999999999957e+01
-1.405000000000000071e+01
-1.523400000000000176e+01
-1.624200000000000088e+01
-1.849900000000000233e+01
-2.179699999999999704e+01
-2.493099999999999739e+01
-2.657199999999999918e+01
-2.385099999999999909e+01
-1.746400000000000219e+01
-1.339299999999999891e+01
-1.145700000000000074e+01
-9.933400000000000674e+00
-1.177400000000000091e+01
-1.370099999999999874e+01
-6.936700000000000088e+00
3.035600000000000076e+00
1.021000000000000085e+01
1.392500000000000071e+01
1.252500000000000036e+01
7.832300000000000040e+00
3.289499999999999869e+00
9.814000000000000057e+00
1.870400000000000063e+01
1.869800000000000040e+01
1.516900000000000048e+01
1.662199999999999989e+01
2.139999999999999858e+01
2.349800000000000111e+01
2.174500000000000099e+01
1.833200000000000074e+01
1.180099999999999838e+01
6.803600000000000314e+00
8.484500000000000597e+00
6.897199999999999775e+00
-3.090599999999999792e+00
-1.282499999999999929e+01
-1.764199999999999946e+01
-1.238799999999999990e+01
-5.952099999999999724e+00
1.065599999999999881e-01
2.810299999999999798e+00
-1.239900000000000002e+00
-6.573199999999999932e+00
-1.119999999999999929e+01
-1.546199999999999974e+01
-1.865099999999999980e+01
-1.918799999999999883e+01
-1.918599999999999994e+01
-1.849599999999999866e+01
-1.456700000000000017e+01
-1.060700000000000109e+01
-1.164599999999999902e+01
-9.042899999999999494e+00
-3.254700000000000149e+00
1.966800000000000104e+00
7.758300000000000196e+00
1.364099999999999824e+01
1.822100000000000009e+01
1.871000000000000085e+01
1.523700000000000010e+01
1.266499999999999915e+01
1.262400000000000055e+01
1.152400000000000091e+01
8.897000000000000242e+00
8.330199999999999605e+00
1.155499999999999972e+01
1.507599999999999874e+01
1.376700000000000124e+01
8.438100000000000378e+00
4.207900000000000418e+00
4.474099999999999966e+00
7.091899999999999871e+00
9.349500000000000810e+00
1.016499999999999915e+01
9.011699999999999378e+00
8.057700000000000529e+00
8.001300000000000523e+00
9.554899999999999949e+00
1.107000000000000028e+01
1.104700000000000060e+01
6.609700000000000131e+00
7.128399999999999181e-01
-2.078100000000000058e+00
-1.224399999999999933e+00
-2.348399999999999821e+00
-9.348900000000000432e+00
-1.694999999999999929e+01
-1.923300000000000054e+01
-1.785999999999999943e+01
-1.692900000000000205e+01
-1.597599999999999909e+01
-1.572000000000000064e+01
-1.549099999999999966e+01
-1.516799999999999926e+01
-1.217200000000000060e+01
-4.465700000000000003e+00
2.519099999999999895e+00
-7.651499999999999968e-02
-7.892999999999999794e+00
-1.172299999999999898e+01
-1.338900000000000112e+01
-1.486599999999999966e+01
-1.472200000000000131e+01
-1.115400000000000169e+01
-7.046299999999999564e+00
-2.940900000000000070e+00
-6.335800000000000320e-01
-2.104400000000000048e+00
-4.821799999999999642e+00
-6.821500000000000341e+00
-6.104499999999999815e+00
-2.957100000000000062e+00
1.152500000000000052e-01
3.193799999999999972e+00
4.813900000000000290e+00
5.524300000000000210e+00
6.228299999999999947e+00
6.931300000000000239e+00
8.552099999999999369e+00
1.125000000000000000e+01
1.412400000000000055e+01
1.642500000000000071e+01
1.598799999999999955e+01
1.244900000000000162e+01
8.443599999999999994e+00
4.711500000000000021e+00
1.888700000000000045e+00
2.011000000000000121e+00
2.757699999999999818e+00
3.155800000000000161e+00
2.455099999999999838e+00
1.306699999999999973e+00
5.516100000000000170e-02
-1.918700000000000072e+00
-4.783400000000000318e+00
-9.412699999999999179e+00
-1.726699999999999946e+01
-2.404699999999999704e+01
-2.846999999999999886e+01
-3.002400000000000091e+01
-3.032600000000000051e+01
-2.864400000000000190e+01
-2.625600000000000023e+01
-2.264800000000000324e+01
-1.757900000000000063e+01
-1.324400000000000155e+01
-1.158799999999999919e+01
-1.047700000000000031e+01
-7.586100000000000065e+00
-2.239100000000000090e+00
3.082599999999999785e+00
7.861699999999999910e+00
1.190499999999999936e+01
1.625900000000000034e+01
2.167999999999999972e+01
2.753300000000000125e+01
2.716800000000000281e+01
2.283800000000000097e+01
2.185500000000000043e+01
2.506199999999999761e+01
2.877899999999999991e+01
2.980300000000000082e+01
2.594800000000000040e+01
2.144099999999999895e+01
1.679100000000000037e+01
1.249699999999999989e+01
1.105900000000000105e+01
1.246400000000000041e+01
1.351999999999999957e+01
1.264799999999999969e+01
7.854499999999999815e+00
3.230399999999999938e+00
5.232799999999999951e-02
-2.264600000000000168e+00
-4.102699999999999569e+00
-3.422699999999999854e+00
-1.775199999999999889e+00
1.856799999999999840e-01
4.413899999999999935e+00
9.394000000000000128e+00
8.522299999999999542e+00
9.794100000000000028e-01
-4.755399999999999849e+00
-6.668300000000000338e+00
-8.404700000000000060e+00
-9.957300000000000040e+00
-1.150000000000000000e+01
-1.189599999999999902e+01
-9.516899999999999693e+00
-6.806799999999999962e+00
-4.328599999999999781e+00
-2.580200000000000049e+00
-8.562999999999999501e-01
7.728800000000000114e-01
1.613599999999999923e+00
-2.453599999999999948e-01
-3.014100000000000001e+00
-1.979999999999999982e+00
3.028399999999999981e+00
8.402900000000000702e+00
1.252400000000000091e+01
1.251200000000000045e+01
1.086299999999999955e+01
9.234700000000000131e+00
6.372099999999999653e+00
1.706499999999999906e+00
-2.959299999999999820e+00
-6.896099999999999675e+00
-9.527300000000000324e+00
-1.213599999999999923e+01
-1.375999999999999979e+01
-1.313900000000000112e+01
-1.179599999999999937e+01
-1.045299999999999940e+01
-8.205700000000000216e+00
-4.679700000000000415e+00
-9.170899999999999608e-01
2.534199999999999786e+00
3.809899999999999842e+00
2.351999999999999869e+00
4.818199999999999705e-01
-1.538300000000000001e+00
-3.779900000000000038e+00
-6.527199999999999669e+00
-9.286599999999999966e+00
-1.205299999999999905e+01
-1.417200000000000060e+01
-1.309299999999999997e+01
-1.001299999999999990e+01
-7.306099999999999817e+00
-4.450400000000000134e+00
-1.613799999999999901e+00
1.428399999999999892e+00
4.482099999999999973e+00
7.536699999999999733e+00
9.824500000000000455e+00
8.978400000000000603e+00
6.687199999999999811e+00
4.607000000000000206e+00
1.840799999999999992e+00
-2.295100000000000140e+00
-7.061799999999999855e+00
-1.074699999999999989e+01
-1.120599999999999952e+01
-9.961600000000000676e+00
-8.956500000000000128e+00
-7.743199999999999861e+00
-7.554899999999999949e+00
-8.199899999999999523e+00
-9.031900000000000261e+00
-9.502800000000000580e+00
-9.444499999999999673e+00
-8.700900000000000745e+00
-7.962200000000000166e+00
-6.863599999999999923e+00
-5.440500000000000114e+00
-3.867500000000000160e+00
-2.470099999999999962e+00
-2.531699999999999839e+00
-5.719400000000000261e+00
-8.002399999999999736e+00
-5.863299999999999734e+00
-1.890400000000000080e+00
1.446499999999999897e+00
2.486299999999999955e+00
-4.285100000000000575e-01
-3.305699999999999861e+00
-4.514899999999999913e+00
-2.868700000000000028e+00
-1.095299999999999940e+00
8.209400000000000031e-01
2.507000000000000117e+00
4.346599999999999575e+00
6.373899999999999899e+00
8.402799999999999159e+00
1.043700000000000117e+01
1.247099999999999831e+01
1.431799999999999962e+01
1.633299999999999841e+01
1.834900000000000020e+01
2.036400000000000077e+01
2.111300000000000310e+01
1.807199999999999918e+01
1.322599999999999909e+01
1.019200000000000017e+01
9.707000000000000739e+00
9.389799999999999258e+00
8.262299999999999756e+00
4.714000000000000412e+00
8.166100000000000581e-01
-5.560699999999999532e-01
-2.866599999999999704e-01
-1.925499999999999989e-01
8.350399999999999490e-02
3.710800000000000209e-01
1.259200000000000097e+00
2.932700000000000085e+00
4.415199999999999569e+00
4.093099999999999739e+00
3.403599999999999959e+00
4.349899999999999878e+00
6.736100000000000421e+00
8.766700000000000159e+00
8.620799999999999130e+00
2.868900000000000006e+00
-3.613399999999999945e+00
-5.902099999999999902e+00
-3.795300000000000118e+00
-1.481999999999999984e+00
9.953299999999999370e-01
3.065700000000000092e+00
3.781499999999999861e+00
1.061199999999999921e+00
-2.376199999999999868e+00
-5.624500000000000277e+00
-7.389499999999999957e+00
-5.866399999999999615e+00
-3.838900000000000201e+00
-2.136800000000000033e+00
-3.483900000000000330e-01
3.727900000000000102e-01
-1.792499999999999982e+00
-5.471499999999999808e+00
-8.825100000000000833e+00
-1.222700000000000031e+01
-1.394800000000000040e+01
-1.261900000000000155e+01
-1.097499999999999964e+01
-9.088900000000000645e+00
-7.431300000000000239e+00
-5.677599999999999980e+00
-4.123300000000000409e+00
-2.310099999999999820e+00
-5.776399999999999313e-01
1.118300000000000072e+00
2.866699999999999804e+00
4.442700000000000315e+00
5.114099999999999646e+00
2.536700000000000177e+00
-1.818000000000000060e+00
-5.779499999999999638e+00
-7.582300000000000040e+00
-4.675200000000000244e+00
-1.044999999999999929e+00
2.577300000000000146e+00
5.839299999999999713e+00
8.191499999999999559e+00
9.824799999999999756e+00
1.129199999999999982e+01
1.350099999999999945e+01
1.697700000000000031e+01
2.118099999999999739e+01
2.235099999999999909e+01
1.919900000000000162e+01
1.551500000000000057e+01
1.188499999999999979e+01
7.534799999999999720e+00
2.643899999999999917e+00
-2.097300000000000164e+00
-7.008099999999999774e+00
-9.908599999999999852e+00
-9.170999999999999375e+00
-8.202400000000000801e+00
-7.126999999999999780e+00
-5.844800000000000217e+00
-4.755899999999999572e+00
-3.291799999999999837e+00
-1.634300000000000086e+00
2.293900000000000106e-01
1.874500000000000055e+00
1.260999999999999899e+00
-2.982600000000000140e+00
-7.574200000000000266e+00
-1.214299999999999891e+01
-1.633299999999999841e+01
-2.018400000000000105e+01
-2.138400000000000034e+01
-1.988200000000000145e+01
-1.808599999999999852e+01
-1.621999999999999886e+01
-1.455599999999999916e+01
-1.269700000000000095e+01
-1.115499999999999936e+01
-9.395799999999999486e+00
-7.821900000000000297e+00
-6.131199999999999761e+00
-5.140399999999999636e+00
-4.547600000000000087e+00
-4.274600000000000399e+00
-3.768499999999999961e+00
-3.256899999999999906e+00
-2.739199999999999857e+00
-2.181999999999999940e+00
-1.058599999999999985e+00
5.969300000000000717e-01
2.068400000000000016e+00
3.737299999999999844e+00
5.260900000000000354e+00
6.428099999999999703e+00
7.236900000000000333e+00
7.848700000000000010e+00
7.915499999999999758e+00
7.430799999999999628e+00
6.907700000000000173e+00
6.522899999999999920e+00
5.970600000000000129e+00
5.455199999999999605e+00
4.672500000000000320e+00
3.197499999999999787e+00
1.686700000000000088e+00
4.780800000000000050e-01
-4.491499999999999937e-01
-2.848900000000000321e-01
6.088899999999999313e-01
1.508999999999999897e+00
2.040500000000000203e+00
2.016700000000000159e+00
1.975000000000000089e+00
3.436700000000000088e+00
8.260099999999999554e+00
1.401400000000000112e+01
1.793499999999999872e+01
1.710099999999999909e+01
1.408500000000000085e+01
1.340799999999999947e+01
1.413900000000000112e+01
1.428299999999999947e+01
1.243799999999999883e+01
9.875199999999999534e+00
8.721299999999999386e+00
9.157600000000000406e+00
8.385600000000000165e+00
6.577899999999999636e+00
5.305299999999999905e+00
4.944799999999999862e+00
4.771099999999999675e+00
4.597199999999999953e+00
4.273299999999999876e+00
3.780499999999999972e+00
2.920300000000000118e+00
9.502799999999999025e-01
-1.756899999999999906e+00
-4.135399999999999743e+00
-6.174900000000000055e+00
-7.312500000000000000e+00
-4.651099999999999568e+00
-2.688500000000000351e-03
-7.839000000000000412e-01
-4.091499999999999915e+00
-4.868199999999999861e+00
-4.378300000000000303e+00
-3.870600000000000041e+00
-3.298900000000000166e+00
-2.877899999999999903e+00
-2.999099999999999877e+00
-4.547699999999999854e+00
-6.440900000000000070e+00
-8.184400000000000119e+00
-8.788100000000000023e+00
-7.828299999999999592e+00
-6.811700000000000088e+00
-5.886899999999999800e+00
-5.112499999999999822e+00
-4.539299999999999891e+00
-3.770599999999999952e+00
-3.017500000000000071e+00
-2.083099999999999952e+00
-9.674000000000000377e-01
-3.224599999999999689e-02
1.075199999999999934e+00
1.983899999999999997e+00
2.711800000000000210e+00
3.263999999999999790e+00
3.990000000000000213e+00
5.077700000000000102e+00
6.702499999999999680e+00
8.324400000000000688e+00
8.499900000000000233e+00
6.842699999999999783e+00
4.796100000000000030e+00
1.304400000000000004e+00
-3.224299999999999944e+00
-7.470699999999999896e+00
-1.060599999999999987e+01
-1.025200000000000067e+01
-8.383599999999999497e+00
-7.773799999999999599e+00
-9.169499999999999318e+00
-1.095299999999999940e+01
-9.731600000000000250e+00
-6.736200000000000188e+00
-3.973599999999999799e+00
-1.612600000000000033e+00
-6.047799999999999843e-01
-2.679800000000000182e+00
-5.128099999999999881e+00
-6.910300000000000331e+00
-7.515100000000000335e+00
-7.578599999999999781e+00
-7.634800000000000253e+00
-8.220900000000000318e+00
-8.615899999999999892e+00
-9.733900000000000219e+00
-1.193599999999999994e+01
-1.378500000000000014e+01
-1.437299999999999933e+01
-1.441999999999999993e+01
-1.428700000000000081e+01
-1.270500000000000007e+01
-9.833899999999999864e+00
-6.911800000000000388e+00
-4.144599999999999618e+00
-1.952299999999999924e+00
-1.979899999999999993e-01
1.492099999999999982e+00
3.376599999999999824e+00
5.110000000000000320e+00
6.508899999999999686e+00
6.821500000000000341e+00
6.771600000000000286e+00
6.722699999999999676e+00
6.672399999999999665e+00
6.990599999999999703e+00
7.533800000000000274e+00
8.276699999999999946e+00
9.019199999999999662e+00
9.581599999999999895e+00
1.014200000000000124e+01
9.256199999999999761e+00
7.647700000000000387e+00
6.219500000000000028e+00
4.604300000000000281e+00
3.324300000000000033e+00
3.629799999999999915e+00
5.374799999999999578e+00
7.324399999999999800e+00
9.151300000000000878e+00
1.063599999999999923e+01
1.067300000000000004e+01
9.611599999999999255e+00
8.887999999999999901e+00
7.770199999999999996e+00
5.923199999999999577e+00
3.720499999999999918e+00
1.512399999999999967e+00
3.884099999999999775e-01
1.415599999999999969e+00
3.173399999999999999e+00
4.931499999999999773e+00
6.507699999999999818e+00
7.180600000000000094e+00
6.760699999999999932e+00
6.337799999999999656e+00
5.724599999999999689e+00
5.293700000000000294e+00
3.964500000000000135e+00
1.543600000000000083e+00
-1.224699999999999900e+00
-2.716000000000000192e+00
1.775500000000000078e+00
5.535199999999999676e+00
4.412200000000000011e-01
-4.252600000000000158e+00
-4.931899999999999729e+00
-3.089799999999999880e+00
-1.595699999999999896e+00
9.007799999999999141e-02
7.232199999999999740e-01
1.174900000000000055e+00
1.453799999999999981e+00
1.538499999999999979e+00
8.876500000000000501e-01
-5.193300000000000693e-01
-1.744299999999999962e+00
-3.331199999999999939e+00
-5.633399999999999963e+00
-8.104200000000000514e+00
-1.040200000000000102e+01
-1.215400000000000169e+01
-1.374000000000000021e+01
-1.534999999999999964e+01
-1.660500000000000043e+01
-1.677400000000000091e+01
-1.657499999999999929e+01
-1.565200000000000102e+01
-1.417300000000000004e+01
-1.268999999999999950e+01
-1.120299999999999940e+01
-9.737600000000000477e+00
-8.327600000000000335e+00
-6.767900000000000027e+00
-5.021399999999999864e+00
-3.274000000000000021e+00
-1.701899999999999968e+00
-1.284099999999999964e-01
1.457100000000000062e+00
3.217999999999999972e+00
4.797699999999999854e+00
6.029499999999999638e+00
7.105400000000000382e+00
8.020500000000000185e+00
9.108200000000000074e+00
1.020599999999999952e+01
1.147400000000000020e+01
1.274000000000000021e+01
1.290200000000000102e+01
1.233200000000000074e+01
1.158300000000000018e+01
1.083400000000000141e+01
9.722899999999999210e+00
7.520699999999999719e+00
5.125499999999999723e+00
3.435799999999999965e+00
3.748800000000000132e+00
4.777400000000000091e+00
4.540799999999999947e+00
2.315599999999999881e+00
2.765500000000000180e-01
-3.191199999999999593e-01
-1.939599999999999935e-01
-6.873700000000000643e-02
6.575399999999999301e-02
3.976000000000000090e-01
7.501600000000000490e-01
1.104100000000000081e+00
1.486099999999999977e+00
2.278000000000000025e+00
3.616800000000000015e+00
4.769599999999999618e+00
4.654899999999999594e+00
3.631800000000000139e+00
2.568999999999999950e+00
1.651100000000000012e+00
9.264499999999999957e-01
1.956499999999999906e-01
-5.233300000000000729e-01
-1.215700000000000003e+00
-1.876900000000000013e+00
-2.182500000000000107e+00
-2.481399999999999828e+00
-2.780299999999999994e+00
-3.977500000000000036e+00
-5.499600000000000044e+00
-6.503300000000000303e+00
-5.972599999999999909e+00
-4.750799999999999912e+00
-3.517500000000000071e+00
-2.469700000000000006e+00
-1.784000000000000030e+00
-1.978699999999999903e+00
-2.465100000000000069e+00
-2.725000000000000089e+00
-2.999000000000000110e+00
-3.276899999999999924e+00
-3.465199999999999836e+00
-3.553500000000000103e+00
-3.630500000000000060e+00
-3.704899999999999860e+00
-3.780800000000000161e+00
-3.857800000000000118e+00
-3.914499999999999869e+00
-4.152899999999999814e+00
-4.209800000000000431e+00
-4.248700000000000365e+00
-4.223799999999999777e+00
-3.432500000000000107e+00
-1.237500000000000044e+00
1.063600000000000101e+00
3.324699999999999989e+00
5.778800000000000381e+00
7.891899999999999693e+00
9.149200000000000443e+00
9.697900000000000631e+00
1.024499999999999922e+01
1.079700000000000060e+01
1.137800000000000011e+01
1.198700000000000010e+01
1.259500000000000064e+01
1.266200000000000081e+01
1.111400000000000077e+01
8.853799999999999670e+00
6.782399999999999984e+00
5.051300000000000345e+00
4.000600000000000378e+00
3.111099999999999977e+00
2.052299999999999791e+00
1.350300000000000056e+00
1.008899999999999908e+00
1.029300000000000104e+00
8.692499999999999671e-01
7.023699999999999388e-01
-3.461600000000000007e-03
-1.075599999999999890e+00
-2.140299999999999869e+00
-3.027499999999999858e+00
-3.919999999999999929e+00
-4.624799999999999578e+00
-5.355299999999999727e+00
-6.118299999999999628e+00
-6.887900000000000134e+00
-7.107599999999999696e+00
-6.793800000000000061e+00
-6.479300000000000281e+00
-6.163700000000000401e+00
-6.037799999999999834e+00
-6.091400000000000148e+00
-6.314300000000000246e+00
-6.312000000000000277e+00
-6.097900000000000098e+00
-4.800300000000000011e+00
-2.964100000000000179e+00
-3.655400000000000205e+00
-6.511199999999999655e+00
-9.185499999999999332e+00
-1.059500000000000064e+01
-9.504899999999999238e+00
-8.064500000000000668e+00
-6.806300000000000239e+00
-6.089699999999999669e+00
-5.381199999999999761e+00
-4.665300000000000225e+00
-3.951000000000000068e+00
-3.267700000000000049e+00
-2.442600000000000104e+00
-1.442399999999999904e+00
-2.621300000000000296e-01
1.827700000000000102e+00
5.054800000000000182e+00
7.801899999999999835e+00
8.739200000000000301e+00
8.596399999999999153e+00
8.460800000000000765e+00
7.078599999999999781e+00
4.973300000000000054e+00
2.671899999999999942e+00
6.760000000000000453e-01
-1.014100000000000001e+00
-2.704600000000000115e+00
-4.377299999999999969e+00
-5.818500000000000227e+00
-7.408400000000000318e+00
-9.012199999999999989e+00
-1.024099999999999966e+01
-9.668200000000000571e+00
-7.124399999999999622e+00
-4.813799999999999635e+00
-2.876399999999999846e+00
-3.290200000000000014e+00
-5.507100000000000328e+00
-7.362000000000000099e+00
-8.474700000000000344e+00
-7.404499999999999638e+00
-5.985100000000000087e+00
-4.552900000000000169e+00
-2.584499999999999797e+00
6.479899999999999549e-01
4.063299999999999912e+00
7.478799999999999670e+00
1.033699999999999974e+01
1.048299999999999876e+01
9.358399999999999608e+00
8.412699999999999179e+00
7.474499999999999922e+00
7.072799999999999976e+00
7.561399999999999899e+00
8.056699999999999307e+00
8.727399999999999380e+00
9.216100000000000847e+00
8.988699999999999690e+00
7.669400000000000439e+00
6.537200000000000344e+00
5.224499999999999922e+00
4.093700000000000117e+00
3.510899999999999910e+00
2.927999999999999936e+00
2.190399999999999903e+00
1.652600000000000069e+00
3.905300000000000438e-01
-2.497799999999999798e+00
-5.387199999999999989e+00
-7.376800000000000246e+00
-7.005399999999999849e+00
-5.720100000000000406e+00
-4.429499999999999993e+00
-3.325600000000000112e+00
-2.945600000000000218e+00
-2.920100000000000140e+00
-2.902000000000000135e+00
-2.888700000000000045e+00
-2.920100000000000140e+00
-2.807900000000000063e+00
-2.695500000000000007e+00
-2.402499999999999858e+00
-2.101300000000000168e+00
-1.588999999999999968e+00
-8.640200000000001213e-01
4.038300000000000223e-01
1.860300000000000065e+00
3.127499999999999947e+00
4.216999999999999638e+00
5.123700000000000365e+00
6.212600000000000122e+00
6.757900000000000240e+00
7.099899999999999878e+00
7.926199999999999690e+00
9.650900000000000034e+00
1.193099999999999916e+01
1.372700000000000031e+01
1.357000000000000028e+01
1.196099999999999852e+01
1.053900000000000148e+01
8.931100000000000705e+00
6.965900000000000425e+00
4.996100000000000207e+00
3.395199999999999996e+00
2.511000000000000121e+00
1.995800000000000018e+00
1.474499999999999922e+00
9.586899999999999311e-01
4.444399999999999462e-01
2.926099999999999812e-01
1.398199999999999998e-01
-1.392899999999999867e-02
2.206299999999999928e-02
-3.165699999999999625e-01
-1.009500000000000064e+00
-1.896500000000000075e+00
-2.620699999999999807e+00
-3.165599999999999969e+00
-1.717500000000000027e+00
2.706800000000000317e-01
6.328600000000000891e-01
-6.336399999999999810e-01
-1.898700000000000054e+00
-3.164699999999999847e+00
-4.434199999999999697e+00
-5.517900000000000027e+00
-6.240400000000000169e+00
-7.141899999999999693e+00
-7.863699999999999690e+00
-8.765900000000000247e+00
-9.305400000000000560e+00
-9.476599999999999469e+00
-9.441100000000000492e+00
-9.580799999999999983e+00
-9.900700000000000500e+00
-1.039499999999999957e+01
-1.092099999999999937e+01
-1.114000000000000057e+01
-1.047000000000000064e+01
-9.429100000000000037e+00
-8.576800000000000423e+00
-7.355500000000000149e+00
-5.940500000000000114e+00
-4.519300000000000317e+00
-3.103800000000000114e+00
-1.681999999999999940e+00
-4.467499999999999805e-01
9.755899999999999572e-01
2.035899999999999821e+00
2.030499999999999972e+00
1.302400000000000002e+00
5.806700000000000195e-01
-1.470100000000000018e-01
-1.049800000000000066e+00
-2.120299999999999851e+00
-3.346499999999999808e+00
-4.577799999999999869e+00
-4.362800000000000011e+00
-2.178399999999999892e+00
3.581500000000000239e-01
2.711800000000000210e+00
4.711299999999999599e+00
6.347500000000000142e+00
8.011699999999999378e+00
9.673799999999999955e+00
1.116200000000000081e+01
1.174200000000000088e+01
1.178299999999999947e+01
1.181900000000000084e+01
1.168599999999999994e+01
1.139200000000000124e+01
9.824799999999999756e+00
7.529899999999999594e+00
5.588000000000000078e+00
4.708400000000000141e+00
4.730999999999999872e+00
4.755099999999999660e+00
4.960700000000000109e+00
5.519700000000000273e+00
5.899600000000000399e+00
6.427999999999999936e+00
6.582900000000000418e+00
5.839400000000000368e+00
4.733699999999999797e+00
3.809899999999999842e+00
2.711899999999999977e+00
1.818899999999999961e+00
7.697599999999999998e-01
-9.644700000000000495e-02
-7.848100000000000076e-01
-9.280000000000000471e-01
-5.479300000000000281e-01
-1.816500000000000059e-01
1.727499999999999869e-01
8.958399999999999697e-01
1.785199999999999898e+00
2.476399999999999935e+00
3.342699999999999783e+00
4.214100000000000179e+00
4.361200000000000188e+00
3.057199999999999918e+00
1.028799999999999937e+00
-1.000999999999999890e+00
-2.842600000000000016e+00
-3.417600000000000193e+00
-2.495299999999999851e+00
-1.529700000000000060e+00
-1.288300000000000001e+00
-2.137199999999999989e+00
-3.004199999999999982e+00
-3.923700000000000188e+00
-4.679499999999999993e+00
-5.425099999999999589e+00
-5.994200000000000195e+00
-6.559599999999999653e+00
-7.472000000000000419e+00
-8.565599999999999881e+00
-9.652400000000000091e+00
-1.091499999999999915e+01
-1.199000000000000021e+01
-1.287900000000000134e+01
-1.300500000000000078e+01
-1.217099999999999937e+01
-1.116099999999999959e+01
-9.966799999999999216e+00
-8.439600000000000435e+00
-6.853699999999999903e+00
-5.317599999999999660e+00
-3.699800000000000200e+00
-2.361000000000000210e+00
-2.274999999999999911e+00
-3.288400000000000212e+00
-4.308300000000000018e+00
-5.378000000000000114e+00
-6.285400000000000098e+00
-6.831999999999999851e+00
-7.558900000000000396e+00
-8.286099999999999355e+00
-8.116199999999999193e+00
-6.486399999999999721e+00
-4.869200000000000195e+00
-3.239399999999999835e+00
-1.622500000000000053e+00
1.890099999999999836e-01
1.631799999999999917e+00
2.892900000000000027e+00
3.975000000000000089e+00
5.236100000000000421e+00
6.316699999999999982e+00
7.397400000000000198e+00
7.935399999999999565e+00
8.292999999999999261e+00
8.830999999999999517e+00
9.188800000000000523e+00
9.907299999999999329e+00
1.097599999999999909e+01
1.223099999999999987e+01
1.348099999999999987e+01
1.455499999999999972e+01
1.438199999999999967e+01
1.223299999999999876e+01
9.903900000000000148e+00
7.573500000000000121e+00
5.606399999999999828e+00
4.535199999999999676e+00
3.990099999999999980e+00
3.231300000000000061e+00
2.667300000000000004e+00
2.507499999999999840e+00
3.091400000000000148e+00
3.480999999999999872e+00
4.058799999999999741e+00
4.086299999999999599e+00
3.398800000000000043e+00
2.523400000000000087e+00
1.636500000000000066e+00
7.548699999999999299e-01
-1.329799999999999871e-01
-8.338299999999999601e-01
-1.539600000000000080e+00
-2.600800000000000001e+00
-4.386300000000000310e+00
-6.719299999999999606e+00
-9.046900000000000830e+00
-1.083000000000000007e+01
-1.081200000000000117e+01
-1.041200000000000081e+01
-9.999800000000000466e+00
-9.401500000000000412e+00
-8.795899999999999608e+00
-8.200200000000000600e+00
-7.651799999999999713e+00
-6.958800000000000097e+00
-6.264800000000000146e+00
-5.390399999999999636e+00
-4.689899999999999736e+00
-3.815100000000000158e+00
-3.120299999999999851e+00
-2.418800000000000061e+00
-1.892300000000000093e+00
-1.533099999999999907e+00
-1.891399999999999970e+00
-3.159299999999999997e+00
-4.427999999999999936e+00
-4.428300000000000125e+00
-1.892099999999999893e+00
1.363799999999999901e+00
4.438399999999999679e+00
6.615099999999999980e+00
7.888300000000000090e+00
8.980700000000000571e+00
1.025400000000000134e+01
1.116599999999999859e+01
1.207799999999999940e+01
1.281099999999999994e+01
1.336299999999999955e+01
1.229400000000000048e+01
1.068200000000000038e+01
8.915599999999999525e+00
7.518900000000000361e+00
6.295499999999999652e+00
5.260699999999999932e+00
4.226399999999999935e+00
2.823900000000000077e+00
1.053399999999999892e+00
-7.281400000000000095e-01
-2.148299999999999876e+00
-2.301099999999999923e+00
-1.549900000000000055e+00
-9.851200000000001067e-01
-8.838999999999999635e-02
7.948600000000000110e-01
1.860300000000000065e+00
2.931599999999999984e+00
2.787500000000000089e+00
6.926800000000000734e-01
-1.400400000000000089e+00
-3.674599999999999866e+00
-5.766499999999999737e+00
-6.954500000000000348e+00
-6.876199999999999868e+00
-6.614300000000000068e+00
-6.534900000000000375e+00
-6.266799999999999926e+00
-6.030000000000000249e+00
-6.011599999999999611e+00
-5.823400000000000354e+00
-5.266200000000000436e+00
-4.717299999999999827e+00
-4.158800000000000274e+00
-3.599699999999999900e+00
-3.041300000000000114e+00
-3.005399999999999849e+00
-3.493700000000000028e+00
-3.798399999999999999e+00
-4.097000000000000419e+00
-4.401600000000000179e+00
-4.343300000000000161e+00
-3.199300000000000033e+00
-9.884600000000000053e-01
1.023400000000000087e+00
2.854200000000000070e+00
4.144400000000000084e+00
4.891499999999999737e+00
5.822199999999999598e+00
6.021899999999999586e+00
5.318599999999999994e+00
4.429499999999999993e+00
4.089900000000000091e+00
3.582300000000000040e+00
