1.933900000000000063e-01
2.808100000000000041e+00
4.250499999999999723e+00
1.397100000000000009e+00
-2.752800000000000136e+00
-3.768899999999999917e+00
-5.494899999999999229e-01
3.413199999999999790e+00
1.866900000000000004e+00
-3.692600000000000104e+00
-3.750799999999999912e+00
-2.179300000000000126e-01
1.656600000000000072e+00
3.078100000000000058e+00
3.184800000000000075e+00
2.074900000000000078e-01
-2.941699999999999982e+00
-3.751999999999999780e+00
5.521899999999999586e-01
7.868299999999999628e+00
8.981600000000000250e+00
3.478600000000000136e+00
-1.626700000000000035e+00
-6.252699999999999925e+00
-6.552299999999999791e+00
-2.693700000000000205e+00
1.392300000000000093e+00
6.973600000000000243e+00
8.771699999999999164e+00
-4.611199999999999743e-01
-1.498499999999999943e+01
-1.511999999999999922e+01
-6.726399999999999935e+00
-5.840800000000000436e-01
1.591499999999999915e+01
1.431799999999999962e+01
-7.442599999999999660e+00
-1.306499999999999950e+01
-1.072700000000000031e+01
-5.798199999999999577e+00
1.195199999999999996e+01
1.446400000000000041e+01
4.590399999999999814e+00
2.920499999999999763e-01
2.395599999999999952e+00
-1.064100000000000046e+00
-6.769400000000000084e+00
2.368900000000000006e+00
4.657399999999999873e-01
-4.868900000000000006e+00
1.073200000000000109e+01
1.093999999999999950e+01
-1.986699999999999910e+00
5.182699999999999640e+00
1.528400000000000070e+01
5.389300000000000423e+00
-1.106900000000000084e+01
-2.252400000000000091e+01
-1.762699999999999889e+01
-1.898700000000000054e+00
1.787800000000000011e+01
1.712599999999999767e+01
1.421400000000000163e-01
-8.306599999999999540e+00
-1.442300000000000004e+01
-1.316900000000000048e+01
-3.056200000000000028e+00
9.110699999999999577e+00
1.442699999999999960e+01
1.000600000000000023e+01
-4.268099999999999561e+00
-2.077100000000000080e+01
-6.833999999999999631e+00
2.108399999999999963e+01
2.782400000000000162e+01
1.151299999999999990e+01
2.538599999999999746e-01
-1.558599999999999985e+00
-6.634199999999999875e+00
-1.420800000000000018e+01
-1.336800000000000033e+01
2.415200000000000014e+00
1.383300000000000018e+01
9.996399999999999508e+00
1.452599999999999980e+01
1.216300000000000026e+01
-7.671000000000000263e+00
-1.562700000000000067e+01
-1.321000000000000085e+01
-7.725200000000000067e+00
-4.419500000000000095e-01
6.386000000000000121e+00
1.263299999999999912e+01
1.563299999999999912e+01
1.037500000000000000e+01
-2.575300000000000367e-01
-9.687699999999999534e+00
-1.158099999999999952e+01
-5.020399999999999308e-01
1.281599999999999895e+01
1.905900000000000105e+01
1.204599999999999937e+01
2.665500000000000203e+00
-9.991799999999999571e+00
-1.967099999999999937e+01
-9.573499999999999233e+00
-5.561599999999999877e-01
-6.887300000000000644e-01
-2.638300000000000090e+00
-1.663399999999999990e+00
5.792900000000000382e+00
1.044500000000000028e+01
7.540899999999999714e+00
-8.881299999999999750e-01
-7.236200000000000188e+00
-1.172000000000000064e+01
-8.936500000000000554e+00
-1.505300000000000082e+00
1.197799999999999976e+00
-3.160800000000000054e+00
-7.563600000000000101e+00
-9.058500000000000441e+00
-7.214299999999999713e+00
-1.613600000000000034e-01
5.402599999999999625e+00
4.480699999999999683e+00
-8.067100000000000382e-01
-5.437000000000000277e+00
-9.419200000000000017e+00
-8.051500000000000767e+00
-7.078599999999999781e+00
-1.010100000000000087e+01
-8.686299999999999244e+00
6.788300000000000445e-01
9.255300000000000082e+00
4.230400000000000382e+00
2.254000000000000004e+00
4.227800000000000447e-01
-4.454399999999999693e+00
5.501299999999999635e+00
-2.174500000000000099e+00
-1.296299999999999919e+01
-1.170700000000000074e+01
-4.869100000000000428e+00
2.173200000000000021e+00
5.327799999999999869e+00
1.902700000000000102e+01
1.445800000000000018e+01
-1.397899999999999920e+00
-6.267599999999999838e+00
-1.399799999999999933e+01
-1.806500000000000128e+01
-1.798999999999999844e+01
-1.522900000000000098e+01
-1.254499999999999993e+01
-4.959699999999999775e+00
8.103099999999999525e+00
1.003800000000000026e+01
1.697599999999999998e+00
-2.081900000000000084e+00
-5.936399999999999899e+00
-9.606099999999999639e+00
-1.694699999999999918e+01
-2.386800000000000033e+00
1.499099999999999966e+01
5.358600000000000030e+00
1.782000000000000028e+00
4.828999999999999737e+00
-7.059700000000000308e+00
-2.041400000000000148e+01
-5.671000000000000263e+00
8.900600000000000733e+00
-1.730799999999999894e+00
-8.452400000000000801e+00
4.320499999999999896e-01
-1.102700000000000102e+01
-2.745599999999999952e+01
-1.261099999999999888e+01
9.596299999999999386e+00
1.480799999999999983e+01
-2.323500000000000121e+00
-4.554499999999999993e+00
-3.778799999999999937e+00
-8.058299999999999130e+00
1.334899999999999975e+00
6.956199999999999939e+00
-1.274499999999999966e+00
-1.295199999999999996e+01
-2.309099999999999753e+01
-1.286599999999999966e+01
-1.985600000000000032e+00
-1.872600000000000042e+00
2.570599999999999952e+01
6.477400000000000269e+00
-2.839400000000000190e+01
-1.095299999999999940e+01
-1.302599999999999980e+01
-1.809600000000000009e+01
-4.615199999999999858e-01
1.286700000000000088e+01
1.942900000000000205e+01
6.320000000000000062e-01
-1.163499999999999979e+01
-4.034799999999999720e+00
4.586299999999999599e+00
1.900400000000000134e+01
1.983400000000000052e+00
-2.614199999999999946e+01
-1.918499999999999872e+01
-1.363900000000000112e+01
-1.217200000000000060e+01
-1.885200000000000031e+01
-4.724999999999999645e+00
1.408699999999999974e+01
-8.952700000000000102e+00
-3.499499999999999833e+00
-4.059499999999999886e+00
-1.958999999999999986e+01
4.093399999999999928e+00
9.586600000000000676e+00
-1.726099999999999923e+01
-1.586200000000000010e+01
4.672600000000000087e+00
8.447100000000000719e+00
2.633199999999999719e+01
1.481799999999999962e+01
-1.391499999999999915e+01
-2.767999999999999972e+01
-1.098900000000000077e+01
3.085699999999999932e+01
1.542400000000000126e+01
7.418199999999999683e+00
3.541300000000000381e+01
3.128500000000000014e+01
4.924899999999999523e+01
5.996100000000000563e+01
1.764799999999999969e+01
8.726299999999999102e+01
1.227300000000000040e+02
9.473399999999999466e+01
1.099000000000000057e+02
9.658700000000000330e+01
9.405200000000000671e+01
7.465200000000000102e+01
8.926100000000000989e+01
1.309099999999999966e+02
1.324900000000000091e+02
1.253599999999999994e+02
7.877500000000000568e+01
1.842599999999999838e+01
-3.751800000000000068e+01
-1.017199999999999989e+02
-1.531299999999999955e+02
-1.197999999999999972e+02
-1.398499999999999943e+02
-1.682299999999999898e+02
-1.363199999999999932e+02
-9.070799999999999841e+01
-1.287199999999999989e+01
6.685500000000000398e+01
5.795499999999999829e+01
2.234699999999999775e+01
4.181099999999999817e+00
3.311399999999999899e+00
-3.955300000000000438e+01
-1.176400000000000006e+02
-9.317799999999999727e+01
-1.184599999999999937e+02
-1.693199999999999932e+02
-1.618600000000000136e+02
-1.412599999999999909e+02
-7.371399999999999864e+01
-4.326899999999999835e+01
6.467900000000000205e+00
3.905599999999999739e+01
2.008099999999999952e+01
3.367399999999999949e+01
2.510999999999999943e+01
6.535399999999999920e+01
9.791700000000000159e+01
7.962800000000000011e+01
6.940699999999999648e+01
4.478000000000000114e+01
2.310399999999999920e+01
-4.731700000000000017e+01
-1.232300000000000040e+02
-7.080700000000000216e+01
5.796399999999999864e+01
1.549900000000000091e+02
1.446399999999999864e+02
1.358600000000000136e+02
1.417199999999999989e+02
1.566200000000000045e+02
1.874000000000000057e+02
1.956399999999999864e+02
1.572800000000000011e+02
8.822899999999999920e+01
-3.087400000000000233e+01
-1.283199999999999932e+02
-1.324600000000000080e+02
-1.647800000000000011e+02
-2.833199999999999932e+02
-3.602400000000000091e+02
-3.517900000000000205e+02
-2.657200000000000273e+02
-8.654000000000000625e+01
1.365999999999999943e+02
2.785099999999999909e+02
3.186100000000000136e+02
3.362400000000000091e+02
3.360500000000000114e+02
3.069700000000000273e+02
2.129000000000000057e+02
5.385100000000000620e+01
-6.090699999999999648e+01
-1.589099999999999966e+02
-2.009600000000000080e+02
-2.093799999999999955e+02
-2.533100000000000023e+02
-2.540699999999999932e+02
-1.703700000000000045e+02
-1.157199999999999989e+02
-8.762700000000000955e+01
-6.242399999999999949e+01
-2.391400000000000148e+01
3.132300000000000040e+01
3.896900000000000119e+01
-2.865599999999999881e+01
-9.599500000000000455e+01
-1.368199999999999932e+02
-9.561799999999999500e+01
2.333800000000000097e+01
1.334600000000000080e+02
1.599600000000000080e+02
1.098499999999999943e+02
7.819599999999999795e+01
5.887500000000000000e+01
-1.015700000000000003e+01
-1.541800000000000068e+02
-2.453199999999999932e+02
-1.127300000000000040e+02
7.864699999999999136e+01
1.461599999999999966e+02
4.307000000000000028e+01
-3.174900000000000233e+01
7.789900000000000091e+01
1.934799999999999898e+02
1.856100000000000136e+02
1.772299999999999898e+02
1.880600000000000023e+02
1.663700000000000045e+02
8.475499999999999545e+01
-7.566700000000000159e+01
-2.285699999999999932e+02
-2.961200000000000045e+02
-3.120000000000000000e+02
-3.473199999999999932e+02
-3.596600000000000250e+02
-2.698299999999999841e+02
-9.630899999999999750e+01
4.717100000000000648e+01
5.934000000000000341e+01
8.007999999999999829e+01
1.486399999999999864e+02
2.232899999999999920e+02
2.923799999999999955e+02
3.147699999999999818e+02
2.699800000000000182e+02
2.115800000000000125e+02
2.189300000000000068e+02
2.724599999999999795e+02
2.696200000000000045e+02
1.803100000000000023e+02
-1.107500000000000000e+02
-5.754600000000000364e+02
-7.656499999999999773e+02
-6.513200000000000500e+02
-5.277799999999999727e+02
-4.566100000000000136e+02
-3.391800000000000068e+02
-7.514399999999999125e+01
2.927200000000000273e+02
4.106200000000000045e+02
3.788000000000000114e+02
3.038700000000000045e+02
1.770300000000000011e+02
7.050900000000000034e+01
1.594099999999999966e+02
3.427099999999999795e+02
2.882799999999999727e+02
7.734799999999999898e+01
-1.665999999999999943e+02
-2.874900000000000091e+02
-2.002500000000000000e+02
-1.137399999999999949e+02
-4.321800000000000352e+01
3.317499999999999716e+01
1.065400000000000063e+02
1.717700000000000102e+02
2.585799999999999841e+02
3.167799999999999727e+02
1.979099999999999966e+02
-1.472299999999999898e+01
-1.059800000000000040e+02
5.883000000000000007e+00
8.947299999999999898e+01
1.206299999999999883e+01
-6.173100000000000165e+01
-3.098600000000000065e+01
8.016199999999999193e+01
1.579600000000000080e+02
1.347100000000000080e+02
9.285399999999999920e+01
8.501600000000000534e+01
1.209899999999999949e+02
1.439699999999999989e+02
9.630200000000000671e+01
-7.445100000000000051e+00
-1.180799999999999983e+02
-1.495699999999999932e+02
-1.645399999999999920e+02
-2.328100000000000023e+02
-3.081600000000000250e+02
-3.069100000000000250e+02
-1.771500000000000057e+02
4.892499999999999716e+01
2.421299999999999955e+02
2.321299999999999955e+02
1.603400000000000034e+02
1.428899999999999864e+02
1.170499999999999972e+02
6.833499999999999375e+01
5.190200000000000102e+01
4.131399999999999295e+01
-8.415300000000000225e+00
-2.951999999999999957e+01
-2.369300000000000139e+01
-7.996699999999999875e+01
-1.723700000000000045e+02
-2.415099999999999909e+02
-2.320099999999999909e+02
-1.739699999999999989e+02
-1.587100000000000080e+02
-1.659099999999999966e+02
-1.491999999999999886e+02
-8.543000000000000682e+01
-1.252200000000000024e+01
2.378600000000000048e+00
-1.686200000000000188e+01
-2.313000000000000167e+00
3.375999999999999801e+01
2.163599999999999923e+01
-3.422500000000000142e+01
-4.172200000000000131e+01
-1.798000000000000043e+01
-4.039600000000000080e+01
-9.435399999999999920e+01
-1.230499999999999972e+02
-1.120499999999999972e+02
-7.256600000000000250e+01
-3.816300000000000381e+01
-7.448699999999999655e+00
1.575599999999999845e+01
1.254099999999999859e+01
-7.931700000000000195e+00
-1.364499999999999957e+01
8.174099999999999255e+00
3.792499999999999716e+01
5.642899999999999494e+01
6.679399999999999693e+01
7.471099999999999852e+01
8.129500000000000171e+01
8.045999999999999375e+01
6.304800000000000182e+01
2.876500000000000057e+01
-6.190699999999999648e+00
-1.870100000000000051e+01
-1.907600000000000051e+01
-7.301199999999999690e+00
1.529599999999999937e+01
3.093800000000000239e+01
2.766300000000000026e+01
2.727800000000000225e+01
3.327100000000000080e+01
3.724499999999999744e+01
2.442699999999999960e+01
-3.577500000000000124e+00
-5.042399999999999771e+00
2.738899999999999935e+01
4.317000000000000171e+01
1.942000000000000171e+01
-1.282400000000000162e+01
-1.558699999999999974e+01
4.502200000000000202e+00
1.691400000000000148e+01
1.531299999999999883e+01
1.507799999999999940e+01
3.133300000000000196e+01
5.429200000000000159e+01
6.563600000000000989e+01
6.626800000000000068e+01
5.692499999999999716e+01
5.018699999999999761e+01
4.658399999999999608e+01
3.819400000000000261e+01
3.870400000000000063e+01
6.162100000000000222e+01
9.022899999999999920e+01
1.005999999999999943e+02
8.843099999999999739e+01
7.325199999999999534e+01
4.854699999999999704e+01
1.883799999999999919e+00
-5.292300000000000182e+01
-9.088899999999999579e+01
-9.427700000000000102e+01
-8.046999999999999886e+01
-5.679100000000000392e+01
-2.840199999999999747e+01
-1.945200000000000173e+01
-2.707199999999999918e+01
-2.296300000000000097e+01
-8.714399999999999480e+00
1.817199999999999926e+00
9.596399999999999153e+00
1.940099999999999980e+01
3.149900000000000233e+01
4.535499999999999687e+01
5.089999999999999858e+01
3.221099999999999852e+01
5.569099999999999717e+00
-1.522499999999999964e+00
2.326299999999999812e+00
4.843600000000000350e+00
5.660300000000000331e+00
1.571400000000000041e+01
4.640899999999999892e+01
7.120799999999999841e+01
8.538899999999999579e+01
9.178200000000001069e+01
7.736299999999999955e+01
6.285000000000000142e+01
6.461100000000000421e+01
7.104399999999999693e+01
6.019200000000000017e+01
3.616199999999999903e+01
1.223900000000000077e+01
-7.004599999999999937e+00
-8.471199999999999619e+00
-6.755700000000000038e+00
-3.383500000000000085e+01
-5.858800000000000097e+01
-7.090999999999999659e+01
-9.217799999999999727e+01
-1.241099999999999994e+02
-1.496599999999999966e+02
-1.591800000000000068e+02
-1.501200000000000045e+02
-1.339699999999999989e+02
-1.184699999999999989e+02
-1.186400000000000006e+02
-1.265799999999999983e+02
-1.252900000000000063e+02
-1.162600000000000051e+02
-1.060799999999999983e+02
-9.337299999999999045e+01
-7.163400000000000034e+01
-3.395300000000000296e+01
8.418799999999999173e+00
5.335300000000000153e+01
7.895799999999999841e+01
7.757600000000000762e+01
6.475900000000000034e+01
3.975900000000000034e+01
9.236900000000000333e+00
-1.590099999999999980e+01
-3.062400000000000233e+01
-3.547800000000000153e+01
-3.787199999999999989e+01
-3.999499999999999744e+01
-3.616799999999999926e+01
-2.332800000000000296e+01
-1.419900000000000162e+01
-1.094099999999999895e+01
-9.531100000000000350e+00
-6.139800000000000146e+00
-3.210000000000000075e-01
5.647000000000000242e+00
9.541000000000000369e+00
1.650199999999999889e+01
3.296000000000000085e+01
5.508600000000000563e+01
7.273000000000000398e+01
8.596600000000000819e+01
9.684799999999999898e+01
1.051200000000000045e+02
1.093400000000000034e+02
1.092800000000000011e+02
1.088499999999999943e+02
1.059099999999999966e+02
1.017399999999999949e+02
9.651500000000000057e+01
8.840799999999998704e+01
7.689900000000000091e+01
5.882199999999999562e+01
3.541100000000000136e+01
1.472599999999999909e+01
2.484799999999999898e+00
-4.931400000000000006e+00
-1.298000000000000043e+01
-2.254100000000000037e+01
-2.856599999999999895e+01
-1.987699999999999889e+01
-7.046700000000000408e+00
-1.320700000000000074e+01
-3.519800000000000040e+01
-5.232600000000000051e+01
-6.348300000000000409e+01
-6.873499999999999943e+01
-6.370399999999999352e+01
-5.812399999999999523e+01
-5.960499999999999687e+01
-6.593800000000000239e+01
-6.130100000000000193e+01
-4.577399999999999380e+01
-3.100000000000000000e+01
-1.639900000000000091e+01
-2.583699999999999886e+00
9.313399999999999679e+00
1.666499999999999915e+01
2.032900000000000063e+01
2.661300000000000310e+01
3.653600000000000136e+01
4.601899999999999835e+01
4.881499999999999773e+01
3.750900000000000034e+01
1.805199999999999960e+01
-2.365499999999999936e+00
-1.401299999999999990e+01
-1.878500000000000014e+01
-1.844400000000000261e+01
-1.429900000000000126e+01
-1.067999999999999972e+01
-7.794500000000000206e+00
-5.357099999999999973e+00
-2.519499999999999851e+00
1.679999999999999938e+00
7.740700000000000358e+00
1.762099999999999866e+01
3.351800000000000068e+01
4.580399999999999494e+01
4.887199999999999989e+01
4.359600000000000364e+01
2.535399999999999920e+01
9.049599999999999866e+00
2.783199999999999896e+00
-5.897999999999999687e+00
-1.352700000000000102e+01
-1.483900000000000041e+01
-2.655199999999999783e+00
4.084900000000000198e+00
-5.456100000000000172e+00
-1.976599999999999824e+01
-3.570799999999999841e+01
-5.295100000000000051e+01
-6.536399999999999011e+01
-7.063100000000000023e+01
-7.516299999999999670e+01
-7.858400000000000318e+01
-7.314399999999999125e+01
-5.407500000000000284e+01
-2.562599999999999767e+01
-2.623099999999999876e-01
9.077899999999999636e+00
1.019200000000000017e+01
8.744099999999999540e+00
9.892200000000000770e+00
2.062800000000000011e+01
3.398199999999999932e+01
3.662500000000000000e+01
2.869999999999999929e+01
2.497599999999999909e+01
2.777599999999999980e+01
2.611599999999999966e+01
1.453700000000000081e+01
1.295400000000000107e+00
-8.280300000000000438e+00
-1.166300000000000026e+01
-2.044900000000000162e+01
-2.752800000000000225e+01
-2.957300000000000040e+01
-2.701699999999999946e+01
-2.257900000000000063e+01
-1.606400000000000006e+01
-1.358899999999999997e+00
2.010099999999999909e+01
4.321500000000000341e+01
5.618999999999999773e+01
5.764999999999999858e+01
5.610699999999999932e+01
4.960300000000000153e+01
4.274699999999999989e+01
3.558899999999999864e+01
2.846499999999999986e+01
2.083199999999999719e+01
1.504199999999999982e+01
1.020400000000000063e+01
2.580200000000000049e+00
-1.060500000000000043e+01
-2.133099999999999952e+01
-2.144699999999999918e+01
-2.305099999999999838e+01
-3.170199999999999818e+01
-3.823599999999999710e+01
-3.317800000000000438e+01
-1.481200000000000117e+01
1.120300000000000074e+00
5.634900000000000020e+00
-9.439600000000000213e-01
-6.037300000000000111e+00
-9.268700000000000827e+00
-1.141699999999999982e+01
-1.208000000000000007e+01
-8.070899999999999963e+00
-7.746999999999999886e+00
-2.001500000000000057e+01
-3.275199999999999534e+01
-4.103100000000000591e+01
-5.005799999999999983e+01
-5.255899999999999750e+01
-4.181499999999999773e+01
-3.224099999999999966e+01
-3.426500000000000057e+01
-3.618299999999999983e+01
-2.455999999999999872e+01
-1.152299999999999969e+01
-1.261500000000000021e+01
-1.218700000000000117e+01
-4.866200000000000081e+00
5.799599999999999866e+00
1.992200000000000060e+01
3.259799999999999898e+01
3.448900000000000432e+01
2.836499999999999844e+01
2.263699999999999690e+01
1.831900000000000261e+01
2.347400000000000020e+01
3.643299999999999983e+01
4.107800000000000296e+01
3.433599999999999852e+01
3.150000000000000000e+01
3.116800000000000281e+01
2.384499999999999886e+01
9.340700000000000003e+00
-2.794399999999999995e+00
-8.409100000000000463e+00
-5.704200000000000159e+00
4.032199999999999562e+00
1.580599999999999916e+01
3.049399999999999977e+01
4.489500000000000313e+01
5.633800000000000097e+01
6.269800000000000040e+01
6.817600000000000193e+01
7.331199999999999761e+01
7.367300000000000182e+01
6.892100000000000648e+01
6.404600000000000648e+01
5.068199999999999505e+01
2.348400000000000176e+01
2.342200000000000060e+00
-7.035300000000000331e+00
-1.067300000000000004e+01
-1.369500000000000028e+01
-1.705799999999999983e+01
-1.987000000000000099e+01
-2.287800000000000011e+01
-2.603699999999999903e+01
-3.098400000000000176e+01
-3.807000000000000028e+01
-4.716300000000000381e+01
-5.754600000000000648e+01
-5.797800000000000153e+01
-5.086800000000000210e+01
-4.538899999999999579e+01
-3.992800000000000438e+01
-3.423100000000000165e+01
-2.876300000000000168e+01
-2.749199999999999733e+01
-3.307300000000000040e+01
-3.905400000000000205e+01
-4.504100000000000392e+01
-5.114600000000000080e+01
-5.184899999999999665e+01
-3.706499999999999773e+01
-1.956900000000000261e+01
-1.122799999999999976e+01
-8.940599999999999881e+00
-4.391799999999999926e+00
3.976100000000000190e+00
9.153499999999999304e+00
8.271800000000000708e+00
3.266999999999999904e-01
-8.179800000000000182e+00
-1.646099999999999852e+01
-1.687000000000000099e+01
-1.029900000000000126e+01
-5.454600000000000115e+00
-8.992899999999999228e-01
6.142599999999999838e+00
1.442900000000000027e+01
2.041900000000000048e+01
2.457600000000000051e+01
2.880999999999999872e+01
3.319200000000000017e+01
3.561899999999999977e+01
3.076000000000000156e+01
1.845499999999999829e+01
-2.510300000000000309e-01
-1.402200000000000024e+01
-1.428700000000000081e+01
-1.058999999999999986e+01
-2.436700000000000088e+00
4.308399999999999785e+00
1.028299999999999947e+01
7.013600000000000279e+00
-8.646900000000000475e+00
-2.000499999999999901e+01
-1.712500000000000000e+01
-1.442699999999999960e+01
-1.589200000000000124e+01
-1.252900000000000169e+01
-3.975900000000000212e+00
-4.211599999999999788e+00
-1.753900000000000148e+01
-2.554100000000000037e+01
-1.586099999999999888e+01
-5.079100000000000392e+00
-4.235899999999999999e+00
-3.248000000000000220e+00
-1.145599999999999952e-01
4.992899999999999672e+00
1.048400000000000176e+01
1.710900000000000176e+01
2.296800000000000352e+01
2.745800000000000196e+01
3.125099999999999767e+01
3.635199999999999676e+01
4.094300000000000495e+01
3.827599999999999625e+01
2.749699999999999989e+01
2.296699999999999875e+01
1.965399999999999991e+01
1.471199999999999974e+01
1.347000000000000064e+01
2.133099999999999952e+01
2.963800000000000168e+01
3.577700000000000102e+01
4.121899999999999409e+01
4.579100000000000392e+01
4.874199999999999733e+01
4.468600000000000705e+01
3.866599999999999682e+01
3.669899999999999807e+01
3.213000000000000256e+01
2.077499999999999858e+01
5.599700000000000344e+00
-4.768600000000000172e+00
-7.596099999999999852e+00
-1.104700000000000060e+01
-1.376799999999999891e+01
-1.498900000000000077e+01
-1.505400000000000027e+01
-1.481200000000000117e+01
-1.421700000000000053e+01
-1.279299999999999926e+01
-1.111800000000000033e+01
-1.030599999999999916e+01
-1.088099999999999845e+01
-1.190499999999999936e+01
-1.176599999999999824e+01
-8.781100000000000350e+00
-4.622799999999999798e+00
-8.378499999999999837e-01
3.174100000000000144e+00
6.779200000000000337e+00
8.098000000000000753e+00
3.998000000000000220e+00
-5.550899999999999723e-01
1.656700000000000061e+00
7.415799999999999947e+00
1.074200000000000088e+01
7.881400000000000183e+00
1.626600000000000046e+00
-1.058100000000000041e+00
-3.032599999999999962e+00
-1.063400000000000034e+01
-1.957000000000000028e+01
-2.151800000000000068e+01
-2.029599999999999937e+01
-2.143300000000000338e+01
-2.590300000000000225e+01
-3.230300000000000438e+01
-3.795199999999999818e+01
-3.560600000000000165e+01
-3.001699999999999946e+01
-2.513300000000000267e+01
-1.936299999999999955e+01
-1.388299999999999912e+01
-9.948999999999999844e+00
-1.136200000000000010e+01
-1.587500000000000000e+01
-1.856200000000000117e+01
-1.556200000000000117e+01
-9.691800000000000637e+00
-6.134800000000000253e+00
-6.919800000000000395e+00
-9.813900000000000290e+00
-1.038700000000000045e+01
-9.644500000000000739e+00
-8.549899999999999167e+00
-4.378300000000000303e+00
3.045700000000000074e+00
9.583099999999999952e+00
1.102999999999999936e+01
5.078000000000000291e+00
5.678699999999999859e-01
1.656800000000000050e+00
6.000499999999999723e+00
9.256700000000000372e+00
1.188299999999999912e+01
1.357799999999999940e+01
1.543900000000000006e+01
1.355199999999999960e+01
7.040700000000000180e+00
3.223599999999999799e-01
-5.912099999999999689e+00
-7.319899999999999629e+00
-1.160400000000000098e+00
3.255999999999999783e+00
-5.294800000000000617e-01
-7.236699999999999910e+00
-1.146400000000000041e+01
-8.527599999999999625e+00
-6.366199999999999637e-01
3.222999999999999865e+00
5.731099999999999639e+00
8.870599999999999596e+00
1.305599999999999916e+01
1.798099999999999810e+01
2.273800000000000310e+01
2.726599999999999824e+01
3.031900000000000261e+01
2.823800000000000310e+01
2.139199999999999946e+01
1.536200000000000010e+01
1.021000000000000085e+01
5.363400000000000389e+00
2.151000000000000134e-01
-2.887500000000000178e+00
7.184899999999999620e-01
3.636600000000000055e+00
-5.006400000000000183e+00
-1.808599999999999852e+01
-2.677699999999999747e+01
-2.415300000000000225e+01
-1.727499999999999858e+01
-1.765800000000000125e+01
-2.354500000000000171e+01
-2.882999999999999829e+01
-3.096999999999999886e+01
-2.989000000000000057e+01
-2.895599999999999952e+01
-2.815900000000000247e+01
-2.653500000000000014e+01
-2.344599999999999795e+01
-2.034099999999999753e+01
-1.699200000000000088e+01
-1.377700000000000102e+01
-1.061999999999999922e+01
-7.363800000000000345e+00
-3.163600000000000190e+00
2.580900000000000194e+00
8.242699999999999250e+00
1.256200000000000117e+01
1.530499999999999972e+01
1.832499999999999929e+01
2.147500000000000142e+01
2.425800000000000267e+01
2.646199999999999974e+01
2.883199999999999719e+01
3.109600000000000009e+01
3.308099999999999596e+01
3.400600000000000023e+01
3.238100000000000023e+01
2.787500000000000000e+01
2.351000000000000156e+01
2.105000000000000071e+01
2.231199999999999761e+01
2.399500000000000099e+01
2.266199999999999903e+01
1.914999999999999858e+01
1.772899999999999920e+01
1.877100000000000080e+01
2.005900000000000105e+01
2.194999999999999929e+01
2.565500000000000114e+01
2.812000000000000099e+01
2.336699999999999733e+01
1.485900000000000176e+01
7.291299999999999670e+00
-1.170199999999999907e+00
-9.666700000000000514e+00
-1.750300000000000011e+01
-2.245800000000000196e+01
-2.453300000000000125e+01
-2.554100000000000037e+01
-2.728199999999999648e+01
-2.938500000000000156e+01
-2.849099999999999966e+01
-2.121699999999999875e+01
-1.907300000000000040e+01
-2.015800000000000125e+01
-1.168400000000000105e+01
-6.869100000000000428e+00
-1.107300000000000040e+01
-1.511900000000000155e+01
-2.010000000000000142e+01
-2.568699999999999761e+01
-3.286299999999999955e+01
-4.040200000000000102e+01
-4.651699999999999591e+01
-4.353699999999999903e+01
-3.254999999999999716e+01
-2.695899999999999963e+01
-2.845300000000000296e+01
-3.028500000000000014e+01
-3.196800000000000352e+01
-3.215899999999999892e+01
-2.721199999999999974e+01
-2.045700000000000074e+01
-1.583900000000000041e+01
-1.328999999999999915e+01
-1.106700000000000017e+01
-6.597000000000000419e+00
-2.206899999999999973e-01
5.788899999999999935e+00
1.090700000000000003e+01
1.541000000000000014e+01
2.104400000000000048e+01
2.717900000000000205e+01
2.993300000000000338e+01
2.688100000000000023e+01
2.325499999999999901e+01
1.975000000000000000e+01
1.695899999999999963e+01
1.469500000000000028e+01
1.335099999999999909e+01
1.281299999999999883e+01
1.252200000000000024e+01
1.421499999999999986e+01
1.934400000000000119e+01
2.376900000000000190e+01
2.484600000000000009e+01
2.314000000000000057e+01
1.688200000000000145e+01
7.854599999999999582e+00
-3.088600000000000012e+00
-1.123599999999999888e+01
-1.504800000000000004e+01
-1.361299999999999955e+01
-1.186200000000000010e+01
-9.570700000000000429e+00
-3.464999999999999858e+00
4.705199999999999605e+00
6.678099999999999703e+00
3.871799999999999908e+00
2.609100000000000197e+00
5.901099999999999568e+00
1.047400000000000020e+01
1.000300000000000011e+01
6.278500000000000192e+00
4.026699999999999946e+00
6.897700000000000387e+00
1.376900000000000013e+01
1.771599999999999753e+01
1.664300000000000068e+01
1.459900000000000020e+01
1.374099999999999966e+01
1.373499999999999943e+01
1.414299999999999891e+01
1.447299999999999898e+01
1.610299999999999798e+01
1.894800000000000040e+01
2.194699999999999918e+01
2.496999999999999886e+01
2.620800000000000196e+01
2.488800000000000168e+01
2.268300000000000338e+01
2.011100000000000065e+01
1.466999999999999993e+01
7.485899999999999999e+00
1.950099999999999945e+00
-2.117700000000000138e+00
-6.166000000000000369e+00
-9.656100000000000350e+00
-1.358099999999999952e+01
-1.993299999999999983e+01
-2.375900000000000034e+01
-2.092399999999999949e+01
-1.702599999999999980e+01
-1.854700000000000060e+01
-2.296000000000000085e+01
-2.592399999999999949e+01
-2.363400000000000034e+01
-1.808900000000000219e+01
-1.382099999999999973e+01
-1.086099999999999888e+01
-8.086299999999999599e+00
-4.722500000000000142e+00
-5.585099999999999787e-02
4.065900000000000070e+00
4.331699999999999662e+00
4.991500000000000270e+00
1.222499999999999964e+01
2.044299999999999784e+01
2.457600000000000051e+01
2.727300000000000324e+01
2.701199999999999690e+01
2.421999999999999886e+01
2.148800000000000310e+01
1.719599999999999795e+01
1.065000000000000036e+01
3.500000000000000000e+00
-4.916599999999999859e+00
-1.430599999999999916e+01
-1.935200000000000031e+01
-1.862699999999999889e+01
-1.762300000000000111e+01
-1.721099999999999852e+01
-1.921300000000000097e+01
-2.373900000000000077e+01
-2.639099999999999824e+01
-2.278900000000000148e+01
-1.543200000000000038e+01
-8.920999999999999375e+00
-3.566899999999999959e+00
-9.836600000000000898e-01
1.005100000000000104e+00
2.746199999999999974e+00
2.428999999999999826e+00
-9.767200000000000326e-01
-3.647100000000000009e+00
-3.048099999999999810e+00
2.272699999999999720e-01
-2.097900000000000098e+00
-7.201999999999999957e+00
-8.630900000000000460e+00
-5.305299999999999905e+00
-2.547800000000000065e+00
-4.871599999999999930e+00
-7.596700000000000230e+00
-6.973600000000000243e+00
-6.549400000000000333e+00
-7.056099999999999817e+00
-8.217499999999999361e+00
-8.475199999999999179e+00
-6.747600000000000264e+00
-4.422100000000000364e+00
-4.201399999999999579e+00
-4.683200000000000252e+00
7.887699999999999712e-01
8.793100000000000804e+00
1.068700000000000117e+01
9.462400000000000588e+00
8.918699999999999406e+00
8.163899999999999935e+00
7.319399999999999906e+00
7.237300000000000288e+00
1.010399999999999920e+01
1.489000000000000057e+01
1.936400000000000077e+01
2.201300000000000168e+01
2.103000000000000114e+01
1.910000000000000142e+01
1.749200000000000088e+01
1.500200000000000067e+01
1.242999999999999972e+01
9.869699999999999918e+00
7.540600000000000414e+00
5.823400000000000354e+00
4.639999999999999680e+00
3.244800000000000129e+00
1.247400000000000064e+00
-1.833299999999999930e+00
-2.328899999999999970e+00
4.082100000000000173e-01
2.833600000000000119e+00
6.054999999999999716e+00
9.871999999999999886e+00
1.411999999999999922e+01
1.603599999999999781e+01
1.109200000000000053e+01
2.880799999999999805e+00
-4.369799999999999685e+00
-8.711100000000000065e+00
-7.258600000000000385e+00
-5.059000000000000163e+00
-3.583499999999999908e+00
-4.648200000000000109e+00
-6.894099999999999895e+00
-9.124100000000000321e+00
-1.133000000000000007e+01
-1.302200000000000024e+01
-1.380799999999999983e+01
-1.455299999999999905e+01
-1.555700000000000038e+01
-1.638799999999999812e+01
-1.745799999999999841e+01
-1.900900000000000034e+01
-2.058500000000000085e+01
-2.233800000000000097e+01
-2.367000000000000171e+01
-2.432900000000000063e+01
-2.439999999999999858e+01
-2.467900000000000205e+01
-2.487400000000000233e+01
-2.298099999999999810e+01
-1.801099999999999923e+01
-1.285900000000000176e+01
-8.021499999999999631e+00
-3.332199999999999829e+00
1.172700000000000076e+00
5.677500000000000213e+00
1.050999999999999979e+01
1.512299999999999933e+01
1.954500000000000171e+01
2.308500000000000085e+01
2.599199999999999733e+01
2.828400000000000247e+01
2.751099999999999923e+01
2.419099999999999895e+01
2.102199999999999847e+01
1.919500000000000028e+01
1.969999999999999929e+01
2.057800000000000296e+01
2.112999999999999901e+01
1.916099999999999781e+01
1.429900000000000126e+01
9.460000000000000853e+00
5.013600000000000279e+00
1.893199999999999994e+00
-2.071699999999999930e-01
-2.709600000000000009e+00
-5.115899999999999892e+00
-8.344599999999999795e+00
-1.198200000000000109e+01
-1.587299999999999933e+01
-2.032799999999999940e+01
-2.609699999999999775e+01
-3.155599999999999739e+01
-3.210099999999999909e+01
-2.639800000000000324e+01
-2.067599999999999838e+01
-1.591999999999999993e+01
-1.342500000000000071e+01
-1.165499999999999936e+01
-9.865500000000000824e+00
-8.415800000000000836e+00
-8.424500000000000099e+00
-9.013899999999999579e+00
-7.627600000000000158e+00
-2.765499999999999847e+00
2.596499999999999808e+00
5.306099999999999817e+00
3.523499999999999854e+00
8.152800000000000047e-01
-1.254399999999999959e+00
-2.974099999999999966e+00
-2.678500000000000103e+00
-1.292599999999999971e+00
-1.009800000000000003e-01
-9.461699999999999278e-02
-1.638200000000000101e+00
-2.805899999999999839e+00
-2.096799999999999997e+00
3.785100000000000131e-01
2.487499999999999822e+00
4.545099999999999696e+00
5.303700000000000081e+00
4.234899999999999665e+00
2.715800000000000214e+00
-2.276299999999999990e+00
-1.379900000000000126e+01
-1.743299999999999983e+01
-1.511900000000000155e+01
-1.440799999999999947e+01
-1.292200000000000060e+01
-1.150099999999999945e+01
-9.487700000000000244e+00
-7.660800000000000054e+00
-5.659900000000000375e+00
-3.477799999999999780e+00
4.768100000000000116e-01
6.144099999999999895e+00
1.089599999999999902e+01
1.420700000000000074e+01
1.736299999999999955e+01
1.979700000000000060e+01
1.951699999999999946e+01
1.745400000000000063e+01
1.584999999999999964e+01
1.409599999999999831e+01
1.239000000000000057e+01
1.036599999999999966e+01
8.512499999999999289e+00
7.062500000000000000e+00
6.483399999999999608e+00
5.780700000000000394e+00
5.621599999999999930e+00
6.412099999999999689e+00
7.445800000000000196e+00
8.482799999999999230e+00
9.674200000000000799e+00
1.190799999999999947e+01
1.486700000000000088e+01
1.489400000000000013e+01
1.176599999999999824e+01
8.613500000000000156e+00
5.460799999999999876e+00
2.279599999999999849e+00
-5.848499999999999810e-01
-1.826799999999999979e+00
-1.607799999999999896e+00
-1.492699999999999916e+00
-1.824500000000000011e+00
-3.591099999999999959e+00
-4.444399999999999906e+00
-1.305199999999999916e+00
2.939099999999999824e+00
6.822700000000000209e+00
1.052500000000000036e+01
1.203400000000000070e+01
1.180299999999999905e+01
1.186400000000000077e+01
1.157799999999999940e+01
1.038299999999999912e+01
8.645899999999999253e+00
7.624799999999999578e+00
6.969500000000000028e+00
6.314000000000000057e+00
4.419500000000000206e+00
1.004399999999999959e+00
-2.359700000000000131e+00
-4.823199999999999932e+00
-6.174999999999999822e+00
-5.306899999999999729e+00
-1.697999999999999954e+00
1.693100000000000049e+00
4.248400000000000176e+00
3.665200000000000014e+00
1.461899999999999977e+00
-2.255300000000000013e-02
3.404800000000000049e-01
2.725099999999999856e+00
4.936200000000000365e+00
7.135399999999999743e+00
8.954399999999999693e+00
9.664099999999999469e+00
1.019500000000000028e+01
1.071199999999999974e+01
1.013299999999999912e+01
8.643900000000000361e+00
7.344299999999999606e+00
5.733200000000000074e+00
2.782900000000000151e+00
-1.986199999999999910e-01
-9.782799999999999274e-01
-1.098400000000000043e+00
-3.911399999999999988e+00
-1.026400000000000112e+01
-1.575400000000000134e+01
-2.016000000000000014e+01
-2.353500000000000014e+01
-2.284400000000000119e+01
-1.853800000000000026e+01
-1.532200000000000095e+01
-1.354400000000000048e+01
-1.249799999999999933e+01
-1.127500000000000036e+01
-1.005100000000000016e+01
-8.647899999999999920e+00
-7.243500000000000050e+00
-6.012900000000000134e+00
-5.149300000000000210e+00
-4.286800000000000388e+00
-3.421699999999999964e+00
-2.515200000000000102e+00
-1.291900000000000048e+00
1.734499999999999931e-01
1.576500000000000012e+00
3.435299999999999798e+00
4.924900000000000055e+00
3.907099999999999795e+00
9.832999999999999519e-01
-1.565499999999999892e+00
-4.384199999999999875e+00
-6.896799999999999820e+00
-9.223900000000000432e+00
-1.155599999999999916e+01
-1.352599999999999980e+01
-1.388700000000000045e+01
-1.246700000000000053e+01
-1.140000000000000036e+01
-1.008999999999999986e+01
-8.947300000000000253e+00
-7.682100000000000151e+00
-6.645999999999999908e+00
-5.417900000000000382e+00
-4.296199999999999797e+00
-2.976300000000000168e+00
-1.813800000000000079e+00
1.074099999999999916e-01
3.506499999999999950e+00
7.620700000000000252e+00
1.118700000000000117e+01
1.349900000000000055e+01
1.332200000000000095e+01
1.326599999999999824e+01
1.341599999999999859e+01
1.374000000000000021e+01
1.509900000000000020e+01
1.724699999999999989e+01
1.829200000000000159e+01
1.518299999999999983e+01
9.354400000000000048e+00
4.106300000000000061e+00
-8.606799999999998896e-01
-2.517399999999999860e+00
-1.823899999999999827e-02
1.031900000000000039e+00
-1.598600000000000021e+00
-5.058200000000000252e+00
-4.727000000000000313e+00
-2.595899999999999874e+00
-1.904500000000000082e+00
-3.571899999999999853e+00
-5.774799999999999933e+00
-5.815400000000000347e+00
-2.955499999999999794e+00
-1.179799999999999960e+00
-3.029900000000000038e+00
-4.692300000000000360e+00
-6.325800000000000090e+00
-7.661400000000000432e+00
-8.034000000000000696e+00
-7.512599999999999945e+00
-7.431000000000000050e+00
-7.331199999999999939e+00
-7.259100000000000108e+00
-7.366600000000000037e+00
-7.464500000000000135e+00
-7.709900000000000198e+00
-7.751000000000000334e+00
-7.423899999999999721e+00
-6.579799999999999649e+00
-5.780400000000000205e+00
-4.825999999999999623e+00
-2.679199999999999804e+00
1.605000000000000038e-01
3.381499999999999950e+00
8.047200000000000131e+00
1.291900000000000048e+01
1.780999999999999872e+01
2.178999999999999915e+01
2.088599999999999923e+01
1.538299999999999912e+01
1.029800000000000004e+01
6.651099999999999568e+00
6.080400000000000027e+00
6.224099999999999966e+00
6.012900000000000134e+00
6.150500000000000078e+00
6.642000000000000348e+00
7.851300000000000168e+00
7.981200000000000294e+00
5.654799999999999827e+00
3.091400000000000148e+00
9.036899999999999933e-01
-5.625700000000000145e-01
-1.680099999999999927e+00
-3.353099999999999969e+00
-6.930299999999999905e+00
-1.096299999999999919e+01
-1.174799999999999933e+01
-1.054299999999999926e+01
-9.875500000000000611e+00
-8.852299999999999613e+00
-6.552299999999999791e+00
-3.172899999999999832e+00
3.083399999999999683e-02
1.421000000000000041e+00
-1.692199999999999926e+00
-5.879500000000000171e+00
-8.787399999999999878e+00
-1.025500000000000078e+01
-1.154299999999999926e+01
-1.264900000000000091e+01
-1.267099999999999937e+01
-1.199000000000000021e+01
-1.168799999999999883e+01
-1.138099999999999845e+01
-1.071900000000000119e+01
-8.964700000000000557e+00
-7.017999999999999794e+00
-5.058699999999999974e+00
-3.455499999999999794e+00
-2.013599999999999834e+00
-7.344100000000000072e-01
-5.406600000000000295e-01
-1.618999999999999995e+00
-2.330299999999999816e+00
-1.955300000000000038e+00
1.143699999999999939e+00
5.173199999999999577e+00
8.117200000000000415e+00
9.420600000000000307e+00
8.358999999999999986e+00
7.441900000000000404e+00
6.678300000000000125e+00
6.097500000000000142e+00
5.347599999999999909e+00
4.254900000000000126e+00
2.619499999999999940e+00
2.561799999999999855e+00
5.463799999999999990e+00
9.057999999999999829e+00
1.199200000000000088e+01
1.364400000000000013e+01
1.500699999999999967e+01
1.592999999999999972e+01
1.571499999999999986e+01
1.425599999999999845e+01
1.286200000000000010e+01
1.167699999999999960e+01
9.355199999999999960e+00
5.892500000000000071e+00
4.100500000000000256e+00
3.794500000000000206e+00
3.288600000000000190e+00
2.930099999999999927e+00
2.748200000000000198e+00
2.566399999999999793e+00
3.294299999999999784e+00
4.391099999999999781e+00
5.320199999999999818e+00
5.562199999999999811e+00
5.469000000000000306e+00
4.458199999999999719e+00
2.712000000000000188e+00
9.337400000000000144e-01
-9.762999999999999456e-01
-2.956399999999999917e+00
-4.927699999999999747e+00
-6.629999999999999893e+00
-8.419200000000000017e+00
-1.025500000000000078e+01
-1.154400000000000048e+01
-1.102700000000000102e+01
-9.600300000000000722e+00
-8.152799999999999159e+00
-6.112499999999999822e+00
-3.515600000000000058e+00
-1.830899999999999972e+00
-3.807300000000000129e+00
-7.648900000000000254e+00
-9.861900000000000333e+00
-9.537900000000000489e+00
-8.301899999999999835e+00
-7.601700000000000124e+00
-6.546999999999999709e+00
-5.852999999999999758e+00
-5.166500000000000092e+00
-4.485000000000000320e+00
-3.797000000000000153e+00
-3.296899999999999942e+00
-3.332800000000000207e+00
-3.362200000000000077e+00
-3.203300000000000036e+00
-3.231199999999999850e+00
-3.273099999999999898e+00
-3.514499999999999957e+00
-3.755500000000000060e+00
-3.945399999999999796e+00
-4.795399999999999885e+00
-6.356799999999999784e+00
-7.868199999999999861e+00
-7.892500000000000071e+00
-5.030999999999999694e+00
-1.483400000000000052e+00
-1.677599999999999980e+00
-5.187000000000000277e+00
-3.218500000000000139e+00
3.529700000000000060e+00
9.565599999999999881e+00
1.350400000000000134e+01
1.122599999999999909e+01
7.505899999999999572e+00
7.783500000000000085e+00
1.082699999999999996e+01
1.379400000000000048e+01
1.641300000000000026e+01
1.737999999999999901e+01
1.576999999999999957e+01
1.414200000000000124e+01
1.269500000000000028e+01
1.162800000000000011e+01
1.091699999999999982e+01
1.023099999999999987e+01
9.581300000000000594e+00
8.740199999999999747e+00
7.673300000000000232e+00
6.588199999999999612e+00
5.496500000000000163e+00
4.353200000000000180e+00
3.891199999999999992e+00
4.874900000000000233e+00
6.589400000000000368e+00
7.416999999999999815e+00
6.087200000000000166e+00
2.947900000000000187e+00
1.670200000000000018e-01
-1.705400000000000027e+00
-2.842000000000000082e+00
-3.938899999999999846e+00
-5.024499999999999744e+00
-6.111100000000000421e+00
-7.196600000000000108e+00
-8.113200000000000855e+00
-7.770800000000000374e+00
-6.893600000000000172e+00
-6.013899999999999579e+00
-5.130499999999999616e+00
-4.245199999999999640e+00
-3.309499999999999886e+00
-2.349200000000000177e+00
-1.395499999999999963e+00
-6.158899999999999375e-01
-5.735399999999999388e-01
-1.852999999999999980e+00
-3.364199999999999857e+00
-4.158900000000000041e+00
-3.318400000000000016e+00
-1.923699999999999966e+00
-4.780800000000000050e-01
6.424699999999999855e-01
1.028299999999999992e+00
5.209199999999999386e-01
-1.401499999999999968e-01
-6.093899999999999872e-01
-1.260399999999999965e+00
-1.948700000000000099e+00
-3.255199999999999871e+00
-4.404399999999999871e+00
-5.556400000000000006e+00
-6.700599999999999667e+00
-7.814300000000000246e+00
-9.071400000000000574e+00
-1.050999999999999979e+01
-1.212099999999999866e+01
-1.373900000000000077e+01
-1.514599999999999902e+01
-1.669500000000000028e+01
-1.787099999999999866e+01
-1.872799999999999798e+01
-1.943200000000000216e+01
-2.029299999999999926e+01
-2.066400000000000148e+01
-1.996000000000000085e+01
-1.831200000000000117e+01
-1.711400000000000077e+01
-1.554199999999999982e+01
-1.361500000000000021e+01
-1.074400000000000155e+01
-7.869200000000000195e+00
-4.805799999999999628e+00
-2.098300000000000054e+00
2.724300000000000055e-01
1.764100000000000001e+00
3.250399999999999956e+00
4.748199999999999754e+00
6.451900000000000190e+00
8.524200000000000443e+00
1.040799999999999947e+01
1.227400000000000091e+01
1.377200000000000024e+01
1.454499999999999993e+01
1.512700000000000067e+01
1.566799999999999926e+01
1.637900000000000134e+01
1.706299999999999883e+01
1.809199999999999875e+01
1.930099999999999838e+01
2.050900000000000034e+01
2.117599999999999838e+01
2.021400000000000219e+01
1.833999999999999986e+01
1.664300000000000068e+01
1.494500000000000028e+01
1.343299999999999983e+01
1.192200000000000060e+01
1.077400000000000091e+01
9.436899999999999622e+00
8.107599999999999696e+00
7.152000000000000135e+00
6.925699999999999967e+00
7.247300000000000075e+00
7.382900000000000240e+00
7.699499999999999567e+00
7.828299999999999592e+00
7.777499999999999858e+00
7.221300000000000274e+00
6.509500000000000064e+00
5.801899999999999835e+00
5.097000000000000419e+00
4.403100000000000236e+00
3.567400000000000126e+00
2.374699999999999811e+00
6.151100000000000456e-01
-8.513600000000000056e-01
-2.524000000000000021e+00
-4.154499999999999638e+00
-5.713099999999999845e+00
-7.099099999999999966e+00
-8.715400000000000702e+00
-1.035900000000000176e+01
-1.199900000000000055e+01
-1.346000000000000085e+01
-1.438499999999999979e+01
-1.476799999999999891e+01
-1.514900000000000091e+01
-1.462700000000000067e+01
-1.285099999999999909e+01
-1.091599999999999859e+01
-9.152200000000000557e+00
-7.344199999999999839e+00
-5.687199999999999811e+00
-5.113999999999999879e+00
-5.632399999999999629e+00
-5.796299999999999564e+00
-6.140399999999999636e+00
-6.122600000000000264e+00
-5.381599999999999717e+00
-3.737299999999999844e+00
-2.285000000000000142e+00
-6.519500000000000295e-01
9.810399999999999121e-01
2.826400000000000023e+00
5.769899999999999807e+00
7.969800000000000217e+00
7.401799999999999713e+00
5.902400000000000091e+00
4.765100000000000335e+00
3.455299999999999816e+00
2.156800000000000050e+00
1.613599999999999923e+00
3.071699999999999875e+00
5.790300000000000225e+00
8.147000000000000242e+00
1.032300000000000040e+01
9.960699999999999221e+00
7.241200000000000081e+00
4.883799999999999919e+00
2.526600000000000179e+00
1.682900000000000229e-01
-2.188800000000000079e+00
-4.003199999999999648e+00
-5.812199999999999811e+00
-7.626400000000000290e+00
-8.897899999999999920e+00
-8.362199999999999633e+00
-6.584100000000000286e+00
-6.122499999999999609e+00
-7.837500000000000355e+00
-1.063900000000000112e+01
-1.308300000000000018e+01
-1.497299999999999898e+01
-1.538299999999999912e+01
-1.540700000000000003e+01
-1.542999999999999972e+01
-1.527299999999999969e+01
-1.439200000000000124e+01
-1.260500000000000043e+01
-1.081799999999999962e+01
-9.013899999999999579e+00
-6.791000000000000369e+00
-4.179700000000000415e+00
-1.394600000000000062e+00
8.356600000000000694e-01
1.776000000000000023e+00
2.166500000000000092e+00
2.925600000000000200e+00
3.491699999999999804e+00
4.045200000000000351e+00
4.584999999999999964e+00
5.133799999999999919e+00
5.500099999999999767e+00
6.067199999999999704e+00
6.465799999999999770e+00
7.046199999999999797e+00
7.620700000000000252e+00
8.013600000000000279e+00
8.582000000000000739e+00
8.426500000000000767e+00
7.366399999999999615e+00
6.128700000000000259e+00
5.049900000000000055e+00
3.773099999999999898e+00
2.495200000000000085e+00
1.218900000000000095e+00
-2.312899999999999956e-01
-1.676099999999999923e+00
-2.752099999999999991e+00
-2.568599999999999994e+00
-1.486499999999999932e+00
-4.412300000000000111e-01
4.031899999999999928e-01
1.517900000000000027e+00
2.890200000000000102e+00
4.254900000000000126e+00
5.575499999999999901e+00
5.904399999999999871e+00
5.859399999999999942e+00
5.820199999999999818e+00
5.800300000000000011e+00
5.601499999999999702e+00
5.582099999999999618e+00
5.564199999999999591e+00
4.640600000000000058e+00
2.625599999999999934e+00
4.252000000000000224e-01
-1.781400000000000095e+00
-3.840599999999999792e+00
-4.488000000000000433e+00
-3.309299999999999908e+00
-2.066699999999999982e+00
-6.059200000000000141e-01
1.036499999999999977e+00
3.265099999999999891e+00
5.520900000000000141e+00
7.419699999999999740e+00
7.679299999999999571e+00
6.297500000000000320e+00
4.918300000000000338e+00
4.079200000000000159e+00
4.682299999999999685e+00
6.193999999999999950e+00
7.346000000000000085e+00
8.846799999999999997e+00
1.010200000000000031e+01
1.074799999999999933e+01
9.953400000000000247e+00
8.807600000000000762e+00
7.745099999999999874e+00
6.926999999999999602e+00
6.094800000000000217e+00
5.782000000000000028e+00
5.753599999999999604e+00
5.350100000000000300e+00
5.309899999999999842e+00
5.068800000000000416e+00
4.784099999999999575e+00
4.492899999999999672e+00
4.201600000000000001e+00
3.568599999999999994e+00
3.027499999999999858e+00
2.352100000000000080e+00
1.668900000000000050e+00
1.167100000000000026e+00
4.644199999999999995e-01
-6.301100000000000589e-01
-1.546799999999999953e+00
-2.649500000000000188e+00
-3.744400000000000173e+00
-4.634999999999999787e+00
-5.667900000000000382e+00
-6.526799999999999713e+00
-7.379500000000000171e+00
-8.240299999999999514e+00
-8.937599999999999767e+00
-9.634900000000000020e+00
-9.604699999999999349e+00
-9.036899999999999267e+00
-8.444200000000000372e+00
-7.796599999999999753e+00
-7.147999999999999687e+00
-6.710899999999999643e+00
-5.996400000000000396e+00
-5.131300000000000416e+00
-4.087299999999999933e+00
-3.217799999999999994e+00
-2.322900000000000187e+00
-1.235400000000000054e+00
-3.296499999999999986e-01
3.963300000000000156e-01
-1.461599999999999844e-01
-1.779099999999999904e+00
-3.412500000000000089e+00
-5.052800000000000402e+00
-6.511800000000000033e+00
-7.073999999999999844e+00
-6.738400000000000389e+00
-6.421000000000000263e+00
-5.931400000000000006e+00
-5.616200000000000081e+00
-5.294900000000000162e+00
-4.967600000000000016e+00
-4.645999999999999908e+00
-4.308099999999999596e+00
-4.685900000000000176e+00
-6.712399999999999700e+00
-8.951700000000000657e+00
-1.084500000000000064e+01
-1.109599999999999831e+01
-1.019200000000000017e+01
-9.417899999999999494e+00
-8.470499999999999474e+00
-7.697300000000000253e+00
-6.730999999999999872e+00
-5.947000000000000064e+00
-4.994500000000000384e+00
-4.247099999999999653e+00
-3.333699999999999886e+00
-2.601100000000000190e+00
-1.687200000000000033e+00
-7.749000000000000332e-01
1.255700000000000149e-01
1.024399999999999977e+00
1.924099999999999921e+00
2.997700000000000031e+00
3.721400000000000041e+00
4.638099999999999667e+00
5.201399999999999579e+00
5.212799999999999656e+00
5.218899999999999650e+00
5.154200000000000337e+00
5.071399999999999686e+00
5.045899999999999608e+00
5.075099999999999945e+00
5.105599999999999916e+00
5.134299999999999642e+00
4.982499999999999929e+00
5.005700000000000038e+00
5.015900000000000247e+00
5.031200000000000117e+00
5.041100000000000136e+00
5.057199999999999918e+00
5.058799999999999741e+00
5.229800000000000004e+00
6.118100000000000094e+00
7.194600000000000328e+00
8.274800000000000821e+00
9.542400000000000659e+00
9.907600000000000406e+00
8.630399999999999849e+00
6.960200000000000387e+00
5.459699999999999775e+00
3.781899999999999817e+00
2.275500000000000078e+00
1.120800000000000018e+00
1.491999999999999993e-01
-1.002699999999999925e+00
-1.974499999999999922e+00
-3.120200000000000085e+00
-4.091499999999999915e+00
-5.051599999999999646e+00
-5.429299999999999571e+00
-5.782499999999999751e+00
-5.955300000000000260e+00
-6.308300000000000018e+00
-6.473200000000000287e+00
-6.270699999999999719e+00
-5.338499999999999801e+00
-4.588099999999999845e+00
-3.886000000000000121e+00
-3.796800000000000175e+00
-4.082200000000000273e+00
-4.361100000000000421e+00
-4.443999999999999950e+00
-4.516499999999999737e+00
-3.864399999999999835e+00
-3.212099999999999955e+00
-2.372700000000000031e+00
-1.681400000000000006e+00
-7.916800000000000503e-01
-8.061599999999999322e-02
9.964499999999999469e-01
2.624299999999999855e+00
4.115499999999999936e+00
5.452099999999999724e+00
6.594599999999999795e+00
6.977400000000000269e+00
7.328500000000000014e+00
7.678499999999999659e+00
8.023899999999999366e+00
8.175100000000000477e+00
8.334500000000000242e+00
7.583199999999999719e+00
6.481600000000000250e+00
5.595399999999999707e+00
4.721099999999999852e+00
3.839599999999999902e+00
3.147800000000000153e+00
3.173299999999999788e+00
3.928399999999999892e+00
4.677699999999999747e+00
5.421000000000000263e+00
6.146899999999999586e+00
6.308900000000000396e+00
6.111900000000000333e+00
5.553099999999999703e+00
5.163800000000000168e+00
4.406500000000000306e+00
3.113399999999999945e+00
1.632800000000000029e+00
3.345299999999999940e-01
-9.378400000000000070e-01
-2.340199999999999836e+00
-3.716400000000000148e+00
-5.093300000000000161e+00
-6.294299999999999784e+00
-7.538299999999999557e+00
-7.387199999999999989e+00
-5.968300000000000161e+00
-4.523399999999999643e+00
-3.221400000000000041e+00
-2.461199999999999832e+00
-3.147899999999999920e+00
-4.381700000000000372e+00
-5.253999999999999559e+00
-6.312700000000000422e+00
-7.190299999999999692e+00
-7.692599999999999660e+00
-8.188599999999999213e+00
-8.503199999999999648e+00
-8.629500000000000171e+00
-8.580700000000000216e+00
-8.356999999999999318e+00
-7.073000000000000398e+00
-4.191799999999999748e+00
-1.497900000000000009e+00
1.371899999999999897e+00
3.326099999999999834e+00
1.835900000000000087e+00
-1.098300000000000054e+00
-1.682700000000000085e+00
9.850100000000000522e-02
2.285699999999999843e+00
4.149899999999999700e+00
5.834100000000000286e+00
6.071600000000000108e+00
5.760699999999999932e+00
5.437599999999999767e+00
5.121400000000000396e+00
4.805699999999999861e+00
4.277000000000000135e+00
4.062299999999999578e+00
3.484599999999999920e+00
3.270900000000000141e+00
2.694500000000000117e+00
2.474200000000000177e+00
2.088099999999999845e+00
1.707699999999999996e+00
1.332999999999999963e+00
9.536000000000000032e-01
5.810999999999999499e-01
2.090899999999999981e-01
-1.443200000000000038e-01
-4.912300000000000000e-01
-8.436500000000000110e-01
-1.186900000000000066e+00
-1.544799999999999951e+00
-2.276100000000000012e+00
-2.831500000000000128e+00
-3.567699999999999871e+00
-4.118299999999999628e+00
-4.078999999999999737e+00
-3.608900000000000219e+00
-3.131899999999999906e+00
-2.655800000000000161e+00
-2.189499999999999780e+00
-1.937799999999999967e+00
-2.244899999999999896e+00
-3.451000000000000068e+00
-4.301300000000000345e+00
-3.896900000000000031e+00
-2.976399999999999935e+00
-2.408900000000000041e+00
-1.668199999999999905e+00
-1.088300000000000045e+00
-3.022199999999999886e-01
3.089999999999999969e-01
5.609499999999999487e-01
9.923999999999999488e-01
1.243700000000000028e+00
1.669300000000000006e+00
1.916099999999999914e+00
2.354999999999999982e+00
2.819900000000000073e+00
3.123800000000000132e+00
3.607099999999999973e+00
4.074099999999999611e+00
4.294999999999999929e+00
5.046800000000000175e+00
6.160400000000000098e+00
7.448900000000000077e+00
8.919900000000000162e+00
1.002799999999999869e+01
9.870300000000000296e+00
8.621600000000000819e+00
7.372499999999999609e+00
6.117499999999999716e+00
5.049500000000000099e+00
3.794799999999999951e+00
2.546499999999999986e+00
1.478699999999999903e+00
5.991300000000000514e-01
8.690399999999999514e-02
-2.192699999999999927e-01
-6.750699999999999479e-01
-1.129699999999999926e+00
-1.629000000000000004e+00
-2.036200000000000010e+00
-2.648099999999999898e+00
-3.254900000000000126e+00
-3.649300000000000210e+00
-4.013099999999999667e+00
-4.369399999999999729e+00
-4.732199999999999740e+00
-5.081699999999999662e+00
-5.432900000000000063e+00
-5.777000000000000135e+00
-6.115300000000000402e+00
-6.215200000000000280e+00
-6.296700000000000408e+00
-5.649399999999999977e+00
-4.834500000000000242e+00
-4.205300000000000260e+00
-3.400999999999999801e+00
-2.599499999999999922e+00
-1.964499999999999913e+00
-1.498699999999999921e+00
-1.395299999999999985e+00
-1.304899999999999949e+00
-1.258299999999999974e+00
-1.242699999999999916e+00
-1.404099999999999904e+00
-2.480700000000000127e+00
-3.919599999999999973e+00
-5.366600000000000037e+00
-6.632299999999999862e+00
-6.406299999999999883e+00
-5.027700000000000280e+00
-3.648099999999999898e+00
-2.263900000000000023e+00
-8.851499999999999924e-01
4.597600000000000575e-01
1.762299999999999978e+00
3.057700000000000085e+00
4.356600000000000250e+00
5.832799999999999763e+00
6.401299999999999990e+00
5.893299999999999983e+00
5.013399999999999856e+00
4.304599999999999760e+00
3.412300000000000111e+00
2.702399999999999913e+00
1.989300000000000068e+00
1.276999999999999913e+00
1.125799999999999912e+00
1.534599999999999964e+00
1.936299999999999910e+00
2.519099999999999895e+00
2.920799999999999841e+00
3.307700000000000085e+00
3.658399999999999874e+00
3.425899999999999945e+00
2.657900000000000151e+00
1.894300000000000095e+00
1.149299999999999988e+00
4.227100000000000302e-01
-3.110600000000000032e-01
-1.201699999999999990e+00
-2.059899999999999842e+00
-3.095400000000000151e+00
-3.969100000000000072e+00
-4.475200000000000067e+00
