-1.729899999999999993e+00
3.235399999999999832e+00
3.773800000000000043e+00
1.141100000000000003e+00
-3.564499999999999891e-01
1.242799999999999905e+00
2.507899999999999796e+00
6.778399999999999981e-01
-1.638300000000000090e+00
-1.803299999999999903e+00
-3.714399999999999924e+00
-1.273400000000000176e+01
-2.385199999999999676e+01
-2.282699999999999818e+01
-3.888199999999999878e+00
1.911100000000000065e+01
2.721099999999999852e+01
2.069599999999999795e+01
1.808200000000000074e+01
2.788599999999999923e+01
3.285900000000000176e+01
1.404400000000000048e+01
-1.689300000000000068e+01
-2.615199999999999747e+01
-1.268100000000000005e+00
2.995899999999999963e+01
3.324699999999999989e+01
8.451299999999999812e+00
-1.621199999999999974e+01
-2.172500000000000142e+01
-1.331799999999999962e+01
-2.645999999999999908e+00
5.864700000000000024e+00
8.383100000000000662e+00
1.039400000000000046e-01
-1.217900000000000027e+01
-1.051900000000000013e+01
1.068500000000000050e+01
3.415500000000000114e+01
4.293899999999999295e+01
4.173300000000000409e+01
4.206600000000000250e+01
4.050900000000000034e+01
2.987800000000000011e+01
2.059900000000000020e+01
2.653199999999999648e+01
3.520199999999999818e+01
2.026099999999999923e+01
-1.501500000000000057e+01
-3.543900000000000006e+01
-2.310500000000000043e+01
-1.621399999999999952e+00
2.149599999999999955e+00
-6.121400000000000396e+00
-1.035200000000000031e+01
-1.500699999999999967e+01
-2.537599999999999767e+01
-1.858299999999999841e+01
2.539199999999999946e+01
7.407699999999999818e+01
6.980400000000000205e+01
1.275300000000000011e+01
-2.715399999999999991e+01
-6.866100000000000536e-01
5.517499999999999716e+01
7.186899999999999977e+01
4.100999999999999801e+01
1.241699999999999982e+01
1.547499999999999964e+01
2.635399999999999920e+01
1.466699999999999982e+01
-1.529800000000000004e+01
-4.288600000000000279e+01
-6.023600000000000421e+01
-6.437399999999999523e+01
-4.398399999999999466e+01
2.013900000000000023e+00
4.728899999999999437e+01
6.299699999999999989e+01
5.295000000000000284e+01
4.299800000000000466e+01
4.136899999999999977e+01
3.303699999999999903e+01
1.161299999999999955e+01
-8.928699999999999193e+00
-2.047799999999999798e+01
-3.345499999999999829e+01
-5.114899999999999380e+01
-5.311199999999999477e+01
-2.562400000000000233e+01
6.155100000000000016e+00
2.200499999999999901e+00
-4.102100000000000080e+01
-8.577500000000000568e+01
-1.003400000000000034e+02
-8.955299999999999727e+01
-7.275499999999999545e+01
-5.296000000000000085e+01
-2.188500000000000156e+01
1.598299999999999876e+01
4.064399999999999835e+01
3.590400000000000347e+01
3.693400000000000016e+00
-3.599000000000000199e+01
-5.383500000000000085e+01
-2.851800000000000068e+01
3.037800000000000011e+01
7.951800000000000068e+01
7.638700000000000045e+01
2.250900000000000034e+01
-3.458899999999999864e+01
-4.699100000000000676e+01
-1.036099999999999888e+01
3.719599999999999795e+01
5.360699999999999932e+01
2.833399999999999963e+01
-1.239000000000000057e+01
-3.244599999999999795e+01
-2.161100000000000065e+01
-7.170799999999999841e+00
-2.385000000000000142e+01
-7.116199999999999193e+01
-1.097999999999999972e+02
-1.058299999999999983e+02
-6.963899999999999579e+01
-4.014999999999999858e+01
-3.727900000000000347e+01
-4.452700000000000102e+01
-3.900000000000000000e+01
-2.145599999999999952e+01
-8.112299999999999400e+00
-3.985700000000000021e+00
7.983899999999999331e-01
1.117699999999999960e+01
1.691400000000000148e+01
7.256300000000000416e+00
-1.335400000000000098e+01
-3.010800000000000054e+01
-3.364600000000000080e+01
-2.464600000000000080e+01
-6.038000000000000256e+00
1.990700000000000003e+01
4.458699999999999619e+01
5.295000000000000284e+01
3.961299999999999955e+01
2.132099999999999795e+01
2.190599999999999881e+01
4.213100000000000023e+01
5.537600000000000477e+01
4.095400000000000063e+01
1.437900000000000134e+01
1.014899999999999913e+01
3.469100000000000250e+01
5.275899999999999324e+01
3.108900000000000219e+01
-1.479299999999999926e+01
-3.386999999999999744e+01
7.101499999999999480e-01
6.050999999999999801e+01
9.673200000000001353e+01
9.414100000000000534e+01
7.687000000000000455e+01
6.779200000000000159e+01
6.008800000000000097e+01
3.549300000000000210e+01
-3.270399999999999974e+00
-3.275600000000000023e+01
-3.873900000000000432e+01
-3.151999999999999957e+01
-2.602199999999999847e+01
-1.624599999999999866e+01
1.582799999999999940e+01
6.579800000000000182e+01
9.582500000000000284e+01
7.051100000000000989e+01
-1.534299999999999831e-01
-6.749800000000000466e+01
-9.534100000000000819e+01
-9.129299999999999216e+01
-8.147100000000000364e+01
-7.081699999999999307e+01
-4.671100000000000563e+01
-1.285200000000000031e+01
6.366100000000000314e+00
1.438299999999999912e+00
-4.275100000000000122e+00
1.290000000000000036e+01
4.113899999999999579e+01
4.868699999999999761e+01
2.782000000000000028e+01
2.377299999999999969e+00
-7.587200000000000166e+00
-8.193899999999999295e+00
-1.213499999999999979e+01
-1.461500000000000021e+01
-2.467799999999999994e+00
2.301500000000000057e+01
4.592699999999999960e+01
5.566100000000000136e+01
5.460100000000000620e+01
4.741399999999999437e+01
3.459900000000000375e+01
2.015099999999999980e+01
1.554800000000000004e+01
2.784099999999999753e+01
4.671300000000000097e+01
5.107000000000000028e+01
2.959199999999999875e+01
-7.398500000000000298e+00
-3.600600000000000023e+01
-3.811299999999999955e+01
-1.613599999999999923e+01
6.139899999999999913e+00
4.738399999999999557e-02
-4.326899999999999835e+01
-9.979899999999999238e+01
-1.288199999999999932e+02
-1.080499999999999972e+02
-5.519200000000000017e+01
-1.384500000000000064e+01
-1.645200000000000173e+01
-5.815699999999999648e+01
-1.013400000000000034e+02
-1.047300000000000040e+02
-5.487899999999999778e+01
2.200400000000000134e+01
7.906199999999999761e+01
8.634100000000000819e+01
5.365999999999999659e+01
1.539000000000000057e+01
-5.466999999999999638e+00
-1.303999999999999915e+01
-2.003500000000000014e+01
-2.578900000000000148e+01
-2.147400000000000020e+01
-1.094299999999999962e+01
-1.213499999999999979e+01
-3.438199999999999790e+01
-6.287899999999999778e+01
-7.252100000000000080e+01
-5.476899999999999835e+01
-2.672699999999999676e+01
-1.385599999999999987e+01
-2.526500000000000057e+01
-4.561199999999999477e+01
-5.053100000000000591e+01
-3.178400000000000247e+01
-5.799400000000000333e+00
5.246000000000000441e+00
-4.638499999999999845e-01
-3.893299999999999983e+00
7.639700000000000379e+00
2.192599999999999838e+01
1.950400000000000134e+01
4.217800000000000438e+00
2.963299999999999823e+00
2.997599999999999909e+01
6.174899999999999523e+01
5.722600000000000620e+01
6.505100000000000326e-01
-8.351799999999998647e+01
-1.572500000000000000e+02
-1.996200000000000045e+02
-2.075000000000000000e+02
-1.796599999999999966e+02
-1.171400000000000006e+02
-3.915299999999999869e+01
1.937500000000000000e+01
3.832500000000000284e+01
3.350999999999999801e+01
3.475399999999999778e+01
4.742600000000000193e+01
5.004899999999999949e+01
3.159800000000000253e+01
1.377900000000000169e+01
2.266600000000000037e+01
4.738300000000000267e+01
4.447699999999999676e+01
-1.262199999999999989e+01
-1.001599999999999966e+02
-1.667899999999999920e+02
-1.850099999999999909e+02
-1.727599999999999909e+02
-1.668100000000000023e+02
-1.840000000000000000e+02
-2.099900000000000091e+02
-2.187299999999999898e+02
-1.944699999999999989e+02
-1.370800000000000125e+02
-5.758699999999999619e+01
2.553300000000000125e+01
9.123100000000000875e+01
1.284799999999999898e+02
1.455800000000000125e+02
1.611599999999999966e+02
1.838100000000000023e+02
2.064499999999999886e+02
2.212899999999999920e+02
2.310600000000000023e+02
2.360000000000000000e+02
2.176999999999999886e+02
1.504900000000000091e+02
3.277199999999999847e+01
-1.029099999999999966e+02
-2.169099999999999966e+02
-2.914200000000000159e+02
-3.268100000000000023e+02
-3.183299999999999841e+02
-2.520000000000000000e+02
-1.259000000000000057e+02
3.279599999999999937e+01
1.760200000000000102e+02
2.585099999999999909e+02
2.583799999999999955e+02
1.884199999999999875e+02
9.141299999999999670e+01
1.317400000000000126e+01
-2.858099999999999952e+01
-4.557300000000000040e+01
-4.860600000000000165e+01
-3.083699999999999974e+01
9.503800000000000026e+00
4.621000000000000085e+01
5.001399999999999579e+01
3.003099999999999881e+01
2.314400000000000190e+01
3.868800000000000239e+01
4.464699999999999847e+01
2.435300000000000153e+01
1.720400000000000063e+01
7.091500000000000625e+01
1.686699999999999875e+02
2.416800000000000068e+02
2.536100000000000136e+02
2.352599999999999909e+02
2.245900000000000034e+02
2.076699999999999875e+02
1.456299999999999955e+02
3.954200000000000159e+01
-6.472100000000000364e+01
-1.308100000000000023e+02
-1.636299999999999955e+02
-1.838899999999999864e+02
-1.923799999999999955e+02
-1.696699999999999875e+02
-9.991400000000000148e+01
1.104499999999999993e+01
1.345900000000000034e+02
2.341100000000000136e+02
2.887300000000000182e+02
3.046899999999999977e+02
2.986200000000000045e+02
2.763700000000000045e+02
2.412700000000000102e+02
2.170500000000000114e+02
2.344499999999999886e+02
2.845899999999999750e+02
3.076299999999999955e+02
2.484499999999999886e+02
1.143199999999999932e+02
-3.794400000000000261e+01
-1.607299999999999898e+02
-2.405800000000000125e+02
-2.746600000000000250e+02
-2.566999999999999886e+02
-1.970200000000000102e+02
-1.326599999999999966e+02
-9.642799999999999727e+01
-8.483899999999999864e+01
-7.187800000000000011e+01
-4.751100000000000279e+01
-2.617000000000000171e+01
-2.003200000000000003e+01
-2.085999999999999943e+01
-1.315900000000000070e+01
8.683199999999999363e+00
4.189399999999999835e+01
8.271999999999999886e+01
1.217099999999999937e+02
1.401399999999999864e+02
1.247999999999999972e+02
8.684600000000000364e+01
5.570399999999999352e+01
5.192100000000000648e+01
7.292100000000000648e+01
1.053400000000000034e+02
1.393199999999999932e+02
1.644900000000000091e+02
1.628499999999999943e+02
1.200499999999999972e+02
4.522699999999999676e+01
-2.947899999999999920e+01
-7.207899999999999352e+01
-7.193800000000000239e+01
-4.226899999999999835e+01
-1.019599999999999973e+01
-2.972700000000000120e+00
-3.237100000000000222e+01
-8.530799999999999272e+01
-1.338799999999999955e+02
-1.595099999999999909e+02
-1.656399999999999864e+02
-1.669099999999999966e+02
-1.736599999999999966e+02
-1.901899999999999977e+02
-2.177100000000000080e+02
-2.479399999999999977e+02
-2.591399999999999864e+02
-2.331800000000000068e+02
-1.789499999999999886e+02
-1.271599999999999966e+02
-9.604600000000000648e+01
-7.115300000000000580e+01
-2.608900000000000219e+01
4.308100000000000307e+01
1.125799999999999983e+02
1.550999999999999943e+02
1.596999999999999886e+02
1.298300000000000125e+02
7.505199999999999250e+01
9.075699999999999434e+00
-5.216799999999999926e+01
-9.967100000000000648e+01
-1.368799999999999955e+02
-1.710800000000000125e+02
-2.019000000000000057e+02
-2.226200000000000045e+02
-2.310099999999999909e+02
-2.305600000000000023e+02
-2.191999999999999886e+02
-1.836299999999999955e+02
-1.121800000000000068e+02
-1.287700000000000067e+01
8.664100000000000534e+01
1.604600000000000080e+02
2.035999999999999943e+02
2.281100000000000136e+02
2.424799999999999898e+02
2.410000000000000000e+02
2.154300000000000068e+02
1.719900000000000091e+02
1.285900000000000034e+02
9.425000000000000000e+01
5.826100000000000279e+01
5.388899999999999579e+00
-6.292999999999999972e+01
-1.300399999999999920e+02
-1.850999999999999943e+02
-2.318400000000000034e+02
-2.731299999999999955e+02
-2.954900000000000091e+02
-2.799499999999999886e+02
-2.258199999999999932e+02
-1.543000000000000114e+02
-8.648899999999999011e+01
-2.608300000000000196e+01
3.305400000000000205e+01
8.967900000000000205e+01
1.337599999999999909e+02
1.593499999999999943e+02
1.710600000000000023e+02
1.764000000000000057e+02
1.771299999999999955e+02
1.689900000000000091e+02
1.461800000000000068e+02
1.041099999999999994e+02
4.326100000000000279e+01
-2.569599999999999795e+01
-8.393500000000000227e+01
-1.172399999999999949e+02
-1.272900000000000063e+02
-1.270699999999999932e+02
-1.245300000000000011e+02
-1.149500000000000028e+02
-9.114100000000000534e+01
-5.765899999999999892e+01
-3.101800000000000068e+01
-2.559900000000000020e+01
-4.172299999999999898e+01
-6.722899999999999920e+01
-8.836399999999999011e+01
-9.694700000000000273e+01
-8.939200000000001012e+01
-6.336199999999999477e+01
-1.970100000000000051e+01
3.221900000000000119e+01
7.528199999999999648e+01
9.505700000000000216e+01
9.046500000000000341e+01
7.363200000000000500e+01
5.856199999999999761e+01
5.146800000000000352e+01
5.212399999999999523e+01
6.055499999999999972e+01
7.865699999999999648e+01
1.051500000000000057e+02
1.331999999999999886e+02
1.561599999999999966e+02
1.738199999999999932e+02
1.902199999999999989e+02
2.053899999999999864e+02
2.124699999999999989e+02
2.038499999999999943e+02
1.781599999999999966e+02
1.401699999999999875e+02
9.576899999999999125e+01
4.984700000000000131e+01
8.463400000000000034e+00
-2.092199999999999704e+01
-3.321300000000000097e+01
-2.983500000000000085e+01
-1.842599999999999838e+01
-8.893900000000000361e+00
-8.371399999999999508e+00
-1.713200000000000145e+01
-2.816600000000000037e+01
-3.255300000000000438e+01
-2.760099999999999909e+01
-1.845799999999999841e+01
-1.082300000000000040e+01
-3.232200000000000184e+00
9.427799999999999514e+00
2.620199999999999818e+01
3.814999999999999858e+01
3.922800000000000153e+01
3.460099999999999909e+01
3.426800000000000068e+01
3.935800000000000409e+01
3.958500000000000085e+01
2.530000000000000071e+01
-2.409800000000000164e+00
-3.529099999999999682e+01
-6.774200000000000443e+01
-9.886499999999999488e+01
-1.265000000000000000e+02
-1.441999999999999886e+02
-1.455000000000000000e+02
-1.290900000000000034e+02
-9.908599999999999852e+01
-6.269300000000000495e+01
-2.901300000000000168e+01
-7.605699999999999683e+00
-4.685399999999999565e+00
-2.041799999999999926e+01
-5.024600000000000222e+01
-8.748200000000001353e+01
-1.232099999999999937e+02
-1.455500000000000114e+02
-1.440300000000000011e+02
-1.170999999999999943e+02
-7.360200000000000387e+01
-2.589600000000000080e+01
1.772400000000000020e+01
5.327700000000000102e+01
7.735200000000000387e+01
8.698200000000001353e+01
8.285799999999998988e+01
7.031699999999999307e+01
5.592100000000000648e+01
4.431899999999999551e+01
3.758599999999999852e+01
3.502000000000000313e+01
3.300199999999999534e+01
2.752699999999999747e+01
1.821099999999999852e+01
8.395400000000000418e+00
-2.425800000000000178e-01
-1.078599999999999959e+01
-2.700199999999999889e+01
-4.800300000000000011e+01
-6.891400000000000148e+01
-8.498899999999999011e+01
-9.207700000000001239e+01
-8.535799999999998988e+01
-6.282999999999999829e+01
-3.034800000000000253e+01
1.965799999999999992e+00
3.023699999999999832e+01
5.963800000000000523e+01
9.374799999999999045e+01
1.254800000000000040e+02
1.425500000000000114e+02
1.398199999999999932e+02
1.224399999999999977e+02
9.933200000000000784e+01
7.894499999999999318e+01
6.916299999999999670e+01
7.406399999999999295e+01
8.754899999999999238e+01
9.544299999999999784e+01
8.712100000000000932e+01
6.399800000000000466e+01
3.596300000000000097e+01
1.286200000000000010e+01
3.061900000000000177e-01
-1.455899999999999972e+00
1.429000000000000048e+00
-4.200399999999999689e-01
-1.137800000000000011e+01
-2.697800000000000153e+01
-4.133699999999999619e+01
-5.516100000000000136e+01
-7.218999999999999773e+01
-9.081799999999999784e+01
-1.052199999999999989e+02
-1.140799999999999983e+02
-1.215400000000000063e+02
-1.280399999999999920e+02
-1.273900000000000006e+02
-1.159500000000000028e+02
-9.856100000000000705e+01
-8.107099999999999795e+01
-6.134499999999999886e+01
-3.421800000000000352e+01
-2.462800000000000100e+00
2.361800000000000210e+01
3.696000000000000085e+01
3.868399999999999750e+01
3.353999999999999915e+01
2.632699999999999818e+01
2.371000000000000085e+01
3.177599999999999980e+01
4.753800000000000381e+01
5.770799999999999841e+01
5.097899999999999920e+01
2.887900000000000134e+01
4.923600000000000199e-01
-2.958599999999999852e+01
-6.207800000000000296e+01
-9.348200000000001353e+01
-1.142999999999999972e+02
-1.188299999999999983e+02
-1.113299999999999983e+02
-9.860700000000001353e+01
-8.088800000000000523e+01
-5.424300000000000210e+01
-1.928900000000000148e+01
1.740500000000000114e+01
4.926899999999999835e+01
7.314799999999999613e+01
8.668399999999999750e+01
8.746399999999999864e+01
7.709999999999999432e+01
6.339100000000000534e+01
5.502799999999999869e+01
5.446399999999999864e+01
5.667199999999999704e+01
5.528899999999999437e+01
4.833100000000000307e+01
3.857999999999999829e+01
2.898300000000000054e+01
1.870499999999999829e+01
4.399600000000000399e+00
-1.435400000000000098e+01
-3.202100000000000080e+01
-4.133299999999999841e+01
-3.986099999999999710e+01
-3.141199999999999903e+01
-2.123300000000000054e+01
-1.264400000000000013e+01
-7.382900000000000240e+00
-5.341999999999999638e+00
-1.950900000000000079e+00
1.104400000000000048e+01
3.789999999999999858e+01
7.226699999999999591e+01
1.010799999999999983e+02
1.153199999999999932e+02
1.152500000000000000e+02
1.066700000000000017e+02
9.499099999999999966e+01
8.388600000000000989e+01
7.592300000000000182e+01
7.227299999999999613e+01
7.226800000000000068e+01
7.452899999999999636e+01
7.798499999999999943e+01
8.091199999999999193e+01
8.070399999999999352e+01
7.545699999999999363e+01
6.494299999999999784e+01
4.949199999999999733e+01
2.982800000000000296e+01
9.342700000000000671e+00
-5.783400000000000318e+00
-1.185999999999999943e+01
-1.278700000000000081e+01
-1.703999999999999915e+01
-2.913300000000000267e+01
-4.575000000000000000e+01
-6.066499999999999915e+01
-7.040200000000000102e+01
-7.411100000000000421e+01
-7.102299999999999613e+01
-6.141199999999999903e+01
-4.973699999999999477e+01
-4.313800000000000523e+01
-4.529600000000000648e+01
-5.298600000000000421e+01
-5.985699999999999932e+01
-6.229500000000000171e+01
-6.028300000000000125e+01
-5.340399999999999636e+01
-3.862300000000000466e+01
-1.306599999999999895e+01
2.129599999999999937e+01
5.696800000000000352e+01
8.463500000000000512e+01
9.810500000000000398e+01
9.596700000000001296e+01
8.071300000000000807e+01
5.677700000000000102e+01
2.982000000000000028e+01
5.650299999999999656e+00
-1.211400000000000077e+01
-2.407600000000000051e+01
-3.408200000000000074e+01
-4.499499999999999744e+01
-5.517999999999999972e+01
-6.006199999999999761e+01
-5.723399999999999466e+01
-4.938000000000000256e+01
-4.178399999999999892e+01
-3.781400000000000006e+01
-3.721999999999999886e+01
-3.773300000000000409e+01
-3.737899999999999778e+01
-3.619500000000000028e+01
-3.636899999999999977e+01
-4.115999999999999659e+01
-5.241199999999999903e+01
-6.925799999999999557e+01
-8.924299999999999500e+01
-1.100499999999999972e+02
-1.292199999999999989e+02
-1.438899999999999864e+02
-1.521299999999999955e+02
-1.550300000000000011e+02
-1.553700000000000045e+02
-1.540999999999999943e+02
-1.496200000000000045e+02
-1.404499999999999886e+02
-1.270900000000000034e+02
-1.100499999999999972e+02
-8.838100000000000023e+01
-6.170700000000000074e+01
-3.278800000000000381e+01
-6.156799999999999606e+00
1.589000000000000057e+01
3.433800000000000097e+01
5.135199999999999676e+01
6.813500000000000512e+01
8.499799999999999045e+01
1.006599999999999966e+02
1.109200000000000017e+02
1.097800000000000011e+02
9.440299999999999159e+01
6.911700000000000443e+01
4.425899999999999324e+01
2.972599999999999909e+01
2.947199999999999775e+01
4.071699999999999875e+01
5.738199999999999790e+01
7.428499999999999659e+01
8.861599999999999966e+01
9.861599999999999966e+01
1.025000000000000000e+02
9.940899999999999181e+01
9.111899999999999977e+01
8.164900000000000091e+01
7.439000000000000057e+01
7.042600000000000193e+01
6.936199999999999477e+01
7.063400000000000034e+01
7.386299999999999955e+01
7.830899999999999750e+01
8.286399999999999011e+01
8.629799999999998761e+01
8.726299999999999102e+01
8.489000000000000057e+01
7.937600000000000477e+01
7.158100000000000307e+01
6.101899999999999835e+01
4.589100000000000534e+01
2.575400000000000134e+01
4.617600000000000371e+00
-1.090700000000000003e+01
-1.695400000000000063e+01
-1.575200000000000067e+01
-1.325200000000000067e+01
-1.379199999999999982e+01
-1.784499999999999886e+01
-2.350000000000000000e+01
-2.882900000000000063e+01
-3.262300000000000466e+01
-3.439800000000000324e+01
-3.474399999999999977e+01
-3.516199999999999903e+01
-3.624499999999999744e+01
-3.631000000000000227e+01
-3.316900000000000404e+01
-2.756699999999999662e+01
-2.388300000000000267e+01
-2.529500000000000171e+01
-2.933399999999999963e+01
-2.981500000000000128e+01
-2.330099999999999838e+01
-1.239900000000000091e+01
-2.059800000000000075e+00
5.302599999999999980e+00
9.788999999999999702e+00
1.131000000000000050e+01
9.262299999999999756e+00
4.611399999999999721e+00
-3.068699999999999761e-01
-4.693100000000000271e+00
-1.054299999999999926e+01
-1.922200000000000131e+01
-2.851199999999999690e+01
-3.430499999999999972e+01
-3.540899999999999892e+01
-3.507800000000000296e+01
-3.760499999999999687e+01
-4.405899999999999750e+01
-5.178199999999999648e+01
-5.706100000000000705e+01
-5.799000000000000199e+01
-5.539999999999999858e+01
-5.188199999999999790e+01
-5.039300000000000068e+01
-5.224899999999999523e+01
-5.604200000000000159e+01
-5.873799999999999955e+01
-5.837300000000000466e+01
-5.632699999999999818e+01
-5.609300000000000352e+01
-5.996899999999999409e+01
-6.641400000000000148e+01
-7.137000000000000455e+01
-7.173300000000000409e+01
-6.748300000000000409e+01
-6.038899999999999579e+01
-5.167100000000000648e+01
-4.127600000000000335e+01
-2.947400000000000020e+01
-1.790800000000000125e+01
-8.592800000000000438e+00
-2.002600000000000158e+00
3.634500000000000064e+00
1.049300000000000033e+01
1.940700000000000003e+01
2.960099999999999909e+01
4.018900000000000006e+01
5.069500000000000028e+01
6.075999999999999801e+01
6.910800000000000409e+01
7.354500000000000171e+01
7.163800000000000523e+01
6.146899999999999409e+01
4.282399999999999807e+01
1.863500000000000156e+01
-4.457399999999999807e+00
-1.825900000000000034e+01
-1.807700000000000173e+01
-6.609899999999999665e+00
7.383700000000000152e+00
1.550099999999999945e+01
1.620299999999999940e+01
1.482200000000000095e+01
1.709400000000000119e+01
2.342000000000000171e+01
3.012800000000000011e+01
3.538900000000000290e+01
4.192000000000000171e+01
5.301800000000000068e+01
6.750799999999999557e+01
8.064000000000000057e+01
8.891899999999999693e+01
9.310500000000000398e+01
9.585999999999999943e+01
9.838299999999999557e+01
9.924299999999999500e+01
9.567399999999999238e+01
8.545100000000000762e+01
6.934600000000000364e+01
5.229600000000000648e+01
4.109399999999999409e+01
3.905199999999999960e+01
4.280600000000000449e+01
4.501899999999999835e+01
4.032600000000000051e+01
2.913500000000000156e+01
1.630900000000000105e+01
7.670700000000000074e+00
6.732999999999999652e+00
1.256400000000000006e+01
2.044599999999999795e+01
2.557800000000000296e+01
2.648499999999999943e+01
2.474399999999999977e+01
2.146699999999999875e+01
1.582200000000000095e+01
7.233799999999999564e+00
-2.681599999999999984e+00
-1.146299999999999919e+01
-1.840399999999999991e+01
-2.393300000000000338e+01
-2.713599999999999923e+01
-2.589400000000000190e+01
-2.073499999999999943e+01
-1.623199999999999932e+01
-1.728900000000000148e+01
-2.425000000000000000e+01
-3.330199999999999960e+01
-4.116399999999999437e+01
-4.795399999999999352e+01
-5.483200000000000074e+01
-6.082199999999999562e+01
-6.362800000000000011e+01
-6.253600000000000136e+01
-5.917399999999999949e+01
-5.473899999999999721e+01
-4.851899999999999835e+01
-4.002100000000000080e+01
-3.127199999999999847e+01
-2.545899999999999963e+01
-2.352100000000000080e+01
-2.332000000000000028e+01
-2.222699999999999676e+01
-1.915099999999999980e+01
-1.383400000000000141e+01
-5.675900000000000389e+00
5.033299999999999663e+00
1.573499999999999943e+01
2.281900000000000261e+01
2.457000000000000028e+01
2.221199999999999974e+01
1.796699999999999875e+01
1.332099999999999973e+01
9.114800000000000679e+00
5.842999999999999972e+00
2.735899999999999999e+00
-2.461199999999999832e+00
-1.155099999999999838e+01
-2.389199999999999946e+01
-3.641400000000000148e+01
-4.601200000000000045e+01
-5.090899999999999892e+01
-5.070399999999999352e+01
-4.613199999999999790e+01
-3.893599999999999994e+01
-3.097599999999999909e+01
-2.297199999999999775e+01
-1.477500000000000036e+01
-7.071100000000000385e+00
-1.650099999999999900e+00
5.089100000000000845e-01
1.340500000000000025e+00
4.178300000000000125e+00
1.021700000000000053e+01
1.707300000000000040e+01
2.077300000000000324e+01
1.964999999999999858e+01
1.563299999999999912e+01
1.259799999999999898e+01
1.300699999999999967e+01
1.593999999999999950e+01
1.802200000000000202e+01
1.661799999999999855e+01
1.226999999999999957e+01
7.892000000000000348e+00
5.441200000000000259e+00
4.089199999999999946e+00
1.724599999999999911e+00
-2.343300000000000161e+00
-7.043499999999999872e+00
-1.117400000000000126e+01
-1.469500000000000028e+01
-1.802599999999999980e+01
-2.104199999999999804e+01
-2.332900000000000063e+01
-2.474599999999999866e+01
-2.534600000000000009e+01
-2.465399999999999991e+01
-2.216600000000000037e+01
-1.852899999999999991e+01
-1.582200000000000095e+01
-1.582000000000000028e+01
-1.865700000000000003e+01
-2.302400000000000091e+01
-2.742699999999999960e+01
-3.096999999999999886e+01
-3.305199999999999960e+01
-3.361500000000000199e+01
-3.360099999999999909e+01
-3.416100000000000136e+01
-3.462699999999999534e+01
-3.176800000000000068e+01
-2.248699999999999832e+01
-7.391399999999999970e+00
8.480299999999999727e+00
1.955900000000000105e+01
2.396800000000000352e+01
2.422800000000000153e+01
2.393499999999999872e+01
2.474699999999999989e+01
2.597699999999999676e+01
2.606199999999999761e+01
2.406300000000000239e+01
1.977299999999999969e+01
1.371400000000000041e+01
7.590099999999999625e+00
4.248300000000000409e+00
6.033699999999999619e+00
1.282499999999999929e+01
2.169999999999999929e+01
2.911699999999999733e+01
3.308699999999999619e+01
3.356900000000000261e+01
3.122899999999999920e+01
2.709499999999999886e+01
2.289300000000000068e+01
2.078099999999999881e+01
2.161100000000000065e+01
2.395599999999999952e+01
2.508900000000000219e+01
2.366600000000000037e+01
2.055499999999999972e+01
1.777799999999999869e+01
1.654299999999999926e+01
1.647100000000000009e+01
1.629200000000000159e+01
1.492799999999999905e+01
1.196799999999999997e+01
7.779300000000000104e+00
2.915000000000000036e+00
-1.971799999999999997e+00
-6.190400000000000347e+00
-9.239300000000000068e+00
-1.102799999999999869e+01
-1.166099999999999959e+01
-1.103099999999999881e+01
-8.916900000000000048e+00
-5.503999999999999559e+00
-1.623099999999999987e+00
1.865399999999999947e+00
4.793599999999999639e+00
7.477699999999999569e+00
9.597200000000000841e+00
1.023200000000000109e+01
9.042500000000000426e+00
7.140200000000000102e+00
6.452099999999999724e+00
7.860000000000000320e+00
1.018399999999999928e+01
1.112099999999999866e+01
9.752399999999999736e+00
7.639599999999999724e+00
7.958199999999999719e+00
1.258799999999999919e+01
2.049199999999999733e+01
2.833800000000000097e+01
3.277599999999999625e+01
3.205699999999999505e+01
2.651399999999999935e+01
1.837500000000000000e+01
1.090400000000000169e+01
6.922799999999999621e+00
7.319300000000000139e+00
1.113599999999999923e+01
1.685500000000000043e+01
2.333500000000000085e+01
2.915699999999999648e+01
3.239900000000000091e+01
3.229999999999999716e+01
3.077100000000000080e+01
3.106500000000000128e+01
3.465099999999999625e+01
3.964999999999999858e+01
4.266499999999999915e+01
4.189000000000000057e+01
3.787400000000000233e+01
3.206499999999999773e+01
2.565699999999999648e+01
1.927700000000000102e+01
1.355700000000000038e+01
9.068699999999999761e+00
6.386599999999999611e+00
5.573400000000000354e+00
5.668199999999999683e+00
4.553099999999999703e+00
2.114400000000000168e-01
-7.775999999999999801e+00
-1.778900000000000148e+01
-2.759400000000000119e+01
-3.557399999999999807e+01
-4.108299999999999841e+01
-4.380100000000000193e+01
-4.386600000000000676e+01
-4.199199999999999733e+01
-3.915500000000000114e+01
-3.597500000000000142e+01
-3.305100000000000193e+01
-3.145800000000000196e+01
-3.231000000000000227e+01
-3.553199999999999648e+01
-3.952599999999999625e+01
-4.262500000000000000e+01
-4.435100000000000620e+01
-4.510899999999999466e+01
-4.504999999999999716e+01
-4.411399999999999721e+01
-4.280300000000000438e+01
-4.237100000000000222e+01
-4.389500000000000313e+01
-4.743100000000000449e+01
-5.201600000000000534e+01
-5.627199999999999847e+01
-5.913800000000000523e+01
-6.001300000000000523e+01
-5.893500000000000227e+01
-5.627300000000000324e+01
-5.238399999999999324e+01
-4.740500000000000114e+01
-4.165500000000000114e+01
-3.583899999999999864e+01
-3.082300000000000040e+01
-2.705099999999999838e+01
-2.417000000000000171e+01
-2.119999999999999929e+01
-1.749900000000000233e+01
-1.332200000000000095e+01
-9.923299999999999343e+00
-8.223900000000000432e+00
-7.529499999999999638e+00
-5.836400000000000254e+00
-1.622800000000000020e+00
4.596899999999999764e+00
1.072599999999999909e+01
1.511599999999999966e+01
1.787699999999999889e+01
2.066499999999999915e+01
2.489800000000000324e+01
3.063500000000000156e+01
3.659700000000000131e+01
4.110800000000000409e+01
4.339300000000000068e+01
4.381600000000000250e+01
4.328199999999999648e+01
4.243100000000000449e+01
4.119800000000000040e+01
3.886999999999999744e+01
3.442800000000000438e+01
2.719999999999999929e+01
1.765700000000000003e+01
7.542600000000000193e+00
-8.714799999999999214e-01
-6.117600000000000371e+00
-7.886899999999999800e+00
-6.705199999999999605e+00
-3.775500000000000078e+00
-1.024599999999999955e+00
-4.942799999999999971e-01
-2.908300000000000107e+00
-6.790399999999999991e+00
-9.258900000000000574e+00
-8.224399999999999267e+00
-3.731399999999999828e+00
2.655100000000000016e+00
8.845900000000000318e+00
1.309299999999999997e+01
1.448000000000000043e+01
1.328099999999999881e+01
1.116499999999999915e+01
1.013400000000000034e+01
1.079299999999999926e+01
1.184200000000000053e+01
1.167400000000000126e+01
1.027099999999999902e+01
9.221399999999999153e+00
9.550900000000000389e+00
1.044500000000000028e+01
1.009799999999999898e+01
7.822700000000000209e+00
4.473099999999999632e+00
1.726699999999999902e+00
7.403300000000000436e-01
1.627000000000000002e+00
3.407500000000000195e+00
4.370599999999999596e+00
3.479299999999999837e+00
1.473799999999999999e+00
3.489599999999999924e-01
1.535600000000000076e+00
4.631300000000000416e+00
8.001500000000000057e+00
1.022700000000000031e+01
1.089400000000000013e+01
1.053200000000000003e+01
1.029499999999999993e+01
1.147400000000000020e+01
1.496900000000000119e+01
2.070599999999999952e+01
2.755699999999999861e+01
3.375500000000000256e+01
3.775199999999999534e+01
3.890099999999999625e+01
3.764600000000000080e+01
3.484900000000000375e+01
3.099699999999999989e+01
2.587699999999999889e+01
1.974699999999999989e+01
1.375999999999999979e+01
9.554399999999999338e+00
7.971700000000000230e+00
8.627900000000000347e+00
1.035900000000000176e+01
1.193099999999999916e+01
1.239200000000000124e+01
1.158599999999999852e+01
1.018299999999999983e+01
8.958899999999999864e+00
7.926199999999999690e+00
6.555900000000000283e+00
4.680699999999999861e+00
2.705900000000000194e+00
9.126700000000000923e-01
-9.862700000000000911e-01
-3.097300000000000164e+00
-5.262199999999999989e+00
-7.739300000000000068e+00
-1.148799999999999955e+01
-1.684799999999999898e+01
-2.217000000000000171e+01
-2.481199999999999761e+01
-2.360199999999999676e+01
-1.991700000000000159e+01
-1.596900000000000119e+01
-1.302400000000000091e+01
-1.130099999999999838e+01
-1.103900000000000148e+01
-1.254800000000000004e+01
-1.504400000000000048e+01
-1.656799999999999784e+01
-1.549900000000000055e+01
-1.224099999999999966e+01
-8.815599999999999881e+00
-7.041599999999999859e+00
-7.289399999999999658e+00
-8.857400000000000162e+00
-1.129099999999999859e+01
-1.454099999999999859e+01
-1.828400000000000247e+01
-2.162000000000000099e+01
-2.376699999999999946e+01
-2.480000000000000071e+01
-2.494699999999999918e+01
-2.379199999999999804e+01
-2.076999999999999957e+01
-1.690099999999999980e+01
-1.463000000000000078e+01
-1.538700000000000045e+01
-1.760500000000000043e+01
-1.797799999999999798e+01
-1.500400000000000134e+01
-1.038599999999999923e+01
-7.138099999999999667e+00
-6.521099999999999675e+00
-7.558500000000000441e+00
-8.650000000000000355e+00
-9.173299999999999343e+00
-9.817000000000000171e+00
-1.171900000000000119e+01
-1.568200000000000038e+01
-2.129800000000000182e+01
-2.662300000000000111e+01
-2.929100000000000037e+01
-2.839800000000000324e+01
-2.521499999999999986e+01
-2.165399999999999991e+01
-1.834700000000000131e+01
-1.432699999999999996e+01
-8.903900000000000148e+00
-2.878699999999999815e+00
2.091600000000000126e+00
4.692999999999999616e+00
4.741799999999999571e+00
2.725900000000000212e+00
-3.168099999999999805e-01
-2.829200000000000159e+00
-3.568799999999999972e+00
-2.557599999999999874e+00
-1.131399999999999961e+00
-6.180299999999999683e-01
-1.023200000000000109e+00
-1.043700000000000072e+00
6.392100000000000559e-01
4.242499999999999716e+00
9.044200000000000017e+00
1.403400000000000070e+01
1.834600000000000009e+01
2.137900000000000134e+01
2.275800000000000267e+01
2.256599999999999895e+01
2.113100000000000023e+01
1.868099999999999739e+01
1.544099999999999895e+01
1.192699999999999960e+01
9.255300000000000082e+00
8.391999999999999460e+00
8.921599999999999753e+00
9.220000000000000639e+00
7.939400000000000013e+00
5.587100000000000399e+00
4.155599999999999739e+00
5.306300000000000239e+00
9.031000000000000583e+00
1.400900000000000034e+01
1.891300000000000026e+01
2.293900000000000006e+01
2.581099999999999994e+01
2.727199999999999847e+01
2.688599999999999923e+01
2.408699999999999974e+01
1.873799999999999955e+01
1.157400000000000162e+01
4.546899999999999942e+00
-2.759800000000000031e-01
-1.858400000000000052e+00
-8.790700000000000180e-01
8.739899999999999336e-01
1.697799999999999976e+00
8.450100000000000389e-01
-1.211999999999999966e+00
-3.240699999999999914e+00
-4.345900000000000318e+00
-4.429299999999999571e+00
-3.627400000000000180e+00
-1.540799999999999947e+00
2.535699999999999843e+00
8.491400000000000503e+00
1.493500000000000050e+01
1.983500000000000085e+01
2.194599999999999795e+01
2.139300000000000068e+01
1.892200000000000060e+01
1.541499999999999915e+01
1.127500000000000036e+01
6.659600000000000186e+00
1.864800000000000013e+00
-2.350000000000000089e+00
-5.048300000000000232e+00
-5.946399999999999686e+00
-5.462500000000000355e+00
-4.305600000000000094e+00
-2.820899999999999963e+00
-1.507600000000000051e+00
-1.119399999999999951e+00
-2.143299999999999983e+00
-4.095600000000000129e+00
-5.639199999999999768e+00
-5.613000000000000433e+00
-3.370099999999999874e+00
1.220499999999999918e+00
7.557500000000000107e+00
1.392400000000000126e+01
1.834799999999999898e+01
2.001399999999999935e+01
1.982499999999999929e+01
1.889900000000000091e+01
1.733599999999999852e+01
1.465599999999999881e+01
1.091000000000000014e+01
7.047900000000000276e+00
4.158100000000000129e+00
2.875199999999999978e+00
3.186799999999999855e+00
3.990899999999999892e+00
3.543699999999999850e+00
8.787200000000000566e-01
-2.858099999999999863e+00
-5.448299999999999699e+00
-6.058300000000000018e+00
-5.876800000000000246e+00
-6.233299999999999841e+00
-7.077399999999999913e+00
-7.899600000000000399e+00
-8.990700000000000358e+00
-1.117400000000000126e+01
-1.425500000000000078e+01
-1.728300000000000125e+01
-1.997100000000000009e+01
-2.301099999999999923e+01
-2.652100000000000080e+01
-2.930199999999999960e+01
-3.010999999999999943e+01
-2.928099999999999881e+01
-2.815599999999999881e+01
-2.703400000000000247e+01
-2.474099999999999966e+01
-2.028599999999999781e+01
-1.428700000000000081e+01
-8.528999999999999915e+00
-4.156600000000000072e+00
-8.682600000000000318e-01
1.899100000000000010e+00
4.029700000000000060e+00
4.952399999999999913e+00
4.733699999999999797e+00
4.340600000000000236e+00
4.329299999999999926e+00
4.314799999999999969e+00
3.628899999999999793e+00
2.317600000000000104e+00
1.144400000000000084e+00
3.192599999999999882e-01
-9.192399999999999460e-01
-3.101199999999999957e+00
-5.758300000000000196e+00
-7.845299999999999940e+00
-8.958299999999999486e+00
-9.451299999999999812e+00
-9.380200000000000315e+00
-8.026799999999999713e+00
-4.729099999999999859e+00
-1.476400000000000212e-01
4.123899999999999899e+00
6.681700000000000195e+00
6.991600000000000037e+00
5.312100000000000044e+00
2.284699999999999953e+00
-9.786299999999998889e-01
-2.933100000000000041e+00
-2.614900000000000002e+00
-3.825300000000000367e-01
2.349699999999999900e+00
4.468200000000000394e+00
5.810999999999999943e+00
6.881599999999999717e+00
7.892000000000000348e+00
8.677599999999999980e+00
9.182499999999999218e+00
9.764099999999999113e+00
1.099300000000000033e+01
1.303599999999999959e+01
1.543799999999999883e+01
1.732799999999999940e+01
1.801999999999999957e+01
1.748099999999999810e+01
1.615399999999999991e+01
1.419099999999999895e+01
1.097700000000000031e+01
5.986200000000000188e+00
-1.223400000000000043e-01
-5.587600000000000122e+00
-8.997199999999999420e+00
-1.056900000000000084e+01
-1.151200000000000045e+01
-1.260299999999999976e+01
-1.375200000000000067e+01
-1.464799999999999969e+01
-1.541599999999999859e+01
-1.641900000000000048e+01
-1.768499999999999872e+01
-1.905999999999999872e+01
-2.060099999999999909e+01
-2.245100000000000051e+01
-2.465099999999999980e+01
-2.715500000000000114e+01
-3.018599999999999994e+01
-3.395000000000000284e+01
-3.782000000000000028e+01
-4.040099999999999625e+01
-4.061400000000000432e+01
-3.896199999999999619e+01
-3.707900000000000063e+01
-3.591700000000000159e+01
-3.476899999999999835e+01
-3.227499999999999858e+01
-2.799399999999999977e+01
-2.289999999999999858e+01
-1.823600000000000065e+01
-1.441499999999999915e+01
-1.101200000000000045e+01
-7.634699999999999598e+00
-4.174000000000000377e+00
-8.258900000000000130e-01
2.131899999999999906e+00
4.370599999999999596e+00
5.942499999999999893e+00
7.598600000000000243e+00
1.017799999999999905e+01
1.377700000000000102e+01
1.723199999999999932e+01
1.910000000000000142e+01
1.879799999999999827e+01
1.709299999999999997e+01
1.544599999999999973e+01
1.519299999999999962e+01
1.666900000000000048e+01
1.897700000000000031e+01
2.071999999999999886e+01
2.134199999999999875e+01
2.170699999999999719e+01
2.308800000000000097e+01
2.569199999999999662e+01
2.847199999999999775e+01
3.023800000000000310e+01
3.071300000000000097e+01
3.046499999999999986e+01
3.015399999999999991e+01
3.009099999999999753e+01
3.036400000000000077e+01
3.056699999999999662e+01
3.003500000000000014e+01
2.824800000000000111e+01
2.542999999999999972e+01
2.230300000000000082e+01
1.936299999999999955e+01
1.658200000000000074e+01
1.366699999999999982e+01
1.063499999999999979e+01
7.897000000000000242e+00
6.044999999999999929e+00
5.263700000000000045e+00
5.160499999999999865e+00
4.837299999999999933e+00
3.319100000000000161e+00
5.883000000000000451e-01
-2.146100000000000119e+00
-3.221699999999999786e+00
-1.965899999999999981e+00
4.314000000000000057e-01
2.020999999999999908e+00
1.952499999999999902e+00
1.014000000000000012e+00
4.629399999999999626e-01
6.972800000000000109e-01
1.094700000000000006e+00
1.213400000000000034e+00
1.387799999999999923e+00
2.426400000000000112e+00
4.956400000000000361e+00
8.876500000000000057e+00
1.316699999999999982e+01
1.631599999999999895e+01
1.715700000000000003e+01
1.611400000000000077e+01
1.485799999999999876e+01
1.490299999999999869e+01
1.620400000000000063e+01
1.749500000000000099e+01
1.771799999999999997e+01
1.675199999999999889e+01
1.485599999999999987e+01
1.202099999999999902e+01
8.172800000000000509e+00
3.834700000000000220e+00
1.173599999999999921e-01
-1.985100000000000087e+00
-2.518499999999999961e+00
-2.535899999999999821e+00
-3.089900000000000091e+00
-4.139400000000000190e+00
-4.973799999999999777e+00
-5.476600000000000357e+00
-6.982000000000000206e+00
-1.072299999999999898e+01
-1.620700000000000074e+01
-2.127699999999999747e+01
-2.433800000000000097e+01
-2.557400000000000162e+01
-2.591600000000000037e+01
-2.559800000000000253e+01
-2.432900000000000063e+01
-2.259600000000000009e+01
-2.182099999999999795e+01
-2.286400000000000077e+01
-2.526599999999999824e+01
-2.771400000000000219e+01
-2.923900000000000077e+01
-2.936499999999999844e+01
-2.812800000000000011e+01
-2.593300000000000338e+01
-2.355000000000000071e+01
-2.150300000000000011e+01
-1.967399999999999949e+01
-1.797899999999999920e+01
-1.697200000000000131e+01
-1.754200000000000159e+01
-1.975199999999999889e+01
-2.252599999999999980e+01
-2.449599999999999866e+01
-2.481500000000000128e+01
-2.342099999999999937e+01
-2.067699999999999960e+01
-1.700799999999999912e+01
-1.275300000000000011e+01
-7.995199999999999640e+00
-2.749899999999999789e+00
2.367399999999999949e+00
6.205599999999999561e+00
8.345299999999999940e+00
9.492900000000000560e+00
1.077200000000000024e+01
1.228700000000000081e+01
1.315900000000000070e+01
1.265700000000000003e+01
1.097000000000000064e+01
8.636100000000000776e+00
6.047900000000000276e+00
3.565599999999999881e+00
1.945999999999999952e+00
1.609199999999999964e+00
2.185599999999999987e+00
2.752600000000000158e+00
2.945899999999999963e+00
3.266199999999999992e+00
4.179700000000000415e+00
5.549500000000000099e+00
6.661200000000000010e+00
7.043000000000000149e+00
6.823199999999999932e+00
6.397499999999999964e+00
6.100100000000000300e+00
5.877500000000000391e+00
5.584200000000000053e+00
5.201299999999999812e+00
4.981700000000000017e+00
5.148399999999999643e+00
5.629900000000000126e+00
6.166900000000000048e+00
6.766899999999999693e+00
7.844000000000000306e+00
9.783699999999999619e+00
1.252500000000000036e+01
1.565599999999999881e+01
1.885999999999999943e+01
2.198199999999999932e+01
2.491499999999999915e+01
2.767699999999999960e+01
3.024900000000000233e+01
3.230599999999999739e+01
3.345300000000000296e+01
3.360900000000000176e+01
3.325600000000000023e+01
3.301500000000000057e+01
3.281199999999999761e+01
3.212699999999999534e+01
3.069999999999999929e+01
2.870300000000000296e+01
2.627899999999999991e+01
2.337800000000000011e+01
2.003999999999999915e+01
1.692299999999999827e+01
1.441000000000000014e+01
1.206099999999999994e+01
8.881500000000000838e+00
4.602199999999999847e+00
-2.305800000000000211e-02
-4.112300000000000288e+00
-7.476799999999999891e+00
-1.017699999999999960e+01
-1.208900000000000041e+01
-1.323499999999999943e+01
-1.435299999999999976e+01
-1.637199999999999989e+01
-1.941099999999999781e+01
-2.258199999999999719e+01
-2.500400000000000134e+01
-2.665099999999999980e+01
-2.793400000000000105e+01
-2.906599999999999895e+01
-2.984900000000000020e+01
-3.019400000000000261e+01
-3.031900000000000261e+01
-3.053699999999999903e+01
-3.094900000000000162e+01
-3.148300000000000054e+01
-3.211599999999999966e+01
-3.279299999999999926e+01
-3.340800000000000125e+01
-3.368399999999999750e+01
-3.346199999999999619e+01
-3.257900000000000063e+01
-3.092500000000000071e+01
-2.835599999999999810e+01
-2.482300000000000040e+01
-2.060300000000000153e+01
-1.634299999999999997e+01
-1.268099999999999916e+01
-9.794399999999999551e+00
-7.672500000000000320e+00
-6.289900000000000269e+00
-5.542200000000000237e+00
-4.915000000000000036e+00
-3.711199999999999832e+00
-1.665200000000000014e+00
8.636000000000000343e-01
3.173799999999999955e+00
4.608900000000000219e+00
4.613800000000000345e+00
3.078500000000000014e+00
8.023500000000000076e-01
-9.387799999999999478e-01
-1.806000000000000050e+00
-2.882099999999999884e+00
-5.201200000000000045e+00
-8.020500000000000185e+00
-9.628800000000000026e+00
-9.746800000000000352e+00
-9.850899999999999324e+00
-1.094800000000000040e+01
-1.211900000000000155e+01
-1.202299999999999969e+01
-1.090499999999999936e+01
-9.809300000000000352e+00
-8.521300000000000097e+00
-5.720600000000000129e+00
-1.290100000000000025e+00
2.950699999999999878e+00
5.329500000000000348e+00
5.938699999999999868e+00
5.988100000000000200e+00
6.088499999999999801e+00
6.258499999999999730e+00
6.724499999999999922e+00
7.882299999999999862e+00
9.599000000000000199e+00
1.121900000000000119e+01
1.244800000000000040e+01
1.335900000000000176e+01
1.402200000000000024e+01
1.430499999999999972e+01
1.464099999999999824e+01
1.597499999999999964e+01
1.875700000000000145e+01
2.233999999999999986e+01
2.585199999999999676e+01
2.885099999999999909e+01
3.114199999999999946e+01
3.238599999999999568e+01
3.215500000000000114e+01
3.075099999999999767e+01
2.880900000000000105e+01
2.674399999999999977e+01
2.452899999999999991e+01
2.243599999999999994e+01
2.103900000000000148e+01
2.067300000000000182e+01
2.098699999999999832e+01
2.150400000000000134e+01
2.246800000000000352e+01
2.432999999999999829e+01
2.695100000000000051e+01
2.911199999999999832e+01
2.949300000000000210e+01
2.778099999999999881e+01
2.478099999999999881e+01
2.153900000000000148e+01
1.856799999999999784e+01
1.587599999999999945e+01
1.344800000000000040e+01
1.128900000000000148e+01
9.178900000000000503e+00
6.570000000000000284e+00
2.886600000000000055e+00
-1.895899999999999919e+00
-7.124699999999999811e+00
-1.201799999999999891e+01
-1.617399999999999949e+01
-1.946400000000000219e+01
-2.170199999999999818e+01
-2.267300000000000182e+01
-2.263199999999999790e+01
-2.228199999999999648e+01
-2.217000000000000171e+01
-2.211899999999999977e+01
-2.169300000000000139e+01
-2.086599999999999966e+01
-2.026200000000000045e+01
-2.045899999999999963e+01
-2.147699999999999676e+01
-2.282800000000000296e+01
-2.385199999999999676e+01
-2.392099999999999937e+01
-2.265599999999999881e+01
-2.023499999999999943e+01
-1.743200000000000216e+01
-1.504900000000000126e+01
-1.324099999999999966e+01
-1.166799999999999926e+01
-1.008000000000000007e+01
-8.471999999999999531e+00
-6.834299999999999820e+00
-4.949600000000000222e+00
-2.729299999999999837e+00
-3.080900000000000305e-01
2.092900000000000205e+00
4.224499999999999922e+00
5.695999999999999730e+00
6.066900000000000404e+00
5.469000000000000306e+00
4.977699999999999569e+00
5.680699999999999861e+00
7.679400000000000226e+00
9.884100000000000108e+00
1.148200000000000109e+01
1.250799999999999912e+01
1.327700000000000102e+01
1.333799999999999919e+01
1.192699999999999960e+01
9.115999999999999659e+00
6.067700000000000315e+00
3.978200000000000180e+00
3.165700000000000180e+00
3.047600000000000087e+00
3.141700000000000159e+00
3.317699999999999871e+00
3.573700000000000099e+00
3.735500000000000043e+00
3.436999999999999833e+00
2.492599999999999927e+00
8.734100000000000197e-01
-1.263200000000000101e+00
-3.838499999999999801e+00
-6.807999999999999829e+00
-1.010500000000000043e+01
-1.336900000000000155e+01
-1.615500000000000114e+01
-1.822200000000000131e+01
-1.972400000000000020e+01
-2.091600000000000037e+01
-2.188599999999999923e+01
-2.252499999999999858e+01
-2.284300000000000352e+01
-2.303699999999999903e+01
-2.338599999999999923e+01
-2.385699999999999932e+01
-2.417699999999999960e+01
-2.399399999999999977e+01
-2.292300000000000182e+01
-2.070800000000000196e+01
-1.737099999999999866e+01
-1.342999999999999972e+01
-9.563200000000000145e+00
-6.033500000000000085e+00
-2.359500000000000153e+00
2.007600000000000051e+00
6.807000000000000384e+00
1.088599999999999923e+01
1.306499999999999950e+01
1.330199999999999960e+01
1.279299999999999926e+01
1.299200000000000088e+01
1.437900000000000134e+01
1.646099999999999852e+01
1.817800000000000082e+01
1.890800000000000125e+01
1.830599999999999739e+01
1.608800000000000097e+01
1.206400000000000006e+01
6.886999999999999567e+00
2.197099999999999831e+00
-3.215199999999999725e-01
-5.266499999999999515e-01
3.434499999999999775e-01
9.598999999999999755e-01
1.134700000000000042e+00
1.303299999999999903e+00
1.440399999999999903e+00
9.326799999999999535e-01
-4.108199999999999630e-01
-2.030100000000000016e+00
-3.289499999999999869e+00
-4.326100000000000279e+00
-5.686499999999999666e+00
-7.630300000000000082e+00
-1.000399999999999956e+01
-1.242599999999999838e+01
-1.440900000000000070e+01
-1.536800000000000033e+01
-1.490299999999999869e+01
-1.324599999999999866e+01
-1.147200000000000131e+01
-1.054400000000000048e+01
-1.075799999999999912e+01
-1.155599999999999916e+01
-1.188099999999999845e+01
-1.082699999999999996e+01
-8.113300000000000622e+00
-4.417399999999999771e+00
-7.416800000000000059e-01
2.320899999999999963e+00
4.869100000000000428e+00
6.929700000000000415e+00
7.940400000000000347e+00
7.379100000000000215e+00
5.479899999999999771e+00
3.224600000000000133e+00
1.249500000000000055e+00
-3.805699999999999639e-01
-1.329700000000000104e+00
-7.241499999999999604e-01
1.939400000000000013e+00
5.850699999999999790e+00
9.361499999999999488e+00
1.169900000000000162e+01
1.349099999999999966e+01
1.565599999999999881e+01
1.808599999999999852e+01
2.011899999999999977e+01
2.165800000000000125e+01
2.350199999999999889e+01
2.614199999999999946e+01
2.896199999999999974e+01
3.071099999999999852e+01
3.089900000000000091e+01
3.024099999999999966e+01
2.967000000000000171e+01
2.945199999999999818e+01
2.909499999999999886e+01
2.814499999999999957e+01
2.674199999999999733e+01
2.525800000000000267e+01
2.382699999999999818e+01
2.216199999999999903e+01
1.999599999999999866e+01
1.714999999999999858e+01
1.386200000000000010e+01
1.059999999999999964e+01
7.921700000000000408e+00
6.271499999999999631e+00
5.839999999999999858e+00
6.527300000000000324e+00
7.999500000000000277e+00
9.573800000000000310e+00
1.039900000000000091e+01
9.952199999999999491e+00
8.450599999999999667e+00
6.419800000000000395e+00
4.350799999999999557e+00
2.236600000000000144e+00
2.120200000000000209e-02
-2.188499999999999890e+00
-4.145100000000000229e+00
-5.721199999999999619e+00
-6.958199999999999719e+00
-7.855199999999999960e+00
-8.477899999999999991e+00
-9.197699999999999321e+00
-1.054800000000000004e+01
-1.252500000000000036e+01
-1.446700000000000053e+01
-1.548200000000000109e+01
-1.547900000000000098e+01
-1.541999999999999993e+01
-1.633299999999999841e+01
-1.826800000000000068e+01
-2.024800000000000111e+01
-2.147100000000000009e+01
-2.197800000000000153e+01
-2.230699999999999861e+01
-2.252300000000000324e+01
-2.218099999999999739e+01
-2.137400000000000233e+01
-2.068800000000000239e+01
-2.058800000000000097e+01
-2.059900000000000020e+01
-2.006799999999999784e+01
-1.898700000000000188e+01
-1.789400000000000190e+01
-1.710200000000000031e+01
-1.631599999999999895e+01
-1.524699999999999989e+01
-1.413400000000000034e+01
-1.323900000000000077e+01
-1.249200000000000088e+01
-1.170800000000000018e+01
-1.094599999999999973e+01
-1.055900000000000105e+01
-1.073200000000000109e+01
-1.126200000000000045e+01
-1.198299999999999876e+01
-1.306799999999999962e+01
-1.451099999999999923e+01
-1.596000000000000085e+01
-1.697299999999999898e+01
-1.742999999999999972e+01
-1.773000000000000043e+01
-1.829500000000000171e+01
-1.932000000000000028e+01
-2.065199999999999747e+01
-2.204100000000000037e+01
-2.315199999999999747e+01
-2.369000000000000128e+01
-2.362800000000000011e+01
-2.306300000000000239e+01
-2.226699999999999946e+01
-2.140500000000000114e+01
-2.069800000000000040e+01
-2.037300000000000111e+01
-2.027599999999999980e+01
-1.962900000000000134e+01
-1.754700000000000060e+01
-1.392300000000000004e+01
-9.723300000000000054e+00
-6.221899999999999764e+00
-3.859500000000000153e+00
-2.308300000000000018e+00
-1.204299999999999926e+00
-4.528200000000000003e-01
3.125499999999999945e-01
1.975700000000000012e+00
4.903900000000000148e+00
8.156599999999999184e+00
1.035299999999999976e+01
1.152400000000000091e+01
1.307000000000000028e+01
1.610900000000000176e+01
2.002299999999999969e+01
2.340500000000000114e+01
2.570100000000000051e+01
2.743800000000000239e+01
2.898099999999999810e+01
2.998999999999999844e+01
3.004500000000000171e+01
2.937699999999999889e+01
2.841199999999999903e+01
2.718499999999999872e+01
2.558999999999999986e+01
2.385399999999999920e+01
2.240900000000000247e+01
2.142800000000000082e+01
2.088699999999999690e+01
2.093900000000000006e+01
2.183699999999999974e+01
2.350199999999999889e+01
2.534600000000000009e+01
2.703800000000000026e+01
2.853800000000000026e+01
2.989900000000000091e+01
3.075099999999999767e+01
3.086199999999999832e+01
3.060399999999999920e+01
3.054300000000000281e+01
3.082300000000000040e+01
3.113800000000000168e+01
3.114600000000000080e+01
3.081099999999999994e+01
2.984099999999999753e+01
2.778900000000000148e+01
2.482199999999999918e+01
2.185199999999999676e+01
1.978599999999999781e+01
1.837599999999999767e+01
1.655599999999999739e+01
1.374699999999999989e+01
1.052700000000000102e+01
7.730100000000000193e+00
5.427299999999999791e+00
3.007000000000000117e+00
2.973999999999999977e-01
-1.975200000000000067e+00
-3.103299999999999947e+00
-3.204200000000000159e+00
-3.144899999999999807e+00
-3.549300000000000122e+00
-4.436700000000000088e+00
-5.482700000000000351e+00
-6.629800000000000360e+00
-8.114200000000000301e+00
-1.005000000000000071e+01
-1.200300000000000011e+01
-1.323200000000000109e+01
-1.340400000000000169e+01
-1.277599999999999980e+01
-1.183699999999999974e+01
-1.096700000000000053e+01
-1.016799999999999926e+01
-9.505900000000000460e+00
-9.061700000000000088e+00
-8.785700000000000287e+00
-8.439500000000000668e+00
-7.880300000000000082e+00
-7.480299999999999727e+00
-7.677900000000000169e+00
-8.302400000000000446e+00
-8.779899999999999594e+00
-8.617800000000000793e+00
-8.130800000000000693e+00
-7.960600000000000342e+00
-8.451000000000000512e+00
-9.249299999999999855e+00
-9.841100000000000847e+00
-1.018700000000000117e+01
-1.059599999999999831e+01
-1.125799999999999912e+01
-1.178999999999999915e+01
-1.176099999999999923e+01
-1.127500000000000036e+01
-1.107099999999999973e+01
-1.163599999999999923e+01
-1.271700000000000053e+01
-1.355199999999999960e+01
-1.415599999999999881e+01
-1.518599999999999994e+01
-1.711799999999999855e+01
-1.930400000000000205e+01
-2.089000000000000057e+01
-2.199900000000000233e+01
-2.351199999999999690e+01
-2.561199999999999832e+01
-2.728800000000000026e+01
-2.779400000000000048e+01
-2.789300000000000068e+01
-2.902300000000000324e+01
-3.135399999999999920e+01
-3.373799999999999955e+01
-3.519800000000000040e+01
-3.595599999999999596e+01
-3.656300000000000239e+01
-3.669899999999999807e+01
-3.563499999999999801e+01
-3.329500000000000171e+01
-3.043499999999999872e+01
-2.771099999999999852e+01
-2.505499999999999972e+01
-2.218800000000000239e+01
-1.914600000000000080e+01
-1.607099999999999795e+01
-1.296099999999999852e+01
-9.643200000000000216e+00
-6.283000000000000362e+00
-3.138199999999999878e+00
-3.463400000000000367e-01
2.285699999999999843e+00
5.026699999999999946e+00
7.877200000000000202e+00
1.056599999999999895e+01
1.271599999999999930e+01
1.416599999999999859e+01
1.504800000000000004e+01
1.585599999999999987e+01
1.702400000000000091e+01
1.849900000000000233e+01
1.973000000000000043e+01
2.028900000000000148e+01
2.030099999999999838e+01
2.036599999999999966e+01
2.092199999999999704e+01
2.171999999999999886e+01
2.238400000000000034e+01
2.305000000000000071e+01
2.426699999999999946e+01
2.626699999999999946e+01
2.842999999999999972e+01
3.003599999999999781e+01
3.093199999999999861e+01
3.157800000000000296e+01
3.202799999999999869e+01
3.191900000000000048e+01
3.113300000000000267e+01
3.022500000000000142e+01
2.972500000000000142e+01
2.931900000000000261e+01
2.825600000000000023e+01
2.637599999999999767e+01
2.451500000000000057e+01
2.359099999999999753e+01
2.362900000000000134e+01
2.390300000000000225e+01
2.370400000000000063e+01
2.302100000000000080e+01
2.221800000000000352e+01
2.164300000000000068e+01
2.118099999999999739e+01
2.057999999999999829e+01
1.952100000000000080e+01
1.791499999999999915e+01
1.592500000000000071e+01
1.395199999999999996e+01
1.222700000000000031e+01
1.078599999999999959e+01
9.401300000000000878e+00
8.052699999999999747e+00
6.949799999999999756e+00
6.176199999999999690e+00
5.453000000000000291e+00
4.524099999999999788e+00
3.436999999999999833e+00
2.628400000000000070e+00
2.285400000000000098e+00
2.160800000000000054e+00
1.850999999999999979e+00
1.197699999999999987e+00
2.198300000000000254e-01
-1.054400000000000004e+00
-2.504199999999999982e+00
-4.150400000000000311e+00
-6.039799999999999613e+00
-8.335200000000000387e+00
-1.080099999999999838e+01
-1.267099999999999937e+01
-1.347200000000000131e+01
-1.375300000000000011e+01
-1.462599999999999945e+01
-1.645200000000000173e+01
-1.842599999999999838e+01
-1.971300000000000097e+01
-2.043700000000000117e+01
-2.130999999999999872e+01
-2.236599999999999966e+01
-2.301099999999999923e+01
-2.278400000000000247e+01
-2.201900000000000190e+01
-2.131599999999999895e+01
-2.088800000000000168e+01
-2.071300000000000097e+01
-2.086800000000000210e+01
-2.135699999999999932e+01
-2.190300000000000225e+01
-2.196599999999999753e+01
-2.137000000000000099e+01
-2.052899999999999991e+01
-1.990599999999999881e+01
-1.958599999999999852e+01
-1.934099999999999753e+01
-1.891099999999999781e+01
-1.839300000000000068e+01
-1.793200000000000216e+01
-1.755300000000000082e+01
-1.705300000000000082e+01
-1.605700000000000216e+01
-1.450900000000000034e+01
-1.266200000000000081e+01
-1.088599999999999923e+01
-9.474600000000000577e+00
-8.467499999999999361e+00
-7.764000000000000234e+00
-7.351899999999999658e+00
-7.133200000000000429e+00
-7.096700000000000230e+00
-7.309899999999999842e+00
-7.746400000000000396e+00
-8.255900000000000460e+00
-8.382300000000000750e+00
-7.716999999999999638e+00
-6.084299999999999820e+00
-3.702900000000000080e+00
-1.106100000000000083e+00
8.716500000000000359e-01
1.937500000000000000e+00
2.484100000000000197e+00
3.328100000000000058e+00
4.645800000000000374e+00
5.690999999999999837e+00
5.788000000000000256e+00
5.370099999999999874e+00
5.383300000000000196e+00
5.953400000000000247e+00
6.132500000000000284e+00
5.520199999999999996e+00
5.210099999999999731e+00
6.296400000000000219e+00
8.302599999999999980e+00
9.571099999999999497e+00
9.349500000000000810e+00
8.681800000000000850e+00
8.737500000000000711e+00
9.393299999999999983e+00
9.794000000000000483e+00
9.809900000000000730e+00
1.025999999999999979e+01
1.152999999999999936e+01
1.306400000000000006e+01
1.401599999999999824e+01
1.429599999999999937e+01
1.430299999999999905e+01
1.420500000000000007e+01
1.396199999999999974e+01
1.372900000000000098e+01
1.390599999999999881e+01
1.461400000000000077e+01
1.543500000000000050e+01
1.573400000000000176e+01
1.533400000000000141e+01
1.455599999999999916e+01
1.374599999999999866e+01
1.301799999999999891e+01
1.236599999999999966e+01
1.188599999999999923e+01
1.177500000000000036e+01
1.194299999999999962e+01
1.216999999999999993e+01
1.211299999999999955e+01
1.171700000000000053e+01
1.116000000000000014e+01
1.075999999999999979e+01
1.058200000000000074e+01
1.050000000000000000e+01
1.020899999999999963e+01
9.644000000000000128e+00
9.169100000000000250e+00
9.370200000000000529e+00
1.020100000000000051e+01
1.100400000000000134e+01
1.113700000000000045e+01
1.064799999999999969e+01
1.008799999999999919e+01
9.481299999999999173e+00
8.303599999999999426e+00
6.528900000000000148e+00
4.969400000000000261e+00
4.408999999999999808e+00
4.378999999999999559e+00
3.664899999999999824e+00
1.772999999999999909e+00
-5.383899999999999242e-01
-2.362400000000000055e+00
-3.575099999999999945e+00
-4.719699999999999562e+00
-5.975699999999999790e+00
-7.120300000000000296e+00
-8.109799999999999898e+00
-9.169999999999999929e+00
-1.033000000000000007e+01
-1.126400000000000112e+01
-1.181200000000000117e+01
-1.225400000000000134e+01
-1.305099999999999838e+01
-1.415900000000000070e+01
-1.532599999999999874e+01
-1.652599999999999980e+01
-1.776500000000000057e+01
-1.865900000000000247e+01
-1.876200000000000045e+01
-1.807199999999999918e+01
-1.713899999999999935e+01
-1.625400000000000134e+01
-1.525500000000000078e+01
-1.398599999999999888e+01
-1.277599999999999980e+01
-1.204499999999999993e+01
-1.163000000000000078e+01
-1.106000000000000050e+01
-1.022100000000000009e+01
-9.312699999999999534e+00
-8.282099999999999795e+00
-6.949200000000000266e+00
-5.709600000000000009e+00
-5.206299999999999706e+00
-5.520999999999999908e+00
-5.656100000000000350e+00
-4.877100000000000435e+00
-3.582300000000000040e+00
-2.816500000000000004e+00
-2.896900000000000031e+00
-2.971900000000000208e+00
-2.185000000000000053e+00
-7.728599999999999914e-01
4.186199999999999921e-01
9.963200000000000944e-01
1.347800000000000109e+00
1.906400000000000095e+00
2.566100000000000048e+00
2.876700000000000035e+00
2.632600000000000051e+00
2.121999999999999886e+00
1.723200000000000065e+00
1.564100000000000046e+00
1.483500000000000041e+00
1.390200000000000102e+00
1.394400000000000084e+00
1.440399999999999903e+00
1.263600000000000056e+00
7.290399999999999103e-01
1.166799999999999921e-01
-1.993999999999999939e-01
-6.362999999999999212e-02
1.909299999999999886e-01
1.251700000000000035e-01
-4.716299999999999937e-01
-1.600500000000000034e+00
-3.049500000000000099e+00
-4.430600000000000094e+00
-5.534399999999999764e+00
-6.356600000000000250e+00
-6.996699999999999697e+00
-7.250099999999999767e+00
-6.664799999999999613e+00
-5.192800000000000082e+00
-3.191899999999999959e+00
-1.143599999999999950e+00
6.529699999999999394e-01
2.031600000000000072e+00
2.855900000000000105e+00
3.191199999999999815e+00
3.566100000000000048e+00
4.447600000000000442e+00
5.669200000000000017e+00
6.431899999999999729e+00
6.309899999999999842e+00
5.750399999999999956e+00
5.800500000000000433e+00
6.966999999999999638e+00
8.678200000000000358e+00
9.872799999999999798e+00
1.023200000000000109e+01
1.034799999999999898e+01
1.087400000000000055e+01
1.179499999999999993e+01
1.258699999999999974e+01
1.307900000000000063e+01
1.369700000000000095e+01
1.460700000000000109e+01
1.523700000000000010e+01
1.498000000000000043e+01
1.399499999999999922e+01
1.304900000000000126e+01
1.242500000000000071e+01
1.176999999999999957e+01
1.074499999999999922e+01
9.709199999999999164e+00
9.122700000000000031e+00
8.898899999999999366e+00
8.385400000000000631e+00
7.249799999999999578e+00
5.893699999999999939e+00
4.727800000000000225e+00
3.835799999999999876e+00
2.902699999999999836e+00
1.979100000000000081e+00
1.212199999999999944e+00
8.140199999999999658e-01
8.102000000000000313e-01
1.252799999999999914e+00
2.102399999999999824e+00
3.075400000000000134e+00
3.655800000000000161e+00
3.632699999999999818e+00
3.275900000000000034e+00
2.770199999999999996e+00
1.924099999999999921e+00
6.487800000000000233e-01
-6.914100000000000801e-01
-1.591499999999999915e+00
-1.989500000000000046e+00
-2.305499999999999883e+00
-2.790599999999999969e+00
-3.475200000000000067e+00
-4.597000000000000419e+00
-6.543499999999999872e+00
-8.903299999999999770e+00
-1.042400000000000126e+01
-1.045700000000000074e+01
-9.763899999999999579e+00
-9.501899999999999125e+00
-9.500999999999999446e+00
-8.735599999999999810e+00
-7.042600000000000193e+00
-5.602599999999999802e+00
-5.185399999999999565e+00
-5.214999999999999858e+00
-4.778699999999999726e+00
-4.236600000000000144e+00
-4.663400000000000212e+00
-6.279099999999999682e+00
-8.292600000000000193e+00
-9.903399999999999537e+00
-1.104900000000000126e+01
-1.186999999999999922e+01
-1.207499999999999929e+01
-1.158599999999999852e+01
-1.075000000000000000e+01
-9.929700000000000415e+00
-9.010699999999999932e+00
-7.835300000000000153e+00
-6.696600000000000108e+00
-6.045200000000000351e+00
-5.941699999999999982e+00
-5.969500000000000028e+00
-5.837799999999999656e+00
-5.669200000000000017e+00
-5.774899999999999700e+00
-6.234899999999999665e+00
-6.891600000000000392e+00
-7.476700000000000124e+00
-7.815000000000000391e+00
-7.825700000000000323e+00
-7.638200000000000323e+00
-7.230699999999999683e+00
-6.448400000000000354e+00
-5.399600000000000399e+00
-4.487300000000000288e+00
-4.057800000000000296e+00
-3.924300000000000122e+00
-3.635800000000000143e+00
-3.104999999999999982e+00
-2.696000000000000174e+00
-2.559400000000000119e+00
-2.454600000000000115e+00
-2.113700000000000134e+00
-1.532200000000000006e+00
-9.302700000000000413e-01
-4.342300000000000049e-01
-6.356599999999999751e-02
9.984600000000000419e-02
2.585199999999999720e-01
7.543400000000000105e-01
1.649299999999999988e+00
2.593399999999999928e+00
3.473700000000000010e+00
4.631499999999999950e+00
6.242099999999999760e+00
7.651299999999999990e+00
7.960499999999999687e+00
7.203899999999999970e+00
6.407700000000000173e+00
6.385699999999999932e+00
6.701100000000000279e+00
6.501800000000000246e+00
5.593300000000000161e+00
4.586599999999999788e+00
3.993199999999999861e+00
3.792199999999999793e+00
3.806799999999999962e+00
3.968300000000000161e+00
4.262900000000000134e+00
4.573500000000000121e+00
4.822300000000000253e+00
5.132600000000000051e+00
5.683799999999999741e+00
6.337799999999999656e+00
6.738500000000000156e+00
6.755899999999999572e+00
6.507600000000000051e+00
6.200499999999999901e+00
6.000899999999999679e+00
5.901399999999999757e+00
5.986900000000000333e+00
6.167300000000000004e+00
6.183300000000000018e+00
5.977400000000000269e+00
5.752600000000000158e+00
5.803399999999999892e+00
6.064700000000000202e+00
6.219999999999999751e+00
6.078899999999999970e+00
5.824099999999999611e+00
5.646700000000000053e+00
5.288800000000000168e+00
4.427399999999999558e+00
3.325600000000000112e+00
2.619200000000000195e+00
2.514600000000000168e+00
2.403799999999999937e+00
1.665899999999999936e+00
6.081100000000000394e-01
5.543599999999999917e-02
3.942100000000000048e-01
1.217300000000000049e+00
2.075400000000000134e+00
3.102599999999999802e+00
4.479899999999999771e+00
5.885699999999999932e+00
6.578999999999999737e+00
6.296899999999999942e+00
5.725200000000000067e+00
5.674299999999999677e+00
6.320000000000000284e+00
7.185699999999999754e+00
7.821900000000000297e+00
8.266600000000000392e+00
8.703500000000000014e+00
8.980299999999999727e+00
8.781900000000000261e+00
8.101000000000000867e+00
7.214000000000000412e+00
6.182900000000000063e+00
4.819399999999999906e+00
3.142599999999999838e+00
1.501900000000000013e+00
3.204500000000000126e-01
-4.714999999999999747e-01
-1.231800000000000006e+00
-1.966900000000000093e+00
-2.377200000000000202e+00
-2.315999999999999837e+00
-2.120000000000000107e+00
-2.141099999999999781e+00
-2.440799999999999859e+00
-2.900300000000000100e+00
-3.499499999999999833e+00
-4.144400000000000084e+00
-4.679700000000000415e+00
-5.098200000000000287e+00
-5.659099999999999575e+00
-6.478399999999999714e+00
-7.113800000000000345e+00
-7.156799999999999606e+00
-6.855100000000000193e+00
-6.834999999999999964e+00
-7.169699999999999740e+00
-7.362000000000000099e+00
-7.121800000000000352e+00
-7.154200000000000337e+00
-8.093500000000000583e+00
-9.623499999999999943e+00
-1.085099999999999909e+01
-1.143799999999999883e+01
-1.185200000000000031e+01
-1.242999999999999972e+01
-1.272099999999999831e+01
-1.229099999999999859e+01
-1.152700000000000102e+01
-1.125799999999999912e+01
-1.173000000000000043e+01
-1.231200000000000117e+01
-1.227099999999999902e+01
-1.155000000000000071e+01
-1.053099999999999881e+01
-9.313399999999999679e+00
-7.840499999999999581e+00
-6.193100000000000271e+00
-4.699399999999999800e+00
-3.550699999999999967e+00
-2.606500000000000039e+00
-1.604899999999999993e+00
-4.359300000000000397e-01
7.364500000000000490e-01
1.756899999999999906e+00
2.596600000000000019e+00
3.182999999999999829e+00
3.604800000000000004e+00
4.033100000000000129e+00
4.570400000000000240e+00
5.082399999999999807e+00
5.434400000000000119e+00
5.615599999999999703e+00
5.954799999999999649e+00
6.585700000000000109e+00
7.398699999999999832e+00
8.179399999999999338e+00
8.793200000000000571e+00
9.280900000000000816e+00
9.680400000000000560e+00
1.001100000000000101e+01
1.033099999999999952e+01
1.061400000000000077e+01
1.046299999999999919e+01
9.551500000000000767e+00
7.954500000000000348e+00
6.471400000000000041e+00
5.761199999999999655e+00
5.802800000000000402e+00
5.796700000000000408e+00
5.228699999999999903e+00
4.404200000000000337e+00
3.915500000000000203e+00
3.766799999999999926e+00
3.423599999999999977e+00
2.732200000000000184e+00
2.230599999999999916e+00
2.417699999999999960e+00
2.611200000000000188e+00
1.737400000000000055e+00
-4.010699999999999821e-01
-2.714100000000000179e+00
-4.015200000000000102e+00
-4.396600000000000286e+00
-4.730299999999999727e+00
-5.604199999999999626e+00
-6.617300000000000182e+00
-7.367600000000000371e+00
-7.823199999999999932e+00
-8.162000000000000810e+00
-8.288399999999999324e+00
-7.993800000000000239e+00
-7.266899999999999693e+00
-6.454600000000000115e+00
-5.895699999999999719e+00
-5.620199999999999640e+00
-5.461800000000000210e+00
-5.106900000000000439e+00
-4.391200000000000436e+00
