2.920200000000000018e-01
5.463399999999999368e-01
4.617800000000000238e-01
4.917000000000000259e-01
4.781699999999999839e-01
4.849199999999999622e-01
4.781000000000000250e-01
4.854199999999999626e-01
4.797600000000000198e-01
4.868000000000000105e-01
4.830600000000000449e-01
4.889399999999999857e-01
4.863800000000000345e-01
4.909199999999999675e-01
4.885399999999999743e-01
4.912899999999999490e-01
4.879999999999999893e-01
4.884699999999999598e-01
4.836199999999999943e-01
4.814899999999999736e-01
4.748800000000000243e-01
4.706000000000000183e-01
4.631199999999999761e-01
4.583100000000000507e-01
4.521399999999999864e-01
4.499000000000000221e-01
4.489500000000000157e-01
4.539500000000000202e-01
4.633700000000000041e-01
4.812800000000000411e-01
5.066899999999999737e-01
5.427400000000000002e-01
5.886000000000000121e-01
6.461799999999999766e-01
7.141699999999999715e-01
7.927600000000000202e-01
8.800600000000000644e-01
9.743899999999999784e-01
1.072999999999999954e+00
1.172800000000000065e+00
1.270599999999999952e+00
1.362200000000000077e+00
1.444399999999999906e+00
1.513300000000000090e+00
1.566799999999999971e+00
1.601599999999999913e+00
1.616000000000000103e+00
1.608400000000000052e+00
1.584899999999999975e+00
1.551800000000000068e+00
1.516100000000000003e+00
1.477400000000000047e+00
1.437400000000000011e+00
1.394099999999999895e+00
1.350400000000000045e+00
1.304899999999999949e+00
1.259900000000000020e+00
1.213200000000000056e+00
1.167599999999999971e+00
1.120400000000000063e+00
1.074600000000000000e+00
1.027500000000000080e+00
9.815899999999999626e-01
9.342600000000000904e-01
8.884400000000000075e-01
8.408499999999999863e-01
7.945300000000000695e-01
7.463600000000000234e-01
6.994100000000000872e-01
6.503299999999999637e-01
6.024000000000000465e-01
5.522600000000000842e-01
5.032499999999999751e-01
4.516699999999999604e-01
4.012300000000000311e-01
3.482399999999999940e-01
2.963500000000000023e-01
2.418500000000000094e-01
1.884399999999999964e-01
1.323900000000000077e-01
7.755599999999999994e-02
2.005900000000000044e-02
-3.611299999999999927e-02
-9.491600000000000037e-02
-1.523500000000000132e-01
-2.123599999999999932e-01
-2.707800000000000207e-01
-3.317499999999999893e-01
-3.911100000000000132e-01
-4.530100000000000238e-01
-5.131299999999999750e-01
-5.758400000000000185e-01
-6.367300000000000182e-01
-7.001899999999999791e-01
-7.617399999999999727e-01
-8.259400000000000075e-01
-8.882399999999999185e-01
-9.532399999999999762e-01
-1.016299999999999981e+00
-1.082300000000000040e+00
-1.146200000000000108e+00
-1.213100000000000067e+00
-1.278100000000000014e+00
-1.346000000000000085e+00
-1.411799999999999944e+00
-1.480799999999999894e+00
-1.547600000000000087e+00
-1.617499999999999938e+00
-1.685200000000000031e+00
-1.755900000000000016e+00
-1.824300000000000033e+00
-1.895499999999999963e+00
-1.964599999999999902e+00
-2.036300000000000221e+00
-2.105700000000000127e+00
-2.177900000000000169e+00
-2.247599999999999820e+00
-2.319999999999999840e+00
-2.390099999999999891e+00
-2.462800000000000100e+00
-2.533100000000000129e+00
-2.606300000000000061e+00
-2.676899999999999835e+00
-2.750500000000000167e+00
-2.821699999999999875e+00
-2.895799999999999930e+00
-2.967499999999999805e+00
-3.042100000000000026e+00
-3.114399999999999835e+00
-3.189499999999999780e+00
-3.262199999999999989e+00
-3.337499999999999911e+00
-3.410200000000000120e+00
-3.485700000000000021e+00
-3.558399999999999785e+00
-3.633900000000000130e+00
-3.706599999999999895e+00
-3.782000000000000028e+00
-3.854400000000000048e+00
-3.929600000000000204e+00
-4.001900000000000013e+00
-4.076999999999999957e+00
-4.149000000000000021e+00
-4.223900000000000432e+00
-4.295899999999999608e+00
-4.370599999999999596e+00
-4.442300000000000360e+00
-4.516600000000000392e+00
-4.587799999999999656e+00
-4.661699999999999733e+00
-4.732400000000000162e+00
-4.805399999999999672e+00
-4.875099999999999767e+00
-4.947300000000000253e+00
-5.015799999999999592e+00
-5.086800000000000210e+00
-5.154200000000000337e+00
-5.223900000000000432e+00
-5.290000000000000036e+00
-5.358500000000000263e+00
-5.423499999999999766e+00
-5.490800000000000125e+00
-5.554400000000000226e+00
-5.620499999999999829e+00
-5.682900000000000063e+00
-5.747899999999999565e+00
-5.809099999999999930e+00
-5.872799999999999798e+00
-5.932599999999999874e+00
-5.994900000000000340e+00
-6.053099999999999703e+00
-6.113599999999999923e+00
-6.170099999999999696e+00
-6.228799999999999670e+00
-6.283299999999999663e+00
-6.339900000000000091e+00
-6.392199999999999882e+00
-6.446600000000000108e+00
-6.496599999999999930e+00
-6.548700000000000188e+00
-6.596400000000000041e+00
-6.645900000000000141e+00
-6.690900000000000070e+00
-6.737899999999999778e+00
-6.780199999999999783e+00
-6.824499999999999567e+00
-6.864300000000000068e+00
-6.905999999999999694e+00
-6.943399999999999572e+00
-6.982899999999999885e+00
-7.018299999999999983e+00
-7.056099999999999817e+00
-7.089999999999999858e+00
-7.126599999999999824e+00
-7.159699999999999953e+00
-7.195299999999999585e+00
-7.227500000000000036e+00
-7.261499999999999844e+00
-7.292699999999999960e+00
-7.327899999999999636e+00
-7.358999999999999986e+00
-7.392000000000000348e+00
-7.420300000000000118e+00
-7.450499999999999901e+00
-7.476799999999999891e+00
-7.505700000000000038e+00
-7.529899999999999594e+00
-7.556099999999999817e+00
-7.577700000000000102e+00
-7.601899999999999658e+00
-7.621400000000000396e+00
-7.642699999999999605e+00
-7.659299999999999997e+00
-7.677699999999999747e+00
-7.692099999999999937e+00
-7.707499999999999574e+00
-7.718700000000000117e+00
-7.731700000000000017e+00
-7.740599999999999703e+00
-7.751900000000000013e+00
-7.758399999999999963e+00
-7.768200000000000216e+00
-7.773900000000000254e+00
-7.783000000000000362e+00
-7.787399999999999878e+00
-7.793199999999999683e+00
-7.794200000000000017e+00
-7.797299999999999898e+00
-7.794400000000000439e+00
-7.793499999999999872e+00
-7.785000000000000142e+00
-7.777099999999999902e+00
-7.761599999999999611e+00
-7.746599999999999930e+00
-7.724400000000000155e+00
-7.701299999999999812e+00
-7.671100000000000030e+00
-7.641399999999999970e+00
-7.604599999999999582e+00
-7.567700000000000315e+00
-7.524399999999999977e+00
-7.481200000000000294e+00
-7.431000000000000050e+00
-7.381700000000000372e+00
-7.325599999999999667e+00
-7.269599999999999618e+00
-7.206900000000000084e+00
-7.142900000000000027e+00
-7.070599999999999774e+00
-6.996800000000000352e+00
-6.914900000000000269e+00
-6.831999999999999851e+00
-6.740700000000000358e+00
-6.648500000000000298e+00
-6.548300000000000232e+00
-6.448000000000000398e+00
-6.340600000000000236e+00
-6.233900000000000219e+00
-6.121000000000000441e+00
-6.010399999999999743e+00
-5.895199999999999996e+00
-5.783199999999999896e+00
-5.666800000000000281e+00
-5.553399999999999892e+00
-5.435599999999999987e+00
-5.321299999999999919e+00
-5.203400000000000247e+00
-5.089500000000000135e+00
-4.971499999999999808e+00
-4.855699999999999683e+00
-4.734099999999999753e+00
-4.614600000000000257e+00
-4.490099999999999980e+00
-4.368500000000000050e+00
-4.242200000000000415e+00
-4.119200000000000195e+00
-3.992399999999999949e+00
-3.870099999999999874e+00
-3.745099999999999874e+00
-3.625900000000000123e+00
-3.505599999999999827e+00
-3.391799999999999926e+00
-3.277299999999999880e+00
-3.170199999999999907e+00
-3.062600000000000211e+00
-2.961500000000000021e+00
-2.858999999999999986e+00
-2.763300000000000090e+00
-2.666599999999999859e+00
-2.576700000000000212e+00
-2.485899999999999999e+00
-2.401499999999999968e+00
-2.315799999999999859e+00
-2.237099999999999866e+00
-2.157500000000000195e+00
-2.084000000000000075e+00
-2.008100000000000218e+00
-1.936399999999999899e+00
-1.860400000000000054e+00
-1.788599999999999968e+00
-1.712599999999999900e+00
-1.639499999999999957e+00
-1.560300000000000020e+00
-1.482799999999999896e+00
-1.399499999999999966e+00
-1.318899999999999961e+00
-1.233899999999999997e+00
-1.152800000000000047e+00
-1.067700000000000093e+00
-9.869200000000000195e-01
-9.037799999999999168e-01
-8.270399999999999974e-01
-7.475000000000000533e-01
-6.699399999999999800e-01
-5.847299999999999720e-01
-5.002999999999999670e-01
-4.082399999999999918e-01
-3.153099999999999792e-01
-2.117600000000000038e-01
-1.042099999999999971e-01
1.548899999999999930e-02
1.376300000000000023e-01
2.692800000000000193e-01
4.019900000000000140e-01
5.437100000000000266e-01
6.851099999999999968e-01
8.316100000000000714e-01
9.729299999999999615e-01
1.116999999999999993e+00
1.256699999999999928e+00
1.401699999999999946e+00
1.543700000000000072e+00
1.690199999999999925e+00
1.834000000000000075e+00
1.984699999999999909e+00
2.135099999999999998e+00
2.295500000000000096e+00
2.458400000000000141e+00
2.632800000000000029e+00
2.811100000000000154e+00
3.000900000000000123e+00
3.193099999999999827e+00
3.395199999999999996e+00
3.597799999999999887e+00
3.807700000000000085e+00
4.016200000000000436e+00
4.232400000000000162e+00
4.447199999999999598e+00
4.667900000000000382e+00
4.885699999999999932e+00
5.107899999999999885e+00
5.325899999999999856e+00
5.546499999999999986e+00
5.759199999999999875e+00
5.972299999999999720e+00
6.177200000000000024e+00
6.381499999999999950e+00
6.575999999999999623e+00
6.768299999999999983e+00
6.948900000000000077e+00
7.126199999999999868e+00
7.292900000000000382e+00
7.457099999999999618e+00
7.612300000000000288e+00
7.766899999999999693e+00
7.914299999999999891e+00
8.060100000000000264e+00
8.196899999999999409e+00
8.335200000000000387e+00
8.470800000000000551e+00
8.613799999999999457e+00
8.751899999999999125e+00
8.893299999999999983e+00
9.028499999999999304e+00
9.166000000000000369e+00
9.296300000000000452e+00
9.425499999999999545e+00
9.544900000000000162e+00
9.661699999999999733e+00
9.767699999999999605e+00
9.871600000000000819e+00
9.961199999999999832e+00
1.004299999999999926e+01
1.010700000000000109e+01
1.017099999999999937e+01
1.023099999999999987e+01
1.031200000000000117e+01
1.040599999999999881e+01
1.049200000000000088e+01
1.051099999999999923e+01
1.044299999999999962e+01
1.031900000000000084e+01
1.026299999999999990e+01
1.035299999999999976e+01
1.053900000000000148e+01
1.061900000000000155e+01
1.048900000000000077e+01
1.031400000000000006e+01
1.044900000000000162e+01
1.096199999999999974e+01
1.147799999999999976e+01
1.152200000000000024e+01
1.109400000000000119e+01
1.066799999999999926e+01
1.070700000000000074e+01
1.118999999999999950e+01
1.181599999999999895e+01
1.242099999999999937e+01
1.312700000000000067e+01
1.400999999999999979e+01
1.491099999999999959e+01
1.550400000000000134e+01
1.561800000000000033e+01
1.528299999999999947e+01
1.465299999999999869e+01
1.387099999999999866e+01
1.311299999999999955e+01
1.247200000000000131e+01
1.193599999999999994e+01
1.152799999999999869e+01
1.161099999999999888e+01
1.264400000000000013e+01
1.455700000000000038e+01
1.644500000000000028e+01
1.730700000000000216e+01
1.697400000000000020e+01
1.626200000000000045e+01
1.607900000000000063e+01
1.666600000000000037e+01
1.756799999999999784e+01
1.821000000000000085e+01
1.825300000000000011e+01
1.773400000000000176e+01
1.701800000000000068e+01
1.666499999999999915e+01
1.695299999999999940e+01
1.759400000000000119e+01
1.790900000000000247e+01
1.749800000000000111e+01
1.659499999999999886e+01
1.577799999999999869e+01
1.537500000000000000e+01
1.544099999999999895e+01
1.604799999999999827e+01
1.727799999999999869e+01
1.871900000000000119e+01
1.948499999999999943e+01
1.897299999999999898e+01
1.763200000000000145e+01
1.657499999999999929e+01
1.650499999999999901e+01
1.712500000000000000e+01
1.773700000000000188e+01
1.788799999999999812e+01
1.754799999999999827e+01
1.688899999999999935e+01
1.626999999999999957e+01
1.616600000000000037e+01
1.690399999999999991e+01
1.817999999999999972e+01
1.908599999999999852e+01
1.877799999999999869e+01
1.734400000000000119e+01
1.574300000000000033e+01
1.499300000000000033e+01
1.534999999999999964e+01
1.639099999999999824e+01
1.754200000000000159e+01
1.842299999999999827e+01
1.879200000000000159e+01
1.858699999999999974e+01
1.805000000000000071e+01
1.780799999999999983e+01
1.829100000000000037e+01
1.910500000000000043e+01
1.914199999999999946e+01
1.759900000000000020e+01
1.482400000000000162e+01
1.224300000000000033e+01
1.113199999999999967e+01
1.178099999999999881e+01
1.364599999999999902e+01
1.607099999999999795e+01
1.862400000000000233e+01
2.094599999999999795e+01
2.249300000000000210e+01
2.285000000000000142e+01
2.229199999999999804e+01
2.185199999999999676e+01
2.216800000000000281e+01
2.245300000000000296e+01
2.098699999999999832e+01
1.696900000000000119e+01
1.180799999999999983e+01
8.356799999999999784e+00
8.381500000000000838e+00
1.121400000000000041e+01
1.464200000000000124e+01
1.706500000000000128e+01
1.878699999999999903e+01
2.084400000000000119e+01
2.303000000000000114e+01
2.465300000000000225e+01
2.556500000000000128e+01
2.554800000000000182e+01
2.428599999999999781e+01
2.139300000000000068e+01
1.666700000000000159e+01
1.185200000000000031e+01
9.915200000000000458e+00
1.210599999999999987e+01
1.691499999999999915e+01
2.158699999999999974e+01
2.364499999999999957e+01
2.218199999999999861e+01
1.878900000000000148e+01
1.646300000000000097e+01
1.694299999999999784e+01
1.906500000000000128e+01
1.929500000000000171e+01
1.545099999999999874e+01
1.025300000000000011e+01
8.291900000000000048e+00
1.039299999999999891e+01
1.425799999999999912e+01
1.731599999999999895e+01
1.865299999999999869e+01
1.990800000000000125e+01
2.232300000000000040e+01
2.449500000000000099e+01
2.512599999999999767e+01
2.492300000000000182e+01
2.476099999999999923e+01
2.365599999999999881e+01
1.997500000000000142e+01
1.407699999999999996e+01
8.297900000000000276e+00
5.196699999999999875e+00
6.319799999999999862e+00
1.055700000000000038e+01
1.524300000000000033e+01
1.817800000000000082e+01
1.774099999999999966e+01
1.523599999999999888e+01
1.491999999999999993e+01
1.824200000000000088e+01
2.245699999999999719e+01
2.410999999999999943e+01
2.189999999999999858e+01
1.787099999999999866e+01
1.486700000000000088e+01
1.243299999999999983e+01
9.049300000000000566e+00
6.416900000000000048e+00
6.492600000000000371e+00
7.655000000000000249e+00
7.841000000000000192e+00
7.940100000000000158e+00
1.029900000000000126e+01
1.637199999999999989e+01
2.450199999999999889e+01
2.945300000000000296e+01
2.946800000000000352e+01
2.756699999999999662e+01
2.458399999999999963e+01
1.942599999999999838e+01
1.298200000000000109e+01
7.804800000000000182e+00
5.372499999999999609e+00
3.594700000000000006e+00
-3.185499999999999998e-01
-4.141200000000000436e+00
-2.816899999999999959e+00
3.750799999999999912e+00
9.221099999999999852e+00
7.785499999999999865e+00
2.717699999999999783e+00
1.957999999999999963e+00
7.203400000000000247e+00
1.462500000000000000e+01
2.137400000000000233e+01
2.662900000000000134e+01
2.978000000000000114e+01
2.980099999999999838e+01
2.583599999999999852e+01
1.946799999999999997e+01
1.411400000000000077e+01
9.472099999999999298e+00
2.352500000000000036e+00
-6.594100000000000072e+00
-1.250099999999999945e+01
-1.330000000000000071e+01
-1.276099999999999923e+01
-1.439299999999999891e+01
-1.454299999999999926e+01
-7.026200000000000223e+00
6.258700000000000152e+00
1.667599999999999838e+01
1.923400000000000176e+01
1.639199999999999946e+01
1.458000000000000007e+01
1.715299999999999869e+01
2.020599999999999952e+01
1.902799999999999869e+01
1.427200000000000024e+01
6.968300000000000161e+00
-3.731300000000000061e+00
-1.614999999999999858e+01
-2.565099999999999980e+01
-2.807900000000000063e+01
-2.248999999999999844e+01
-1.245400000000000063e+01
-3.077999999999999847e+00
3.362299999999999844e+00
6.796999999999999709e+00
8.085800000000000765e+00
9.832800000000000651e+00
1.331799999999999962e+01
1.630900000000000105e+01
1.515499999999999936e+01
7.597000000000000419e+00
-4.311700000000000088e+00
-1.468599999999999994e+01
-1.999599999999999866e+01
-2.185399999999999920e+01
-2.282999999999999829e+01
-2.293900000000000006e+01
-2.122899999999999920e+01
-1.846400000000000219e+01
-1.644200000000000017e+01
-1.483000000000000007e+01
-1.115200000000000102e+01
-4.723200000000000287e+00
1.765400000000000080e+00
4.999500000000000277e+00
2.736000000000000210e+00
-2.838799999999999990e+00
-6.428499999999999659e+00
-7.340200000000000280e+00
-8.033200000000000784e+00
-9.473200000000000287e+00
-1.330900000000000105e+01
-2.068199999999999861e+01
-2.968499999999999872e+01
-3.735999999999999943e+01
-4.124600000000000222e+01
-4.067399999999999949e+01
-3.769100000000000250e+01
-3.333400000000000318e+01
-2.761499999999999844e+01
-1.955900000000000105e+01
-7.333800000000000097e+00
4.011000000000000121e+00
7.110400000000000276e+00
3.510099999999999998e+00
-2.327799999999999869e+00
-7.951500000000000234e+00
-1.202099999999999902e+01
-1.639400000000000190e+01
-2.226999999999999957e+01
-2.736899999999999977e+01
-3.023400000000000176e+01
-3.116699999999999804e+01
-3.073600000000000065e+01
-2.773300000000000054e+01
-2.108999999999999986e+01
-1.362099999999999866e+01
-8.530799999999999272e+00
-7.935200000000000031e+00
-1.398499999999999943e+01
-2.234199999999999875e+01
-2.462500000000000000e+01
-1.766099999999999781e+01
-3.033500000000000085e+00
1.058699999999999974e+01
1.152299999999999969e+01
-5.908600000000000518e-01
-1.728500000000000014e+01
-2.979100000000000037e+01
-3.354299999999999926e+01
-3.072199999999999775e+01
-2.463599999999999923e+01
-1.725199999999999889e+01
-1.225099999999999945e+01
-1.140900000000000070e+01
-1.236700000000000088e+01
-1.154700000000000060e+01
-7.142500000000000071e+00
-2.235899999999999999e+00
-8.273299999999998988e-01
-2.216099999999999959e+00
-5.145100000000000229e+00
-9.673600000000000421e+00
-1.637599999999999767e+01
-2.486599999999999966e+01
-3.121499999999999986e+01
-3.234400000000000119e+01
-3.039999999999999858e+01
-2.879500000000000171e+01
-2.845100000000000051e+01
-2.871499999999999986e+01
-2.906699999999999662e+01
-2.902199999999999847e+01
-2.710099999999999909e+01
-2.211699999999999733e+01
-1.636200000000000188e+01
-1.367699999999999960e+01
-1.648199999999999932e+01
-2.203699999999999903e+01
-2.416000000000000014e+01
-2.350199999999999889e+01
-2.601999999999999957e+01
-3.353699999999999903e+01
-4.422100000000000364e+01
-5.439600000000000080e+01
-5.980799999999999983e+01
-6.111999999999999744e+01
-6.239899999999999380e+01
-6.486700000000000443e+01
-6.809100000000000819e+01
-6.778300000000000125e+01
-5.711800000000000210e+01
-3.758400000000000318e+01
-1.913799999999999812e+01
-1.012599999999999945e+01
-1.003999999999999915e+01
-1.047700000000000031e+01
-8.252000000000000668e+00
-8.667699999999999960e+00
-1.590900000000000070e+01
-3.239399999999999835e+01
-5.584600000000000364e+01
-7.854399999999999693e+01
-9.659200000000001296e+01
-1.069200000000000017e+02
-1.058799999999999955e+02
-9.536499999999999488e+01
-8.101999999999999602e+01
-6.802299999999999613e+01
-5.814600000000000080e+01
-5.125899999999999324e+01
-4.958699999999999619e+01
-5.415600000000000591e+01
-6.115200000000000102e+01
-6.503799999999999670e+01
-6.196899999999999409e+01
-5.459199999999999875e+01
-5.189999999999999858e+01
-5.732000000000000028e+01
-6.708499999999999375e+01
-7.813200000000000500e+01
-8.600399999999999068e+01
-8.805599999999999739e+01
-9.045900000000000318e+01
-9.824399999999999977e+01
-1.109699999999999989e+02
-1.240300000000000011e+02
-1.291999999999999886e+02
-1.247000000000000028e+02
-1.149200000000000017e+02
-1.076299999999999955e+02
-1.122000000000000028e+02
-1.271700000000000017e+02
-1.423400000000000034e+02
-1.486500000000000057e+02
-1.453600000000000136e+02
-1.427899999999999920e+02
-1.470800000000000125e+02
-1.547299999999999898e+02
-1.630200000000000102e+02
-1.670200000000000102e+02
-1.650900000000000034e+02
-1.685800000000000125e+02
-1.832199999999999989e+02
-1.995000000000000000e+02
-2.078100000000000023e+02
-2.015099999999999909e+02
-1.771500000000000057e+02
-1.387299999999999898e+02
-9.990700000000001069e+01
-7.671200000000000330e+01
-6.595499999999999829e+01
-5.472699999999999676e+01
-4.084499999999999886e+01
-2.302100000000000080e+01
-5.234700000000000131e+00
4.100800000000000001e-01
-4.286500000000000199e+00
-7.896300000000000097e+00
-9.876899999999999125e+00
-1.292099999999999937e+01
-1.619800000000000040e+01
-2.146099999999999852e+01
-3.079199999999999804e+01
-4.459399999999999409e+01
-6.276800000000000068e+01
-8.398200000000001353e+01
-1.072600000000000051e+02
-1.310200000000000102e+02
-1.455699999999999932e+02
-1.379600000000000080e+02
-1.155799999999999983e+02
-1.012800000000000011e+02
-1.009000000000000057e+02
-9.686299999999999955e+01
-7.007999999999999829e+01
-1.966799999999999926e+01
3.632600000000000051e+01
7.814399999999999125e+01
9.712999999999999545e+01
9.499200000000000443e+01
8.295399999999999352e+01
7.704500000000000171e+01
8.263899999999999579e+01
9.156499999999999773e+01
9.036700000000000443e+01
6.874500000000000455e+01
3.313499999999999801e+01
1.223400000000000043e+00
-2.089300000000000068e+01
-3.829699999999999704e+01
-5.471999999999999886e+01
-7.306000000000000227e+01
-9.225700000000000500e+01
-1.050199999999999960e+02
-1.150499999999999972e+02
-1.284799999999999898e+02
-1.386599999999999966e+02
-1.478300000000000125e+02
-1.688000000000000114e+02
-2.052299999999999898e+02
-2.458000000000000114e+02
-2.732699999999999818e+02
-2.886399999999999864e+02
-2.961600000000000250e+02
-2.735400000000000205e+02
-2.042199999999999989e+02
-1.028799999999999955e+02
4.541800000000000281e+00
9.247799999999999443e+01
1.509799999999999898e+02
1.951500000000000057e+02
2.389499999999999886e+02
2.732500000000000000e+02
2.824100000000000250e+02
2.614399999999999977e+02
2.135000000000000000e+02
1.521699999999999875e+02
9.104999999999999716e+01
3.300000000000000000e+01
-2.365500000000000114e+01
-8.108499999999999375e+01
-1.376299999999999955e+02
-1.930999999999999943e+02
-2.419600000000000080e+02
-2.704900000000000091e+02
-2.726600000000000250e+02
-2.459199999999999875e+02
-1.861500000000000057e+02
-1.047800000000000011e+02
-2.327800000000000225e+01
5.332999999999999829e+01
1.243100000000000023e+02
1.730600000000000023e+02
1.856200000000000045e+02
1.713899999999999864e+02
1.557800000000000011e+02
1.462700000000000102e+02
1.142800000000000011e+02
6.773000000000000398e+01
4.919399999999999551e+01
4.785000000000000142e+01
5.542999999999999972e+01
7.539000000000000057e+01
7.834199999999999875e+01
4.504200000000000159e+01
-1.609900000000000020e+01
-7.824500000000000455e+01
-1.194000000000000057e+02
-1.338499999999999943e+02
-1.191700000000000017e+02
-7.842799999999999727e+01
-1.528800000000000026e+01
5.161800000000000210e+01
8.835299999999999443e+01
9.373799999999999955e+01
8.700700000000000500e+01
6.489900000000000091e+01
2.024399999999999977e+01
-4.092699999999999960e+01
-1.049300000000000068e+02
-1.431200000000000045e+02
-1.452299999999999898e+02
-1.332100000000000080e+02
-1.255600000000000023e+02
-1.248799999999999955e+02
-1.118799999999999955e+02
-9.043000000000000682e+01
-7.630700000000000216e+01
-5.198499999999999943e+01
-2.255099999999999838e+01
-7.795200000000000351e+00
-6.371300000000000574e-02
1.940900000000000247e+01
6.035800000000000409e+01
1.103499999999999943e+02
1.591800000000000068e+02
2.124900000000000091e+02
2.671000000000000227e+02
3.033100000000000023e+02
3.058799999999999955e+02
2.844599999999999795e+02
2.511200000000000045e+02
2.087899999999999920e+02
1.630800000000000125e+02
1.233100000000000023e+02
1.240300000000000011e+02
1.889699999999999989e+02
3.003000000000000114e+02
4.339900000000000091e+02
5.616699999999999591e+02
6.490099999999999909e+02
6.742799999999999727e+02
6.516000000000000227e+02
6.073899999999999864e+02
5.359600000000000364e+02
4.444700000000000273e+02
3.608899999999999864e+02
2.955600000000000023e+02
2.405999999999999943e+02
1.804300000000000068e+02
1.243499999999999943e+02
7.791599999999999682e+01
3.552499999999999858e+01
1.478599999999999959e+01
1.016799999999999926e+01
-9.871000000000000441e+00
-3.680499999999999972e+01
-4.112500000000000000e+01
-3.771000000000000085e+01
-1.426900000000000013e+01
7.749200000000000443e+01
2.254900000000000091e+02
3.696000000000000227e+02
4.481600000000000250e+02
4.448999999999999773e+02
4.078899999999999864e+02
3.818199999999999932e+02
3.967599999999999909e+02
4.714200000000000159e+02
5.511100000000000136e+02
5.679600000000000364e+02
5.345000000000000000e+02
5.038999999999999773e+02
5.067900000000000205e+02
5.357100000000000364e+02
5.596100000000000136e+02
5.686900000000000546e+02
5.828899999999999864e+02
5.948999999999999773e+02
5.828600000000000136e+02
5.378200000000000500e+02
4.678199999999999932e+02
4.023100000000000023e+02
3.708899999999999864e+02
3.796000000000000227e+02
3.794300000000000068e+02
3.275500000000000114e+02
2.802900000000000205e+02
3.138899999999999864e+02
4.209300000000000068e+02
5.665499999999999545e+02
7.039199999999999591e+02
7.606299999999999955e+02
7.347200000000000273e+02
6.890499999999999545e+02
6.621000000000000227e+02
6.529099999999999682e+02
6.310399999999999636e+02
6.018400000000000318e+02
6.008799999999999955e+02
6.256699999999999591e+02
6.532000000000000455e+02
6.686699999999999591e+02
6.570599999999999454e+02
6.061299999999999955e+02
5.187999999999999545e+02
3.946100000000000136e+02
2.366699999999999875e+02
6.567000000000000171e+01
-8.245700000000000784e+01
-1.580099999999999909e+02
-1.516500000000000057e+02
-1.091700000000000017e+02
-7.487500000000000000e+01
-6.959300000000000352e+01
-7.673499999999999943e+01
-6.683499999999999375e+01
-4.219300000000000495e+01
-4.952499999999999858e+01
-1.554600000000000080e+02
-3.576499999999999773e+02
-5.737699999999999818e+02
-7.086200000000000045e+02
-6.890800000000000409e+02
-5.517100000000000364e+02
-4.269700000000000273e+02
-3.990799999999999841e+02
-4.522300000000000182e+02
-5.099300000000000068e+02
-5.431200000000000045e+02
-5.606599999999999682e+02
-5.304800000000000182e+02
-4.546200000000000045e+02
-3.900199999999999818e+02
-3.698399999999999750e+02
-3.783000000000000114e+02
-3.977400000000000091e+02
-4.494100000000000250e+02
-5.109300000000000068e+02
-5.402799999999999727e+02
-5.465800000000000409e+02
-5.468200000000000500e+02
-5.607999999999999545e+02
-5.769199999999999591e+02
-5.631599999999999682e+02
-5.148500000000000227e+02
-4.213700000000000045e+02
-3.356600000000000250e+02
-3.612200000000000273e+02
-4.703899999999999864e+02
-5.894900000000000091e+02
-6.846200000000000045e+02
-7.113600000000000136e+02
-6.669299999999999500e+02
-5.697400000000000091e+02
-4.554499999999999886e+02
-3.917200000000000273e+02
-3.800899999999999750e+02
-3.749100000000000250e+02
-4.018299999999999841e+02
-4.582099999999999795e+02
-4.876000000000000227e+02
-4.786700000000000159e+02
-4.380699999999999932e+02
-3.925899999999999750e+02
-3.780600000000000023e+02
-3.958399999999999750e+02
-4.232099999999999795e+02
-4.586399999999999864e+02
-5.217799999999999727e+02
-6.033500000000000227e+02
-6.447799999999999727e+02
-6.128400000000000318e+02
-5.095400000000000205e+02
-3.236000000000000227e+02
-1.421999999999999886e+02
-1.242099999999999937e+02
-2.697200000000000273e+02
-4.074499999999999886e+02
-4.152400000000000091e+02
-3.259499999999999886e+02
-2.578000000000000114e+02
-3.074800000000000182e+02
-4.461100000000000136e+02
-5.418500000000000227e+02
-5.311799999999999500e+02
-4.459700000000000273e+02
-3.157500000000000000e+02
-1.942800000000000011e+02
-1.108299999999999983e+02
-3.244899999999999807e+01
2.045700000000000074e+01
1.125400000000000134e+01
-1.089099999999999824e+01
-4.186099999999999710e+00
7.884900000000000020e+00
1.493999999999999950e+01
2.069800000000000040e+01
2.908599999999999852e+01
4.621100000000000563e+01
6.530500000000000682e+01
6.981600000000000250e+01
3.281300000000000239e+01
-5.399699999999999989e+01
-1.273499999999999943e+02
-1.639799999999999898e+02
-2.509699999999999989e+02
-3.845500000000000114e+02
-4.518600000000000136e+02
-4.309399999999999977e+02
-3.877099999999999795e+02
-3.546399999999999864e+02
-3.532799999999999727e+02
-3.805400000000000205e+02
-3.612300000000000182e+02
-2.623600000000000136e+02
-1.333300000000000125e+02
-1.923999999999999844e+01
6.154699999999999704e+01
9.280799999999999272e+01
6.716100000000000136e+01
2.101500000000000057e+01
1.050099999999999945e+01
4.089199999999999591e+01
6.304600000000000648e+01
5.569200000000000017e+01
4.760499999999999687e+01
5.124300000000000210e+01
6.245700000000000074e+01
7.195799999999999841e+01
6.754999999999999716e+01
5.522299999999999898e+01
3.475800000000000267e+01
6.696200000000000152e+00
-2.855300000000000082e+01
-6.329299999999999926e+01
-6.786700000000000443e+01
-1.462900000000000134e+01
5.849000000000000199e+01
7.901200000000000045e+01
4.623799999999999955e+01
-1.616400000000000148e+01
-7.152400000000000091e+01
-5.623600000000000421e+01
3.626099999999999568e+01
1.689600000000000080e+02
3.027099999999999795e+02
4.135199999999999818e+02
5.115699999999999932e+02
6.012500000000000000e+02
6.597699999999999818e+02
6.791599999999999682e+02
6.716200000000000045e+02
6.556100000000000136e+02
6.525099999999999909e+02
6.718400000000000318e+02
7.041299999999999955e+02
7.402599999999999909e+02
7.776200000000000045e+02
8.221000000000000227e+02
8.814400000000000546e+02
9.603799999999999955e+02
1.039099999999999909e+03
1.079299999999999955e+03
1.076599999999999909e+03
1.032200000000000045e+03
8.384700000000000273e+02
5.942000000000000455e+02
5.060099999999999909e+02
4.894900000000000091e+02
4.004700000000000273e+02
2.785400000000000205e+02
1.916100000000000136e+02
1.305099999999999909e+02
1.204099999999999966e+02
9.702200000000000557e+01
5.608100000000000307e+01
8.210899999999999466e+01
1.275999999999999943e+02
1.278900000000000006e+02
1.215100000000000051e+02
8.804899999999999238e+01
-1.659600000000000009e+01
-1.116299999999999955e+02
-1.077500000000000000e+02
-4.615399999999999636e+01
-8.824899999999999523e+00
4.638399999999999856e+00
3.330400000000000205e+01
5.425600000000000023e+01
3.366499999999999915e+01
-4.360000000000000142e+01
-1.479399999999999977e+02
-2.118700000000000045e+02
-2.268899999999999864e+02
-2.569700000000000273e+02
-3.251800000000000068e+02
-3.788799999999999955e+02
-4.019399999999999977e+02
-4.011999999999999886e+02
-3.923199999999999932e+02
-3.858999999999999773e+02
-3.459499999999999886e+02
-2.569200000000000159e+02
-1.604799999999999898e+02
-9.995399999999999352e+01
-9.972499999999999432e+01
-1.676299999999999955e+02
-2.449900000000000091e+02
-2.670600000000000023e+02
-2.173700000000000045e+02
-1.307199999999999989e+02
-3.984799999999999898e+01
6.202000000000000313e+01
1.444399999999999977e+02
1.924300000000000068e+02
2.243700000000000045e+02
2.285500000000000114e+02
2.076899999999999977e+02
1.577800000000000011e+02
9.125200000000000955e+01
4.007900000000000063e+01
1.060999999999999943e+00
-2.812800000000000011e+01
-6.187899999999999778e+01
-7.591500000000000625e+01
-2.892699999999999960e+01
1.287700000000000067e+01
-2.009099999999999753e+01
-1.120300000000000011e+02
-2.290399999999999920e+02
-3.075799999999999841e+02
-2.673299999999999841e+02
-1.606399999999999864e+02
-1.080499999999999972e+02
-1.256099999999999994e+02
-1.608000000000000114e+02
-1.505600000000000023e+02
-7.912800000000000011e+01
-1.101999999999999957e+01
-1.809800000000000020e-01
-4.432800000000000296e+01
-9.810200000000000387e+01
-1.121700000000000017e+02
-1.100300000000000011e+02
-1.052699999999999960e+02
-8.677600000000001046e+01
-8.556700000000000728e+01
-1.053900000000000006e+02
-1.596200000000000045e+02
-2.604900000000000091e+02
-3.420600000000000023e+02
-3.746299999999999955e+02
-3.881600000000000250e+02
-3.967799999999999727e+02
-4.044399999999999977e+02
-3.944599999999999795e+02
-3.589800000000000182e+02
-3.048299999999999841e+02
-2.197599999999999909e+02
-1.076099999999999994e+02
-2.838400000000000034e+01
-1.768499999999999872e+01
-4.692399999999999949e+01
-8.609100000000000819e+01
-1.055600000000000023e+02
-9.445499999999999829e+01
-9.008499999999999375e+01
-9.990899999999999181e+01
-8.092399999999999238e+01
-4.768699999999999761e+01
-2.324500000000000099e+01
1.669299999999999784e+01
7.145900000000000318e+01
1.564199999999999875e+02
2.552800000000000011e+02
2.960799999999999841e+02
2.612099999999999795e+02
1.780399999999999920e+02
9.226999999999999602e+01
4.430699999999999505e+01
5.181700000000000017e+01
1.196599999999999966e+02
2.126999999999999886e+02
2.711499999999999773e+02
2.559600000000000080e+02
1.905800000000000125e+02
1.595200000000000102e+02
1.707199999999999989e+02
1.505999999999999943e+02
9.234799999999999898e+01
3.000300000000000011e+01
-3.824699999999999989e+01
-9.606000000000000227e+01
-8.852299999999999613e+01
-1.795900000000000052e+00
1.313400000000000034e+02
2.582200000000000273e+02
3.013500000000000227e+02
2.632799999999999727e+02
2.109900000000000091e+02
1.263299999999999983e+02
-1.582499999999999929e+01
-1.729399999999999977e+02
-3.163700000000000045e+02
-4.165199999999999818e+02
-4.264300000000000068e+02
-3.682200000000000273e+02
-2.885400000000000205e+02
-2.106200000000000045e+02
-1.812500000000000000e+02
-2.248499999999999943e+02
-3.025699999999999932e+02
-3.477699999999999818e+02
-3.058600000000000136e+02
-1.911999999999999886e+02
-6.568200000000000216e+01
2.305199999999999960e+01
5.864000000000000057e+01
5.939000000000000057e+01
1.812300000000000111e+01
-6.598000000000000398e+01
-1.617899999999999920e+02
-2.853899999999999864e+02
-4.361899999999999977e+02
-5.617300000000000182e+02
-6.494400000000000546e+02
-6.891000000000000227e+02
-6.588700000000000045e+02
-6.044099999999999682e+02
-5.313999999999999773e+02
-4.262400000000000091e+02
-3.659100000000000250e+02
-3.617300000000000182e+02
-3.699200000000000159e+02
-3.972500000000000000e+02
-3.993799999999999955e+02
-3.414800000000000182e+02
-2.592300000000000182e+02
-1.640699999999999932e+02
-5.710300000000000153e+01
9.751600000000000534e+01
3.243100000000000023e+02
5.352899999999999636e+02
6.624199999999999591e+02
7.235000000000000000e+02
7.141100000000000136e+02
6.444900000000000091e+02
6.000399999999999636e+02
6.200299999999999727e+02
6.814500000000000455e+02
7.451399999999999864e+02
7.337200000000000273e+02
6.404600000000000364e+02
5.349400000000000546e+02
4.423500000000000227e+02
3.859599999999999795e+02
3.720699999999999932e+02
3.467799999999999727e+02
2.818799999999999955e+02
1.924300000000000068e+02
1.062600000000000051e+02
5.434799999999999898e+01
2.016700000000000159e+01
-9.984199999999999520e+00
-1.158900000000000041e+01
9.277400000000000091e+00
4.534700000000000131e+01
9.111599999999999966e+01
1.011899999999999977e+02
7.729500000000000171e+01
8.484299999999998931e+01
1.210400000000000063e+02
1.203799999999999955e+02
7.773699999999999477e+01
5.950500000000000256e+01
7.315699999999999648e+01
8.662000000000000455e+01
1.160799999999999983e+02
1.268199999999999932e+02
7.948600000000000421e+01
6.857100000000000417e-01
-6.573999999999999488e+01
-8.239200000000001012e+01
-7.846099999999999852e+01
-9.973799999999999955e+01
-1.304900000000000091e+02
-1.678300000000000125e+02
-2.351299999999999955e+02
-2.943399999999999750e+02
-3.205099999999999909e+02
-3.324700000000000273e+02
-3.356700000000000159e+02
-3.463999999999999773e+02
-3.465400000000000205e+02
-3.271899999999999977e+02
-3.304399999999999977e+02
-3.430500000000000114e+02
-3.541000000000000227e+02
-3.677500000000000000e+02
-3.306600000000000250e+02
-2.333400000000000034e+02
-1.406999999999999886e+02
-8.917900000000000205e+01
-5.469500000000000028e+01
-2.564000000000000057e+01
9.764900000000000801e+00
6.025899999999999324e+01
1.135999999999999943e+02
1.919799999999999898e+02
2.661399999999999864e+02
2.905799999999999841e+02
3.007400000000000091e+02
3.072799999999999727e+02
3.062500000000000000e+02
3.166299999999999955e+02
3.247799999999999727e+02
3.150400000000000205e+02
2.982200000000000273e+02
3.001999999999999886e+02
3.500699999999999932e+02
4.605699999999999932e+02
5.959099999999999682e+02
7.048500000000000227e+02
7.664099999999999682e+02
7.422000000000000455e+02
6.335700000000000500e+02
4.947599999999999909e+02
3.522200000000000273e+02
2.128199999999999932e+02
9.184899999999998954e+01
2.082800000000000296e+01
1.004599999999999937e+01
4.085900000000000176e+01
8.681399999999999295e+01
1.186299999999999955e+02
1.011599999999999966e+02
2.751500000000000057e+01
-8.028199999999999648e+01
-1.918000000000000114e+02
-2.752699999999999818e+02
-3.376800000000000068e+02
-4.005099999999999909e+02
-4.757099999999999795e+02
-5.512300000000000182e+02
-5.978099999999999454e+02
-6.011100000000000136e+02
-5.624199999999999591e+02
-4.993199999999999932e+02
-4.346700000000000159e+02
-3.867200000000000273e+02
-3.679100000000000250e+02
-3.678899999999999864e+02
-3.401899999999999977e+02
-2.796899999999999977e+02
-2.204199999999999875e+02
-1.439699999999999989e+02
-5.672899999999999920e+01
-1.713999999999999968e+00
1.278299999999999947e+01
-3.733600000000000030e+00
-2.897699999999999676e+01
-3.504699999999999704e+01
-2.870200000000000085e+00
5.634600000000000364e+01
1.246599999999999966e+02
2.027100000000000080e+02
2.758299999999999841e+02
3.354800000000000182e+02
3.886999999999999886e+02
4.273000000000000114e+02
4.387099999999999795e+02
4.107699999999999818e+02
3.328500000000000227e+02
2.163899999999999864e+02
9.446899999999999409e+01
6.165899999999999714e+00
-1.940900000000000247e+01
6.367600000000000371e+00
3.275999999999999801e+01
3.003099999999999881e+01
1.366799999999999926e+01
8.273899999999999588e-01
-1.803099999999999925e+00
2.116099999999999781e+01
7.283800000000000807e+01
1.330600000000000023e+02
1.814799999999999898e+02
1.860300000000000011e+02
1.290500000000000114e+02
5.766700000000000159e+01
3.992999999999999972e+01
8.584999999999999432e+01
1.436800000000000068e+02
1.575000000000000000e+02
1.109399999999999977e+02
2.967000000000000171e+01
-3.851500000000000057e+01
-4.174000000000000199e+01
2.334800000000000253e+01
9.527500000000000568e+01
1.162999999999999972e+02
7.477199999999999136e+01
-6.625100000000000433e-01
-6.423000000000000398e+01
-7.128300000000000125e+01
-2.293599999999999994e+01
3.025800000000000267e+01
6.472199999999999420e+01
7.209300000000000352e+01
5.033299999999999841e+01
3.530899999999999750e+01
4.349399999999999977e+01
6.560800000000000409e+01
9.598000000000000398e+01
1.114399999999999977e+02
9.473600000000000421e+01
5.067800000000000438e+01
-3.823999999999999844e+00
-4.923199999999999932e+01
-7.612000000000000455e+01
-7.118999999999999773e+01
-2.305699999999999861e+01
4.286299999999999955e+01
8.608299999999999841e+01
1.068799999999999955e+02
1.115300000000000011e+02
8.739000000000000057e+01
4.818699999999999761e+01
1.049300000000000033e+01
-2.834099999999999753e+01
-6.486100000000000421e+01
-9.160399999999999920e+01
-1.078599999999999994e+02
-1.180199999999999960e+02
-1.252500000000000000e+02
-1.176899999999999977e+02
-9.401799999999998647e+01
-7.441899999999999693e+01
-7.312800000000000011e+01
-9.921799999999998931e+01
-1.439099999999999966e+02
-1.865399999999999920e+02
-2.220800000000000125e+02
-2.419600000000000080e+02
-2.325000000000000000e+02
-2.092100000000000080e+02
-1.834199999999999875e+02
-1.508700000000000045e+02
-1.292800000000000011e+02
-1.110300000000000011e+02
-7.953499999999999659e+01
-4.188899999999999579e+01
9.200799999999999201e+00
6.192100000000000648e+01
1.030900000000000034e+02
1.450999999999999943e+02
1.734000000000000057e+02
1.762599999999999909e+02
1.692100000000000080e+02
1.497500000000000000e+02
1.202500000000000000e+02
9.774399999999999977e+01
8.017199999999999704e+01
5.843100000000000449e+01
2.548300000000000054e+01
-1.337900000000000134e+01
-4.252499999999999858e+01
-5.262899999999999778e+01
-4.078499999999999659e+01
-2.421199999999999974e+01
-2.143599999999999994e+01
-1.493299999999999983e+01
6.980599999999999916e+00
2.560399999999999920e+01
3.991599999999999682e+01
5.325699999999999790e+01
5.321999999999999886e+01
4.310499999999999687e+01
3.420700000000000074e+01
2.721499999999999986e+01
1.609799999999999898e+01
-1.358400000000000052e+00
-2.148499999999999943e+01
-4.634199999999999875e+01
-7.841800000000000637e+01
-1.060699999999999932e+02
-1.190699999999999932e+02
-1.124200000000000017e+02
-8.548499999999999943e+01
-6.384700000000000131e+01
-6.322399999999999665e+01
-7.781600000000000250e+01
-1.080499999999999972e+02
-1.333300000000000125e+02
-1.348499999999999943e+02
-1.325900000000000034e+02
-1.425500000000000114e+02
-1.628400000000000034e+02
-1.900300000000000011e+02
-2.056599999999999966e+02
-1.989300000000000068e+02
-1.774499999999999886e+02
-1.447500000000000000e+02
-1.149300000000000068e+02
-9.814299999999998647e+01
-8.472599999999999909e+01
-7.529300000000000637e+01
-6.850300000000000011e+01
-5.465899999999999892e+01
-4.039399999999999835e+01
-3.046300000000000097e+01
-1.963200000000000145e+01
-9.005900000000000460e+00
-1.319700000000000095e+00
1.632800000000000029e+00
-4.629599999999999937e+00
-2.665699999999999648e+01
-6.332999999999999829e+01
-1.009500000000000028e+02
-1.271299999999999955e+02
-1.344000000000000057e+02
-1.206800000000000068e+02
-9.553499999999999659e+01
-6.678900000000000148e+01
-3.955599999999999739e+01
-1.947799999999999798e+01
-2.405600000000000183e+00
1.418200000000000038e+01
2.813400000000000034e+01
4.228399999999999892e+01
5.841899999999999693e+01
7.155100000000000193e+01
7.781799999999999784e+01
7.667100000000000648e+01
6.845000000000000284e+01
6.172399999999999665e+01
6.391499999999999915e+01
7.380599999999999739e+01
8.627100000000000080e+01
9.406600000000000250e+01
9.209799999999999898e+01
7.633700000000000330e+01
4.953699999999999903e+01
2.259199999999999875e+01
4.663999999999999702e+00
7.770799999999999930e-01
8.848000000000000753e+00
1.931200000000000117e+01
2.273099999999999810e+01
1.805799999999999983e+01
1.551500000000000057e+01
2.618300000000000338e+01
4.445600000000000307e+01
5.421399999999999864e+01
5.277600000000000335e+01
4.782100000000000506e+01
4.403399999999999892e+01
4.813100000000000023e+01
6.144500000000000028e+01
7.316599999999999682e+01
7.764900000000000091e+01
7.680100000000000193e+01
7.328000000000000114e+01
7.282999999999999829e+01
7.294499999999999318e+01
6.720100000000000762e+01
5.537800000000000011e+01
3.467099999999999937e+01
5.960600000000000342e+00
-2.364400000000000190e+01
-4.908200000000000074e+01
-6.333600000000000563e+01
-6.274600000000000222e+01
-5.432100000000000506e+01
-4.406700000000000017e+01
-3.517900000000000205e+01
-3.178400000000000247e+01
-3.144900000000000162e+01
-2.913800000000000168e+01
-2.347800000000000153e+01
-1.226999999999999957e+01
3.515800000000000036e+00
1.664099999999999824e+01
2.354100000000000037e+01
2.468199999999999861e+01
2.075600000000000023e+01
1.327700000000000102e+01
3.346699999999999786e+00
-6.849700000000000344e+00
-1.293900000000000006e+01
-1.121499999999999986e+01
-2.523600000000000065e+00
9.437099999999999156e+00
1.947599999999999909e+01
2.367399999999999949e+01
2.301399999999999935e+01
1.825000000000000000e+01
1.045400000000000063e+01
2.799500000000000099e+00
-2.417600000000000193e+00
-3.305000000000000160e+00
3.203400000000000136e-01
5.729700000000000237e+00
1.117400000000000126e+01
1.603500000000000014e+01
1.733599999999999852e+01
1.417300000000000004e+01
1.003299999999999947e+01
7.854599999999999582e+00
8.493100000000000094e+00
1.096900000000000119e+01
1.310099999999999909e+01
1.381000000000000050e+01
1.307000000000000028e+01
1.146599999999999930e+01
9.597300000000000608e+00
6.929899999999999949e+00
2.756299999999999972e+00
-3.776600000000000179e+00
-1.276299999999999990e+01
-2.219699999999999918e+01
-3.021800000000000352e+01
-3.561400000000000432e+01
-3.744599999999999795e+01
-3.546900000000000119e+01
-3.037400000000000233e+01
-2.470199999999999818e+01
-2.036700000000000088e+01
-1.727499999999999858e+01
-1.348099999999999987e+01
-7.599999999999999645e+00
-1.250199999999999978e+00
4.167099999999999582e+00
7.984399999999999942e+00
1.027299999999999969e+01
1.319299999999999962e+01
1.855199999999999960e+01
2.492800000000000082e+01
2.962800000000000011e+01
3.148000000000000043e+01
2.976699999999999946e+01
2.448499999999999943e+01
1.638700000000000045e+01
7.539699999999999847e+00
5.596100000000000518e-01
-4.615599999999999703e+00
-9.308799999999999741e+00
-1.432300000000000040e+01
-1.961200000000000188e+01
-2.402100000000000080e+01
-2.629699999999999704e+01
-2.690699999999999648e+01
-2.737500000000000000e+01
-2.729899999999999949e+01
-2.587599999999999767e+01
-2.360599999999999810e+01
-2.089600000000000080e+01
-1.807000000000000028e+01
-1.542599999999999838e+01
-1.257300000000000040e+01
-8.898899999999999366e+00
-5.388799999999999812e+00
-2.551899999999999835e+00
2.079099999999999837e-01
1.945300000000000029e+00
2.667199999999999793e+00
2.838299999999999823e+00
2.272699999999999942e+00
2.032200000000000006e+00
2.450800000000000090e+00
2.100800000000000001e+00
1.704299999999999982e-01
-3.373600000000000154e+00
-8.471999999999999531e+00
-1.373599999999999888e+01
-1.789700000000000202e+01
-2.170100000000000051e+01
-2.546300000000000097e+01
-2.812900000000000134e+01
-2.912699999999999889e+01
-2.831599999999999895e+01
-2.540300000000000225e+01
-2.066699999999999804e+01
-1.507599999999999874e+01
-9.471299999999999386e+00
-4.427299999999999791e+00
-3.677000000000000268e-01
3.167300000000000004e+00
7.168400000000000105e+00
1.130700000000000038e+01
1.516499999999999915e+01
1.951200000000000045e+01
2.454199999999999804e+01
2.913800000000000168e+01
3.255699999999999505e+01
3.470300000000000296e+01
3.423799999999999955e+01
3.122100000000000009e+01
2.784600000000000009e+01
2.508999999999999986e+01
2.304100000000000037e+01
2.105199999999999960e+01
1.811599999999999966e+01
1.431599999999999895e+01
9.823199999999999932e+00
5.036999999999999922e+00
1.313499999999999890e+00
-8.195399999999999352e-01
-2.042499999999999982e+00
-2.456199999999999939e+00
-2.327799999999999869e+00
-2.498600000000000154e+00
-2.841299999999999937e+00
-2.495499999999999829e+00
-5.036000000000000476e-01
2.974600000000000133e+00
6.370099999999999874e+00
8.793300000000000338e+00
1.011200000000000010e+01
1.037099999999999866e+01
9.893800000000000594e+00
9.017099999999999227e+00
8.100799999999999557e+00
7.655100000000000016e+00
8.157899999999999707e+00
9.439899999999999736e+00
1.065499999999999936e+01
1.121900000000000119e+01
1.145299999999999940e+01
1.165700000000000003e+01
1.099000000000000021e+01
9.108499999999999375e+00
6.471400000000000041e+00
3.386800000000000033e+00
2.285400000000000209e-01
-2.633999999999999897e+00
-4.406600000000000072e+00
-4.961899999999999977e+00
-4.916500000000000092e+00
-4.267100000000000115e+00
-3.120400000000000063e+00
-2.371700000000000141e+00
-2.799700000000000077e+00
-4.288299999999999557e+00
-5.587799999999999656e+00
-5.306000000000000050e+00
-3.584099999999999842e+00
-1.157000000000000028e+00
1.754299999999999971e+00
4.570899999999999963e+00
6.692700000000000315e+00
8.624800000000000466e+00
1.053900000000000148e+01
1.184500000000000064e+01
1.283300000000000018e+01
1.373499999999999943e+01
1.403599999999999959e+01
1.342999999999999972e+01
1.215099999999999980e+01
1.073900000000000077e+01
9.410600000000000520e+00
8.473499999999999588e+00
7.889000000000000234e+00
7.307699999999999640e+00
6.602000000000000313e+00
5.364899999999999558e+00
4.047900000000000276e+00
3.126100000000000101e+00
2.267100000000000115e+00
1.447400000000000020e+00
6.839800000000000324e-01
-1.341400000000000092e-01
-8.456299999999998818e-01
-1.162099999999999911e+00
-1.373599999999999932e+00
-1.622700000000000031e+00
-1.606600000000000028e+00
-1.508999999999999897e+00
-1.407200000000000006e+00
-1.031700000000000061e+00
-5.027599999999999847e-01
1.606499999999999873e-01
1.509100000000000108e+00
3.090599999999999792e+00
3.742100000000000204e+00
3.806299999999999795e+00
3.942099999999999937e+00
4.349999999999999645e+00
5.307999999999999829e+00
6.801899999999999835e+00
8.683099999999999596e+00
1.062900000000000134e+01
1.217999999999999972e+01
1.317400000000000126e+01
1.361599999999999966e+01
1.312400000000000055e+01
1.147900000000000098e+01
8.779099999999999682e+00
5.058699999999999974e+00
1.077499999999999902e+00
-2.213099999999999845e+00
-4.367899999999999672e+00
-5.331299999999999706e+00
-5.503800000000000026e+00
-5.384299999999999642e+00
-5.075800000000000090e+00
-4.391200000000000436e+00
-3.760800000000000143e+00
-3.899099999999999788e+00
-4.873199999999999754e+00
-5.834100000000000286e+00
-5.623999999999999666e+00
-4.438699999999999868e+00
-3.190100000000000158e+00
-2.236499999999999932e+00
-1.606999999999999984e+00
-9.308999999999999497e-01
1.273100000000000100e-02
9.838700000000000223e-01
1.680800000000000072e+00
1.904600000000000071e+00
1.685400000000000009e+00
1.275400000000000089e+00
9.432099999999999929e-01
8.201799999999999091e-01
9.170500000000000318e-01
8.547500000000000098e-01
3.109899999999999887e-01
-4.676100000000000256e-01
-1.123299999999999965e+00
-1.394200000000000106e+00
-1.518799999999999928e+00
-2.175699999999999967e+00
-3.345299999999999940e+00
-4.432500000000000107e+00
-5.307299999999999685e+00
-6.148799999999999599e+00
-6.801000000000000156e+00
-7.118599999999999817e+00
-6.961500000000000021e+00
-6.085600000000000342e+00
-4.859300000000000175e+00
-3.941699999999999982e+00
-3.576000000000000068e+00
-3.681299999999999795e+00
-3.779799999999999827e+00
-3.575099999999999945e+00
-3.185099999999999820e+00
-2.534499999999999975e+00
-1.723200000000000065e+00
-1.077399999999999913e+00
-7.029300000000000548e-01
-6.163800000000000390e-01
-8.329700000000000992e-01
-1.385899999999999910e+00
-2.280299999999999994e+00
-3.292600000000000193e+00
-4.308200000000000252e+00
-5.434599999999999653e+00
-6.474999999999999645e+00
-7.051999999999999602e+00
-7.093799999999999883e+00
-6.808699999999999974e+00
-6.426700000000000301e+00
-6.069899999999999629e+00
-5.725200000000000067e+00
-5.315500000000000114e+00
-4.834299999999999820e+00
-4.351200000000000401e+00
-4.126500000000000057e+00
-4.345500000000000362e+00
-4.753099999999999881e+00
-4.894599999999999618e+00
-4.436600000000000321e+00
-3.649700000000000166e+00
-3.093900000000000095e+00
-2.936199999999999921e+00
-2.946899999999999853e+00
-2.930299999999999905e+00
-2.729600000000000026e+00
-2.078599999999999781e+00
-9.635000000000000231e-01
6.444600000000000328e-01
2.662100000000000133e+00
4.678799999999999848e+00
6.464500000000000135e+00
7.814099999999999824e+00
8.639900000000000801e+00
9.278200000000000003e+00
1.010999999999999943e+01
1.099400000000000155e+01
1.151299999999999990e+01
1.142599999999999838e+01
1.084900000000000020e+01
1.000999999999999979e+01
9.059400000000000119e+00
8.220900000000000318e+00
7.458800000000000097e+00
6.507900000000000240e+00
5.299900000000000055e+00
3.790700000000000180e+00
2.164699999999999847e+00
7.648699999999999388e-01
-1.839200000000000002e-01
-4.568699999999999983e-01
-2.396400000000000197e-01
1.943999999999999895e-02
3.151499999999999857e-01
6.068299999999999805e-01
6.991100000000000092e-01
6.384400000000000075e-01
5.221200000000000285e-01
4.526199999999999668e-01
5.540899999999999714e-01
7.959199999999999608e-01
1.109900000000000109e+00
1.432500000000000107e+00
1.732900000000000107e+00
1.909299999999999997e+00
1.893399999999999972e+00
1.659100000000000019e+00
1.204099999999999948e+00
5.192299999999999693e-01
-3.397399999999999864e-01
-1.083199999999999941e+00
-1.706700000000000106e+00
-2.489100000000000090e+00
-3.342799999999999994e+00
-4.132600000000000051e+00
-4.893900000000000361e+00
-5.653299999999999770e+00
-6.381099999999999994e+00
-7.102100000000000080e+00
-7.776500000000000412e+00
-8.332200000000000273e+00
-8.751400000000000290e+00
-9.100699999999999790e+00
-9.365299999999999514e+00
-9.492699999999999250e+00
-9.515700000000000713e+00
-9.296400000000000219e+00
-8.665499999999999758e+00
-7.739099999999999646e+00
-6.606200000000000294e+00
-5.366799999999999571e+00
-4.176800000000000068e+00
-3.051800000000000068e+00
-1.989600000000000035e+00
-1.014299999999999979e+00
-1.083999999999999964e-01
6.689899999999999736e-01
1.284499999999999975e+00
1.662300000000000111e+00
1.707200000000000051e+00
1.400600000000000067e+00
8.711499999999999799e-01
1.847599999999999798e-01
-6.969300000000000495e-01
-1.681899999999999951e+00
-2.750900000000000123e+00
-3.961500000000000021e+00
-5.122200000000000308e+00
-5.953100000000000058e+00
-6.368900000000000006e+00
-6.475399999999999601e+00
-6.369699999999999918e+00
-6.092900000000000205e+00
-5.631499999999999950e+00
-4.966899999999999871e+00
-4.193500000000000227e+00
-3.523400000000000087e+00
-3.036000000000000032e+00
-2.708400000000000141e+00
-2.511299999999999866e+00
-2.359399999999999942e+00
-2.104699999999999793e+00
-1.725100000000000078e+00
-1.400600000000000067e+00
-1.339499999999999913e+00
-1.484699999999999909e+00
-1.767600000000000060e+00
-2.337800000000000100e+00
-3.124400000000000066e+00
-3.848500000000000032e+00
-4.476099999999999746e+00
-5.059700000000000308e+00
-5.585899999999999643e+00
-6.100900000000000212e+00
-6.704699999999999882e+00
-7.498599999999999710e+00
-8.348000000000000753e+00
-8.929999999999999716e+00
-9.359199999999999520e+00
-9.815899999999999181e+00
-1.029599999999999937e+01
-1.080900000000000105e+01
-1.124499999999999922e+01
-1.139000000000000057e+01
-1.124799999999999933e+01
-1.091900000000000048e+01
-1.036700000000000088e+01
-9.629200000000000870e+00
-8.870200000000000529e+00
-8.195600000000000662e+00
-7.636499999999999844e+00
-7.188900000000000290e+00
-6.839000000000000412e+00
-6.468200000000000394e+00
-5.971400000000000041e+00
-5.423600000000000421e+00
-4.945299999999999585e+00
-4.577200000000000379e+00
-4.288700000000000401e+00
-3.981399999999999828e+00
-3.522499999999999964e+00
-2.770700000000000163e+00
-1.768799999999999928e+00
-5.825100000000000833e-01
7.186299999999999910e-01
1.977600000000000025e+00
3.149300000000000210e+00
4.253700000000000259e+00
5.311700000000000088e+00
6.442999999999999616e+00
7.602899999999999991e+00
8.580299999999999372e+00
9.278399999999999537e+00
9.704700000000000770e+00
9.906100000000000350e+00
1.005700000000000038e+01
1.021600000000000108e+01
1.035900000000000176e+01
1.047200000000000131e+01
1.059900000000000020e+01
1.077700000000000102e+01
1.094700000000000095e+01
1.108900000000000041e+01
1.122200000000000131e+01
1.138000000000000078e+01
1.164099999999999824e+01
1.197900000000000098e+01
1.236599999999999966e+01
1.286200000000000010e+01
1.347900000000000098e+01
1.417099999999999937e+01
1.484099999999999930e+01
1.537700000000000067e+01
1.576799999999999891e+01
1.591999999999999993e+01
1.578099999999999881e+01
1.527099999999999902e+01
1.438199999999999967e+01
1.333999999999999986e+01
1.217799999999999905e+01
1.098400000000000176e+01
9.829399999999999693e+00
8.545700000000000074e+00
7.036400000000000432e+00
5.355500000000000149e+00
3.656299999999999883e+00
1.984900000000000109e+00
3.358099999999999974e-01
-1.307700000000000085e+00
-2.907399999999999984e+00
-4.371599999999999930e+00
-5.561399999999999899e+00
-6.359899999999999665e+00
-6.741500000000000270e+00
-6.768200000000000216e+00
-6.533199999999999896e+00
-6.096300000000000274e+00
-5.477400000000000269e+00
-4.721499999999999808e+00
-3.926699999999999857e+00
-3.286700000000000177e+00
-2.920799999999999841e+00
-2.791900000000000048e+00
-2.810500000000000220e+00
-2.942000000000000171e+00
-3.260499999999999954e+00
-3.894499999999999851e+00
-4.718700000000000117e+00
-5.548199999999999577e+00
-6.299500000000000099e+00
-6.912200000000000344e+00
-7.388600000000000279e+00
-7.774300000000000210e+00
-8.096899999999999764e+00
-8.371199999999999974e+00
-8.525399999999999423e+00
-8.462899999999999423e+00
-8.162800000000000722e+00
-7.603200000000000180e+00
-6.818999999999999950e+00
-5.903699999999999726e+00
-4.821299999999999919e+00
-3.641000000000000014e+00
-2.517199999999999882e+00
-1.344400000000000039e+00
-1.692800000000000164e-03
1.360899999999999999e+00
2.628499999999999837e+00
3.728699999999999903e+00
4.625300000000000189e+00
5.313299999999999912e+00
5.789799999999999613e+00
6.108900000000000219e+00
6.323000000000000398e+00
6.420200000000000351e+00
6.389199999999999768e+00
6.227999999999999758e+00
5.972199999999999953e+00
5.634699999999999598e+00
5.230500000000000149e+00
4.716800000000000104e+00
4.051599999999999646e+00
3.347199999999999953e+00
2.762900000000000134e+00
2.434000000000000163e+00
2.391599999999999948e+00
2.556500000000000217e+00
2.935799999999999965e+00
3.518800000000000150e+00
4.251900000000000013e+00
5.062500000000000000e+00
5.829500000000000348e+00
6.387500000000000178e+00
6.643900000000000361e+00
6.597699999999999676e+00
6.293999999999999595e+00
5.816699999999999982e+00
5.231700000000000017e+00
4.483999999999999986e+00
3.558199999999999807e+00
2.460599999999999898e+00
1.185100000000000042e+00
-8.096699999999999731e-02
-1.167599999999999971e+00
-2.155800000000000161e+00
-3.164499999999999869e+00
-4.188699999999999868e+00
-5.142999999999999794e+00
-6.047699999999999854e+00
-6.865700000000000358e+00
-7.433600000000000207e+00
-7.733600000000000030e+00
-7.891499999999999737e+00
-7.984700000000000131e+00
-8.010999999999999233e+00
-7.914900000000000269e+00
-7.643099999999999561e+00
-7.111200000000000188e+00
-6.321699999999999875e+00
-5.520100000000000229e+00
-4.935500000000000220e+00
-4.534299999999999997e+00
-4.251500000000000057e+00
-3.991899999999999782e+00
-3.618199999999999861e+00
-3.111699999999999910e+00
-2.578699999999999992e+00
-2.152899999999999814e+00
-1.918500000000000094e+00
-1.870300000000000074e+00
-1.924500000000000099e+00
-1.957999999999999963e+00
-1.919399999999999995e+00
-1.799400000000000110e+00
-1.597599999999999909e+00
-1.346000000000000085e+00
-1.194700000000000095e+00
-1.179200000000000026e+00
-1.151799999999999935e+00
-1.075399999999999912e+00
-9.708600000000000563e-01
-8.606200000000000516e-01
-8.485299999999998954e-01
-9.477399999999999158e-01
-1.124200000000000088e+00
-1.285900000000000043e+00
-1.346500000000000030e+00
-1.298100000000000032e+00
-1.147000000000000020e+00
-9.327999999999999625e-01
-7.023500000000000298e-01
-4.749600000000000488e-01
-2.919599999999999973e-01
-1.257699999999999929e-01
7.623300000000000909e-02
3.431299999999999906e-01
6.608199999999999630e-01
8.950799999999998757e-01
1.006799999999999917e+00
1.088799999999999990e+00
1.193999999999999950e+00
1.500199999999999978e+00
2.085500000000000131e+00
2.777600000000000069e+00
3.313600000000000101e+00
3.549799999999999844e+00
3.582300000000000040e+00
3.507200000000000095e+00
3.289600000000000080e+00
2.949899999999999967e+00
2.601199999999999957e+00
2.228099999999999969e+00
1.689000000000000057e+00
9.454600000000000781e-01
7.967699999999999783e-02
-7.379600000000000604e-01
-1.384700000000000042e+00
-1.844300000000000050e+00
-2.157200000000000006e+00
-2.401499999999999968e+00
-2.666300000000000114e+00
-2.959999999999999964e+00
-3.250500000000000167e+00
-3.460999999999999854e+00
-3.451000000000000068e+00
-3.271599999999999842e+00
-3.083899999999999864e+00
-2.886899999999999800e+00
-2.687100000000000044e+00
-2.467099999999999849e+00
-2.194199999999999928e+00
-1.869799999999999907e+00
-1.526899999999999924e+00
-1.157599999999999962e+00
-8.095999999999999863e-01
-5.968799999999999661e-01
-4.849800000000000222e-01
-4.268899999999999362e-01
-3.479499999999999815e-01
-1.985299999999999843e-01
-9.227000000000000479e-02
-5.176699999999999358e-02
-1.105400000000000132e-01
-2.312199999999999811e-01
-3.547399999999999998e-01
-4.451899999999999746e-01
-4.071500000000000119e-01
-2.159199999999999731e-01
5.766500000000000098e-02
2.893699999999999606e-01
4.546899999999999831e-01
6.396500000000000519e-01
8.776000000000000467e-01
1.193100000000000049e+00
1.584200000000000053e+00
1.988699999999999912e+00
2.361400000000000166e+00
2.663600000000000190e+00
2.922299999999999898e+00
3.195800000000000196e+00
3.419599999999999973e+00
3.601399999999999935e+00
3.779100000000000126e+00
3.892900000000000027e+00
3.903900000000000148e+00
3.903500000000000192e+00
3.901400000000000201e+00
3.850499999999999812e+00
3.882499999999999840e+00
4.068100000000000271e+00
4.331900000000000084e+00
4.547500000000000320e+00
4.712799999999999656e+00
4.795300000000000118e+00
4.727299999999999613e+00
4.714999999999999858e+00
4.791400000000000325e+00
4.847599999999999909e+00
4.832799999999999763e+00
4.698000000000000398e+00
4.522999999999999687e+00
4.311899999999999622e+00
3.936799999999999855e+00
3.427799999999999958e+00
2.861200000000000188e+00
2.237800000000000011e+00
1.581599999999999895e+00
9.274100000000000676e-01
2.916599999999999748e-01
-2.241400000000000059e-01
-5.685000000000000053e-01
-8.204399999999999471e-01
-9.629200000000001092e-01
-9.616399999999999393e-01
-8.663600000000000190e-01
-6.976799999999999669e-01
-4.714899999999999647e-01
-1.895300000000000040e-01
1.391199999999999937e-01
5.055399999999999894e-01
8.607799999999998786e-01
1.155000000000000027e+00
1.397299999999999986e+00
1.599900000000000100e+00
1.775300000000000100e+00
1.916500000000000092e+00
1.954199999999999937e+00
1.848600000000000021e+00
1.602000000000000091e+00
1.274299999999999988e+00
9.271599999999999842e-01
5.743800000000000017e-01
2.090899999999999981e-01
-2.099400000000000155e-01
-6.654200000000000115e-01
-1.039299999999999891e+00
-1.356400000000000050e+00
-1.555399999999999894e+00
-1.581499999999999906e+00
-1.572799999999999976e+00
-1.507800000000000029e+00
-1.335700000000000109e+00
-1.110200000000000076e+00
-8.394799999999998930e-01
-5.422799999999999843e-01
-2.400599999999999956e-01
8.400299999999999434e-02
4.307699999999999863e-01
7.032000000000000473e-01
8.262899999999999689e-01
8.513100000000000112e-01
8.947000000000000508e-01
9.429400000000000004e-01
9.481000000000000538e-01
9.252200000000000424e-01
8.785700000000000731e-01
7.839800000000000102e-01
6.214899999999999869e-01
3.597800000000000442e-01
6.215499999999999498e-02
-1.427799999999999903e-01
-2.764800000000000035e-01
-3.821999999999999842e-01
-4.595299999999999940e-01
-4.460600000000000120e-01
-2.789499999999999758e-01
-1.033000000000000029e-01
6.943799999999999972e-02
3.123400000000000065e-01
5.050399999999999334e-01
5.974399999999999711e-01
6.321299999999999697e-01
6.342700000000000005e-01
6.601899999999999435e-01
6.051199999999999912e-01
4.455899999999999861e-01
2.477099999999999858e-01
4.971100000000000865e-03
-2.726899999999999880e-01
-5.726799999999999669e-01
-8.852499999999999813e-01
-1.176299999999999901e+00
-1.399199999999999999e+00
-1.521800000000000042e+00
-1.546200000000000019e+00
-1.557199999999999918e+00
-1.615099999999999980e+00
-1.564400000000000013e+00
-1.360999999999999988e+00
-1.089399999999999924e+00
-7.481200000000000072e-01
-3.537599999999999634e-01
5.133700000000000069e-02
4.536800000000000277e-01
8.456299999999998818e-01
1.236199999999999966e+00
1.589499999999999913e+00
1.846000000000000085e+00
1.970099999999999962e+00
1.958499999999999908e+00
1.841399999999999926e+00
1.675999999999999934e+00
1.411100000000000021e+00
1.077800000000000091e+00
7.735800000000000454e-01
4.088499999999999912e-01
-2.615300000000000090e-03
-4.083400000000000363e-01
-8.231299999999999173e-01
-1.198099999999999943e+00
-1.538699999999999957e+00
-1.784000000000000030e+00
-1.862700000000000022e+00
-1.803600000000000092e+00
-1.625000000000000000e+00
-1.314000000000000057e+00
-9.222500000000000142e-01
-4.789899999999999713e-01
-1.036399999999999995e-02
4.422800000000000065e-01
8.988099999999999978e-01
1.354800000000000004e+00
1.809199999999999919e+00
2.270099999999999785e+00
2.655299999999999994e+00
2.885400000000000187e+00
2.959900000000000198e+00
2.886600000000000055e+00
2.686399999999999899e+00
2.366999999999999993e+00
1.935899999999999954e+00
1.471100000000000074e+00
1.003200000000000092e+00
5.462000000000000188e-01
1.300400000000000167e-01
-2.226699999999999791e-01
-5.011999999999999789e-01
-6.902800000000000047e-01
-7.922399999999999443e-01
-7.981800000000000006e-01
-7.068300000000000693e-01
-5.354200000000000070e-01
-2.658699999999999952e-01
7.700200000000000100e-02
3.573699999999999655e-01
6.043600000000000083e-01
9.110200000000000520e-01
1.177100000000000035e+00
1.357599999999999918e+00
1.492499999999999938e+00
1.537600000000000078e+00
1.483100000000000085e+00
1.351199999999999957e+00
1.155799999999999939e+00
8.954900000000000082e-01
5.665000000000000036e-01
1.791400000000000214e-01
-2.319400000000000073e-01
-6.334400000000000031e-01
-1.006899999999999906e+00
-1.344700000000000006e+00
-1.619099999999999984e+00
-1.817299999999999915e+00
-1.934800000000000075e+00
-1.988399999999999945e+00
-1.991400000000000059e+00
-1.935200000000000031e+00
-1.806200000000000028e+00
-1.626100000000000101e+00
-1.418600000000000083e+00
-1.199899999999999967e+00
-9.789899999999999158e-01
-7.714699999999999891e-01
-5.991699999999999804e-01
-4.941300000000000137e-01
-4.696199999999999819e-01
-5.261000000000000121e-01
-6.561600000000000765e-01
-8.557200000000000362e-01
-1.112600000000000033e+00
-1.414500000000000091e+00
-1.722399999999999931e+00
-2.017199999999999882e+00
-2.300899999999999945e+00
-2.550800000000000178e+00
-2.739500000000000046e+00
-2.845499999999999918e+00
-2.857600000000000140e+00
-2.784800000000000164e+00
-2.617399999999999949e+00
-2.368599999999999817e+00
-2.054199999999999804e+00
-1.691799999999999971e+00
-1.307600000000000096e+00
-9.286399999999999100e-01
-5.721000000000000529e-01
-2.578900000000000081e-01
1.840900000000000078e-04
1.866500000000000103e-01
2.983699999999999686e-01
3.338700000000000001e-01
2.983000000000000096e-01
1.980299999999999838e-01
2.728699999999999876e-02
-1.988000000000000045e-01
-4.290700000000000069e-01
-6.491700000000000248e-01
-8.376600000000000712e-01
-9.837000000000000188e-01
-1.081700000000000106e+00
-1.115399999999999947e+00
-1.074999999999999956e+00
-9.593700000000000561e-01
-7.670200000000000351e-01
-5.052399999999999114e-01
-1.813899999999999957e-01
1.902000000000000079e-01
5.945300000000000029e-01
1.008000000000000007e+00
1.408300000000000107e+00
1.772999999999999909e+00
2.087800000000000100e+00
2.327900000000000080e+00
2.463799999999999990e+00
2.472100000000000186e+00
2.359199999999999964e+00
2.144000000000000128e+00
1.847599999999999909e+00
1.471000000000000085e+00
1.019099999999999895e+00
5.098099999999999854e-01
-2.439600000000000102e-02
-5.564899999999999292e-01
-1.060300000000000020e+00
-1.514999999999999902e+00
-1.897199999999999998e+00
-2.191600000000000215e+00
-2.385200000000000209e+00
-2.475000000000000089e+00
-2.460300000000000153e+00
-2.349000000000000199e+00
-2.151199999999999779e+00
-1.885099999999999998e+00
-1.568500000000000005e+00
-1.224800000000000111e+00
-8.749000000000000110e-01
-5.430300000000000127e-01
-2.484599999999999864e-01
-1.158199999999999855e-02
1.541399999999999992e-01
2.355500000000000094e-01
2.276600000000000013e-01
1.267599999999999838e-01
-6.233799999999999758e-02
-3.333099999999999952e-01
-6.716699999999999893e-01
-1.062599999999999989e+00
-1.484199999999999964e+00
-1.916299999999999892e+00
-2.334200000000000053e+00
-2.716899999999999871e+00
-3.041999999999999815e+00
-3.293899999999999828e+00
-3.457300000000000040e+00
-3.525399999999999867e+00
-3.493599999999999817e+00
-3.366200000000000081e+00
-3.149099999999999788e+00
-2.856300000000000061e+00
-2.501100000000000101e+00
-2.103099999999999969e+00
-1.679200000000000026e+00
-1.250399999999999956e+00
-8.324299999999998922e-01
-4.431199999999999584e-01
-9.403599999999999459e-02
2.025500000000000078e-01
4.410699999999999621e-01
6.155300000000000216e-01
7.265699999999999381e-01
7.742999999999999883e-01
7.650799999999999823e-01
7.041399999999999881e-01
6.022300000000000431e-01
4.683499999999999885e-01
3.160999999999999921e-01
1.564399999999999957e-01
3.867400000000000004e-03
-1.309700000000000031e-01
-2.353000000000000091e-01
-3.013699999999999712e-01
-3.208900000000000086e-01
-2.914700000000000069e-01
-2.109300000000000064e-01
-8.414699999999999958e-02
8.393200000000000660e-02
2.823499999999999899e-01
4.998500000000000165e-01
7.213199999999999612e-01
9.335100000000000620e-01
1.120700000000000029e+00
1.271700000000000053e+00
1.375099999999999989e+00
1.425599999999999978e+00
1.418800000000000061e+00
1.357599999999999918e+00
1.245400000000000063e+00
1.092000000000000082e+00
9.064900000000000180e-01
7.024500000000000188e-01
4.908000000000000140e-01
2.845699999999999896e-01
9.219900000000000317e-02
-7.714600000000000624e-02
-2.200900000000000079e-01
-3.335000000000000187e-01
-4.198000000000000065e-01
-4.809100000000000597e-01
-5.237899999999999778e-01
-5.534700000000000175e-01
-5.785100000000000797e-01
-6.041699999999999848e-01
-6.380200000000000315e-01
-6.833299999999999930e-01
-7.447199999999999376e-01
-8.220100000000000184e-01
-9.166299999999999448e-01
-1.025199999999999889e+00
-1.146300000000000097e+00
-1.274899999999999922e+00
-1.408099999999999907e+00
-1.539900000000000047e+00
-1.667799999999999949e+00
-1.786200000000000010e+00
-1.893199999999999994e+00
-1.984099999999999975e+00
-2.057799999999999851e+00
-2.110399999999999832e+00
-2.141500000000000181e+00
-2.148099999999999898e+00
-2.130599999999999827e+00
-2.087099999999999955e+00
-2.019499999999999851e+00
-1.927300000000000013e+00
-1.814300000000000024e+00
-1.682700000000000085e+00
-1.538799999999999946e+00
-1.386700000000000044e+00
-1.234599999999999920e+00
-1.088100000000000067e+00
-9.557499999999999885e-01
-8.423599999999999977e-01
-7.546500000000000430e-01
-6.945200000000000262e-01
-6.646100000000000341e-01
-6.622600000000000708e-01
-6.850800000000000223e-01
-7.255099999999999882e-01
-7.768800000000000150e-01
-8.283399999999999652e-01
-8.712999999999999634e-01
-8.947200000000000708e-01
-8.917000000000000481e-01
-8.546600000000000863e-01
-7.816300000000000470e-01
-6.710699999999999443e-01
-5.275400000000000089e-01
-3.559199999999999586e-01
-1.664299999999999946e-01
3.162900000000000433e-02
2.254800000000000137e-01
4.053999999999999826e-01
5.601199999999999513e-01
6.833700000000000330e-01
7.688399999999999679e-01
8.163300000000000001e-01
8.259299999999999420e-01
8.034399999999999320e-01
7.541800000000000725e-01
6.877900000000000125e-01
6.118200000000000305e-01
5.364300000000000734e-01
4.680500000000000216e-01
4.141500000000000181e-01
3.775999999999999912e-01
3.616099999999999870e-01
3.645700000000000052e-01
3.857999999999999763e-01
4.203300000000000369e-01
4.648800000000000154e-01
5.131100000000000660e-01
5.615899999999999226e-01
6.045599999999999863e-01
6.398500000000000298e-01
6.637300000000000422e-01
6.759600000000000053e-01
6.747800000000000464e-01
6.617399999999999949e-01
6.362300000000000733e-01
6.004500000000000393e-01
5.540899999999999714e-01
4.992199999999999971e-01
4.352500000000000258e-01
3.640499999999999847e-01
2.848699999999999566e-01
1.998900000000000121e-01
1.089599999999999874e-01
1.519600000000000117e-02
-8.012899999999999190e-02
-1.725399999999999989e-01
-2.595399999999999929e-01
-3.357300000000000284e-01
-3.983499999999999819e-01
-4.425199999999999689e-01
-4.669499999999999762e-01
-4.689800000000000080e-01
-4.502100000000000546e-01
-4.112999999999999989e-01
-3.572199999999999820e-01
-2.918300000000000338e-01
-2.226300000000000223e-01
-1.549299999999999844e-01
-9.642100000000000670e-02
-5.141300000000000037e-02
-2.526499999999999926e-02
-1.892899999999999791e-02
-3.367200000000000054e-02
-6.600100000000000411e-02
-1.129499999999999948e-01
-1.673300000000000065e-01
-2.232800000000000062e-01
-2.722399999999999820e-01
-3.083699999999999775e-01
-3.243599999999999817e-01
-3.171800000000000175e-01
-2.833900000000000308e-01
-2.241800000000000181e-01
-1.408900000000000152e-01
-3.901800000000000407e-02
7.646699999999999331e-02
1.972599999999999909e-01
3.172599999999999865e-01
4.280100000000000571e-01
5.247899999999999787e-01
6.016100000000000891e-01
6.568399999999999794e-01
6.883799999999999919e-01
6.981699999999999573e-01
6.875100000000000655e-01
6.609899999999999665e-01
6.217399999999999594e-01
5.753399999999999626e-01
5.247100000000000097e-01
4.747000000000000108e-01
4.270800000000000152e-01
3.850600000000000134e-01
3.489300000000000179e-01
3.208900000000000086e-01
3.003899999999999904e-01
2.891299999999999981e-01
2.867999999999999994e-01
2.954600000000000004e-01
3.150499999999999967e-01
3.477000000000000091e-01
3.930500000000000105e-01
4.527100000000000568e-01
5.250100000000000877e-01
6.097700000000000342e-01
7.035000000000000142e-01
8.039300000000000335e-01
9.055799999999999406e-01
1.004899999999999904e+00
1.095499999999999918e+00
1.173799999999999955e+00
1.234499999999999931e+00
1.275500000000000078e+00
1.294000000000000039e+00
1.290999999999999925e+00
1.266799999999999926e+00
1.225400000000000045e+00
1.170199999999999907e+00
1.107199999999999962e+00
1.041199999999999903e+00
9.786600000000000854e-01
9.233100000000000751e-01
8.801899999999999169e-01
8.510200000000001097e-01
8.377000000000000002e-01
8.387899999999999245e-01
8.536000000000000254e-01
8.782799999999999496e-01
9.102899999999999325e-01
9.446100000000000607e-01
9.788200000000000234e-01
1.008599999999999941e+00
1.032699999999999951e+00
1.048399999999999999e+00
1.056400000000000006e+00
1.055600000000000094e+00
1.047800000000000065e+00
1.032499999999999973e+00
1.011800000000000033e+00
9.850600000000000467e-01
9.534100000000000907e-01
9.154299999999999660e-01
8.714200000000000834e-01
8.192500000000000338e-01
7.588300000000000045e-01
6.880899999999999794e-01
6.074199999999999600e-01
5.156399999999999872e-01
4.143399999999999861e-01
3.035900000000000265e-01
1.864200000000000024e-01
6.414899999999999769e-02
-5.938999999999999835e-02
-1.824199999999999988e-01
-3.008199999999999763e-01
-4.131100000000000327e-01
-5.158800000000000052e-01
-6.084500000000000464e-01
-6.884299999999999864e-01
-7.563999999999999613e-01
-8.111399999999999721e-01
-8.538600000000000634e-01
-8.842799999999999550e-01
-9.037799999999999168e-01
-9.122000000000000108e-01
-9.109599999999999920e-01
-8.995499999999999607e-01
-8.790299999999999780e-01
-8.485200000000000520e-01
-8.091599999999999904e-01
-7.602100000000000524e-01
-7.031600000000000072e-01
-6.379600000000000826e-01
-5.671100000000000030e-01
-4.915600000000000525e-01
-4.148300000000000320e-01
-3.387499999999999956e-01
-2.673400000000000221e-01
-2.025700000000000001e-01
-1.480499999999999872e-01
-1.048800000000000010e-01
-7.524999999999999745e-02
-5.847000000000000114e-02
-5.470200000000000062e-02
-6.119999999999999746e-02
-7.624700000000000921e-02
-9.545199999999999518e-02
-1.159700000000000036e-01
-1.329899999999999971e-01
-1.438299999999999856e-01
-1.447099999999999775e-01
-1.344700000000000062e-01
-1.112900000000000139e-01
-7.626799999999998858e-02
-2.996000000000000399e-02
2.421200000000000088e-02
8.411799999999999833e-02
1.453699999999999992e-01
2.053699999999999692e-01
2.599099999999999744e-01
3.075900000000000301e-01
3.457300000000000373e-01
3.743900000000000006e-01
3.927400000000000335e-01
4.026300000000000434e-01
4.042499999999999982e-01
4.000299999999999967e-01
3.901600000000000068e-01
3.766199999999999548e-01
3.589999999999999858e-01
3.382000000000000006e-01
3.129699999999999704e-01
2.839400000000000257e-01
2.498300000000000243e-01
2.116400000000000226e-01
1.693000000000000060e-01
1.253499999999999892e-01
8.089999999999999969e-02
3.971800000000000330e-02
3.889300000000000049e-03
-2.280399999999999788e-02
-3.904599999999999738e-02
-4.286500000000000032e-02
-3.524200000000000249e-02
-1.692799999999999860e-02
7.948100000000001344e-03
3.574399999999999800e-02
6.019600000000000645e-02
7.662200000000000955e-02
7.884900000000000242e-02
6.350300000000000389e-02
2.713500000000000287e-02
-2.999300000000000230e-02
-1.071099999999999969e-01
-1.996900000000000064e-01
-3.029199999999999671e-01
-4.090099999999999847e-01
-5.113800000000000567e-01
-6.017500000000000071e-01
-6.745499999999999829e-01
-7.239899999999999114e-01
-7.478700000000000347e-01
-7.446099999999999941e-01
-7.163399999999999768e-01
-6.653999999999999915e-01
-5.973600000000000021e-01
-5.168899999999999606e-01
-4.306200000000000028e-01
-3.434300000000000130e-01
-2.609899999999999998e-01
-1.865600000000000036e-01
-1.238799999999999901e-01
-7.419599999999999806e-02
-3.952699999999999964e-02
-1.986299999999999871e-02
-1.660999999999999976e-02
-2.920400000000000079e-02
-5.887499999999999678e-02
-1.050500000000000045e-01
-1.684599999999999986e-01
-2.476800000000000113e-01
-3.417499999999999982e-01
-4.473100000000000409e-01
-5.608199999999999852e-01
-6.757999999999999563e-01
-7.859899999999999665e-01
-8.827000000000000401e-01
-9.585299999999998821e-01
-1.004599999999999937e+00
-1.014599999999999946e+00
-9.826600000000000890e-01
-9.069000000000000394e-01
-7.862700000000000244e-01
-6.247899999999999565e-01
-4.276800000000000046e-01
-2.044700000000000129e-01
3.496700000000000502e-02
2.780099999999999794e-01
5.131100000000000660e-01
7.277799999999999825e-01
9.125299999999999523e-01
