3.462000000000000077e-01
6.526600000000000179e-01
5.472600000000000797e-01
5.854800000000000004e-01
5.639499999999999513e-01
5.738999999999999657e-01
5.597499999999999698e-01
5.697600000000000442e-01
5.564100000000000712e-01
5.656299999999999661e-01
5.542699999999999294e-01
5.621000000000000441e-01
5.523899999999999366e-01
5.593100000000000849e-01
5.510099999999999998e-01
5.577100000000000390e-01
5.511500000000000288e-01
5.587100000000000399e-01
5.542799999999999949e-01
5.632899999999999574e-01
5.618499999999999606e-01
5.733099999999999863e-01
5.756100000000000660e-01
5.907499999999999973e-01
5.977600000000000691e-01
6.173199999999999799e-01
6.291200000000000125e-01
6.524600000000000399e-01
6.681799999999999962e-01
6.954299999999999926e-01
7.160199999999999898e-01
7.487599999999999811e-01
7.760500000000000176e-01
8.157300000000000662e-01
8.513299999999999201e-01
9.014499999999999735e-01
9.529499999999999638e-01
1.026200000000000001e+00
1.108800000000000008e+00
1.217300000000000049e+00
1.332200000000000051e+00
1.459600000000000009e+00
1.571199999999999930e+00
1.668800000000000061e+00
1.727500000000000036e+00
1.758799999999999919e+00
1.753400000000000070e+00
1.739000000000000101e+00
1.719500000000000028e+00
1.729200000000000070e+00
1.769500000000000073e+00
1.860400000000000054e+00
1.980599999999999916e+00
2.124499999999999833e+00
2.250999999999999890e+00
2.348899999999999988e+00
2.390699999999999825e+00
2.393200000000000216e+00
2.365699999999999914e+00
2.350099999999999856e+00
2.351100000000000190e+00
2.384399999999999853e+00
2.422699999999999854e+00
2.452599999999999891e+00
2.432100000000000151e+00
2.355900000000000105e+00
2.209200000000000053e+00
2.021300000000000097e+00
1.806699999999999973e+00
1.608300000000000063e+00
1.437000000000000055e+00
1.318799999999999972e+00
1.243999999999999995e+00
1.220800000000000107e+00
1.226699999999999902e+00
1.260000000000000009e+00
1.287900000000000045e+00
1.296899999999999942e+00
1.244899999999999896e+00
1.118400000000000061e+00
8.904299999999999438e-01
5.768999999999999684e-01
1.874599999999999878e-01
-2.305800000000000072e-01
-6.531200000000000339e-01
-1.041700000000000070e+00
-1.399799999999999933e+00
-1.722499999999999920e+00
-2.037599999999999856e+00
-2.343999999999999861e+00
-2.651699999999999946e+00
-2.929699999999999971e+00
-3.161900000000000155e+00
-3.310999999999999943e+00
-3.380799999999999805e+00
-3.376100000000000101e+00
-3.348800000000000221e+00
-3.340599999999999792e+00
-3.410600000000000076e+00
-3.577999999999999847e+00
-3.860599999999999810e+00
-4.208700000000000330e+00
-4.586800000000000210e+00
-4.942199999999999704e+00
-5.252200000000000202e+00
-5.493000000000000327e+00
-5.686799999999999855e+00
-5.842999999999999972e+00
-5.995000000000000107e+00
-6.139499999999999957e+00
-6.280999999999999694e+00
-6.386700000000000266e+00
-6.447600000000000442e+00
-6.440000000000000391e+00
-6.385100000000000442e+00
-6.299199999999999910e+00
-6.234499999999999709e+00
-6.215900000000000425e+00
-6.273600000000000065e+00
-6.395299999999999763e+00
-6.572099999999999831e+00
-6.758200000000000429e+00
-6.950400000000000134e+00
-7.138099999999999667e+00
-7.350500000000000256e+00
-7.612199999999999633e+00
-7.964100000000000179e+00
-8.394500000000000739e+00
-8.881299999999999528e+00
-9.344699999999999562e+00
-9.715600000000000236e+00
-9.916600000000000747e+00
-9.937400000000000233e+00
-9.804299999999999571e+00
-9.632400000000000517e+00
-9.523099999999999454e+00
-9.587699999999999889e+00
-9.872600000000000264e+00
-1.036700000000000088e+01
-1.094800000000000040e+01
-1.153200000000000003e+01
-1.201500000000000057e+01
-1.221900000000000119e+01
-1.215700000000000003e+01
-1.196799999999999997e+01
-1.161400000000000077e+01
-1.127599999999999980e+01
-1.106700000000000017e+01
-1.100500000000000078e+01
-1.107599999999999874e+01
-1.118900000000000006e+01
-1.127900000000000169e+01
-1.132099999999999973e+01
-1.122599999999999909e+01
-1.109400000000000119e+01
-1.094299999999999962e+01
-1.080400000000000027e+01
-1.072000000000000064e+01
-1.065200000000000102e+01
-1.053800000000000026e+01
-1.039499999999999957e+01
-1.013400000000000034e+01
-9.745499999999999829e+00
-9.484999999999999432e+00
-9.372700000000000031e+00
-9.261599999999999611e+00
-9.541600000000000747e+00
-9.678599999999999426e+00
-8.970800000000000551e+00
-8.093299999999999272e+00
-7.239200000000000301e+00
-6.839699999999999669e+00
-7.102999999999999758e+00
-6.393900000000000361e+00
-6.013899999999999579e+00
-6.989700000000000024e+00
-7.147499999999999964e+00
-5.973600000000000243e+00
-5.473900000000000432e+00
-6.683799999999999741e+00
-7.843300000000000161e+00
-7.123800000000000132e+00
-6.419699999999999740e+00
-7.913299999999999557e+00
-8.547100000000000364e+00
-6.927900000000000169e+00
-6.793499999999999872e+00
-7.824600000000000222e+00
-7.123800000000000132e+00
-5.547900000000000276e+00
-3.813499999999999890e+00
-3.695899999999999963e+00
-6.020400000000000418e+00
-6.011199999999999655e+00
-4.210099999999999731e+00
-4.709800000000000431e+00
-4.606900000000000439e+00
-3.485300000000000065e+00
-2.630100000000000104e+00
-1.225400000000000045e+00
-1.420500000000000096e+00
-1.696399999999999908e+00
-6.724499999999999922e-02
-8.928299999999999015e-01
-2.901699999999999946e+00
-1.860300000000000065e+00
-6.585300000000000598e-01
-1.421300000000000063e-01
4.171899999999999498e-01
-1.114000000000000101e+00
-2.289800000000000058e+00
1.038100000000000023e+00
4.780000000000000249e+00
4.661800000000000388e+00
3.138500000000000068e+00
4.739399999999999835e+00
7.862000000000000099e+00
6.442700000000000315e+00
5.360899999999999999e+00
8.720200000000000173e+00
1.026900000000000013e+01
6.929800000000000182e+00
3.584299999999999820e+00
4.929899999999999949e+00
8.038399999999999324e+00
8.497199999999999420e+00
5.954500000000000348e+00
6.123700000000000365e+00
9.952400000000000801e+00
1.096400000000000041e+01
9.644500000000000739e+00
1.024599999999999866e+01
1.192900000000000027e+01
1.187900000000000134e+01
1.201200000000000045e+01
1.176799999999999891e+01
1.035200000000000031e+01
1.255199999999999960e+01
1.640299999999999869e+01
1.764099999999999824e+01
1.778000000000000114e+01
1.525099999999999945e+01
1.267500000000000071e+01
1.692900000000000205e+01
2.085900000000000176e+01
2.349800000000000111e+01
2.531400000000000006e+01
1.851099999999999923e+01
1.491999999999999993e+01
2.186300000000000310e+01
2.440500000000000114e+01
2.458900000000000219e+01
2.517500000000000071e+01
2.310699999999999932e+01
2.442699999999999960e+01
2.563300000000000267e+01
2.676199999999999690e+01
3.162199999999999989e+01
2.989999999999999858e+01
2.416600000000000037e+01
2.923000000000000043e+01
3.468800000000000239e+01
3.314099999999999824e+01
3.499600000000000222e+01
3.563700000000000045e+01
3.428699999999999903e+01
3.647299999999999898e+01
3.278900000000000148e+01
3.023300000000000054e+01
3.661400000000000432e+01
4.061299999999999955e+01
4.279699999999999704e+01
3.954500000000000171e+01
3.284499999999999886e+01
3.534100000000000108e+01
4.260000000000000142e+01
4.389199999999999591e+01
3.863599999999999568e+01
3.418500000000000227e+01
3.516199999999999903e+01
3.866900000000000404e+01
3.995599999999999596e+01
3.958599999999999852e+01
3.984799999999999898e+01
3.783500000000000085e+01
3.495499999999999829e+01
3.187300000000000111e+01
3.025199999999999889e+01
3.583099999999999596e+01
3.541599999999999682e+01
2.710699999999999932e+01
2.644400000000000261e+01
3.059099999999999753e+01
3.000199999999999889e+01
2.583999999999999986e+01
2.483099999999999952e+01
3.049199999999999733e+01
3.280599999999999739e+01
2.270599999999999952e+01
7.793000000000000149e+00
1.091300000000000026e+01
3.339999999999999858e+01
3.820700000000000074e+01
2.132000000000000028e+01
1.399400000000000155e+01
2.056400000000000006e+01
2.149199999999999733e+01
1.721999999999999886e+01
2.553000000000000114e+01
3.028199999999999648e+01
2.046799999999999997e+01
1.156099999999999994e+01
-3.474000000000000199e+00
-3.418899999999999828e+00
6.783999999999999808e+00
1.781900000000000039e+00
1.063199999999999967e+01
1.759499999999999886e+01
5.742300000000000182e+00
3.769600000000000062e+00
-4.311899999999999622e+00
-1.546299999999999919e+01
-5.668899999999999828e+00
1.327999999999999936e+01
2.279300000000000281e+01
8.095499999999999474e+00
-1.047900000000000098e+01
-2.694799999999999862e+00
2.102899999999999991e+01
1.459200000000000053e+01
-4.369900000000000340e+00
8.973900000000000432e+00
1.955900000000000105e+01
9.929999999999999716e+00
6.044999999999999929e+00
1.185900000000000176e+01
2.347899999999999920e+01
1.601599999999999824e+01
3.344500000000000250e-01
7.167900000000000382e+00
1.176099999999999923e+01
9.535800000000000054e+00
1.008399999999999963e+01
8.149300000000000210e+00
4.201600000000000001e+00
-2.392199999999999882e+00
-5.632600000000000051e+00
-1.292699999999999960e+00
3.606399999999999828e+00
-1.555399999999999894e+00
-6.417200000000000237e+00
-5.328700000000000436e+00
-1.192799999999999905e+01
-2.182800000000000296e+01
-2.428400000000000247e+01
-1.300200000000000067e+01
-5.307100000000000151e+00
-1.393900000000000006e+01
-2.048000000000000043e+01
-3.361099999999999710e+01
-4.412300000000000466e+01
-3.347400000000000375e+01
-4.170300000000000296e+01
-5.557199999999999562e+01
-3.784300000000000352e+01
-3.017399999999999949e+01
-4.781000000000000227e+01
-7.003900000000000148e+01
-5.890200000000000102e+01
-2.641900000000000048e+01
-2.859600000000000009e+01
-4.668899999999999295e+01
-6.155399999999999494e+01
-6.009499999999999886e+01
-3.757600000000000051e+01
-4.535699999999999932e+01
-6.442399999999999238e+01
-4.969600000000000506e+01
-5.409000000000000341e+01
-8.632099999999999795e+01
-1.024000000000000057e+02
-1.000400000000000063e+02
-8.518399999999999750e+01
-8.459100000000000819e+01
-1.113100000000000023e+02
-1.215000000000000000e+02
-1.086599999999999966e+02
-1.102900000000000063e+02
-1.158700000000000045e+02
-1.096899999999999977e+02
-1.114500000000000028e+02
-8.839799999999999613e+01
-5.261199999999999477e+01
-5.521699999999999875e+01
-5.921899999999999409e+01
-4.827300000000000324e+01
-4.190500000000000114e+01
-3.831300000000000239e+01
-4.664600000000000080e+01
-6.747599999999999909e+01
-6.033200000000000074e+01
-5.065100000000000335e+01
-8.238100000000000023e+01
-1.046099999999999994e+02
-8.297799999999999443e+01
-6.152300000000000324e+01
-8.505799999999999272e+01
-1.086099999999999994e+02
-1.157800000000000011e+02
-1.115999999999999943e+02
-8.024099999999999966e+01
-9.100100000000000477e+01
-1.100499999999999972e+02
-6.155799999999999983e+01
-1.802899999999999991e+01
-2.574500000000000011e+00
1.248799999999999910e+00
8.959799999999999542e+00
5.504600000000000648e+01
6.297200000000000131e+01
3.680499999999999972e+01
2.763899999999999935e+01
1.198599999999999888e+01
-5.182999999999999829e+00
-3.358699999999999619e+01
-4.223499999999999943e+01
-2.718099999999999739e+01
-5.002100000000000080e+01
-7.646600000000000819e+01
-7.014499999999999602e+01
-7.264799999999999613e+01
-6.872399999999998954e+01
-5.521800000000000352e+01
-1.002500000000000000e+02
-1.536800000000000068e+02
-1.630999999999999943e+02
-1.799099999999999966e+02
-2.040500000000000114e+02
-2.335999999999999943e+02
-2.791899999999999977e+02
-2.755699999999999932e+02
-2.823999999999999773e+02
-3.624100000000000250e+02
-3.997200000000000273e+02
-3.833000000000000114e+02
-4.192799999999999727e+02
-4.845299999999999727e+02
-5.000500000000000114e+02
-4.980299999999999727e+02
-4.854200000000000159e+02
-4.128000000000000114e+02
-3.010500000000000114e+02
-1.794000000000000057e+02
-5.908600000000000563e+01
5.333399999999999608e+01
1.449099999999999966e+02
1.922199999999999989e+02
2.325800000000000125e+02
3.440500000000000114e+02
5.237200000000000273e+02
6.625199999999999818e+02
6.810700000000000500e+02
6.623500000000000227e+02
6.978400000000000318e+02
6.723500000000000227e+02
5.705800000000000409e+02
5.469600000000000364e+02
5.433200000000000500e+02
4.648199999999999932e+02
4.184100000000000250e+02
4.370299999999999727e+02
4.315400000000000205e+02
3.920299999999999727e+02
3.524100000000000250e+02
2.940400000000000205e+02
1.568000000000000114e+02
3.163599999999999923e+01
4.553699999999999903e+01
1.097999999999999972e+02
1.627800000000000011e+02
2.112299999999999898e+02
2.106599999999999966e+02
2.324300000000000068e+02
3.724700000000000273e+02
4.833399999999999750e+02
4.580400000000000205e+02
4.215099999999999909e+02
3.990699999999999932e+02
3.258000000000000114e+02
2.056999999999999886e+02
9.991300000000000736e+00
-1.434199999999999875e+02
-8.544499999999999318e+01
4.147899999999999920e+00
-3.369699999999999562e+01
-7.621800000000000352e+01
-1.376399999999999864e+02
-2.449199999999999875e+02
-2.313300000000000125e+02
-1.290699999999999932e+02
-4.171199999999999619e+01
2.490199999999999747e+01
2.990399999999999991e+01
4.467499999999999716e+01
5.650500000000000256e+01
3.844599999999999795e+01
7.301000000000000512e+01
9.616299999999999670e+01
9.892100000000000648e+01
1.314499999999999886e+02
1.406500000000000057e+02
1.356100000000000136e+02
1.891100000000000136e+02
2.042599999999999909e+02
9.737200000000001410e+01
6.794700000000000273e+01
1.077800000000000011e+02
-8.417400000000000659e+00
-1.227699999999999960e+02
-1.126700000000000017e+02
-8.421600000000000819e+01
-5.659700000000000131e+01
-7.936599999999999966e+01
-1.573600000000000136e+02
-1.817500000000000000e+02
-1.949600000000000080e+02
-2.491999999999999886e+02
-2.169000000000000057e+02
-1.315300000000000011e+02
-5.675699999999999790e+01
-3.447899999999999920e+01
-5.317399999999999949e+01
-1.119500000000000028e+02
-1.873000000000000114e+02
-1.742899999999999920e+02
-2.628700000000000045e+02
-4.154100000000000250e+02
-3.321899999999999977e+02
-1.635300000000000011e+02
-1.123700000000000045e+02
-9.843000000000000682e+01
-1.514399999999999977e+02
-2.678899999999999864e+02
-2.727900000000000205e+02
-2.547899999999999920e+02
-3.351200000000000045e+02
-3.420099999999999909e+02
-2.481200000000000045e+02
-1.219899999999999949e+02
3.706700000000000017e+01
1.703400000000000034e+02
2.612900000000000205e+02
2.527400000000000091e+02
1.394099999999999966e+02
9.234899999999999665e+00
-1.720900000000000034e+02
-2.755799999999999841e+02
-1.940099999999999909e+02
-1.097300000000000040e+02
-4.777199999999999847e+01
1.343599999999999905e+00
-4.221300000000000274e+00
-3.818299999999999805e+00
2.249299999999999855e+00
1.460799999999999876e+01
6.758599999999999852e+01
1.245000000000000000e+02
1.075900000000000034e+02
7.378000000000000114e+01
1.283600000000000136e+02
1.563799999999999955e+02
9.621999999999999886e+01
9.085099999999999909e+01
1.357100000000000080e+02
1.126800000000000068e+02
2.316000000000000014e+01
-8.428499999999999659e+01
-1.770600000000000023e+02
-2.530800000000000125e+02
-2.908899999999999864e+02
-2.630899999999999750e+02
-2.736800000000000068e+02
-3.270699999999999932e+02
-2.699700000000000273e+02
-1.267600000000000051e+02
-3.857099999999999795e+01
1.502599999999999980e+01
8.348600000000000421e+01
1.583300000000000125e+02
1.811599999999999966e+02
1.715699999999999932e+02
1.884699999999999989e+02
1.630200000000000102e+02
1.341999999999999886e+02
1.791100000000000136e+02
1.507899999999999920e+02
-6.582500000000000284e+01
-2.192899999999999920e+02
-2.223000000000000114e+02
-2.191399999999999864e+02
-1.033900000000000006e+02
2.795300000000000296e+01
5.024300000000000210e+01
9.728399999999999181e+01
1.140999999999999943e+02
6.600799999999999557e+01
1.253900000000000006e+02
3.093100000000000023e+02
3.605500000000000114e+02
2.119499999999999886e+02
1.434799999999999898e+02
1.811200000000000045e+02
1.494199999999999875e+02
9.293899999999999295e+01
1.500500000000000114e+02
3.073299999999999841e+02
3.861899999999999977e+02
3.487200000000000273e+02
2.849499999999999886e+02
2.231100000000000136e+02
8.377600000000001046e+01
-3.896300000000000097e+01
7.778100000000000236e+00
4.898100000000000165e+01
-6.730500000000000682e+01
-2.088499999999999943e+02
-3.033299999999999841e+02
-4.088999999999999773e+02
-4.454800000000000182e+02
-3.529499999999999886e+02
-3.239599999999999795e+02
-3.228999999999999773e+02
-1.312599999999999909e+02
7.863500000000000512e+01
1.172900000000000063e+02
1.184200000000000017e+02
1.666500000000000057e+02
1.307299999999999898e+02
1.014200000000000017e+02
1.643300000000000125e+02
1.547299999999999898e+02
1.354699999999999989e+02
2.046999999999999886e+02
1.927500000000000000e+02
7.220300000000000296e+01
1.915900000000000103e-01
-1.775600000000000023e+01
-5.657699999999999951e-01
4.632600000000000051e+01
8.416500000000000625e+01
9.590600000000000591e+01
4.885399999999999920e+01
-2.201699999999999946e+01
-6.256899999999999551e+01
-4.667999999999999972e+01
-7.329799999999999649e+00
-1.819900000000000162e+01
-7.998600000000000421e+01
-1.899799999999999898e+02
-2.602300000000000182e+02
-1.902599999999999909e+02
-3.292099999999999937e+01
-4.733299999999999841e+00
-1.059300000000000068e+02
-1.279599999999999937e+02
-7.735800000000000409e+01
-5.135999999999999943e+01
-8.210899999999999466e+01
-4.302700000000000102e+01
7.383800000000000807e+01
1.238199999999999932e+02
1.225900000000000034e+02
1.164800000000000040e+02
8.967700000000000671e+01
1.667900000000000205e+01
-7.640899999999999181e+01
-1.171400000000000006e+02
-1.008400000000000034e+02
-1.022800000000000011e+02
-1.513899999999999864e+02
-2.283899999999999864e+02
-2.666399999999999864e+02
-1.936500000000000057e+02
-1.046299999999999955e+02
-9.477799999999999159e+01
-1.402199999999999989e+02
-1.866399999999999864e+02
-1.630099999999999909e+02
-1.309099999999999966e+02
-1.800399999999999920e+02
-2.584200000000000159e+02
-3.103999999999999773e+02
-3.291899999999999977e+02
-3.336800000000000068e+02
-3.487699999999999818e+02
-3.418399999999999750e+02
-2.572099999999999795e+02
-1.149500000000000028e+02
2.966299999999999937e+00
8.985099999999999909e+01
1.688400000000000034e+02
2.084300000000000068e+02
1.669099999999999966e+02
1.166800000000000068e+02
1.174899999999999949e+02
1.037699999999999960e+02
9.848999999999999488e+01
6.562899999999999068e+01
-1.855199999999999960e+01
-2.423000000000000043e+01
3.920400000000000063e+01
4.864300000000000068e+01
1.562199999999999989e+01
4.786500000000000199e+00
-2.964300000000000068e+01
-4.224899999999999523e+01
2.293900000000000006e+01
4.948100000000000165e+01
-4.657199999999999562e+01
-1.549900000000000091e+02
-1.520800000000000125e+02
-1.230499999999999972e+02
-1.157600000000000051e+02
-1.019200000000000017e+02
-7.143500000000000227e+01
3.954800000000000182e+01
1.849099999999999966e+02
2.559000000000000057e+02
2.789200000000000159e+02
3.017900000000000205e+02
2.495200000000000102e+02
1.754399999999999977e+02
2.090999999999999943e+02
2.040900000000000034e+02
1.529900000000000091e+02
1.707500000000000000e+02
1.576399999999999864e+02
1.545900000000000034e+02
2.772300000000000182e+02
3.489100000000000250e+02
1.944699999999999989e+02
6.581699999999999662e+00
-4.917499999999999716e+01
-3.293800000000000239e+01
-3.864399999999999835e+01
-8.388799999999999102e+01
-9.960099999999999909e+01
-4.250699999999999790e+01
4.499899999999999523e+01
8.823600000000000421e+01
9.295100000000000762e+01
3.450000000000000000e+01
-7.054099999999999682e+01
-8.471999999999999886e+01
-3.571600000000000108e+00
1.015699999999999932e+02
1.923700000000000045e+02
1.696299999999999955e+02
6.145700000000000074e+01
-2.255199999999999960e+01
-5.870199999999999818e+01
-1.515599999999999881e+01
2.950400000000000134e+01
-5.989099999999999646e+00
-3.063199999999999790e+01
-3.117500000000000071e+01
-3.271600000000000108e+01
-7.782399999999999984e+00
1.475200000000000067e+01
2.205499999999999972e+01
-1.098200000000000109e+01
-5.535999999999999943e+01
-5.291600000000000392e+01
-5.348699999999999477e+01
-8.541700000000000159e+01
-9.425799999999999557e+01
-5.349800000000000466e+01
4.917200000000000237e+00
7.365800000000000125e+01
1.313700000000000045e+02
1.321899999999999977e+02
1.005300000000000011e+02
8.505100000000000193e+01
9.145100000000000762e+01
9.791599999999999682e+01
9.957999999999999829e+01
7.578300000000000125e+01
3.210099999999999909e+01
4.591899999999999693e+01
1.201500000000000057e+02
1.765999999999999943e+02
1.630399999999999920e+02
6.159600000000000364e+01
-4.482600000000000051e+01
-7.972199999999999420e+01
-1.073499999999999943e+02
-1.450900000000000034e+02
-1.486100000000000136e+02
-9.962799999999998590e+01
-3.203199999999999648e+01
-1.873999999999999844e+01
-2.992900000000000205e+01
-2.312000000000000099e+01
-2.162300000000000111e+01
9.258100000000000662e+00
4.911800000000000210e+01
3.655199999999999960e+01
3.538199999999999790e+01
6.288399999999999324e+01
5.322999999999999687e+01
3.705199999999999960e+01
2.338100000000000023e+01
-5.575499999999999901e+00
-1.197299999999999898e+01
-1.021199999999999974e+01
-8.895499999999999519e-01
-2.153200000000000003e+00
-1.917200000000000060e+01
-7.053399999999999892e+00
-1.906599999999999895e+01
-3.010599999999999810e+01
-4.478799999999999670e+00
7.815800000000000303e+00
4.737399999999999523e+01
6.580500000000000682e+01
-8.891799999999999926e+00
-1.162600000000000051e+02
-1.762599999999999909e+02
-1.613300000000000125e+02
-1.362400000000000091e+02
-1.494000000000000057e+02
-1.808499999999999943e+02
-1.630699999999999932e+02
-7.811100000000000421e+01
-8.337500000000000355e+00
3.927400000000000091e+01
7.639499999999999602e+01
8.210600000000000875e+01
9.681700000000000728e+01
1.192399999999999949e+02
1.054000000000000057e+02
5.211299999999999955e+01
1.783300000000000107e+00
-2.927800000000000225e+01
-5.179399999999999693e+01
-5.968399999999999750e+01
-7.840800000000000125e+01
-8.626200000000000045e+01
-7.606900000000000261e+01
-1.110900000000000034e+02
-1.671999999999999886e+02
-1.575300000000000011e+02
-7.396099999999999852e+01
-9.207900000000000418e+00
-3.202799999999999869e+01
-8.971899999999999409e+01
-9.074700000000001410e+01
5.324900000000000189e-01
1.261200000000000045e+02
1.377199999999999989e+02
4.223799999999999955e+01
1.205299999999999905e+01
6.319100000000000250e+01
1.074000000000000057e+02
1.085199999999999960e+02
2.540099999999999980e+01
-7.934199999999999875e+01
-8.462500000000000000e+01
-2.921900000000000119e+01
5.569500000000000028e+01
1.221700000000000017e+02
7.075900000000000034e+01
3.284100000000000108e+01
6.625600000000000023e+01
5.279100000000000392e+01
-3.060999999999999943e+00
-5.996899999999999409e+01
-1.280099999999999909e+02
-1.628799999999999955e+02
-9.330299999999999727e+01
-1.522299999999999986e+00
4.471099999999999852e+00
-4.431600000000000250e+01
-4.018599999999999994e+01
2.294800000000000040e+01
5.106600000000000250e+01
3.667100000000000026e+00
-9.098600000000000421e+01
-1.116400000000000006e+02
-2.750900000000000034e+01
1.670299999999999940e+01
-6.974199999999999733e+00
-2.262099999999999866e+01
-3.266900000000000137e+00
3.667399999999999949e+01
8.986399999999999011e+01
1.398400000000000034e+02
1.227399999999999949e+02
2.672699999999999676e+01
-2.170400000000000063e+01
-1.663200000000000145e+01
-8.117499999999999716e+01
-1.054800000000000040e+02
-4.807000000000000028e+01
-1.539799999999999969e+01
2.072199999999999775e+01
3.518099999999999739e+01
-2.978400000000000247e+01
-3.508400000000000318e+01
7.910500000000000398e+01
1.849900000000000091e+02
2.434000000000000057e+02
2.056100000000000136e+02
1.253400000000000034e+02
1.096099999999999994e+02
1.999099999999999966e+01
-1.107999999999999972e+02
-8.336899999999999977e+01
-1.895200000000000173e+01
-5.023899999999999721e+01
-9.403799999999999670e+01
-9.188700000000000045e+01
-3.882000000000000028e+01
-1.043700000000000072e+00
-1.421499999999999986e+01
-1.190499999999999936e+01
1.995700000000000074e+01
6.603600000000000136e+01
1.075600000000000023e+02
6.085499999999999687e+01
-2.062699999999999889e+01
-7.901200000000000223e+00
2.625600000000000023e+01
2.353599999999999781e+01
1.411200000000000010e+01
2.254199999999999804e+01
4.184700000000000131e+01
4.085300000000000153e+01
3.172300000000000253e+01
8.688399999999999679e+00
-1.456499999999999950e+01
-1.836799999999999855e+01
8.114699999999999136e+00
5.156100000000000705e+01
8.143899999999999295e+01
9.893999999999999773e+01
6.976300000000000523e+01
2.964900000000000091e+00
-3.891799999999999926e+01
-5.539800000000000324e+01
-6.087300000000000466e+01
-7.208899999999999864e+01
-9.197799999999999443e+01
-1.046400000000000006e+02
-9.447399999999998954e+01
-6.590100000000001046e+01
-5.924300000000000210e+01
-4.740699999999999648e+01
3.588499999999999801e+00
4.282999999999999829e+01
6.379399999999999693e+01
7.282300000000000750e+01
3.924000000000000199e+01
6.977400000000000269e+00
9.871199999999999974e+00
1.413000000000000078e+01
1.421799999999999997e+01
1.312500000000000000e+01
-1.162500000000000000e+01
-4.520499999999999829e+01
-7.108800000000000807e+01
-9.996399999999999864e+01
-7.653399999999999181e+01
-1.079700000000000060e+01
8.640100000000000335e+00
-8.110500000000000043e+00
-1.182300000000000040e+01
1.939599999999999991e+00
-7.241799999999999571e+00
-3.722200000000000131e+01
-2.475000000000000000e+01
2.160399999999999920e+01
5.006499999999999773e+01
2.959199999999999875e+01
-1.366900000000000048e+01
-2.435500000000000043e+01
-9.926999999999999602e+00
1.727700000000000102e+01
1.669599999999999795e+01
-2.306099999999999994e+01
-2.804699999999999704e+01
-1.216499999999999915e+01
-1.669900000000000162e+01
-2.647800000000000153e+01
-1.909900000000000020e+01
2.005799999999999983e+01
5.134499999999999886e+01
6.637300000000000466e+01
7.710099999999999909e+01
5.805899999999999750e+01
2.226199999999999690e+01
-3.349600000000000133e+00
-1.788299999999999912e+01
-2.220400000000000063e+01
-2.577699999999999747e+01
-3.265699999999999648e+01
-1.195299999999999940e+01
2.883700000000000152e+00
-2.597500000000000142e+01
-3.576200000000000045e+01
-1.093500000000000050e+01
6.332900000000000418e+00
6.449699999999999989e+00
-1.883800000000000097e+01
-5.149800000000000466e+01
-4.779100000000000392e+01
-3.355100000000000193e+01
-4.105600000000000449e+01
-6.316799999999999926e+01
-7.238899999999999579e+01
-2.948300000000000054e+01
-3.625300000000000189e+00
-2.812599999999999767e+01
-3.893500000000000227e+01
-4.687100000000000222e+01
-3.644800000000000040e+01
1.559900000000000020e+01
6.090800000000000125e+01
7.806000000000000227e+01
7.810600000000000875e+01
6.030100000000000193e+01
2.562599999999999767e+01
6.643700000000000161e-01
-4.579900000000000304e+00
1.480000000000000071e+01
4.966600000000000392e+01
5.798799999999999955e+01
4.610800000000000409e+01
3.810800000000000409e+01
2.986800000000000210e+01
8.288000000000000256e+00
-3.930199999999999960e+01
-9.176999999999999602e+01
-8.959399999999999409e+01
-5.368600000000000705e+01
-4.198300000000000409e+01
-1.666499999999999915e+01
1.502500000000000036e+01
2.541600000000000037e+01
4.360699999999999932e+01
4.975199999999999534e+01
3.100600000000000023e+01
2.468499999999999872e+01
3.571500000000000341e+01
3.038100000000000023e+01
1.173799999999999955e+00
-1.873600000000000065e+01
-1.331499999999999950e+01
-3.098700000000000010e+00
7.761899999999999800e+00
2.206699999999999662e+01
1.246099999999999852e+01
2.341400000000000148e+00
7.935900000000000176e+00
-1.226999999999999957e+01
-3.780499999999999972e+01
-3.603499999999999659e+01
-1.907900000000000063e+01
-5.971499999999999808e+00
5.590399999999999814e+00
1.458900000000000041e+01
6.758499999999999730e+00
-7.742999999999999883e-01
1.204800000000000004e+01
3.669800000000000040e+01
5.811600000000000676e+01
4.303899999999999437e+01
-1.858900000000000219e+01
-4.896699999999999875e+01
-1.615900000000000247e+01
1.062400000000000055e+01
2.890000000000000124e+00
-9.503199999999999648e+00
-4.981399999999999828e+00
1.549799999999999933e+01
3.360600000000000165e+01
3.857600000000000051e+01
1.778000000000000114e+01
-1.610800000000000054e+01
-1.236500000000000021e+01
2.592900000000000205e+01
3.362500000000000000e+01
-1.016799999999999926e+01
-5.103399999999999892e+01
-4.684100000000000108e+01
-2.199199999999999733e+01
-2.678000000000000114e+01
-4.051099999999999568e+01
-3.656199999999999761e+01
-4.131000000000000227e+01
-5.466600000000000392e+01
-6.915300000000000580e+01
-8.971299999999999386e+01
-9.378499999999999659e+01
-4.265100000000000335e+01
4.560100000000000620e+01
1.043700000000000045e+02
1.068299999999999983e+02
9.013600000000000989e+01
8.533700000000000330e+01
8.712500000000000000e+01
8.810600000000000875e+01
7.675100000000000477e+01
4.619200000000000017e+01
9.154899999999999594e+00
-5.642699999999999605e+00
-3.083000000000000185e+00
-1.035799999999999876e+01
-1.065700000000000003e+01
-8.138600000000000279e+00
-1.243299999999999983e+01
-2.082499999999999929e+01
-4.272999999999999687e+01
-5.752799999999999869e+01
-6.586100000000000421e+01
-6.507099999999999795e+01
-3.034099999999999753e+01
1.609099999999999975e+00
-4.228100000000000414e+00
-1.206000000000000050e+01
2.566900000000000293e-01
1.228500000000000014e+01
-2.067200000000000149e+00
-3.830599999999999739e+01
-4.940100000000000335e+01
-2.459499999999999886e+01
1.839800000000000102e+00
9.471299999999999386e+00
7.220900000000000318e+00
2.099399999999999977e+01
2.316000000000000014e+01
-2.633999999999999897e+00
-1.470099999999999874e+01
-1.531099999999999994e+01
9.269800000000000262e-02
3.453399999999999892e+01
4.589199999999999591e+01
2.926599999999999824e+01
1.307400000000000162e+01
6.045300000000000118e+00
-7.138899999999999579e+00
-1.710999999999999943e+01
-2.330200000000000049e+00
9.022600000000000620e+00
2.128300000000000192e-01
-6.602299999999999613e+00
6.823299999999999921e-01
2.041400000000000148e+01
2.192699999999999960e+01
1.457599999999999874e+01
2.414400000000000190e+01
1.631200000000000117e+01
-3.888399999999999856e+00
-2.006200000000000117e+01
-2.421699999999999875e+01
-9.381299999999999528e+00
-2.915599999999999881e+01
-5.570700000000000074e+01
-2.797599999999999909e+01
-1.769999999999999929e+01
-3.668299999999999983e+01
-2.356400000000000006e+01
-7.827499999999999458e-01
-3.703100000000000058e+00
-4.769899999999999807e+00
2.195199999999999818e+01
4.137600000000000477e+01
3.929099999999999682e+01
4.383500000000000085e+01
5.133100000000000307e+01
4.485999999999999943e+01
3.928999999999999915e+01
4.235499999999999687e+01
2.635199999999999676e+01
-4.265299999999999869e+00
-3.385600000000000165e+00
1.092599999999999838e+01
-3.843300000000000161e+00
-1.576900000000000013e+01
-8.705500000000000682e+00
-8.367000000000000881e+00
1.033199999999999896e+00
1.250799999999999912e+01
1.169900000000000162e+01
1.516599999999999859e+01
3.991699999999999804e+00
-1.317699999999999960e+01
-1.083300000000000018e+01
-1.943799999999999883e+01
-3.988199999999999790e+01
-3.717399999999999949e+01
-2.718300000000000338e+01
-2.550300000000000011e+01
-1.359200000000000053e+01
1.365200000000000102e+01
3.310000000000000142e+01
2.342599999999999838e+01
1.105900000000000105e+01
9.721700000000000230e+00
1.772699999999999942e+00
-8.746199999999999974e+00
-1.326799999999999891e+01
-7.567199999999999704e+00
-2.140000000000000124e+00
-6.324799999999999756e+00
4.855000000000000426e+00
2.258900000000000219e+01
1.714300000000000068e+01
8.737399999999999167e+00
6.493199999999999861e+00
9.362999999999999545e+00
1.675799999999999912e+01
4.536800000000000388e+00
-8.330399999999999139e+00
-5.718099999999999739e+00
-1.258799999999999919e+01
-1.168500000000000050e+01
-3.217099999999999849e+00
-1.635699999999999932e+01
-2.614300000000000068e+01
-1.870899999999999963e+01
-1.000399999999999956e+01
-6.206299999999999706e+00
-9.910800000000000054e+00
-8.846600000000000463e+00
-4.804800000000000182e+00
-8.891899999999999249e-01
8.097699999999999676e+00
1.177200000000000024e+01
9.981500000000000483e+00
2.542600000000000193e+00
1.241000000000000103e+00
1.840500000000000114e+01
3.051199999999999690e+01
2.559699999999999775e+01
1.744000000000000128e+01
8.258599999999999497e+00
-1.393699999999999939e+00
-3.718700000000000117e+00
3.337499999999999911e-01
3.797899999999999832e+00
4.660999999999999588e+00
8.571899999999999409e+00
2.691600000000000037e+01
3.878099999999999881e+01
2.231599999999999895e+01
1.133300000000000018e+01
1.243700000000000117e+01
4.165099999999999802e+00
-1.140000000000000036e+01
-2.659199999999999875e+01
-3.108800000000000097e+01
-2.056900000000000261e+01
1.303199999999999914e+00
1.202799999999999869e+01
4.133700000000000152e+00
9.306200000000000472e+00
1.755599999999999739e+01
6.661599999999999966e+00
7.042099999999999582e+00
1.262299999999999933e+01
-9.036100000000000243e-01
-1.268299999999999983e+01
-2.192999999999999972e+01
-3.310699999999999932e+01
-3.254999999999999716e+01
-3.577000000000000313e+01
-4.327799999999999869e+01
-3.706099999999999994e+01
-2.547100000000000009e+01
-1.671400000000000219e+01
-8.911699999999999733e+00
6.818599999999999994e+00
3.439699999999999847e+01
5.800300000000000011e+01
5.901699999999999591e+01
4.769300000000000495e+01
5.121699999999999875e+01
6.397200000000000131e+01
6.649800000000000466e+01
6.147600000000000620e+01
4.588800000000000523e+01
2.569999999999999840e+00
-4.162899999999999778e+01
-5.420000000000000284e+01
-6.503499999999999659e+01
-8.085200000000000387e+01
-8.300600000000000023e+01
-8.006399999999999295e+01
-6.397600000000000620e+01
-3.362599999999999767e+01
-9.953400000000000247e+00
1.439099999999999824e+01
3.642199999999999704e+01
3.861400000000000432e+01
3.744400000000000261e+01
3.519599999999999795e+01
2.211899999999999977e+01
9.984799999999999898e+00
1.110000000000000014e-01
-6.976300000000000168e+00
1.986799999999999955e-01
8.064500000000000668e+00
-5.425799999999999734e+00
-1.459900000000000020e+01
-8.234999999999999432e+00
-1.469200000000000017e+01
-1.747400000000000020e+01
2.432699999999999863e-01
1.282699999999999996e+01
2.585300000000000153e+01
4.571300000000000097e+01
4.154500000000000171e+01
1.359099999999999930e+01
-2.123499999999999943e+00
-8.130599999999999383e+00
-2.703800000000000026e+01
-4.964300000000000068e+01
-7.159300000000000352e+01
-7.248100000000000875e+01
-2.444000000000000128e+01
3.749399999999999977e+01
5.776699999999999591e+01
4.142999999999999972e+01
2.531699999999999662e+01
2.340199999999999747e+01
2.417599999999999838e+01
1.847200000000000131e+01
8.301099999999999923e+00
-1.234799999999999898e+01
-3.342600000000000193e+01
-3.635300000000000153e+01
-3.127899999999999991e+01
-3.180400000000000205e+01
-2.847100000000000009e+01
-2.651399999999999935e+01
-2.147500000000000142e+01
-3.171400000000000219e+00
-3.677000000000000046e+00
-1.369700000000000095e+01
-6.150400000000000311e+00
-6.059899999999999842e+00
-7.357499999999999929e+00
7.130200000000000315e+00
1.085500000000000043e+01
-2.373000000000000220e+00
-8.150100000000000122e+00
2.343399999999999928e+00
1.089900000000000091e+01
1.538299999999999912e+01
1.896400000000000219e+01
1.102099999999999902e+01
7.055399999999999672e+00
1.590700000000000003e+01
1.808200000000000074e+01
1.449799999999999933e+01
2.333699999999999974e+01
2.182900000000000063e+01
-3.773099999999999787e-01
-2.047499999999999876e+00
5.360899999999999999e+00
2.605699999999999683e-01
-6.018799999999999706e-01
7.213300000000000267e+00
1.072200000000000131e+01
1.528799999999999937e+00
3.496699999999999808e-01
-1.993999999999999995e+00
-1.618700000000000117e+01
-2.412199999999999989e+01
-3.042399999999999949e+01
-2.859499999999999886e+01
-1.801099999999999923e+01
-5.536699999999999733e+00
2.082600000000000051e+01
3.286800000000000210e+01
1.806599999999999895e+01
4.357800000000000118e+00
-8.664799999999999613e+00
-1.907000000000000028e+01
-1.103700000000000081e+01
-1.984299999999999953e+00
-9.406399999999999650e+00
-1.688100000000000023e+01
-1.090299999999999869e+01
1.249000000000000021e+01
3.085999999999999943e+01
2.930000000000000071e+01
2.995300000000000296e+01
3.033599999999999852e+01
1.375599999999999845e+01
-6.808699999999999974e+00
-1.492500000000000071e+01
-1.014799999999999969e+01
-1.946700000000000097e+00
2.792899999999999827e-01
-9.702600000000000335e+00
-3.096300000000000097e+01
-4.310199999999999676e+01
-4.627700000000000102e+01
-4.954800000000000182e+01
-3.958200000000000074e+01
-1.780000000000000071e+01
1.950399999999999912e+00
1.779799999999999827e+01
2.571199999999999974e+01
2.035000000000000142e+01
1.969200000000000017e+01
2.811499999999999844e+01
2.183599999999999852e+01
8.932199999999999918e+00
1.201999999999999957e+01
1.682900000000000063e+01
1.371900000000000119e+01
1.036200000000000010e+01
-2.802200000000000024e+00
-2.496699999999999875e+01
-2.686400000000000077e+01
-1.394999999999999929e+01
-2.669300000000000139e+01
-5.327199999999999847e+01
-5.036600000000000676e+01
-2.159400000000000119e+01
-1.826600000000000001e+00
8.899000000000000243e-01
7.637900000000000134e+00
3.464099999999999824e+01
7.318800000000000239e+01
9.154099999999999682e+01
7.584100000000000819e+01
4.346699999999999875e+01
1.572900000000000098e+01
6.535099999999999909e+00
1.712500000000000000e+01
2.409900000000000020e+01
9.207200000000000273e+00
-6.049900000000000055e+00
-1.056299999999999883e+01
-7.594299999999999606e+00
-8.589700000000000557e+00
-2.459600000000000009e+01
-2.700400000000000134e+01
-8.175499999999999545e+00
2.419299999999999784e+00
-5.057900000000000063e+00
-1.838799999999999812e+01
-2.415099999999999980e+01
-1.766099999999999781e+01
-1.580099999999999838e+01
-3.544699999999999562e+01
-5.336800000000000210e+01
-3.426699999999999591e+01
9.515599999999999170e+00
2.389000000000000057e+01
9.045999999999999375e+00
7.615399999999999947e-01
-2.316500000000000004e+00
4.743999999999999773e+00
1.921999999999999886e+01
2.056599999999999895e+01
2.204100000000000037e+01
2.252400000000000091e+01
9.356400000000000716e+00
4.223099999999999632e+00
9.549300000000000566e+00
7.656500000000000306e+00
-4.284799999999999720e+00
-2.020899999999999963e+01
-3.259100000000000108e+01
-3.523400000000000176e+01
-2.323499999999999943e+01
-1.383099999999999952e+01
-2.127599999999999980e+01
-2.552899999999999991e+01
-1.676500000000000057e+01
1.554200000000000026e+00
1.798999999999999844e+01
2.237300000000000111e+01
2.650099999999999767e+01
3.296199999999999619e+01
2.963300000000000267e+01
1.572099999999999831e+01
7.718700000000000117e+00
1.880900000000000016e+00
-6.414200000000000124e+00
-5.210700000000000109e+00
9.567799999999999638e-01
4.689899999999999736e+00
-2.075400000000000134e+00
-1.371299999999999919e+01
-1.603800000000000026e+01
-2.067800000000000082e+01
-2.604599999999999937e+01
-1.630900000000000105e+01
-4.457399999999999807e+00
-7.102199999999999847e+00
-1.157099999999999973e+01
4.355899999999999772e-01
1.684600000000000009e+01
1.350699999999999967e+01
3.604800000000000004e+00
7.655499999999999972e+00
1.322499999999999964e+01
1.159599999999999831e+01
4.361399999999999721e+00
-3.526400000000000201e+00
-6.301999999999999602e+00
-5.060999999999999943e+00
-5.878200000000000092e-01
9.768800000000000594e+00
2.154300000000000281e+01
2.677699999999999747e+01
2.375400000000000134e+01
1.692500000000000071e+01
1.152700000000000102e+01
5.086199999999999832e+00
-7.695400000000000240e+00
-2.910900000000000176e+01
-4.384499999999999886e+01
-4.303899999999999437e+01
-4.173100000000000165e+01
-3.767499999999999716e+01
-1.593099999999999916e+01
4.304700000000000415e+00
4.195899999999999963e+00
9.977399999999999380e+00
2.112699999999999889e+01
1.749099999999999966e+01
1.272200000000000131e+01
8.781299999999999883e+00
1.299600000000000088e+00
1.211999999999999966e+00
8.855900000000000105e+00
1.231400000000000006e+01
1.269299999999999962e+01
2.429599999999999937e+01
3.461299999999999955e+01
2.452499999999999858e+01
1.009799999999999898e+01
-6.180600000000000094e+00
-2.364600000000000080e+01
-2.871099999999999852e+01
-2.965300000000000225e+01
-2.653199999999999648e+01
-1.195099999999999874e+01
5.296199999999999797e+00
9.260300000000000864e+00
2.916799999999999837e+00
2.275500000000000078e+00
1.120199999999999996e+01
2.000300000000000011e+01
1.398099999999999987e+01
5.030899999999999928e+00
7.542300000000000004e+00
5.831900000000000084e+00
-3.921499999999999986e+00
-1.451999999999999957e+01
-2.157999999999999829e+01
-1.792399999999999949e+01
-6.190699999999999648e+00
5.416400000000000325e+00
1.216300000000000026e+01
1.699500000000000099e+01
2.120199999999999818e+01
2.585300000000000153e+01
2.666900000000000048e+01
1.894599999999999795e+01
1.804799999999999827e+01
2.135399999999999920e+01
8.771000000000000796e+00
-7.427999999999999936e+00
-1.631099999999999994e+01
-1.849399999999999977e+01
-1.173099999999999987e+01
-7.136899999999999800e+00
-1.509799999999999898e+01
-2.532400000000000162e+01
-1.451799999999999891e+01
2.937400000000000011e-01
-1.429599999999999982e+00
-2.859100000000000197e+00
1.588799999999999990e+00
7.607300000000000395e+00
9.728799999999999670e+00
6.645100000000000229e+00
2.194300000000000139e+00
-3.555200000000000138e+00
-7.309999999999999609e+00
-9.348900000000000432e+00
-1.185599999999999987e+01
-8.340299999999999159e+00
6.046499999999999986e+00
1.860099999999999909e+01
1.670200000000000173e+01
7.254999999999999893e+00
8.010800000000000143e-01
-1.422600000000000087e+00
-4.822099999999999831e+00
-7.215499999999999581e+00
-7.581199999999999939e+00
-1.485200000000000031e+01
-1.955000000000000071e+01
-1.165900000000000070e+01
-6.612499999999999822e+00
1.624400000000000066e+00
1.345299999999999940e+01
1.461099999999999888e+01
1.126299999999999990e+01
8.650499999999999190e+00
1.209700000000000131e+01
8.753600000000000492e+00
-4.046000000000000263e+00
-9.514099999999999113e+00
-1.450200000000000067e+01
-1.864300000000000068e+01
-9.701999999999999957e+00
-1.100300000000000056e+00
-3.912799999999999834e+00
-6.996999999999999886e+00
-1.032200000000000095e+01
-1.214499999999999957e+01
-1.241599999999999859e+01
-2.560199999999999676e+01
-3.677499999999999858e+01
-3.342000000000000171e+01
-2.616400000000000148e+01
-1.264700000000000024e+01
1.218400000000000105e+01
3.928300000000000125e+01
5.253499999999999659e+01
6.005699999999999505e+01
6.287699999999999534e+01
5.471699999999999875e+01
4.558399999999999608e+01
3.344800000000000040e+01
1.606200000000000117e+01
1.803199999999999914e+00
-5.668700000000000294e+00
-6.861799999999999677e+00
-6.325800000000000090e+00
-1.447200000000000131e+01
-2.559499999999999886e+01
-3.048000000000000043e+01
-2.301399999999999935e+01
-5.197300000000000253e-01
2.225199999999999889e+01
2.649199999999999733e+01
1.002200000000000024e+01
-5.214999999999999858e+00
-1.217099999999999937e+01
-1.962599999999999767e+01
-2.043700000000000117e+01
-1.403900000000000148e+01
-1.109099999999999930e+01
-8.877800000000000580e+00
-4.818399999999999572e+00
-6.561899999999999400e-01
5.754699999999999704e+00
8.174899999999999167e+00
5.139300000000000423e+00
7.419500000000000206e+00
1.381099999999999994e+01
8.140700000000000713e+00
9.056600000000000206e-01
6.287200000000000344e+00
5.378899999999999793e+00
-3.046600000000000197e+00
-1.189799999999999969e+01
-2.406500000000000128e+01
-2.115099999999999980e+01
-7.769800000000000040e+00
-9.127000000000000668e+00
-1.039200000000000124e+01
-1.930399999999999894e+00
-1.783600000000000074e+00
-2.271900000000000031e+00
2.080499999999999794e+00
-2.154500000000000082e+00
-5.579600000000000115e+00
-2.478099999999999969e+00
1.740699999999999914e+00
4.165600000000000414e+00
2.060799999999999965e+00
-4.345900000000000318e+00
-1.069200000000000017e+01
-8.832700000000000884e+00
-2.700099999999999945e+00
-4.071299999999999919e+00
-2.018799999999999883e+01
-2.918599999999999994e+01
-1.343500000000000050e+01
1.189400000000000013e+00
6.025599999999999845e+00
8.220599999999999241e+00
4.474099999999999966e+00
3.246999999999999886e-01
4.422200000000000131e+00
1.398000000000000043e+01
1.711299999999999955e+01
1.478299999999999947e+01
1.159500000000000064e+01
5.760900000000000354e+00
4.700800000000000090e+00
8.633100000000000662e+00
1.392599999999999838e+01
1.942900000000000205e+01
2.379100000000000037e+01
2.338800000000000168e+01
1.685200000000000031e+01
1.178800000000000026e+01
-3.019300000000000317e-01
-1.313099999999999845e+01
-6.295399999999999885e+00
4.112499999999999822e+00
4.831600000000000339e-01
-5.418800000000000061e+00
-8.024100000000000676e+00
-1.136999999999999922e+01
-1.022499999999999964e+01
-9.752900000000000347e+00
-1.990299999999999869e+01
-3.074300000000000210e+01
-2.529100000000000037e+01
-1.188099999999999845e+01
-1.257699999999999996e+01
-1.094500000000000028e+01
5.109799999999999898e+00
1.097499999999999964e+01
1.199300000000000033e+01
2.049800000000000111e+01
2.416800000000000281e+01
2.245800000000000196e+01
1.897899999999999920e+01
1.821400000000000219e+01
1.895499999999999829e+01
5.684099999999999930e+00
-1.470099999999999874e+01
-2.154300000000000281e+01
-2.105400000000000205e+01
-2.587999999999999901e+01
-2.092500000000000071e+01
-4.454699999999999882e+00
-2.068900000000000183e+00
-1.582499999999999929e+01
-2.318499999999999872e+01
-1.517099999999999937e+01
-7.132600000000000051e+00
-8.220899999999999874e-01
5.808200000000000252e+00
3.451400000000000023e+00
1.617199999999999971e+00
1.086900000000000088e-01
-1.910599999999999798e-01
1.131499999999999950e+01
2.167599999999999838e+01
2.212000000000000099e+01
1.684799999999999898e+01
1.369599999999999973e+01
1.348099999999999987e+01
6.368599999999999817e+00
1.394400000000000084e+00
6.909699999999999953e+00
7.310599999999999987e+00
9.787699999999999179e+00
2.012099999999999866e+01
1.553400000000000070e+01
-1.948099999999999943e+00
-1.656299999999999883e+01
-2.107400000000000162e+01
-2.020899999999999963e+01
-2.262000000000000099e+01
-2.046400000000000219e+01
-1.630599999999999739e+01
-7.966199999999999726e+00
2.931999999999999940e+00
-2.021100000000000119e+00
-1.096799999999999997e+01
-1.552900000000000169e+01
-2.201099999999999923e+01
-2.004700000000000060e+01
-7.529099999999999682e+00
6.472900000000000098e+00
1.267400000000000126e+01
7.920899999999999608e+00
7.631400000000000183e+00
1.798799999999999955e+01
2.689099999999999824e+01
2.338199999999999790e+01
1.172799999999999976e+01
2.407599999999999962e+00
-2.893200000000000216e+00
-3.628600000000000048e+00
-2.848899999999999988e+00
-1.359099999999999975e+00
2.175600000000000200e+00
4.207499999999999574e+00
-3.450999999999999901e-02
-7.493400000000000283e+00
-6.662899999999999601e+00
-3.603299999999999947e+00
-1.937500000000000000e+00
8.573100000000000165e+00
1.681799999999999784e+01
1.537500000000000000e+01
1.334200000000000053e+01
9.273799999999999599e+00
1.353900000000000103e+00
-1.137599999999999945e+00
1.760599999999999943e+00
-6.580399999999999583e-01
-7.828199999999999825e+00
-1.111700000000000088e+01
-7.621800000000000352e+00
-2.101799999999999891e+00
5.763800000000000034e-01
4.117500000000000326e-02
-4.340399999999999814e+00
-7.837799999999999656e+00
-4.462799999999999656e+00
-1.545199999999999907e+00
1.794899999999999940e+00
1.040099999999999980e+01
1.301799999999999891e+01
5.512100000000000222e+00
-5.024399999999999977e+00
-8.241600000000000037e+00
-2.158799999999999830e+00
-5.918399999999999217e-01
-6.974300000000000388e+00
-7.505700000000000038e+00
1.223899999999999988e+00
6.548399999999999999e+00
9.152200000000000557e+00
1.351700000000000124e+01
8.798500000000000654e+00
1.561299999999999910e+00
1.439699999999999980e+00
-1.933400000000000007e+00
-8.976200000000000401e+00
-1.358500000000000085e+01
-1.802400000000000091e+01
-2.098499999999999943e+01
-1.726500000000000057e+01
-1.109099999999999930e+01
-9.313200000000000145e+00
-1.362700000000000067e+01
-2.130400000000000205e+01
-2.477100000000000080e+01
-2.385599999999999810e+01
-2.451199999999999690e+01
-2.231800000000000139e+01
-1.706799999999999784e+01
-1.714000000000000057e+01
-1.161900000000000155e+01
6.422699999999999854e+00
2.222699999999999676e+01
2.957000000000000028e+01
3.297999999999999687e+01
3.490899999999999892e+01
3.907300000000000040e+01
4.281499999999999773e+01
3.697999999999999687e+01
2.657699999999999818e+01
1.892800000000000082e+01
7.783500000000000085e+00
-3.222300000000000164e+00
-6.801400000000000112e+00
-1.652400000000000091e+01
-3.438800000000000523e+01
-3.475900000000000034e+01
-1.633599999999999852e+01
-2.029599999999999849e+00
1.314200000000000035e+00
1.051900000000000057e+00
3.960399999999999920e+00
1.035900000000000176e+01
2.000300000000000011e+01
2.488899999999999935e+01
1.818499999999999872e+01
1.416099999999999959e+01
1.801399999999999935e+01
1.266699999999999982e+01
-6.175600000000000200e+00
-1.896999999999999886e+01
-2.084800000000000253e+01
-2.888899999999999935e+01
-2.875699999999999790e+01
-7.739600000000000257e+00
-1.140600000000000058e+00
-7.690500000000000114e+00
1.458700000000000108e+00
1.429099999999999859e+01
1.761700000000000088e+01
1.729299999999999926e+01
2.150800000000000267e+01
2.072699999999999676e+01
1.895999999999999908e+00
-1.199000000000000021e+01
-2.121300000000000185e+00
8.108999999999999986e+00
6.332800000000000651e-01
-9.503500000000000725e+00
-1.105700000000000038e+01
-1.105799999999999983e+01
-8.040900000000000603e+00
1.599399999999999933e+00
9.354399999999999382e-01
-8.198800000000000310e+00
-6.440999999999999837e+00
-4.352899999999999991e+00
-6.137299999999999756e+00
3.784499999999999975e+00
1.744000000000000128e+01
1.961400000000000077e+01
1.732499999999999929e+01
1.609700000000000131e+01
6.850299999999999834e+00
-8.490299999999999514e+00
-1.735099999999999909e+01
-2.002400000000000091e+01
-1.976299999999999812e+01
-1.244599999999999973e+01
-1.679000000000000048e+00
5.081199999999999939e+00
6.955799999999999983e+00
2.795900000000000052e+00
2.216800000000000104e+00
6.080300000000000260e+00
3.386699999999999822e+00
-4.181300000000000239e+00
-7.538400000000000212e+00
3.605999999999999761e-01
6.487499999999999822e+00
1.046599999999999930e+01
1.783800000000000097e+01
1.488000000000000078e+01
5.445400000000000240e+00
-5.634400000000000297e+00
-1.372499999999999964e+01
-1.251299999999999990e+01
-9.575400000000000134e+00
-4.083000000000000185e+00
5.750799999999999912e+00
1.165499999999999936e+01
4.382900000000000240e+00
-4.761700000000000266e+00
-2.233200000000000074e+00
-5.278299999999999770e+00
-1.329599999999999937e+01
-1.239400000000000013e+01
-1.229599999999999937e+01
-1.287900000000000134e+01
-6.336500000000000021e+00
3.870600000000000041e+00
1.040200000000000102e+01
1.007200000000000095e+01
9.366600000000000037e+00
8.306499999999999773e+00
1.977899999999999991e+00
-7.872200000000000308e-01
5.082800000000000651e-01
-3.482600000000000140e+00
-8.037399999999999878e+00
-6.034900000000000375e+00
-1.880200000000000093e+00
1.784699999999999953e+00
6.892199999999999882e+00
1.120800000000000018e+01
1.456400000000000006e+01
1.783099999999999952e+01
1.740900000000000247e+01
9.279600000000000293e+00
-4.457699999999999996e+00
-1.441999999999999993e+01
-1.632300000000000040e+01
-1.059700000000000131e+01
-7.055500000000000105e-01
6.055699999999999417e-01
-2.778800000000000159e-01
4.538400000000000212e+00
4.862700000000000244e+00
3.248200000000000198e+00
4.538100000000000023e+00
4.776500000000000412e+00
1.473799999999999999e+00
-1.294399999999999995e+00
-2.346499999999999808e+00
-8.318199999999999150e+00
-1.523200000000000109e+01
-1.349599999999999866e+01
-6.028400000000000425e+00
-1.296799999999999953e+00
-2.253099999999999881e+00
-6.678899999999999615e+00
-7.968700000000000117e+00
-5.253000000000000114e+00
-3.366000000000000103e+00
2.780800000000000161e+00
6.432299999999999685e+00
1.207500000000000018e+00
-2.241899999999999782e+00
3.223699999999999899e-01
7.804299999999999571e+00
6.641600000000000392e+00
-7.211700000000000443e+00
-1.435599999999999987e+01
-1.258500000000000085e+01
-1.262500000000000000e+01
-9.376200000000000756e+00
5.741800000000000237e-01
1.096899999999999986e+00
-6.336999999999999744e+00
-3.366000000000000103e+00
1.168099999999999916e+00
3.039099999999999913e+00
1.021100000000000030e+01
9.920999999999999375e+00
2.463200000000000056e+00
-4.787199999999999789e-01
-4.172699999999999743e-01
3.178900000000000059e+00
5.815400000000000347e+00
3.705799999999999983e+00
-3.303500000000000103e+00
-1.511400000000000077e+01
-1.975600000000000023e+01
-1.338599999999999923e+01
-5.918499999999999872e+00
-6.603799999999999670e+00
-6.638600000000000279e+00
4.811300000000000132e+00
1.460900000000000176e+01
1.819800000000000040e+01
1.821199999999999974e+01
1.122200000000000131e+01
6.121599999999999930e+00
1.487800000000000011e+00
-7.056199999999999584e+00
-9.451999999999999957e+00
-7.926700000000000301e+00
-3.823300000000000143e+00
4.809999999999999609e+00
6.771799999999999820e+00
-6.845499999999999918e-01
-8.762600000000000833e+00
-1.059099999999999930e+01
-4.651099999999999568e+00
2.539000000000000146e+00
6.786599999999999966e+00
6.012100000000000222e+00
-1.226699999999999902e+00
-4.180299999999999905e+00
5.649899999999999700e+00
1.996400000000000219e+01
2.630599999999999739e+01
1.573000000000000043e+01
8.980899999999999439e-01
-2.233800000000000008e+00
-2.475299999999999834e+00
-6.566199999999999815e-01
8.003999999999999559e+00
1.095099999999999874e+01
4.822799999999999976e+00
3.529500000000000082e+00
5.400999999999999801e+00
2.686399999999999899e+00
7.593699999999999894e-01
-2.492100000000000204e+00
-6.749600000000000044e+00
-2.875199999999999978e+00
5.712699999999999723e-02
-3.893299999999999983e+00
-3.184899999999999842e+00
1.865799999999999903e+00
3.955900000000000194e+00
4.466300000000000381e+00
6.403900000000000148e+00
7.414900000000000269e+00
2.870099999999999874e+00
-3.529500000000000082e+00
-3.360300000000000065e+00
-4.379800000000000360e-01
2.947899999999999965e-01
-4.623300000000000187e-01
-4.375700000000000145e+00
-2.753699999999999815e+00
3.771300000000000097e+00
1.628300000000000081e+00
-2.229200000000000070e+00
-2.758500000000000174e+00
4.789199999999999569e-01
5.595100000000000406e+00
4.992499999999999716e+00
3.927400000000000002e+00
9.470200000000000840e-01
-7.070400000000000240e+00
-1.118500000000000050e+01
-6.884699999999999598e+00
-3.382800000000000029e+00
-3.101500000000000146e+00
-2.668899999999999828e+00
-5.324799999999999756e+00
-6.633899999999999686e+00
-7.424800000000000288e+00
-5.014300000000000423e+00
4.664500000000000313e+00
9.783899999999999153e+00
5.208999999999999631e+00
1.259700000000000042e+00
3.680800000000000072e+00
6.550500000000000433e+00
7.776099999999999568e+00
6.264000000000000234e+00
1.004000000000000004e+00
-3.950200000000000156e+00
-5.899000000000000021e+00
-4.864300000000000068e+00
-4.122499999999999609e+00
-4.987499999999999822e+00
-6.789900000000000269e+00
-5.382600000000000051e+00
2.028999999999999915e+00
5.922399999999999665e+00
3.335300000000000153e+00
3.040499999999999869e-01
-9.253200000000000314e-01
-2.370400000000000063e+00
-3.279599999999999849e+00
-3.877099999999999991e-01
-2.121700000000000141e+00
-4.586199999999999832e+00
1.828799999999999981e+00
5.876900000000000013e+00
5.479899999999999771e+00
5.551000000000000156e+00
2.764200000000000212e+00
1.430700000000000083e+00
2.669900000000000162e+00
1.653599999999999959e+00
1.877599999999999936e+00
7.689799999999999969e-01
-3.840500000000000025e+00
-4.481600000000000250e+00
-3.125000000000000000e+00
-2.841899999999999871e+00
-1.820999999999999952e+00
-3.565799999999999859e+00
-6.541100000000000136e+00
-5.155199999999999783e+00
-1.816100000000000048e+00
2.163600000000000190e+00
5.215399999999999814e+00
3.923500000000000210e+00
2.225600000000000023e+00
5.859100000000000419e-01
-3.424500000000000099e+00
-4.735500000000000043e+00
-2.794000000000000039e+00
-2.528500000000000192e+00
-3.102100000000000080e+00
-1.151200000000000001e+00
3.257400000000000073e+00
6.908900000000000041e+00
8.852999999999999758e+00
6.654700000000000060e+00
8.346700000000000230e-01
-1.737500000000000044e+00
-1.249600000000000044e+00
-2.602300000000000058e+00
-4.868599999999999817e+00
-4.620700000000000252e+00
-3.333000000000000185e+00
-4.211299999999999599e+00
-4.029200000000000337e+00
8.068000000000000171e-02
1.404700000000000060e+00
-7.795400000000000107e-01
-1.113899999999999890e+00
2.824099999999999944e-01
1.288599999999999968e+00
1.046200000000000019e+00
7.558099999999999818e-01
1.175100000000000033e+00
1.750199999999999978e+00
-1.210500000000000048e-01
-2.213200000000000056e+00
-9.884600000000000053e-01
-4.518399999999999639e-01
1.326100000000000056e+00
4.426400000000000112e+00
2.629700000000000149e+00
-1.565199999999999925e+00
-3.770999999999999908e+00
-4.316099999999999604e+00
-5.544500000000000206e+00
-7.389100000000000001e+00
-7.612300000000000288e+00
-6.722299999999999720e+00
-5.955000000000000071e+00
-2.122500000000000053e+00
3.284299999999999997e+00
3.405299999999999994e+00
5.627100000000000435e-01
-5.741699999999999582e-01
3.966599999999999987e-02
1.900900000000000034e+00
2.605599999999999916e+00
1.530000000000000027e+00
1.430399999999999894e+00
1.495500000000000052e+00
1.671600000000000030e-01
6.859699999999999687e-01
2.311500000000000110e+00
1.493200000000000083e+00
-6.142600000000000282e-01
-7.933200000000000252e-01
6.356799999999999951e-02
-2.121500000000000163e+00
-4.979300000000000281e+00
-4.547500000000000320e+00
-1.706499999999999906e+00
1.651599999999999957e+00
4.355900000000000105e+00
5.000300000000000189e+00
5.089500000000000135e+00
6.302800000000000402e+00
6.017800000000000260e+00
3.806599999999999984e+00
2.097100000000000186e+00
1.576300000000000034e+00
1.302999999999999936e+00
2.199399999999999800e+00
3.891999999999999904e+00
3.259500000000000064e+00
2.659800000000000164e+00
3.023099999999999898e+00
1.807900000000000063e+00
1.195000000000000062e+00
1.862900000000000000e+00
1.773400000000000087e+00
1.738299999999999956e+00
2.261000000000000121e+00
7.610100000000000753e-01
-1.006799999999999917e+00
-9.146200000000000996e-01
-9.855899999999999661e-01
-8.215299999999999825e-01
-1.686400000000000121e-01
-1.002699999999999925e+00
-3.612299999999999844e+00
-4.868199999999999861e+00
-2.603000000000000203e+00
6.972499999999999531e-02
5.324800000000000366e-02
-3.426599999999999646e-01
7.108999999999999764e-01
1.938800000000000079e+00
3.330099999999999838e+00
4.525599999999999845e+00
4.067999999999999616e+00
2.891099999999999781e+00
1.678600000000000092e+00
3.325699999999999767e-01
-1.681999999999999940e+00
-4.586500000000000021e+00
-6.004800000000000360e+00
-4.321900000000000297e+00
-1.735000000000000098e+00
-1.566799999999999971e+00
-2.980999999999999872e+00
-4.611399999999999721e+00
-6.312400000000000233e+00
-6.219400000000000261e+00
-3.534299999999999997e+00
-6.349500000000000144e-01
-3.676599999999999868e-01
-9.582200000000000717e-01
-4.970199999999999618e-01
-5.383799999999999697e-01
-4.833600000000000119e-01
1.116700000000000026e+00
1.933899999999999952e+00
3.049699999999999633e-01
-1.285600000000000076e+00
-1.390200000000000102e+00
-1.803499999999999895e-02
2.340500000000000025e+00
3.806599999999999984e+00
2.866899999999999782e+00
3.754100000000000492e-02
-2.283500000000000085e+00
-2.840700000000000003e+00
-3.046400000000000219e+00
-4.167799999999999727e+00
-5.603600000000000136e+00
-6.094299999999999606e+00
-5.097100000000000186e+00
-3.060700000000000198e+00
-9.127399999999999958e-01
-9.793500000000000816e-02
-4.580600000000000227e-01
-7.826499999999999568e-01
-7.957800000000000429e-01
6.809600000000000375e-02
1.534599999999999964e+00
2.257200000000000095e+00
2.125399999999999956e+00
2.025399999999999867e+00
1.956800000000000095e+00
2.053300000000000125e+00
3.022600000000000176e+00
4.709100000000000286e+00
5.323599999999999888e+00
3.776400000000000201e+00
2.621599999999999930e+00
1.999900000000000011e+00
1.794899999999999940e+00
3.375500000000000167e+00
3.822299999999999809e+00
3.216800000000000104e+00
2.285000000000000142e+00
7.073199999999999488e-01
4.794300000000000228e-01
-1.166599999999999929e-02
-4.214999999999999858e-01
8.387000000000000011e-01
3.003800000000000359e-01
-1.003600000000000048e+00
8.751200000000001200e-01
2.900300000000000100e+00
2.892199999999999882e+00
2.524799999999999933e+00
2.799199999999999910e+00
4.320400000000000240e+00
4.225200000000000067e+00
1.252000000000000057e-01
-3.529599999999999849e+00
-3.576200000000000045e+00
-2.377800000000000136e+00
-1.920199999999999907e+00
-2.326000000000000068e+00
-2.521799999999999820e+00
-1.623799999999999910e+00
5.481300000000000061e-01
3.174100000000000144e+00
4.064199999999999591e+00
1.960099999999999953e+00
-8.631600000000000383e-01
-2.039800000000000058e+00
-1.791099999999999914e+00
-3.139399999999999830e-02
3.886300000000000310e-01
-2.201299999999999812e+00
-2.979299999999999837e+00
-1.546799999999999953e+00
-1.386100000000000110e+00
-7.711399999999999366e-01
3.457699999999999663e-01
-6.824299999999999811e-01
-1.383699999999999930e+00
-4.334899999999999864e-02
1.022299999999999986e+00
1.530999999999999917e+00
1.306100000000000039e+00
1.359700000000000075e-01
-8.748299999999998855e-01
-2.024300000000000210e+00
-2.801000000000000156e+00
-2.961699999999999999e+00
-2.998600000000000154e+00
-3.406299999999999883e+00
-4.651600000000000179e+00
-4.424199999999999910e+00
-2.756600000000000161e+00
-2.614599999999999813e+00
-2.739599999999999813e+00
-1.778599999999999959e+00
-1.601099999999999968e+00
-2.330900000000000194e+00
-3.022699999999999942e+00
-3.478299999999999947e+00
-3.264600000000000168e+00
-2.567200000000000149e+00
-2.104400000000000048e+00
-1.525600000000000067e+00
-4.381999999999999784e-01
3.316999999999999948e-01
-2.219599999999999906e-01
-7.823399999999999244e-01
4.632999999999999896e-01
1.339399999999999924e+00
7.058800000000000630e-01
1.077399999999999913e+00
1.548300000000000010e+00
6.083600000000000119e-01
1.132100000000000106e+00
3.125799999999999912e+00
4.529899999999999594e+00
4.784799999999999720e+00
3.282300000000000217e+00
2.015000000000000124e+00
2.200699999999999878e+00
2.859799999999999898e+00
3.435299999999999798e+00
2.932300000000000129e+00
1.296300000000000008e+00
4.874099999999999960e-02
1.857500000000000123e-02
3.079999999999999960e-01
-3.192699999999999705e-02
-1.095599999999999907e-01
5.164400000000000102e-01
9.895799999999999041e-01
1.338100000000000067e+00
2.436500000000000110e+00
3.713299999999999823e+00
3.755199999999999871e+00
3.337800000000000100e+00
3.766300000000000203e+00
4.241799999999999571e+00
3.573900000000000077e+00
2.228499999999999925e+00
9.730499999999999705e-01
-2.898799999999999988e-02
-4.119600000000000484e-01
2.773999999999999799e-01
1.001900000000000013e+00
7.088800000000000656e-01
5.736200000000000188e-01
8.043500000000000094e-01
6.810599999999999987e-01
3.668099999999999694e-01
-2.607599999999999918e-01
-1.131000000000000005e+00
-1.585099999999999953e+00
-1.121299999999999963e+00
-1.427400000000000058e-01
4.101299999999999946e-01
8.014999999999999902e-01
1.363199999999999967e+00
1.536399999999999988e+00
1.637399999999999967e+00
1.820100000000000051e+00
1.114800000000000013e+00
-3.057500000000000218e-01
-1.228099999999999969e+00
-1.598700000000000010e+00
-1.907100000000000017e+00
-2.247500000000000053e+00
-2.500900000000000123e+00
-2.464199999999999946e+00
-2.377899999999999903e+00
-2.343500000000000139e+00
-2.151499999999999968e+00
-1.943100000000000049e+00
-1.709600000000000009e+00
-1.495200000000000085e+00
-1.327199999999999935e+00
-9.886099999999999888e-01
-8.055399999999999228e-01
-9.060200000000000475e-01
-1.314699999999999980e+00
-1.834400000000000031e+00
-1.722199999999999953e+00
-1.389399999999999968e+00
-1.381699999999999928e+00
-1.183999999999999941e+00
-8.099600000000000133e-01
-8.308299999999999574e-01
-1.131699999999999928e+00
-1.340300000000000047e+00
-1.796499999999999986e+00
-2.495200000000000085e+00
-2.882099999999999884e+00
-2.891000000000000014e+00
-2.727300000000000058e+00
-2.513799999999999812e+00
-2.286599999999999966e+00
-1.930399999999999894e+00
-1.535300000000000109e+00
-1.173300000000000010e+00
-5.215899999999999981e-01
8.773699999999999555e-02
2.097400000000000098e-01
1.255900000000000072e-01
1.775499999999999995e-02
-1.781900000000000150e-02
3.673999999999999857e-04
3.955400000000000027e-01
1.276000000000000023e+00
1.797800000000000065e+00
2.044500000000000206e+00
2.528099999999999792e+00
2.840800000000000214e+00
3.029500000000000082e+00
3.157300000000000217e+00
2.996700000000000141e+00
2.677500000000000213e+00
2.196000000000000174e+00
1.614700000000000024e+00
1.199100000000000055e+00
9.958200000000000385e-01
1.036100000000000021e+00
1.381699999999999928e+00
1.920400000000000107e+00
2.501300000000000079e+00
2.859100000000000197e+00
3.076000000000000068e+00
3.401400000000000201e+00
3.456500000000000128e+00
3.358699999999999797e+00
3.345299999999999940e+00
2.972900000000000098e+00
2.448900000000000077e+00
2.162300000000000111e+00
1.854100000000000081e+00
1.436600000000000099e+00
9.460399999999999920e-01
4.229199999999999626e-01
-7.233400000000000940e-02
-5.609399999999999942e-01
-8.211600000000000010e-01
-7.954899999999999194e-01
-6.922599999999999865e-01
-5.813800000000000079e-01
-4.993199999999999861e-01
-4.853899999999999881e-01
-5.116600000000000037e-01
-5.775299999999999878e-01
-6.527699999999999614e-01
-5.328199999999999603e-01
-3.150199999999999667e-01
-3.037699999999999845e-01
-4.340100000000000624e-01
-6.112400000000000055e-01
-9.689900000000000180e-01
-1.498399999999999954e+00
-2.068799999999999972e+00
-2.616600000000000037e+00
-3.028300000000000214e+00
-3.174500000000000099e+00
-3.187100000000000044e+00
-3.165599999999999969e+00
-3.071299999999999919e+00
-3.023699999999999832e+00
-3.080700000000000216e+00
-3.110899999999999999e+00
-3.079200000000000159e+00
-3.063899999999999846e+00
-3.069100000000000161e+00
-2.985300000000000065e+00
-2.785800000000000054e+00
-2.613500000000000156e+00
-2.491099999999999870e+00
-2.316199999999999815e+00
-2.093599999999999905e+00
-1.891199999999999992e+00
-1.748799999999999910e+00
-1.614500000000000046e+00
-1.490699999999999914e+00
-1.494099999999999984e+00
-1.608400000000000052e+00
-1.711899999999999977e+00
-1.870100000000000096e+00
-2.006299999999999972e+00
-2.017500000000000071e+00
-1.908800000000000052e+00
-1.540399999999999991e+00
-9.783200000000000784e-01
-4.009400000000000186e-01
1.346799999999999942e-01
5.805600000000000760e-01
9.727399999999999380e-01
1.189899999999999958e+00
1.124600000000000044e+00
1.091800000000000104e+00
1.223899999999999988e+00
1.347299999999999942e+00
1.495200000000000085e+00
1.707100000000000062e+00
1.870400000000000063e+00
1.921699999999999964e+00
1.934700000000000086e+00
1.946299999999999919e+00
1.972900000000000098e+00
2.046600000000000197e+00
2.157599999999999962e+00
2.302200000000000024e+00
2.464700000000000113e+00
2.633100000000000218e+00
2.790000000000000036e+00
2.869499999999999940e+00
2.943999999999999950e+00
3.028300000000000214e+00
3.069700000000000095e+00
3.102399999999999824e+00
3.092000000000000082e+00
2.984700000000000131e+00
2.781099999999999905e+00
2.491499999999999826e+00
2.197499999999999787e+00
1.987300000000000066e+00
1.858100000000000085e+00
1.812200000000000033e+00
1.860400000000000054e+00
1.950299999999999923e+00
2.011000000000000121e+00
1.983899999999999997e+00
1.892700000000000049e+00
1.777800000000000047e+00
1.658099999999999907e+00
1.529300000000000104e+00
1.387799999999999923e+00
1.242199999999999971e+00
1.045299999999999896e+00
7.840300000000000047e-01
5.006300000000000194e-01
1.754599999999999771e-01
-2.171900000000000219e-01
-6.380799999999999805e-01
-1.022000000000000020e+00
-1.230699999999999905e+00
-1.277400000000000091e+00
-1.325599999999999890e+00
-1.266100000000000003e+00
-1.122999999999999998e+00
-1.078500000000000014e+00
-1.108999999999999986e+00
-1.191799999999999971e+00
-1.360200000000000076e+00
-1.615199999999999969e+00
-1.957600000000000007e+00
-2.283100000000000129e+00
-2.569399999999999906e+00
-2.934000000000000163e+00
-3.312199999999999811e+00
-3.628499999999999837e+00
-3.864300000000000068e+00
-3.961500000000000021e+00
-3.947499999999999787e+00
-3.845000000000000195e+00
-3.663899999999999935e+00
-3.439400000000000013e+00
-3.193499999999999783e+00
-2.967000000000000082e+00
-2.774700000000000166e+00
-2.610300000000000065e+00
-2.449800000000000200e+00
-2.250599999999999934e+00
-2.081700000000000106e+00
-1.917999999999999927e+00
-1.724099999999999966e+00
-1.610899999999999999e+00
-1.565700000000000092e+00
-1.486399999999999944e+00
-1.365099999999999980e+00
-1.265300000000000091e+00
-1.198900000000000077e+00
-1.105699999999999905e+00
-9.798200000000000243e-01
-8.124899999999999345e-01
-6.094600000000000017e-01
-4.158199999999999674e-01
-2.507199999999999984e-01
-7.386399999999999910e-02
1.562800000000000022e-01
4.453899999999999526e-01
7.963299999999999823e-01
1.190900000000000070e+00
1.633000000000000007e+00
2.042699999999999960e+00
2.316800000000000193e+00
2.515299999999999869e+00
2.611499999999999932e+00
2.609500000000000153e+00
2.601799999999999891e+00
2.620699999999999807e+00
2.723800000000000221e+00
2.861699999999999910e+00
3.002600000000000158e+00
3.205799999999999983e+00
3.406699999999999839e+00
3.574600000000000222e+00
3.708800000000000097e+00
3.740800000000000125e+00
3.662300000000000111e+00
3.487299999999999844e+00
3.294099999999999806e+00
3.145399999999999974e+00
3.012599999999999945e+00
2.958699999999999886e+00
2.944700000000000095e+00
2.924100000000000144e+00
2.964700000000000113e+00
3.045900000000000052e+00
3.112999999999999989e+00
3.159600000000000186e+00
3.142300000000000093e+00
3.063200000000000145e+00
2.901100000000000012e+00
2.605799999999999894e+00
2.227199999999999847e+00
1.802499999999999991e+00
1.341599999999999904e+00
9.014499999999999735e-01
5.027000000000000357e-01
1.216200000000000059e-01
-2.418500000000000094e-01
-5.626399999999999180e-01
-8.373700000000000587e-01
-1.084899999999999975e+00
-1.324799999999999978e+00
-1.542999999999999927e+00
-1.720599999999999907e+00
-1.869799999999999907e+00
-1.981700000000000017e+00
-2.043200000000000127e+00
-2.115800000000000125e+00
-2.191500000000000004e+00
-2.268499999999999961e+00
-2.454499999999999904e+00
-2.683699999999999974e+00
-2.905800000000000161e+00
-3.193599999999999994e+00
-3.476799999999999891e+00
-3.706399999999999917e+00
-3.941899999999999959e+00
-4.190000000000000391e+00
-4.399499999999999744e+00
-4.552100000000000257e+00
-4.636499999999999844e+00
-4.643900000000000361e+00
-4.550500000000000433e+00
-4.369900000000000340e+00
-4.159500000000000419e+00
-3.921499999999999986e+00
-3.645599999999999952e+00
-3.372900000000000009e+00
-3.134500000000000064e+00
-2.943200000000000038e+00
-2.800399999999999778e+00
-2.630599999999999827e+00
-2.405800000000000161e+00
-2.207800000000000207e+00
-1.988199999999999967e+00
-1.711999999999999966e+00
-1.437599999999999989e+00
-1.130200000000000093e+00
-7.717399999999999816e-01
-4.188800000000000301e-01
-7.039800000000000224e-02
2.754699999999999926e-01
5.860100000000000309e-01
8.677299999999998903e-01
1.117799999999999905e+00
1.308699999999999974e+00
1.468499999999999917e+00
1.609299999999999953e+00
1.737000000000000099e+00
1.861299999999999955e+00
1.991200000000000081e+00
2.158199999999999896e+00
2.367599999999999927e+00
2.562600000000000211e+00
2.740600000000000147e+00
2.926400000000000112e+00
3.108200000000000074e+00
3.314799999999999969e+00
3.559000000000000163e+00
3.769899999999999807e+00
3.949699999999999989e+00
4.157000000000000028e+00
4.303200000000000358e+00
4.337100000000000399e+00
4.300699999999999967e+00
4.202099999999999724e+00
4.066900000000000404e+00
3.899999999999999911e+00
3.710999999999999854e+00
3.513999999999999790e+00
3.318000000000000060e+00
3.141099999999999781e+00
2.983699999999999797e+00
2.824699999999999989e+00
2.662399999999999878e+00
2.500900000000000123e+00
2.321000000000000174e+00
2.131299999999999972e+00
1.955000000000000071e+00
1.788999999999999924e+00
1.628900000000000015e+00
1.453600000000000003e+00
1.260199999999999987e+00
1.045900000000000052e+00
8.017800000000000482e-01
5.271600000000000730e-01
2.362800000000000178e-01
-8.070199999999999596e-02
-4.162000000000000144e-01
-7.395399999999999752e-01
-1.079199999999999937e+00
-1.441500000000000004e+00
-1.774899999999999922e+00
-2.057300000000000129e+00
-2.310700000000000198e+00
-2.544700000000000184e+00
-2.710700000000000109e+00
-2.855500000000000149e+00
-3.026100000000000012e+00
-3.175800000000000178e+00
-3.302099999999999813e+00
-3.406400000000000095e+00
-3.471299999999999830e+00
-3.515600000000000058e+00
-3.553100000000000147e+00
-3.588099999999999845e+00
-3.629199999999999982e+00
-3.685099999999999820e+00
-3.758199999999999985e+00
-3.844500000000000028e+00
-3.917699999999999960e+00
-3.955900000000000194e+00
-3.942099999999999937e+00
-3.874499999999999833e+00
-3.769899999999999807e+00
-3.640299999999999869e+00
-3.487800000000000011e+00
-3.330200000000000049e+00
-3.173700000000000188e+00
-3.012300000000000200e+00
-2.847300000000000164e+00
-2.674599999999999866e+00
-2.479600000000000026e+00
-2.265200000000000102e+00
-2.036999999999999922e+00
-1.799500000000000099e+00
-1.576899999999999968e+00
-1.366300000000000070e+00
-1.139299999999999979e+00
-9.072299999999999809e-01
-6.731600000000000916e-01
-4.343299999999999939e-01
-1.965599999999999847e-01
3.553999999999999521e-02
2.538199999999999901e-01
4.489100000000000312e-01
6.219100000000000739e-01
7.724900000000000100e-01
9.083700000000001218e-01
1.043099999999999916e+00
1.192199999999999926e+00
1.365899999999999892e+00
1.568500000000000005e+00
1.791099999999999914e+00
2.021500000000000075e+00
2.232899999999999885e+00
2.398000000000000131e+00
2.512700000000000156e+00
2.583299999999999930e+00
2.613999999999999879e+00
2.617799999999999905e+00
2.608900000000000219e+00
2.605100000000000193e+00
2.614700000000000024e+00
2.640600000000000058e+00
2.679300000000000015e+00
2.716099999999999959e+00
2.732600000000000140e+00
2.718199999999999950e+00
2.665299999999999780e+00
2.572099999999999831e+00
2.439499999999999780e+00
2.287100000000000133e+00
2.134999999999999787e+00
1.999400000000000066e+00
1.887000000000000011e+00
1.770799999999999930e+00
1.652300000000000102e+00
1.570899999999999963e+00
1.506499999999999950e+00
1.443300000000000027e+00
1.392700000000000049e+00
1.338200000000000056e+00
1.256899999999999906e+00
1.144800000000000040e+00
9.903499999999999526e-01
7.974999999999999867e-01
5.889300000000000646e-01
3.668899999999999939e-01
1.349700000000000066e-01
-7.974799999999999944e-02
-2.641499999999999959e-01
-4.093199999999999616e-01
-5.151000000000000023e-01
-5.815700000000000314e-01
-6.141199999999999992e-01
-6.385300000000000420e-01
-6.708300000000000374e-01
-7.124500000000000277e-01
-7.779000000000000359e-01
-8.606399999999999606e-01
-9.588999999999999746e-01
-1.062200000000000033e+00
-1.145000000000000018e+00
-1.221999999999999975e+00
-1.291900000000000048e+00
-1.329299999999999926e+00
-1.340700000000000003e+00
-1.328600000000000003e+00
-1.290799999999999947e+00
-1.244899999999999896e+00
-1.205799999999999983e+00
-1.149799999999999933e+00
-1.112900000000000000e+00
-1.122100000000000097e+00
-1.137999999999999901e+00
-1.149299999999999988e+00
-1.154500000000000082e+00
-1.135899999999999910e+00
-1.091299999999999937e+00
-1.025400000000000089e+00
-9.372000000000000330e-01
-8.305799999999998739e-01
-7.222300000000000386e-01
-6.179299999999999793e-01
-5.239199999999999413e-01
-4.507600000000000495e-01
-3.980699999999999794e-01
-3.519599999999999951e-01
-3.040800000000000169e-01
-2.467499999999999971e-01
-1.750200000000000089e-01
-9.212900000000000256e-02
-8.230899999999999328e-03
7.505900000000000072e-02
1.562699999999999922e-01
2.299900000000000000e-01
2.883399999999999852e-01
3.258099999999999885e-01
3.383800000000000141e-01
3.354599999999999804e-01
3.254000000000000226e-01
3.120300000000000296e-01
3.027500000000000191e-01
3.080300000000000260e-01
3.306800000000000295e-01
3.723599999999999688e-01
4.291600000000000414e-01
4.959800000000000320e-01
5.666999999999999815e-01
6.328699999999999326e-01
6.824100000000000721e-01
7.120600000000000263e-01
7.227999999999999980e-01
7.167000000000000037e-01
6.921699999999999520e-01
6.537699999999999623e-01
6.069799999999999640e-01
5.526300000000000656e-01
4.903899999999999371e-01
4.259699999999999598e-01
3.614900000000000335e-01
3.003899999999999904e-01
2.444000000000000061e-01
1.966200000000000170e-01
1.580300000000000038e-01
1.297099999999999920e-01
1.129400000000000126e-01
1.102999999999999953e-01
1.204099999999999893e-01
1.431000000000000050e-01
1.746599999999999819e-01
2.111800000000000066e-01
2.468899999999999983e-01
2.777800000000000269e-01
2.982599999999999696e-01
3.074600000000000111e-01
3.046200000000000019e-01
2.888499999999999956e-01
2.565000000000000058e-01
2.078699999999999715e-01
1.418200000000000016e-01
5.935700000000000698e-02
-3.400600000000000150e-02
-1.287800000000000056e-01
-2.172199999999999687e-01
-2.868199999999999639e-01
-3.297100000000000031e-01
-3.432499999999999996e-01
-3.306399999999999895e-01
