2.560000000000000053e-01
4.832299999999999929e-01
4.048499999999999877e-01
4.339699999999999669e-01
4.181799999999999962e-01
4.267299999999999982e-01
4.167500000000000093e-01
4.257000000000000228e-01
4.165300000000000114e-01
4.249899999999999789e-01
4.172600000000000198e-01
4.243699999999999695e-01
4.173000000000000043e-01
4.227600000000000247e-01
4.153100000000000125e-01
4.186100000000000376e-01
4.096199999999999841e-01
4.101500000000000146e-01
3.989300000000000068e-01
3.963499999999999801e-01
3.827699999999999991e-01
3.775199999999999667e-01
3.625700000000000034e-01
3.564499999999999891e-01
3.425699999999999856e-01
3.390400000000000080e-01
3.305500000000000105e-01
3.347900000000000320e-01
3.374800000000000022e-01
3.558499999999999996e-01
3.760699999999999599e-01
4.145100000000000451e-01
4.574100000000000388e-01
5.199500000000000233e-01
5.877499999999999947e-01
6.742000000000000215e-01
7.641100000000000669e-01
8.689000000000000057e-01
9.724000000000000421e-01
1.084699999999999998e+00
1.188700000000000090e+00
1.293400000000000105e+00
1.381999999999999895e+00
1.463500000000000023e+00
1.522000000000000020e+00
1.567299999999999915e+00
1.584200000000000053e+00
1.584200000000000053e+00
1.560200000000000031e+00
1.532599999999999962e+00
1.495700000000000029e+00
1.462399999999999922e+00
1.420900000000000052e+00
1.383000000000000007e+00
1.337699999999999889e+00
1.297400000000000109e+00
1.250599999999999934e+00
1.208900000000000086e+00
1.161499999999999977e+00
1.119299999999999962e+00
1.071600000000000108e+00
1.029500000000000082e+00
9.817700000000000315e-01
9.394299999999998763e-01
8.916299999999999226e-01
8.491400000000000059e-01
8.009899999999999798e-01
7.580799999999999761e-01
7.093899999999999650e-01
6.656400000000000095e-01
6.160299999999999665e-01
5.711600000000000010e-01
5.202899999999999192e-01
4.739600000000000479e-01
4.215800000000000103e-01
3.735800000000000232e-01
3.195699999999999652e-01
2.698900000000000188e-01
2.140600000000000003e-01
1.626700000000000090e-01
1.052900000000000086e-01
5.234400000000000858e-02
-6.469299999999999877e-03
-6.073200000000000820e-02
-1.207200000000000079e-01
-1.761400000000000188e-01
-2.371099999999999874e-01
-2.933499999999999996e-01
-3.551000000000000267e-01
-4.121600000000000263e-01
-4.746199999999999863e-01
-5.324300000000000699e-01
-5.956199999999999273e-01
-6.542200000000000237e-01
-7.182300000000000351e-01
-7.777800000000000269e-01
-8.427600000000000646e-01
-9.033399999999999208e-01
-9.693700000000000649e-01
-1.031099999999999905e+00
-1.098100000000000076e+00
-1.161100000000000021e+00
-1.229300000000000059e+00
-1.293099999999999916e+00
-1.362300000000000066e+00
-1.427200000000000024e+00
-1.497200000000000086e+00
-1.562799999999999967e+00
-1.633699999999999930e+00
-1.700099999999999945e+00
-1.771500000000000075e+00
-1.838300000000000045e+00
-1.910300000000000109e+00
-1.977600000000000025e+00
-2.050100000000000033e+00
-2.118100000000000094e+00
-2.190900000000000070e+00
-2.259300000000000086e+00
-2.332800000000000207e+00
-2.401699999999999946e+00
-2.475600000000000023e+00
-2.545100000000000140e+00
-2.619600000000000151e+00
-2.689499999999999780e+00
-2.764600000000000168e+00
-2.834999999999999964e+00
-2.910400000000000098e+00
-2.981199999999999850e+00
-3.056900000000000173e+00
-3.128000000000000114e+00
-3.204200000000000159e+00
-3.275500000000000078e+00
-3.351700000000000124e+00
-3.423299999999999788e+00
-3.499499999999999833e+00
-3.571099999999999941e+00
-3.647600000000000176e+00
-3.719300000000000050e+00
-3.795599999999999863e+00
-3.867199999999999971e+00
-3.943599999999999994e+00
-4.015200000000000102e+00
-4.091300000000000381e+00
-4.162700000000000067e+00
-4.238599999999999923e+00
-4.309700000000000308e+00
-4.385200000000000209e+00
-4.455700000000000216e+00
-4.530599999999999739e+00
-4.600500000000000256e+00
-4.674800000000000288e+00
-4.743999999999999773e+00
-4.817499999999999893e+00
-4.885900000000000354e+00
-4.958400000000000141e+00
-5.025900000000000034e+00
-5.097599999999999909e+00
-5.163999999999999702e+00
-5.234600000000000364e+00
-5.299900000000000055e+00
-5.369200000000000195e+00
-5.433300000000000018e+00
-5.501299999999999635e+00
-5.563900000000000290e+00
-5.630499999999999616e+00
-5.691699999999999982e+00
-5.756599999999999717e+00
-5.816200000000000259e+00
-5.879599999999999937e+00
-5.937500000000000000e+00
-5.999299999999999855e+00
-6.055600000000000094e+00
-6.115899999999999892e+00
-6.170700000000000074e+00
-6.229300000000000281e+00
-6.282499999999999751e+00
-6.339400000000000368e+00
-6.390500000000000291e+00
-6.445400000000000240e+00
-6.494699999999999918e+00
-6.547200000000000131e+00
-6.593799999999999883e+00
-6.643500000000000405e+00
-6.687100000000000044e+00
-6.733699999999999797e+00
-6.774300000000000210e+00
-6.818100000000000271e+00
-6.855800000000000338e+00
-6.897000000000000242e+00
-6.932400000000000340e+00
-6.971700000000000230e+00
-7.005499999999999616e+00
-7.043400000000000105e+00
-7.076299999999999812e+00
-7.113900000000000112e+00
-7.146200000000000330e+00
-7.183300000000000018e+00
-7.214400000000000368e+00
-7.251100000000000101e+00
-7.283800000000000274e+00
-7.320500000000000007e+00
-7.351200000000000401e+00
-7.385100000000000442e+00
-7.412799999999999834e+00
-7.444600000000000328e+00
-7.470900000000000318e+00
-7.500399999999999956e+00
-7.523600000000000065e+00
-7.550200000000000244e+00
-7.571200000000000152e+00
-7.595600000000000129e+00
-7.613800000000000345e+00
-7.635399999999999743e+00
-7.650900000000000034e+00
-7.670499999999999652e+00
-7.683399999999999785e+00
-7.700499999999999901e+00
-7.711500000000000021e+00
-7.726700000000000124e+00
-7.736600000000000144e+00
-7.749900000000000233e+00
-7.758399999999999963e+00
-7.771099999999999675e+00
-7.778999999999999915e+00
-7.790199999999999569e+00
-7.794299999999999784e+00
-7.801800000000000068e+00
-7.802900000000000169e+00
-7.805799999999999628e+00
-7.802500000000000213e+00
-7.799599999999999866e+00
-7.789100000000000357e+00
-7.779200000000000337e+00
-7.761700000000000266e+00
-7.745700000000000252e+00
-7.720699999999999896e+00
-7.697099999999999831e+00
-7.666000000000000369e+00
-7.636400000000000077e+00
-7.598300000000000054e+00
-7.562400000000000233e+00
-7.517999999999999794e+00
-7.474800000000000111e+00
-7.423700000000000188e+00
-7.373800000000000132e+00
-7.315199999999999925e+00
-7.257699999999999818e+00
-7.190199999999999925e+00
-7.122499999999999609e+00
-7.044599999999999973e+00
-6.966700000000000337e+00
-6.879699999999999704e+00
-6.792699999999999960e+00
-6.696600000000000108e+00
-6.601200000000000401e+00
-6.497700000000000031e+00
-6.395599999999999952e+00
-6.286200000000000010e+00
-6.179100000000000037e+00
-6.065900000000000070e+00
-5.956500000000000128e+00
-5.841700000000000337e+00
-5.730599999999999916e+00
-5.613599999999999923e+00
-5.500200000000000422e+00
-5.381400000000000183e+00
-5.267100000000000115e+00
-5.147999999999999687e+00
-5.033000000000000362e+00
-4.911400000000000432e+00
-4.792699999999999960e+00
-4.667600000000000193e+00
-4.546299999999999564e+00
-4.419699999999999740e+00
-4.297399999999999665e+00
-4.170300000000000118e+00
-4.048399999999999999e+00
-3.922699999999999854e+00
-3.803399999999999892e+00
-3.681400000000000006e+00
-3.567099999999999937e+00
-3.450600000000000112e+00
-3.341699999999999893e+00
-3.231100000000000083e+00
-3.128299999999999859e+00
-3.022899999999999920e+00
-2.924100000000000144e+00
-2.822599999999999998e+00
-2.728499999999999925e+00
-2.632400000000000073e+00
-2.544099999999999806e+00
-2.453599999999999781e+00
-2.370999999999999996e+00
-2.287100000000000133e+00
-2.212499999999999911e+00
-2.137000000000000011e+00
-2.067899999999999849e+00
-1.994599999999999929e+00
-1.926600000000000090e+00
-1.854100000000000081e+00
-1.786299999999999999e+00
-1.712099999999999955e+00
-1.639999999999999902e+00
-1.559600000000000097e+00
-1.481000000000000094e+00
-1.395100000000000007e+00
-1.312599999999999989e+00
-1.224199999999999955e+00
-1.139799999999999924e+00
-1.050699999999999967e+00
-9.682200000000000806e-01
-8.833100000000000396e-01
-8.047400000000000109e-01
-7.206700000000000328e-01
-6.392299999999999649e-01
-5.503200000000000314e-01
-4.641699999999999715e-01
-3.695800000000000196e-01
-2.729400000000000159e-01
-1.628600000000000048e-01
-4.956499999999999795e-02
7.583499999999999963e-02
2.025900000000000201e-01
3.403499999999999859e-01
4.792500000000000093e-01
6.278899999999999482e-01
7.738099999999999978e-01
9.239500000000000490e-01
1.068200000000000038e+00
1.218199999999999950e+00
1.364500000000000046e+00
1.516399999999999970e+00
1.662800000000000056e+00
1.813900000000000068e+00
1.962699999999999889e+00
2.120400000000000063e+00
2.277000000000000135e+00
2.443900000000000183e+00
2.612600000000000033e+00
2.793800000000000061e+00
2.977300000000000058e+00
3.172800000000000065e+00
3.369899999999999896e+00
3.577700000000000102e+00
3.785600000000000076e+00
4.003800000000000026e+00
4.221499999999999808e+00
4.447799999999999976e+00
4.671400000000000219e+00
4.900699999999999612e+00
5.125799999999999912e+00
5.354700000000000237e+00
5.575099999999999945e+00
5.796100000000000030e+00
6.006099999999999994e+00
6.214500000000000135e+00
6.411200000000000010e+00
6.605500000000000149e+00
6.786999999999999922e+00
6.965700000000000003e+00
7.131899999999999906e+00
7.297600000000000087e+00
7.452899999999999636e+00
7.610299999999999621e+00
7.759800000000000253e+00
7.913499999999999979e+00
8.057700000000000529e+00
8.205099999999999838e+00
8.345499999999999474e+00
8.489900000000000446e+00
8.631099999999999994e+00
8.775900000000000034e+00
8.911699999999999733e+00
9.047900000000000276e+00
9.173500000000000654e+00
9.299200000000000799e+00
9.411899999999999267e+00
9.521499999999999631e+00
9.619699999999999918e+00
9.717299999999999827e+00
9.802899999999999281e+00
9.887299999999999756e+00
9.957100000000000506e+00
1.002100000000000080e+01
1.007799999999999940e+01
1.014499999999999957e+01
1.022499999999999964e+01
1.032799999999999940e+01
1.041099999999999959e+01
1.043400000000000105e+01
1.035299999999999976e+01
1.022200000000000131e+01
1.014700000000000024e+01
1.023099999999999987e+01
1.040200000000000102e+01
1.046900000000000119e+01
1.031099999999999994e+01
1.011599999999999966e+01
1.022400000000000020e+01
1.074200000000000088e+01
1.126700000000000124e+01
1.130599999999999916e+01
1.084299999999999997e+01
1.040499999999999936e+01
1.043999999999999950e+01
1.094299999999999962e+01
1.158900000000000041e+01
1.222400000000000020e+01
1.294800000000000040e+01
1.387099999999999866e+01
1.480299999999999905e+01
1.541999999999999993e+01
1.552599999999999980e+01
1.517900000000000027e+01
1.451500000000000057e+01
1.369800000000000040e+01
1.289000000000000057e+01
1.221299999999999919e+01
1.163499999999999979e+01
1.120400000000000063e+01
1.126700000000000124e+01
1.232000000000000028e+01
1.428900000000000148e+01
1.625600000000000023e+01
1.714499999999999957e+01
1.680300000000000082e+01
1.607199999999999918e+01
1.591000000000000014e+01
1.653000000000000114e+01
1.748799999999999955e+01
1.817000000000000171e+01
1.823799999999999955e+01
1.771300000000000097e+01
1.699200000000000088e+01
1.662099999999999866e+01
1.692200000000000060e+01
1.758599999999999852e+01
1.790900000000000247e+01
1.746400000000000219e+01
1.652499999999999858e+01
1.566400000000000148e+01
1.525000000000000000e+01
1.532099999999999973e+01
1.596000000000000085e+01
1.723400000000000176e+01
1.875600000000000023e+01
1.958299999999999841e+01
1.908399999999999963e+01
1.771599999999999753e+01
1.664900000000000091e+01
1.656799999999999784e+01
1.722500000000000142e+01
1.787800000000000011e+01
1.805999999999999872e+01
1.771400000000000219e+01
1.704599999999999937e+01
1.640500000000000114e+01
1.630000000000000071e+01
1.705999999999999872e+01
1.839199999999999946e+01
1.933399999999999963e+01
1.903900000000000148e+01
1.756500000000000128e+01
1.593500000000000050e+01
1.519200000000000017e+01
1.561999999999999922e+01
1.676000000000000156e+01
1.800900000000000034e+01
1.895700000000000074e+01
1.938200000000000145e+01
1.918400000000000105e+01
1.865900000000000247e+01
1.841600000000000037e+01
1.890500000000000114e+01
1.974200000000000088e+01
1.978200000000000003e+01
1.817299999999999827e+01
1.536400000000000077e+01
1.272499999999999964e+01
1.155599999999999916e+01
1.222099999999999831e+01
1.419099999999999895e+01
1.671799999999999997e+01
1.937900000000000134e+01
2.182000000000000028e+01
2.347500000000000142e+01
2.387000000000000099e+01
2.336300000000000310e+01
2.297599999999999909e+01
2.335800000000000054e+01
2.370100000000000051e+01
2.216099999999999781e+01
1.784600000000000009e+01
1.233000000000000007e+01
8.623699999999999477e+00
8.699299999999999145e+00
1.171499999999999986e+01
1.513499999999999979e+01
1.740200000000000102e+01
1.898799999999999955e+01
2.109199999999999875e+01
2.396300000000000097e+01
2.617500000000000071e+01
2.655199999999999960e+01
2.580199999999999960e+01
2.439099999999999824e+01
2.139900000000000091e+01
1.681400000000000006e+01
1.243200000000000038e+01
1.087900000000000134e+01
1.367200000000000060e+01
1.952299999999999969e+01
2.487400000000000233e+01
2.681099999999999994e+01
2.496199999999999974e+01
2.112999999999999901e+01
1.811100000000000065e+01
1.773700000000000188e+01
1.864499999999999957e+01
1.762500000000000000e+01
1.346299999999999919e+01
8.423299999999999343e+00
6.671899999999999942e+00
1.031799999999999962e+01
1.596000000000000085e+01
1.913400000000000034e+01
1.999500000000000099e+01
2.097300000000000253e+01
2.277899999999999991e+01
2.448400000000000176e+01
2.526500000000000057e+01
2.566099999999999781e+01
2.623999999999999844e+01
2.575300000000000011e+01
2.204699999999999704e+01
1.514200000000000124e+01
8.535500000000000753e+00
6.095299999999999940e+00
8.148999999999999133e+00
1.254700000000000060e+01
1.626299999999999812e+01
1.655999999999999872e+01
1.401799999999999891e+01
1.193200000000000038e+01
1.315099999999999980e+01
1.858200000000000074e+01
2.501399999999999935e+01
2.740699999999999648e+01
2.498600000000000065e+01
2.095699999999999719e+01
1.742800000000000082e+01
1.459500000000000064e+01
1.239000000000000057e+01
1.070599999999999952e+01
9.507799999999999585e+00
8.168599999999999639e+00
5.547600000000000087e+00
3.326499999999999790e+00
6.014000000000000234e+00
1.406400000000000006e+01
2.218599999999999994e+01
2.705999999999999872e+01
2.864800000000000324e+01
2.766699999999999804e+01
2.545100000000000051e+01
2.205400000000000205e+01
1.760599999999999810e+01
1.441000000000000014e+01
1.316900000000000048e+01
1.099599999999999866e+01
5.647999999999999687e+00
-5.828699999999999992e-01
-2.774599999999999955e+00
2.076000000000000068e-01
3.659299999999999997e+00
3.835300000000000153e+00
1.514899999999999913e+00
4.608200000000000074e-01
4.021700000000000053e+00
1.125500000000000078e+01
1.912699999999999889e+01
2.672300000000000253e+01
3.290400000000000347e+01
3.406700000000000017e+01
2.907699999999999818e+01
2.176900000000000190e+01
1.570900000000000141e+01
1.088299999999999912e+01
5.096899999999999764e+00
-2.214399999999999924e+00
-8.309100000000000819e+00
-1.065000000000000036e+01
-1.057900000000000063e+01
-1.058200000000000074e+01
-9.962099999999999511e+00
-5.397599999999999731e+00
4.041000000000000369e+00
1.303800000000000026e+01
1.560500000000000043e+01
1.380099999999999838e+01
1.349599999999999866e+01
1.563700000000000045e+01
1.782499999999999929e+01
1.840099999999999980e+01
1.657999999999999829e+01
1.275200000000000067e+01
6.270999999999999908e+00
-4.426599999999999646e+00
-1.628800000000000026e+01
-2.193599999999999994e+01
-1.770299999999999940e+01
-7.015299999999999869e+00
3.223899999999999988e+00
7.669400000000000439e+00
6.295099999999999696e+00
3.058199999999999807e+00
1.302100000000000035e+00
2.867500000000000160e+00
6.686499999999999666e+00
7.941699999999999982e+00
3.358299999999999841e+00
-4.494500000000000384e+00
-1.022400000000000020e+01
-1.079499999999999993e+01
-8.172900000000000276e+00
-6.954399999999999693e+00
-9.280799999999999272e+00
-1.356799999999999962e+01
-1.787900000000000134e+01
-2.177300000000000324e+01
-2.443099999999999739e+01
-2.294500000000000028e+01
-1.497000000000000064e+01
-3.779500000000000082e+00
2.870899999999999785e+00
2.320800000000000196e+00
-1.572799999999999976e+00
-4.564899999999999736e+00
-4.219000000000000306e+00
-2.425899999999999945e+00
-3.873600000000000154e+00
-9.783200000000000784e+00
-1.964700000000000202e+01
-3.345499999999999829e+01
-4.723799999999999955e+01
-5.343800000000000239e+01
-4.795600000000000307e+01
-3.467800000000000438e+01
-2.325800000000000267e+01
-1.777799999999999869e+01
-1.390700000000000003e+01
-8.188599999999999213e+00
3.246999999999999886e-01
8.404899999999999594e+00
8.665200000000000458e+00
5.847799999999999665e-01
-1.074000000000000021e+01
-2.289499999999999957e+01
-3.353099999999999881e+01
-3.967099999999999937e+01
-4.040200000000000102e+01
-3.650600000000000023e+01
-3.059900000000000020e+01
-2.481300000000000239e+01
-1.998099999999999810e+01
-1.580599999999999916e+01
-1.075599999999999845e+01
-5.981900000000000439e+00
-4.564899999999999736e+00
-7.566300000000000026e+00
-1.666499999999999915e+01
-2.906599999999999895e+01
-3.405499999999999972e+01
-2.720499999999999829e+01
-1.481000000000000050e+01
-6.131000000000000227e+00
-7.899399999999999977e+00
-1.630099999999999838e+01
-2.243300000000000338e+01
-2.342699999999999960e+01
-2.043099999999999739e+01
-1.476799999999999891e+01
-7.136199999999999655e+00
5.403100000000000680e-01
1.750699999999999923e+00
-7.266899999999999693e+00
-2.012300000000000111e+01
-2.756400000000000006e+01
-2.644699999999999918e+01
-2.100499999999999901e+01
-1.642599999999999838e+01
-1.177200000000000024e+01
-6.761000000000000121e+00
-6.264300000000000423e+00
-1.291400000000000148e+01
-2.248900000000000077e+01
-2.727800000000000225e+01
-2.455999999999999872e+01
-2.041600000000000037e+01
-2.146199999999999974e+01
-2.711100000000000065e+01
-3.280599999999999739e+01
-3.575800000000000267e+01
-3.495199999999999818e+01
-2.955599999999999739e+01
-2.116300000000000026e+01
-1.680900000000000105e+01
-2.092699999999999960e+01
-2.894400000000000261e+01
-3.309499999999999886e+01
-2.997500000000000142e+01
-2.608999999999999986e+01
-3.153699999999999903e+01
-4.490100000000000335e+01
-5.591700000000000159e+01
-5.967600000000000193e+01
-5.811199999999999477e+01
-5.529699999999999704e+01
-5.489300000000000068e+01
-5.524300000000000210e+01
-5.257000000000000028e+01
-4.540299999999999869e+01
-3.341499999999999915e+01
-2.140300000000000225e+01
-1.839999999999999858e+01
-2.754699999999999704e+01
-4.246199999999999619e+01
-5.125399999999999778e+01
-4.991600000000000392e+01
-4.812600000000000477e+01
-5.155199999999999960e+01
-5.516499999999999915e+01
-5.336199999999999477e+01
-4.523899999999999721e+01
-3.939500000000000313e+01
-4.527000000000000313e+01
-5.959000000000000341e+01
-7.096500000000000341e+01
-7.126000000000000512e+01
-6.233899999999999864e+01
-5.381499999999999773e+01
-5.382800000000000296e+01
-6.468600000000000705e+01
-8.086299999999999955e+01
-9.001600000000000534e+01
-8.345399999999999352e+01
-6.417100000000000648e+01
-4.552499999999999858e+01
-4.583200000000000074e+01
-7.052400000000000091e+01
-1.011599999999999966e+02
-1.160199999999999960e+02
-1.104000000000000057e+02
-9.493000000000000682e+01
-8.737200000000001410e+01
-9.485700000000001353e+01
-1.092000000000000028e+02
-1.208599999999999994e+02
-1.241899999999999977e+02
-1.218299999999999983e+02
-1.216200000000000045e+02
-1.277099999999999937e+02
-1.419499999999999886e+02
-1.584300000000000068e+02
-1.658799999999999955e+02
-1.601299999999999955e+02
-1.464600000000000080e+02
-1.371800000000000068e+02
-1.372800000000000011e+02
-1.374099999999999966e+02
-1.377400000000000091e+02
-1.502700000000000102e+02
-1.728400000000000034e+02
-1.922599999999999909e+02
-2.013199999999999932e+02
-1.991999999999999886e+02
-1.893100000000000023e+02
-1.718400000000000034e+02
-1.454499999999999886e+02
-1.159200000000000017e+02
-9.347499999999999432e+01
-8.798200000000001353e+01
-9.205400000000000205e+01
-8.538200000000000500e+01
-7.145499999999999829e+01
-6.796899999999999409e+01
-7.430400000000000205e+01
-7.869499999999999318e+01
-7.270699999999999363e+01
-5.607199999999999562e+01
-4.195899999999999608e+01
-4.110600000000000165e+01
-4.750999999999999801e+01
-5.358100000000000307e+01
-6.052799999999999869e+01
-7.171999999999999886e+01
-9.099799999999999045e+01
-1.236500000000000057e+02
-1.676200000000000045e+02
-2.076800000000000068e+02
-2.255300000000000011e+02
-2.135699999999999932e+02
-1.860900000000000034e+02
-1.667100000000000080e+02
-1.545099999999999909e+02
-1.243599999999999994e+02
-6.467399999999999238e+01
5.019700000000000273e+00
5.670600000000000307e+01
8.394599999999999795e+01
1.026200000000000045e+02
1.249599999999999937e+02
1.484399999999999977e+02
1.701899999999999977e+02
1.889399999999999977e+02
1.981800000000000068e+02
1.942100000000000080e+02
1.799600000000000080e+02
1.618799999999999955e+02
1.445399999999999920e+02
1.203100000000000023e+02
7.890899999999999181e+01
2.875199999999999889e+01
-1.668799999999999883e+01
-6.280699999999999505e+01
-1.143100000000000023e+02
-1.636299999999999955e+02
-2.028300000000000125e+02
-2.215800000000000125e+02
-2.178700000000000045e+02
-2.050000000000000000e+02
-1.977100000000000080e+02
-2.005699999999999932e+02
-1.953300000000000125e+02
-1.627500000000000000e+02
-1.119300000000000068e+02
-5.446800000000000352e+01
7.237300000000000288e+00
6.150199999999999534e+01
1.039099999999999966e+02
1.472100000000000080e+02
1.977500000000000000e+02
2.445099999999999909e+02
2.725400000000000205e+02
2.756399999999999864e+02
2.610799999999999841e+02
2.393100000000000023e+02
2.030399999999999920e+02
1.408499999999999943e+02
5.869300000000000495e+01
-2.897899999999999920e+01
-1.086500000000000057e+02
-1.693899999999999864e+02
-1.994900000000000091e+02
-2.042299999999999898e+02
-2.101299999999999955e+02
-2.319399999999999977e+02
-2.642500000000000000e+02
-2.971200000000000045e+02
-3.171200000000000045e+02
-3.146200000000000045e+02
-2.987099999999999795e+02
-2.808600000000000136e+02
-2.594399999999999977e+02
-2.335000000000000000e+02
-2.048899999999999864e+02
-1.667599999999999909e+02
-1.000300000000000011e+02
1.185500000000000043e+01
1.230799999999999983e+02
1.730200000000000102e+02
1.898199999999999932e+02
1.993700000000000045e+02
1.866399999999999864e+02
1.596800000000000068e+02
1.405600000000000023e+02
1.447199999999999989e+02
1.627199999999999989e+02
1.754900000000000091e+02
1.786800000000000068e+02
1.721599999999999966e+02
1.519900000000000091e+02
1.054899999999999949e+02
3.769599999999999795e+01
-2.120499999999999829e+01
-6.734100000000000819e+01
-1.170900000000000034e+02
-1.656699999999999875e+02
-1.981500000000000057e+02
-1.967899999999999920e+02
-1.436800000000000068e+02
-5.748799999999999955e+01
2.250000000000000000e+01
7.294899999999999807e+01
9.061700000000000443e+01
9.076399999999999579e+01
7.527700000000000102e+01
5.144300000000000495e+01
2.300900000000000034e+01
-3.408099999999999596e+01
-1.031500000000000057e+02
-1.418000000000000114e+02
-1.420399999999999920e+02
-1.264300000000000068e+02
-1.214399999999999977e+02
-1.229000000000000057e+02
-1.111800000000000068e+02
-8.545999999999999375e+01
-6.293299999999999983e+01
-5.714100000000000534e+01
-6.055699999999999505e+01
-5.775000000000000000e+01
-3.525600000000000023e+01
1.251599999999999824e+01
9.207200000000000273e+01
2.195200000000000102e+02
3.704900000000000091e+02
4.963100000000000023e+02
5.798200000000000500e+02
6.283999999999999773e+02
6.610900000000000318e+02
6.872100000000000364e+02
6.976399999999999864e+02
6.710499999999999545e+02
6.039600000000000364e+02
5.337899999999999636e+02
4.748700000000000045e+02
4.110299999999999727e+02
3.443899999999999864e+02
2.988999999999999773e+02
3.014300000000000068e+02
3.368500000000000227e+02
3.748899999999999864e+02
3.947400000000000091e+02
3.749399999999999977e+02
3.434700000000000273e+02
3.533700000000000045e+02
3.880000000000000000e+02
3.898100000000000023e+02
3.728500000000000227e+02
3.809700000000000273e+02
4.384599999999999795e+02
5.596000000000000227e+02
7.028600000000000136e+02
8.007799999999999727e+02
8.259199999999999591e+02
8.006299999999999955e+02
7.886299999999999955e+02
8.112599999999999909e+02
8.102899999999999636e+02
7.540599999999999454e+02
6.610499999999999545e+02
5.576699999999999591e+02
4.818799999999999955e+02
4.566499999999999773e+02
4.625199999999999818e+02
4.696399999999999864e+02
4.605799999999999841e+02
4.273500000000000227e+02
3.799800000000000182e+02
3.069100000000000250e+02
1.862199999999999989e+02
4.297800000000000153e+01
-5.660399999999999920e+01
-7.103600000000000136e+01
-4.221399999999999864e+01
-3.053999999999999915e+01
-4.473899999999999721e+01
-5.740999999999999659e+01
-9.439999999999999503e+00
1.342400000000000091e+02
2.813700000000000045e+02
3.179499999999999886e+02
2.641299999999999955e+02
1.856599999999999966e+02
1.001299999999999955e+02
1.760399999999999965e+00
-9.726299999999999102e+01
-1.374499999999999886e+02
-9.217200000000001125e+01
-1.167100000000000026e+00
9.416500000000000625e+01
1.651800000000000068e+02
1.948100000000000023e+02
1.897700000000000102e+02
1.660399999999999920e+02
1.209800000000000040e+02
4.664100000000000534e+01
-5.559300000000000352e+01
-1.548799999999999955e+02
-1.906100000000000136e+02
-1.288499999999999943e+02
2.606300000000000239e+01
2.375600000000000023e+02
4.393700000000000045e+02
5.918200000000000500e+02
6.991399999999999864e+02
7.866599999999999682e+02
8.571100000000000136e+02
8.674600000000000364e+02
7.753400000000000318e+02
5.733400000000000318e+02
3.290199999999999818e+02
1.585200000000000102e+02
9.012799999999998590e+01
6.723199999999999932e+01
2.857400000000000162e+01
-5.474399999999999977e+01
-1.643700000000000045e+02
-2.807699999999999818e+02
-3.788700000000000045e+02
-4.460899999999999750e+02
-5.134299999999999500e+02
-5.650399999999999636e+02
-5.450700000000000500e+02
-4.556999999999999886e+02
-3.627300000000000182e+02
-3.087799999999999727e+02
-2.543700000000000045e+02
-1.864600000000000080e+02
-1.399900000000000091e+02
-1.450300000000000011e+02
-2.353799999999999955e+02
-3.919700000000000273e+02
-5.485800000000000409e+02
-6.293799999999999955e+02
-5.965499999999999545e+02
-5.338899999999999864e+02
-5.240900000000000318e+02
-5.516799999999999500e+02
-6.203700000000000045e+02
-6.987000000000000455e+02
-7.203099999999999454e+02
-6.979199999999999591e+02
-6.717100000000000364e+02
-6.874900000000000091e+02
-7.606499999999999773e+02
-8.420800000000000409e+02
-9.115800000000000409e+02
-9.731599999999999682e+02
-9.708500000000000227e+02
-9.131200000000000045e+02
-8.805099999999999909e+02
-8.851000000000000227e+02
-8.879600000000000364e+02
-8.370700000000000500e+02
-7.203600000000000136e+02
-5.990000000000000000e+02
-5.413200000000000500e+02
-5.411499999999999773e+02
-5.382300000000000182e+02
-5.080799999999999841e+02
-4.839200000000000159e+02
-4.588199999999999932e+02
-3.939499999999999886e+02
-3.329499999999999886e+02
-3.129700000000000273e+02
-2.988899999999999864e+02
-2.828199999999999932e+02
-2.862300000000000182e+02
-2.878799999999999955e+02
-2.681200000000000045e+02
-2.616299999999999955e+02
-3.027500000000000000e+02
-4.000199999999999818e+02
-5.368700000000000045e+02
-6.332999999999999545e+02
-6.253200000000000500e+02
-5.559400000000000546e+02
-4.600899999999999750e+02
-3.483600000000000136e+02
-2.605799999999999841e+02
-1.946899999999999977e+02
-1.376800000000000068e+02
-1.249399999999999977e+02
-1.463400000000000034e+02
-1.421599999999999966e+02
-1.156099999999999994e+02
-1.032199999999999989e+02
-1.126700000000000017e+02
-1.228199999999999932e+02
-1.070699999999999932e+02
-5.945600000000000307e+01
2.253599999999999781e+01
1.308000000000000114e+02
1.890600000000000023e+02
1.549699999999999989e+02
1.106599999999999966e+02
9.094799999999999329e+01
5.019800000000000040e+01
5.996500000000000163e+00
4.377200000000000202e+00
2.800900000000000034e+01
6.944499999999999318e+01
1.352800000000000011e+02
1.825399999999999920e+02
2.082700000000000102e+02
2.680000000000000000e+02
3.739100000000000250e+02
4.793799999999999955e+02
5.424700000000000273e+02
5.643300000000000409e+02
5.568500000000000227e+02
5.157999999999999545e+02
4.401200000000000045e+02
3.471000000000000227e+02
2.493400000000000034e+02
1.578000000000000114e+02
1.033599999999999994e+02
8.295200000000001239e+01
5.767999999999999972e+01
7.616900000000000226e+00
-6.209300000000000352e+01
-1.263100000000000023e+02
-1.784699999999999989e+02
-2.162299999999999898e+02
-2.189799999999999898e+02
-1.713199999999999932e+02
-8.606700000000000728e+01
2.638899999999999935e+01
1.500099999999999909e+02
2.263400000000000034e+02
2.610799999999999841e+02
3.192400000000000091e+02
4.198600000000000136e+02
5.437799999999999727e+02
6.411100000000000136e+02
6.768600000000000136e+02
6.657899999999999636e+02
6.290499999999999545e+02
5.815099999999999909e+02
5.341799999999999500e+02
4.764100000000000250e+02
4.036200000000000045e+02
3.349900000000000091e+02
2.857500000000000000e+02
2.499799999999999898e+02
2.110800000000000125e+02
1.561100000000000136e+02
9.451200000000000045e+01
4.939800000000000324e+01
3.871399999999999864e+01
5.813800000000000523e+01
9.385399999999999920e+01
1.263400000000000034e+02
1.122099999999999937e+02
5.284199999999999875e+01
1.132600000000000051e+02
2.567400000000000091e+02
2.854900000000000091e+02
2.428700000000000045e+02
2.406200000000000045e+02
2.547599999999999909e+02
2.596600000000000250e+02
2.907799999999999727e+02
3.188199999999999932e+02
3.884499999999999886e+02
4.859399999999999977e+02
5.141399999999999864e+02
5.055600000000000023e+02
5.005899999999999750e+02
4.367099999999999795e+02
3.325899999999999750e+02
2.619599999999999795e+02
1.831999999999999886e+02
2.364000000000000057e+01
-1.838700000000000045e+02
-3.565899999999999750e+02
-4.605799999999999841e+02
-4.965899999999999750e+02
-4.571700000000000159e+02
-3.872599999999999909e+02
-3.491100000000000136e+02
-3.775000000000000000e+02
-4.765500000000000114e+02
-5.935700000000000500e+02
-6.569800000000000182e+02
-6.668700000000000045e+02
-6.795599999999999454e+02
-6.911900000000000546e+02
-6.835499999999999545e+02
-6.398200000000000500e+02
-5.301200000000000045e+02
-3.620899999999999750e+02
-1.701599999999999966e+02
-2.722300000000000164e+00
7.566299999999999670e+01
4.197999999999999687e+01
-5.113399999999999324e+01
-1.536699999999999875e+02
-2.198499999999999943e+02
-2.149300000000000068e+02
-1.337800000000000011e+02
-1.825499999999999901e+01
6.466700000000000159e+01
1.260300000000000011e+02
1.838100000000000023e+02
2.215999999999999943e+02
2.538700000000000045e+02
2.946499999999999773e+02
3.745299999999999727e+02
4.938199999999999932e+02
6.038700000000000045e+02
6.759500000000000455e+02
6.984199999999999591e+02
6.995800000000000409e+02
6.644500000000000455e+02
5.247200000000000273e+02
3.047099999999999795e+02
7.257300000000000750e+01
-1.285800000000000125e+02
-2.473499999999999943e+02
-2.836700000000000159e+02
-3.092500000000000000e+02
-3.245799999999999841e+02
-2.845000000000000000e+02
-2.036200000000000045e+02
-1.000600000000000023e+02
9.263899999999999357e-01
5.910899999999999466e+01
7.356000000000000227e+01
7.171300000000000807e+01
9.375000000000000000e+01
1.536699999999999875e+02
2.209499999999999886e+02
2.975600000000000023e+02
3.650400000000000205e+02
3.786800000000000068e+02
3.320899999999999750e+02
2.097899999999999920e+02
5.855199999999999960e+01
-3.367900000000000205e+01
-8.235700000000001353e+01
-1.420600000000000023e+02
-2.453700000000000045e+02
-3.969200000000000159e+02
-5.467300000000000182e+02
-6.534400000000000546e+02
-6.999500000000000455e+02
-6.834900000000000091e+02
-6.386699999999999591e+02
-6.089800000000000182e+02
-5.929900000000000091e+02
-5.782500000000000000e+02
-5.570399999999999636e+02
-5.001600000000000250e+02
-4.094800000000000182e+02
-3.095400000000000205e+02
-1.886800000000000068e+02
-5.785999999999999943e+01
2.092800000000000082e+01
3.881199999999999761e+01
1.092300000000000004e+01
-5.740899999999999892e+01
-1.064599999999999937e+02
-1.060300000000000011e+02
-5.303300000000000125e+01
5.300500000000000256e+01
1.580600000000000023e+02
2.248000000000000114e+02
2.598700000000000045e+02
2.860000000000000000e+02
3.162500000000000000e+02
3.344300000000000068e+02
3.286899999999999977e+02
2.982400000000000091e+02
2.559699999999999989e+02
2.208100000000000023e+02
1.853000000000000114e+02
1.786800000000000068e+02
2.439900000000000091e+02
3.322599999999999909e+02
3.777699999999999818e+02
3.870899999999999750e+02
3.774900000000000091e+02
3.430099999999999909e+02
3.012099999999999795e+02
2.624599999999999795e+02
2.103400000000000034e+02
1.591200000000000045e+02
8.895399999999999352e+01
-4.793500000000000227e+01
-2.072400000000000091e+02
-3.355099999999999909e+02
-4.307200000000000273e+02
-4.666600000000000250e+02
-4.405400000000000205e+02
-4.092300000000000182e+02
-3.863999999999999773e+02
-3.611499999999999773e+02
-3.416399999999999864e+02
-3.128000000000000114e+02
-2.664499999999999886e+02
-2.159600000000000080e+02
-1.679199999999999875e+02
-1.346299999999999955e+02
-1.222900000000000063e+02
-1.359699999999999989e+02
-1.806500000000000057e+02
-2.430999999999999943e+02
-3.121800000000000068e+02
-3.520500000000000114e+02
-3.534300000000000068e+02
-3.628700000000000045e+02
-3.863999999999999773e+02
-4.178399999999999750e+02
-4.571800000000000068e+02
-4.522699999999999818e+02
-3.872699999999999818e+02
-3.071100000000000136e+02
-2.066299999999999955e+02
-1.125000000000000000e+02
-6.435399999999999920e+01
-8.881099999999999994e+00
5.551500000000000057e+01
9.908700000000000330e+01
1.537500000000000000e+02
1.869399999999999977e+02
1.547400000000000091e+02
8.395499999999999829e+01
5.027599999999999625e+00
-3.215899999999999892e+01
-1.905900000000000105e+01
1.309500000000000064e+01
7.782399999999999807e+01
1.415300000000000011e+02
1.299699999999999989e+02
7.583700000000000330e+01
5.479299999999999926e+01
6.311600000000000676e+01
9.275100000000000477e+01
1.361999999999999886e+02
1.645600000000000023e+02
2.005600000000000023e+02
2.541800000000000068e+02
3.137699999999999818e+02
4.159700000000000273e+02
5.492200000000000273e+02
6.552699999999999818e+02
7.091699999999999591e+02
6.939400000000000546e+02
6.175199999999999818e+02
5.186299999999999955e+02
4.197500000000000000e+02
3.495199999999999818e+02
3.127400000000000091e+02
2.810400000000000205e+02
2.560199999999999818e+02
2.246699999999999875e+02
1.718899999999999864e+02
1.501200000000000045e+02
1.824699999999999989e+02
2.033700000000000045e+02
1.754199999999999875e+02
1.191200000000000045e+02
3.258599999999999852e+01
-1.102600000000000051e+02
-2.561299999999999955e+02
-3.367500000000000000e+02
-3.845400000000000205e+02
-4.113700000000000045e+02
-4.042599999999999909e+02
-3.785600000000000023e+02
-3.539800000000000182e+02
-3.483100000000000023e+02
-3.159900000000000091e+02
-2.137100000000000080e+02
-9.957500000000000284e+01
-3.195400000000000063e+01
4.348799999999999777e+00
2.356099999999999994e+01
5.923399999999999466e+01
1.434600000000000080e+02
2.504600000000000080e+02
3.483799999999999955e+02
3.751499999999999773e+02
3.000600000000000023e+02
1.838499999999999943e+02
7.112100000000000932e+01
1.633399999999999963e+01
5.365500000000000114e+01
1.000600000000000023e+02
7.159499999999999886e+01
-3.205599999999999739e+01
-1.771299999999999955e+02
-3.286999999999999886e+02
-4.314499999999999886e+02
-4.669700000000000273e+02
-4.491000000000000227e+02
-3.867500000000000000e+02
-3.305699999999999932e+02
-2.791899999999999977e+02
-1.993799999999999955e+02
-1.175600000000000023e+02
-2.646000000000000085e+01
8.529099999999999682e+01
1.819499999999999886e+02
2.406399999999999864e+02
2.509000000000000057e+02
2.201699999999999875e+02
1.803199999999999932e+02
1.548799999999999955e+02
1.414399999999999977e+02
1.456100000000000136e+02
1.686200000000000045e+02
1.778899999999999864e+02
1.721899999999999977e+02
1.467700000000000102e+02
8.686100000000000421e+01
2.370899999999999963e+01
-1.017500000000000071e+01
-2.333199999999999719e+01
-5.382100000000000506e+01
-1.045100000000000051e+02
-1.356500000000000057e+02
-1.174699999999999989e+02
-5.904100000000000392e+01
1.414099999999999824e+01
7.407399999999999807e+01
1.156099999999999994e+02
1.532700000000000102e+02
1.795999999999999943e+02
1.829399999999999977e+02
1.521399999999999864e+02
1.018100000000000023e+02
6.790399999999999636e+01
7.128399999999999181e+01
1.045999999999999943e+02
1.368100000000000023e+02
1.516699999999999875e+02
1.580300000000000011e+02
1.716200000000000045e+02
2.025600000000000023e+02
2.414799999999999898e+02
2.498899999999999864e+02
2.297500000000000000e+02
2.110200000000000102e+02
1.602299999999999898e+02
6.634799999999999898e+01
-3.709900000000000375e+01
-1.327400000000000091e+02
-1.965600000000000023e+02
-2.062899999999999920e+02
-1.670399999999999920e+02
-1.177999999999999972e+02
-9.126999999999999602e+01
-9.752700000000000102e+01
-1.323799999999999955e+02
-1.614199999999999875e+02
-1.645999999999999943e+02
-1.524900000000000091e+02
-1.362400000000000091e+02
-1.401299999999999955e+02
-1.893400000000000034e+02
-2.710099999999999909e+02
-3.317300000000000182e+02
-3.102900000000000205e+02
-1.900000000000000000e+02
-2.334300000000000352e+01
1.194800000000000040e+02
2.081899999999999977e+02
2.382599999999999909e+02
2.104000000000000057e+02
1.476399999999999864e+02
8.181799999999999784e+01
2.444300000000000139e+01
-1.602400000000000091e+01
-2.766199999999999903e+01
-1.591699999999999982e+01
2.424699999999999989e+01
1.041500000000000057e+02
1.970800000000000125e+02
2.606299999999999955e+02
2.818999999999999773e+02
2.718700000000000045e+02
2.413300000000000125e+02
2.030999999999999943e+02
1.780099999999999909e+02
1.756100000000000136e+02
1.668799999999999955e+02
1.276599999999999966e+02
8.114799999999999613e+01
5.913199999999999790e+01
7.083499999999999375e+01
1.029200000000000017e+02
1.307199999999999989e+02
1.232099999999999937e+02
7.780100000000000193e+01
2.691199999999999903e+01
-2.074300000000000210e+01
-5.156300000000000239e+01
-4.136500000000000199e+01
-8.708700000000000330e+00
2.500000000000000000e+01
4.672600000000000620e+01
4.185600000000000165e+01
2.772899999999999920e+01
2.714199999999999946e+01
4.378999999999999915e+01
6.892600000000000193e+01
9.056100000000000705e+01
1.034699999999999989e+02
9.230700000000000216e+01
3.997200000000000131e+01
-3.208599999999999852e+01
-8.529099999999999682e+01
-1.229099999999999966e+02
-1.536800000000000068e+02
-1.633199999999999932e+02
-1.634900000000000091e+02
-1.731599999999999966e+02
-1.899300000000000068e+02
-2.054799999999999898e+02
-2.086800000000000068e+02
-1.899900000000000091e+02
-1.469600000000000080e+02
-8.251600000000000534e+01
-1.748000000000000043e+01
2.773099999999999810e+01
4.739300000000000068e+01
4.159799999999999898e+01
3.099399999999999977e+01
3.634799999999999898e+01
6.217600000000000193e+01
1.074599999999999937e+02
1.476999999999999886e+02
1.487400000000000091e+02
1.173799999999999955e+02
7.147899999999999920e+01
1.809900000000000020e+01
-2.060199999999999676e+01
-5.361500000000000199e+01
-9.387500000000000000e+01
-1.210699999999999932e+02
-1.292100000000000080e+02
-1.077000000000000028e+02
-6.324699999999999989e+01
-3.662899999999999778e+01
-3.352400000000000091e+01
-4.382199999999999562e+01
-6.981600000000000250e+01
-9.412700000000000955e+01
-1.120999999999999943e+02
-1.386800000000000068e+02
-1.659099999999999966e+02
-1.731500000000000057e+02
-1.437400000000000091e+02
-8.259799999999999898e+01
-1.322200000000000131e+01
4.462399999999999523e+01
7.855199999999999250e+01
9.874099999999999966e+01
1.221400000000000006e+02
1.369099999999999966e+02
1.394000000000000057e+02
1.491899999999999977e+02
1.566299999999999955e+02
1.430800000000000125e+02
1.142900000000000063e+02
7.638200000000000500e+01
3.637199999999999989e+01
5.642699999999999605e+00
-1.088799999999999990e+01
-1.823700000000000188e+01
-2.478599999999999781e+01
-3.124800000000000111e+01
-3.887500000000000000e+01
-5.864500000000000313e+01
-8.830799999999999272e+01
-1.136500000000000057e+02
-1.262099999999999937e+02
-1.120100000000000051e+02
-7.989499999999999602e+01
-5.388000000000000256e+01
-3.290800000000000125e+01
-2.299399999999999977e+01
-3.211500000000000199e+01
-4.552100000000000080e+01
-6.150699999999999790e+01
-8.512899999999999068e+01
-1.022199999999999989e+02
-1.067000000000000028e+02
-9.906299999999998818e+01
-8.215399999999999636e+01
-7.198799999999999955e+01
-6.871500000000000341e+01
-6.583499999999999375e+01
-6.805199999999999250e+01
-6.514000000000000057e+01
-4.959499999999999886e+01
-2.996699999999999875e+01
-8.728500000000000369e+00
6.671599999999999753e+00
6.383600000000000385e+00
-3.005500000000000060e+00
-1.083400000000000141e+01
-1.364400000000000013e+01
-1.309200000000000053e+01
-1.110900000000000176e+01
-1.231599999999999895e+01
-2.458999999999999986e+01
-4.651100000000000279e+01
-7.060699999999999932e+01
-9.112500000000000000e+01
-1.009399999999999977e+02
-1.007699999999999960e+02
-9.259899999999998954e+01
-7.244299999999999784e+01
-4.282000000000000028e+01
-7.240400000000000169e+00
2.953599999999999781e+01
5.512600000000000477e+01
6.215899999999999892e+01
5.707899999999999352e+01
4.956000000000000227e+01
4.584100000000000108e+01
4.894500000000000028e+01
5.168999999999999773e+01
4.673100000000000165e+01
3.372899999999999920e+01
1.456400000000000006e+01
-7.018099999999999561e+00
-2.792800000000000082e+01
-4.382899999999999352e+01
-5.363199999999999790e+01
-5.939000000000000057e+01
-5.919899999999999807e+01
-5.299300000000000210e+01
-4.546899999999999409e+01
-4.143899999999999295e+01
-4.190600000000000591e+01
-4.444300000000000495e+01
-4.900300000000000011e+01
-5.827399999999999380e+01
-6.819800000000000750e+01
-7.101300000000000523e+01
-6.801500000000000057e+01
-6.033399999999999608e+01
-4.246800000000000352e+01
-1.942699999999999960e+01
-2.406299999999999883e+00
7.001699999999999591e+00
9.844300000000000495e+00
8.713599999999999568e+00
7.946399999999999686e+00
5.213499999999999801e+00
1.875199999999999978e+00
8.859700000000000353e-01
-1.068500000000000005e+00
-3.015099999999999891e+00
-4.218200000000000394e+00
-5.979300000000000281e+00
-5.403699999999999726e+00
-3.867799999999999905e+00
-5.190100000000000158e+00
-7.373000000000000220e+00
-9.651999999999999247e+00
-1.035799999999999876e+01
-3.256899999999999906e+00
1.150900000000000034e+01
2.829199999999999804e+01
4.240899999999999892e+01
4.831800000000000495e+01
4.543999999999999773e+01
4.048300000000000409e+01
3.601200000000000045e+01
3.057600000000000051e+01
2.472300000000000253e+01
2.092000000000000171e+01
2.198600000000000065e+01
2.685800000000000054e+01
3.057199999999999918e+01
3.025099999999999767e+01
2.902899999999999991e+01
3.071000000000000085e+01
3.623699999999999477e+01
4.327499999999999858e+01
4.677000000000000313e+01
4.628499999999999659e+01
4.477700000000000102e+01
4.442699999999999960e+01
4.654399999999999693e+01
4.877600000000000335e+01
4.681000000000000227e+01
3.911500000000000199e+01
2.684699999999999775e+01
1.370599999999999952e+01
5.465200000000000280e+00
2.602100000000000080e+00
-2.584500000000000131e-01
-5.917699999999999960e+00
-1.300999999999999979e+01
-1.920200000000000173e+01
-2.308900000000000219e+01
-2.457699999999999818e+01
-2.319500000000000028e+01
-1.899800000000000111e+01
-1.424300000000000033e+01
-1.186599999999999966e+01
-1.350599999999999845e+01
-1.785699999999999932e+01
-2.285699999999999932e+01
-2.853800000000000026e+01
-3.422999999999999687e+01
-3.752000000000000313e+01
-3.657300000000000040e+01
-3.240899999999999892e+01
-2.846499999999999986e+01
-2.654500000000000171e+01
-2.630699999999999861e+01
-2.618800000000000239e+01
-2.527300000000000324e+01
-2.356800000000000139e+01
-2.056099999999999994e+01
-1.689300000000000068e+01
-1.264499999999999957e+01
-6.890799999999999592e+00
-4.345199999999999618e-01
5.224800000000000111e+00
1.040200000000000102e+01
1.561599999999999966e+01
1.954899999999999949e+01
2.111300000000000310e+01
2.003999999999999915e+01
1.712300000000000111e+01
1.311900000000000155e+01
8.246299999999999741e+00
3.988799999999999901e+00
1.179400000000000004e+00
-7.652899999999999148e-01
-2.616299999999999848e+00
-5.149799999999999933e+00
-8.977399999999999380e+00
-1.339200000000000124e+01
-1.654500000000000171e+01
-1.768700000000000117e+01
-1.605999999999999872e+01
-1.063499999999999979e+01
-2.492500000000000160e+00
5.930900000000000283e+00
1.291000000000000014e+01
1.802700000000000102e+01
2.185599999999999810e+01
2.598300000000000054e+01
3.020800000000000196e+01
3.258299999999999841e+01
3.293800000000000239e+01
3.091300000000000026e+01
2.697500000000000142e+01
2.357900000000000063e+01
2.196300000000000097e+01
2.216099999999999781e+01
2.355699999999999861e+01
2.418800000000000239e+01
2.269599999999999795e+01
1.956500000000000128e+01
1.491099999999999959e+01
8.885300000000000864e+00
3.245600000000000041e+00
-9.984200000000000852e-01
-4.506400000000000183e+00
-7.715900000000000425e+00
-1.057900000000000063e+01
-1.292500000000000071e+01
-1.418999999999999950e+01
-1.403099999999999881e+01
-1.304900000000000126e+01
-1.177500000000000036e+01
-9.717200000000000060e+00
-6.568699999999999761e+00
-3.017100000000000115e+00
7.664999999999999591e-01
4.804899999999999949e+00
8.853199999999999292e+00
1.341900000000000048e+01
1.888100000000000023e+01
2.356599999999999895e+01
2.523699999999999832e+01
2.485900000000000176e+01
2.398999999999999844e+01
2.258500000000000085e+01
2.084900000000000020e+01
1.848400000000000176e+01
1.528900000000000148e+01
1.197900000000000098e+01
9.130000000000000782e+00
7.440100000000000158e+00
6.713700000000000223e+00
5.347299999999999720e+00
2.926899999999999835e+00
6.795399999999999219e-01
-1.091900000000000093e+00
-2.537700000000000067e+00
-3.054399999999999782e+00
-2.189599999999999991e+00
6.590399999999999037e-02
3.003200000000000092e+00
6.251900000000000013e+00
1.042900000000000027e+01
1.520400000000000063e+01
1.934199999999999875e+01
2.185000000000000142e+01
2.254100000000000037e+01
2.227899999999999991e+01
2.220199999999999818e+01
2.282099999999999795e+01
2.390500000000000114e+01
2.517000000000000171e+01
2.648699999999999832e+01
2.728000000000000114e+01
2.643499999999999872e+01
2.359800000000000253e+01
2.014000000000000057e+01
1.700499999999999901e+01
1.413099999999999845e+01
1.150799999999999912e+01
9.131199999999999761e+00
7.111100000000000421e+00
5.130799999999999805e+00
3.348199999999999843e+00
2.246799999999999908e+00
1.195699999999999985e+00
-6.056399999999999562e-01
-2.994699999999999918e+00
-5.236600000000000144e+00
-6.521099999999999675e+00
-6.559300000000000352e+00
-5.645699999999999719e+00
-3.931299999999999795e+00
-2.144800000000000040e+00
-1.426099999999999923e+00
-1.530100000000000016e+00
-1.498199999999999976e+00
-1.582300000000000040e+00
-1.897299999999999986e+00
-1.571099999999999941e+00
-4.766699999999999826e-01
1.034100000000000019e+00
2.605999999999999872e+00
3.652600000000000069e+00
3.869299999999999962e+00
3.469599999999999795e+00
3.053999999999999826e+00
2.521500000000000075e+00
1.500199999999999978e+00
-2.181500000000000106e-01
-2.698300000000000143e+00
-5.122899999999999565e+00
-7.136300000000000310e+00
-8.543699999999999406e+00
-8.941300000000000026e+00
-8.831400000000000361e+00
-8.912900000000000489e+00
-9.440799999999999415e+00
-1.052500000000000036e+01
-1.222700000000000031e+01
-1.403999999999999915e+01
-1.555599999999999916e+01
-1.673000000000000043e+01
-1.715599999999999881e+01
-1.684499999999999886e+01
-1.628000000000000114e+01
-1.535599999999999987e+01
-1.391900000000000048e+01
-1.256400000000000006e+01
-1.118900000000000006e+01
-9.007999999999999119e+00
-6.455300000000000260e+00
-3.996300000000000185e+00
-1.594500000000000028e+00
5.736700000000000133e-01
2.450299999999999923e+00
3.909199999999999786e+00
4.774499999999999744e+00
4.916199999999999903e+00
4.100500000000000256e+00
2.285600000000000076e+00
8.413900000000000545e-02
-2.040700000000000180e+00
-4.076699999999999768e+00
-5.892000000000000348e+00
-7.670399999999999885e+00
-9.349199999999999733e+00
-1.048000000000000043e+01
-1.102500000000000036e+01
-1.129299999999999926e+01
-1.154499999999999993e+01
-1.187900000000000134e+01
-1.239599999999999902e+01
-1.290299999999999869e+01
-1.314200000000000124e+01
-1.288799999999999990e+01
-1.192699999999999960e+01
-1.030700000000000038e+01
-7.774600000000000399e+00
-4.467200000000000060e+00
-1.215600000000000014e+00
1.577399999999999913e+00
3.857099999999999973e+00
5.771799999999999820e+00
7.419800000000000395e+00
8.519899999999999807e+00
8.778200000000000003e+00
8.248900000000000787e+00
7.386800000000000033e+00
6.783100000000000129e+00
6.651299999999999990e+00
6.521700000000000053e+00
5.901099999999999568e+00
4.570199999999999818e+00
2.494000000000000217e+00
3.298700000000000243e-02
-2.488100000000000200e+00
-4.785300000000000331e+00
-6.492600000000000371e+00
-7.768600000000000172e+00
-8.919399999999999551e+00
-9.642400000000000304e+00
-9.597099999999999298e+00
-9.053699999999999193e+00
-8.252499999999999503e+00
-7.329100000000000392e+00
-6.641300000000000203e+00
-6.205400000000000027e+00
-5.799000000000000377e+00
-5.324200000000000266e+00
-4.599199999999999733e+00
-3.619200000000000195e+00
-2.316399999999999793e+00
-5.771399999999999864e-01
1.194600000000000106e+00
2.746300000000000185e+00
4.210499999999999687e+00
5.502100000000000435e+00
6.284699999999999953e+00
6.306099999999999817e+00
5.828999999999999737e+00
5.518200000000000216e+00
5.647800000000000153e+00
6.054700000000000415e+00
6.558799999999999741e+00
6.997499999999999609e+00
7.416800000000000281e+00
8.065099999999999270e+00
8.944300000000000139e+00
9.702400000000000801e+00
1.004899999999999949e+01
1.007600000000000051e+01
1.009799999999999898e+01
1.024499999999999922e+01
1.021499999999999986e+01
9.756399999999999295e+00
9.010999999999999233e+00
8.312799999999999301e+00
7.945500000000000007e+00
7.832699999999999996e+00
7.865599999999999703e+00
8.014799999999999258e+00
8.162399999999999878e+00
8.187200000000000699e+00
8.076200000000000045e+00
7.724199999999999733e+00
6.950899999999999856e+00
6.041000000000000369e+00
5.255099999999999660e+00
4.588000000000000078e+00
4.001800000000000246e+00
3.325499999999999901e+00
2.701700000000000212e+00
2.422000000000000153e+00
2.408399999999999874e+00
2.442099999999999937e+00
2.598500000000000032e+00
2.928500000000000103e+00
3.189000000000000057e+00
3.026100000000000012e+00
2.378800000000000026e+00
1.424900000000000055e+00
9.015199999999999603e-02
-1.657399999999999984e+00
-3.626900000000000013e+00
-5.647300000000000431e+00
-7.404600000000000293e+00
-8.762000000000000455e+00
-9.796799999999999287e+00
-1.056700000000000017e+01
-1.121499999999999986e+01
-1.152099999999999902e+01
-1.110400000000000098e+01
-1.021499999999999986e+01
-9.242300000000000182e+00
-8.368499999999999162e+00
-7.731200000000000294e+00
-7.223499999999999588e+00
-6.662899999999999601e+00
-6.007200000000000095e+00
-5.212900000000000311e+00
-4.292600000000000193e+00
-3.313499999999999890e+00
-2.394000000000000128e+00
-1.558000000000000052e+00
-8.259900000000000020e-01
-2.455900000000000027e-01
1.606700000000000073e-01
5.183999999999999719e-01
1.017300000000000093e+00
1.542000000000000037e+00
2.028500000000000192e+00
2.557300000000000129e+00
2.926699999999999857e+00
3.019800000000000040e+00
2.901299999999999990e+00
2.584900000000000198e+00
2.054600000000000204e+00
1.403999999999999915e+00
6.892899999999999583e-01
-1.802700000000000136e-02
-5.239599999999999813e-01
-6.199899999999999300e-01
-4.190999999999999726e-01
-2.467000000000000026e-01
-2.472699999999999898e-01
-5.060700000000000198e-01
-1.058200000000000029e+00
-1.770299999999999985e+00
-2.642700000000000049e+00
-3.611499999999999932e+00
-4.431099999999999817e+00
-4.972299999999999720e+00
-5.218799999999999883e+00
-5.213599999999999568e+00
-5.050900000000000389e+00
-4.766700000000000159e+00
-4.517199999999999882e+00
-4.507399999999999629e+00
-4.878199999999999648e+00
-5.649600000000000399e+00
-6.752299999999999969e+00
-7.935500000000000220e+00
-8.927099999999999369e+00
-9.802400000000000446e+00
-1.070299999999999940e+01
-1.159200000000000053e+01
-1.241999999999999993e+01
-1.306799999999999962e+01
-1.333400000000000141e+01
-1.312700000000000067e+01
-1.261500000000000021e+01
-1.207300000000000040e+01
-1.167900000000000027e+01
-1.145199999999999996e+01
-1.128900000000000148e+01
-1.106700000000000017e+01
-1.083500000000000085e+01
-1.064400000000000013e+01
-1.041799999999999926e+01
-1.005899999999999928e+01
-9.543300000000000338e+00
-8.822599999999999554e+00
-7.804800000000000182e+00
-6.478399999999999714e+00
-5.079600000000000115e+00
-3.761499999999999844e+00
-2.396599999999999842e+00
-1.067900000000000071e+00
-3.026200000000000070e-02
7.939399999999999791e-01
1.608000000000000096e+00
2.438800000000000079e+00
3.198700000000000099e+00
3.818999999999999950e+00
4.409799999999999720e+00
5.042500000000000426e+00
5.585399999999999920e+00
6.127900000000000347e+00
6.651200000000000223e+00
7.003999999999999559e+00
7.253800000000000026e+00
7.477400000000000269e+00
7.584999999999999964e+00
7.585200000000000387e+00
7.552399999999999558e+00
7.479099999999999859e+00
7.423399999999999999e+00
7.471000000000000085e+00
7.571500000000000341e+00
7.627100000000000435e+00
7.603699999999999903e+00
7.543499999999999872e+00
7.424999999999999822e+00
7.232000000000000206e+00
7.066600000000000215e+00
6.986100000000000421e+00
6.920600000000000307e+00
6.772700000000000387e+00
6.483500000000000263e+00
6.049699999999999633e+00
5.478500000000000369e+00
4.892599999999999838e+00
4.307999999999999829e+00
3.637300000000000200e+00
2.880900000000000016e+00
2.031600000000000072e+00
1.137299999999999978e+00
2.947899999999999965e-01
-5.654100000000000792e-01
-1.514699999999999935e+00
-2.586699999999999999e+00
-3.853000000000000203e+00
-5.225200000000000067e+00
-6.461999999999999744e+00
-7.509000000000000341e+00
-8.383300000000000196e+00
-9.097799999999999443e+00
-9.641400000000000858e+00
-1.005100000000000016e+01
-1.039200000000000124e+01
-1.061500000000000021e+01
-1.064900000000000091e+01
-1.047099999999999831e+01
-1.016699999999999982e+01
-9.904099999999999682e+00
-9.650299999999999656e+00
-9.276899999999999480e+00
-8.731400000000000716e+00
-7.985699999999999577e+00
-7.035199999999999676e+00
-5.898299999999999876e+00
-4.622799999999999798e+00
-3.359500000000000153e+00
-2.156600000000000072e+00
-1.084699999999999998e+00
-1.435500000000000109e-01
7.104199999999999404e-01
1.414800000000000058e+00
2.130999999999999783e+00
2.859199999999999964e+00
3.430099999999999927e+00
3.798900000000000166e+00
3.917899999999999938e+00
3.791799999999999837e+00
3.486499999999999932e+00
3.143299999999999983e+00
2.797200000000000131e+00
2.383900000000000130e+00
1.826600000000000001e+00
1.133199999999999985e+00
3.863699999999999912e-01
-2.865199999999999969e-01
-7.551200000000000134e-01
-9.506999999999999895e-01
-9.021200000000000330e-01
-7.232300000000000395e-01
-5.470199999999999507e-01
-4.361399999999999721e-01
-3.708000000000000185e-01
-2.245000000000000051e-01
8.018699999999999439e-02
5.138599999999999834e-01
1.015500000000000069e+00
1.518599999999999950e+00
1.973999999999999977e+00
2.391199999999999992e+00
2.672699999999999854e+00
2.830999999999999961e+00
3.017999999999999794e+00
3.291900000000000048e+00
3.622700000000000031e+00
3.962800000000000100e+00
4.301099999999999923e+00
4.706599999999999895e+00
5.203000000000000291e+00
5.747099999999999653e+00
6.310299999999999798e+00
6.851499999999999702e+00
7.410800000000000054e+00
8.057800000000000296e+00
8.620599999999999596e+00
8.937599999999999767e+00
8.993600000000000705e+00
8.704000000000000625e+00
8.122500000000000497e+00
7.554700000000000415e+00
7.136499999999999844e+00
6.857400000000000162e+00
6.670799999999999841e+00
6.542500000000000426e+00
6.449799999999999756e+00
6.295200000000000351e+00
5.994500000000000384e+00
5.584800000000000431e+00
5.136300000000000310e+00
4.666500000000000092e+00
4.093700000000000117e+00
3.367199999999999971e+00
2.494000000000000217e+00
1.566200000000000037e+00
6.659500000000000419e-01
-2.427499999999999936e-01
-1.145199999999999996e+00
-1.955200000000000049e+00
-2.564599999999999991e+00
-2.921400000000000219e+00
-3.174599999999999866e+00
-3.454299999999999926e+00
-3.777400000000000091e+00
-4.098499999999999588e+00
-4.340900000000000425e+00
-4.426700000000000301e+00
-4.361600000000000144e+00
-4.214400000000000368e+00
-4.055699999999999861e+00
-3.967200000000000060e+00
-4.008600000000000385e+00
-4.144700000000000273e+00
-4.401699999999999946e+00
-4.791400000000000325e+00
-5.208099999999999952e+00
-5.661500000000000199e+00
-6.174999999999999822e+00
-6.628800000000000026e+00
-6.930399999999999672e+00
-7.090399999999999814e+00
-7.140900000000000247e+00
-6.978299999999999947e+00
-6.562800000000000189e+00
-6.017500000000000071e+00
-5.394300000000000317e+00
-4.695299999999999585e+00
-4.002600000000000158e+00
-3.379799999999999915e+00
-2.784199999999999786e+00
-2.118799999999999795e+00
-1.426099999999999923e+00
-8.190399999999999903e-01
-2.350399999999999989e-01
4.022800000000000264e-01
9.781400000000000095e-01
1.441300000000000026e+00
1.821800000000000086e+00
2.160000000000000142e+00
2.537199999999999900e+00
3.004500000000000171e+00
3.549100000000000144e+00
4.130499999999999616e+00
4.674500000000000099e+00
5.062500000000000000e+00
5.190000000000000391e+00
5.113199999999999967e+00
4.964500000000000135e+00
4.795399999999999885e+00
4.562800000000000189e+00
4.316699999999999982e+00
4.094100000000000072e+00
3.843199999999999950e+00
3.594599999999999795e+00
3.318999999999999950e+00
2.930600000000000094e+00
2.485100000000000087e+00
2.048599999999999977e+00
1.682700000000000085e+00
1.383999999999999897e+00
1.134800000000000031e+00
9.495299999999998741e-01
7.814600000000000435e-01
5.806899999999999284e-01
3.417300000000000337e-01
8.374299999999999800e-02
-1.385000000000000120e-01
-3.197999999999999732e-01
-4.267899999999999472e-01
-4.011899999999999911e-01
-2.575100000000000167e-01
-4.200699999999999920e-03
3.154300000000000437e-01
7.201199999999999823e-01
1.357799999999999896e+00
2.112899999999999778e+00
2.741699999999999804e+00
3.154100000000000126e+00
3.431599999999999984e+00
3.672899999999999832e+00
3.799799999999999844e+00
3.728499999999999925e+00
3.515800000000000036e+00
3.211899999999999977e+00
2.785499999999999865e+00
2.258199999999999985e+00
1.696900000000000075e+00
1.102500000000000036e+00
4.953299999999999925e-01
-9.827299999999999924e-02
-6.553999999999999826e-01
-1.176900000000000057e+00
-1.683100000000000041e+00
-2.144099999999999895e+00
-2.491499999999999826e+00
-2.718100000000000183e+00
-2.788100000000000023e+00
-2.619200000000000195e+00
-2.234300000000000175e+00
-1.675000000000000044e+00
-1.043299999999999894e+00
-5.490699999999999470e-01
-2.091599999999999848e-01
2.630599999999999952e-02
1.550700000000000134e-01
1.686499999999999944e-01
1.119400000000000117e-01
1.456699999999999835e-02
-6.008200000000000346e-02
-1.414199999999999832e-02
1.030900000000000150e-01
2.633800000000000030e-01
4.374699999999999700e-01
6.031800000000000495e-01
8.345799999999998775e-01
1.052400000000000002e+00
1.192600000000000104e+00
1.195400000000000018e+00
1.064599999999999991e+00
8.766899999999999693e-01
6.516399999999999970e-01
4.294100000000000139e-01
2.580899999999999861e-01
1.865300000000000014e-01
1.939400000000000013e-01
2.185800000000000243e-01
2.760000000000000231e-01
3.550599999999999867e-01
4.199899999999999745e-01
4.654200000000000004e-01
4.605399999999999494e-01
3.857300000000000173e-01
1.956499999999999906e-01
-1.435400000000000009e-01
-5.230500000000000149e-01
-9.137299999999999311e-01
-1.333299999999999930e+00
-1.713500000000000023e+00
-2.001500000000000057e+00
-2.250999999999999890e+00
-2.400500000000000078e+00
-2.323100000000000165e+00
-2.098199999999999843e+00
-1.781500000000000083e+00
-1.327900000000000080e+00
-7.119199999999999973e-01
-8.407799999999999996e-02
4.945499999999999896e-01
1.145100000000000007e+00
1.775800000000000045e+00
2.359199999999999964e+00
2.874000000000000110e+00
3.236800000000000122e+00
3.455099999999999838e+00
3.467099999999999849e+00
3.289400000000000102e+00
3.066399999999999793e+00
2.792199999999999793e+00
2.407599999999999962e+00
1.923999999999999932e+00
1.352300000000000058e+00
7.382499999999999618e-01
1.697200000000000097e-01
-3.641699999999999937e-01
-8.563200000000000811e-01
-1.198399999999999910e+00
-1.403599999999999959e+00
-1.522599999999999953e+00
-1.530399999999999983e+00
-1.426500000000000101e+00
-1.200800000000000090e+00
-8.477600000000000691e-01
-3.600200000000000067e-01
2.398399999999999976e-01
9.214200000000001278e-01
1.632300000000000084e+00
2.299399999999999888e+00
2.918400000000000105e+00
3.501900000000000013e+00
4.016300000000000203e+00
4.413299999999999557e+00
4.621999999999999886e+00
4.614399999999999835e+00
4.393900000000000361e+00
3.988599999999999923e+00
3.445399999999999796e+00
2.802999999999999936e+00
2.149300000000000210e+00
1.538799999999999946e+00
9.073299999999999699e-01
2.812500000000000000e-01
-4.114600000000000479e-01
-1.188499999999999890e+00
-1.832500000000000018e+00
-2.310599999999999987e+00
-2.674300000000000122e+00
-2.894899999999999807e+00
-2.976399999999999935e+00
-2.909100000000000019e+00
-2.698199999999999932e+00
-2.402699999999999836e+00
-2.067200000000000149e+00
-1.640400000000000080e+00
-1.098000000000000087e+00
-5.329500000000000348e-01
-7.752100000000000657e-02
2.832699999999999663e-01
5.996199999999999308e-01
8.558399999999999341e-01
1.042599999999999971e+00
1.163499999999999979e+00
1.208599999999999897e+00
1.208599999999999897e+00
1.150600000000000067e+00
9.747000000000000108e-01
7.478600000000000803e-01
5.348100000000000076e-01
3.572400000000000020e-01
1.770700000000000052e-01
-5.786900000000000377e-02
-2.093599999999999905e-01
-2.801400000000000001e-01
-3.675900000000000278e-01
-3.905800000000000383e-01
-3.402699999999999614e-01
-2.750599999999999712e-01
-2.071699999999999930e-01
-1.764400000000000135e-01
-8.459099999999999953e-02
6.700499999999999512e-02
1.943000000000000005e-01
3.082099999999999840e-01
4.130300000000000082e-01
5.065399999999999903e-01
5.952899999999999858e-01
6.897699999999999942e-01
8.067400000000000126e-01
9.479400000000000048e-01
1.085399999999999920e+00
1.245700000000000029e+00
1.471700000000000008e+00
1.656600000000000072e+00
1.821099999999999941e+00
2.068400000000000016e+00
2.358900000000000219e+00
2.650700000000000056e+00
2.937600000000000211e+00
3.202799999999999869e+00
3.436799999999999855e+00
3.622199999999999864e+00
3.775700000000000056e+00
3.903200000000000003e+00
3.963099999999999845e+00
3.922299999999999898e+00
3.791199999999999903e+00
3.586599999999999788e+00
3.387700000000000156e+00
3.137799999999999923e+00
2.724800000000000111e+00
2.275599999999999845e+00
1.836899999999999977e+00
1.394600000000000062e+00
9.799899999999999167e-01
5.684100000000000819e-01
2.139500000000000013e-01
-8.336699999999999666e-02
-3.475400000000000156e-01
-5.307500000000000551e-01
-6.143899999999999917e-01
-6.165500000000000425e-01
-5.049700000000000299e-01
-3.005099999999999993e-01
-4.705399999999999860e-02
2.437999999999999889e-01
5.347800000000000331e-01
8.328200000000001157e-01
1.125099999999999989e+00
1.344899999999999984e+00
1.477999999999999980e+00
1.522999999999999909e+00
1.459400000000000031e+00
1.305600000000000094e+00
1.063800000000000079e+00
7.368000000000000105e-01
3.440799999999999970e-01
-1.328999999999999904e-01
-6.558300000000000241e-01
-1.183000000000000052e+00
-1.698700000000000099e+00
-2.181500000000000217e+00
-2.602300000000000058e+00
-2.949300000000000033e+00
-3.206700000000000106e+00
-3.375599999999999934e+00
-3.450699999999999878e+00
-3.415599999999999969e+00
-3.313099999999999934e+00
-3.169900000000000162e+00
-2.908300000000000107e+00
-2.588499999999999801e+00
-2.303599999999999870e+00
-1.957799999999999985e+00
-1.551099999999999923e+00
-1.194299999999999917e+00
-8.939700000000000424e-01
-6.457699999999999552e-01
-4.500800000000000356e-01
-3.025400000000000311e-01
-2.083399999999999974e-01
-1.832000000000000017e-01
-2.323599999999999832e-01
-3.386500000000000066e-01
-4.673999999999999821e-01
-5.972100000000000186e-01
-7.238200000000000189e-01
-8.586500000000000243e-01
-9.879100000000000659e-01
-1.101499999999999924e+00
-1.183100000000000041e+00
-1.217100000000000071e+00
-1.201000000000000068e+00
-1.144400000000000084e+00
-1.044000000000000039e+00
-9.052299999999999791e-01
-7.344399999999999817e-01
-5.339399999999999702e-01
-3.090300000000000269e-01
-8.187600000000000433e-02
1.259200000000000041e-01
2.950699999999999990e-01
4.216799999999999993e-01
5.038799999999999946e-01
5.392799999999999816e-01
5.251000000000000112e-01
4.758800000000000252e-01
3.867400000000000282e-01
2.646699999999999608e-01
1.345599999999999852e-01
6.930899999999999388e-03
-1.000500000000000000e-01
-1.682200000000000084e-01
-1.917000000000000093e-01
-1.673699999999999910e-01
-1.181599999999999873e-01
-4.376900000000000235e-02
5.621599999999999514e-02
1.699900000000000022e-01
2.831500000000000128e-01
3.816300000000000248e-01
4.510100000000000220e-01
4.856500000000000261e-01
4.752300000000000413e-01
4.156100000000000350e-01
3.034300000000000330e-01
1.463000000000000134e-01
-5.160499999999999809e-02
-2.902000000000000135e-01
-5.483299999999999841e-01
-8.060199999999999587e-01
-1.066300000000000026e+00
-1.302899999999999947e+00
-1.513200000000000101e+00
-1.690700000000000092e+00
-1.821399999999999908e+00
-1.900099999999999900e+00
-1.922400000000000109e+00
-1.884800000000000031e+00
-1.791700000000000070e+00
-1.645499999999999963e+00
-1.454399999999999915e+00
-1.225000000000000089e+00
-9.697299999999999809e-01
-7.023699999999999388e-01
-4.416199999999999570e-01
-1.988400000000000167e-01
1.414099999999999906e-02
1.818700000000000039e-01
2.758400000000000296e-01
2.751300000000000412e-01
1.829999999999999960e-01
2.679800000000000237e-02
-1.817999999999999894e-01
-4.441399999999999793e-01
-7.640700000000000269e-01
-1.126900000000000013e+00
-1.510299999999999976e+00
-1.889499999999999957e+00
-2.247700000000000031e+00
-2.564999999999999947e+00
-2.824500000000000011e+00
-3.008500000000000174e+00
-3.107600000000000140e+00
-3.113700000000000134e+00
-3.026499999999999968e+00
-2.846799999999999997e+00
-2.583499999999999908e+00
-2.246399999999999952e+00
-1.852300000000000058e+00
-1.417200000000000015e+00
-9.621700000000000808e-01
-5.060100000000000708e-01
-7.049099999999999810e-02
3.269900000000000029e-01
6.678100000000000147e-01
9.393899999999999473e-01
1.129499999999999948e+00
1.233000000000000096e+00
1.245999999999999996e+00
1.172400000000000109e+00
1.016999999999999904e+00
7.922600000000000753e-01
5.102600000000000469e-01
1.894299999999999873e-01
-1.535799999999999943e-01
-4.984399999999999387e-01
-8.280200000000000893e-01
-1.124400000000000066e+00
-1.374500000000000055e+00
-1.566400000000000015e+00
-1.693899999999999961e+00
-1.752699999999999925e+00
-1.744899999999999896e+00
-1.673000000000000043e+00
-1.545800000000000063e+00
-1.371199999999999974e+00
-1.161799999999999944e+00
-9.286200000000001120e-01
-6.855799999999999672e-01
-4.437899999999999623e-01
-2.167800000000000282e-01
-1.417799999999999963e-02
1.526399999999999979e-01
2.766399999999999970e-01
3.496099999999999763e-01
3.682500000000000218e-01
3.284900000000000042e-01
2.315900000000000181e-01
7.868700000000000694e-02
-1.237200000000000105e-01
-3.693699999999999761e-01
-6.467300000000000271e-01
-9.452399999999999691e-01
-1.250099999999999989e+00
-1.548699999999999966e+00
-1.825900000000000079e+00
-2.070399999999999796e+00
-2.270399999999999974e+00
-2.419099999999999806e+00
-2.510800000000000143e+00
-2.546100000000000030e+00
-2.526100000000000012e+00
-2.458800000000000097e+00
-2.351599999999999913e+00
-2.217099999999999849e+00
-2.065999999999999837e+00
-1.911799999999999944e+00
-1.764299999999999979e+00
-1.634200000000000097e+00
-1.526999999999999913e+00
-1.447799999999999976e+00
-1.396300000000000097e+00
-1.372200000000000086e+00
-1.370100000000000096e+00
-1.385899999999999910e+00
-1.411999999999999922e+00
-1.443200000000000038e+00
-1.472299999999999942e+00
-1.496199999999999974e+00
-1.509900000000000020e+00
-1.513600000000000056e+00
-1.505500000000000060e+00
-1.488499999999999934e+00
-1.463300000000000045e+00
-1.434199999999999919e+00
-1.402400000000000091e+00
-1.371899999999999897e+00
-1.343099999999999961e+00
-1.318500000000000005e+00
-1.296599999999999975e+00
-1.278000000000000025e+00
-1.259800000000000031e+00
-1.241800000000000015e+00
-1.220499999999999918e+00
-1.195899999999999963e+00
-1.165200000000000014e+00
-1.129599999999999937e+00
-1.087900000000000089e+00
-1.042699999999999960e+00
-9.938000000000000167e-01
-9.444899999999999407e-01
-8.948200000000000598e-01
-8.471799999999999331e-01
-8.006699999999999928e-01
-7.561200000000000143e-01
-7.108499999999999819e-01
-6.643999999999999906e-01
-6.128100000000000769e-01
-5.550599999999999978e-01
-4.876300000000000079e-01
-4.109100000000000530e-01
-3.236800000000000233e-01
-2.285199999999999732e-01
-1.274700000000000000e-01
-2.608500000000000055e-02
7.150299999999999712e-02
1.580300000000000038e-01
2.288900000000000101e-01
2.777000000000000024e-01
3.020900000000000252e-01
2.989499999999999935e-01
2.700800000000000423e-01
2.168599999999999972e-01
1.455200000000000105e-01
6.152599999999999736e-02
-2.606400000000000036e-02
-1.103400000000000075e-01
-1.823400000000000021e-01
-2.369999999999999885e-01
-2.687400000000000344e-01
-2.768700000000000050e-01
-2.609199999999999853e-01
-2.255099999999999882e-01
-1.747100000000000042e-01
-1.166400000000000076e-01
-5.742400000000000282e-02
-5.444899999999999914e-03
3.451399999999999607e-02
5.704199999999999549e-02
6.153899999999999648e-02
4.731899999999999995e-02
1.869499999999999981e-02
-2.086700000000000013e-02
-6.402900000000000258e-02
-1.055900000000000033e-01
-1.380900000000000183e-01
-1.579299999999999871e-01
-1.605400000000000160e-01
-1.459900000000000087e-01
-1.140499999999999986e-01
-6.891500000000000403e-02
-1.388799999999999930e-02
4.420099999999999724e-02
1.009899999999999964e-01
1.496399999999999952e-01
1.870600000000000041e-01
2.090400000000000036e-01
2.156199999999999783e-01
2.061599999999999822e-01
1.842000000000000026e-01
1.521500000000000075e-01
1.157599999999999879e-01
7.867200000000000581e-02
4.673899999999999583e-02
2.273999999999999980e-02
1.080400000000000110e-02
1.124999999999999958e-02
2.548399999999999971e-02
5.119399999999999645e-02
8.737000000000000322e-02
1.299099999999999977e-01
1.769199999999999939e-01
2.241499999999999881e-01
2.702800000000000202e-01
3.124699999999999700e-01
3.511799999999999922e-01
3.854899999999999993e-01
4.174300000000000233e-01
4.473300000000000054e-01
4.778800000000000270e-01
5.092499999999999805e-01
5.431799999999999962e-01
5.782699999999999507e-01
6.145300000000000207e-01
6.486399999999999944e-01
6.790000000000000480e-01
7.013099999999999890e-01
7.138100000000000556e-01
7.129300000000000637e-01
6.986299999999999732e-01
6.699100000000000055e-01
6.297599999999999865e-01
5.803199999999999470e-01
5.275900000000000034e-01
4.761199999999999877e-01
4.332399999999999585e-01
4.037800000000000278e-01
3.941300000000000359e-01
4.068599999999999994e-01
4.449399999999999467e-01
5.068500000000000227e-01
5.912100000000000133e-01
6.922399999999999665e-01
8.045700000000000074e-01
9.195600000000000440e-01
1.030299999999999994e+00
1.127899999999999903e+00
1.206700000000000106e+00
1.260499999999999954e+00
1.287500000000000089e+00
1.285900000000000043e+00
1.258399999999999963e+00
1.207899999999999974e+00
1.140900000000000025e+00
1.062699999999999978e+00
9.811299999999999466e-01
9.018000000000000460e-01
8.311799999999999189e-01
7.723499999999999810e-01
7.288700000000000179e-01
7.004899999999999460e-01
6.874600000000000710e-01
6.868600000000000261e-01
6.971300000000000274e-01
7.141699999999999715e-01
7.362300000000000511e-01
7.598399999999999599e-01
7.843600000000000572e-01
8.076699999999999990e-01
8.304000000000000270e-01
8.516600000000000836e-01
8.726599999999999913e-01
8.926899999999999835e-01
9.127999999999999448e-01
9.317299999999999471e-01
9.495799999999999796e-01
9.643500000000000405e-01
9.754299999999999082e-01
9.803399999999999892e-01
9.787500000000000089e-01
9.685700000000000420e-01
9.502200000000000646e-01
9.228399999999999936e-01
8.883700000000001040e-01
8.472499999999999476e-01
8.026499999999999746e-01
7.561399999999999233e-01
7.113000000000000433e-01
6.694700000000000095e-01
6.336000000000000520e-01
6.038899999999999268e-01
5.817200000000000149e-01
5.651500000000000412e-01
5.537699999999999845e-01
5.441500000000000226e-01
5.345199999999999951e-01
5.210399999999999476e-01
5.019899999999999363e-01
4.745699999999999918e-01
4.385800000000000254e-01
3.932900000000000285e-01
3.407499999999999973e-01
2.822100000000000164e-01
2.215499999999999969e-01
1.610800000000000010e-01
1.050299999999999984e-01
5.522500000000000325e-02
1.473600000000000083e-02
-1.650399999999999784e-02
-3.771000000000000046e-02
-5.120199999999999751e-02
-5.839299999999999352e-02
-6.349199999999999289e-02
-6.923999999999999599e-02
-8.028500000000000913e-02
-9.939099999999999324e-02
-1.303999999999999881e-01
-1.744199999999999917e-01
-2.335599999999999898e-01
-3.066900000000000182e-01
-3.935000000000000164e-01
-4.907500000000000195e-01
-5.962100000000000177e-01
-7.052199999999999580e-01
-8.144000000000000128e-01
-9.186200000000001031e-01
-1.014599999999999946e+00
-1.097800000000000109e+00
-1.166099999999999914e+00
-1.216099999999999959e+00
-1.247400000000000064e+00
-1.257700000000000040e+00
-1.247999999999999998e+00
-1.217899999999999983e+00
-1.169000000000000039e+00
-1.101900000000000102e+00
-1.019099999999999895e+00
-9.219799999999999107e-01
-8.136700000000000044e-01
-6.960800000000000320e-01
-5.730399999999999938e-01
-4.470199999999999729e-01
-3.222499999999999809e-01
-2.013999999999999957e-01
-8.867099999999999982e-02
1.359099999999999892e-02
1.019700000000000051e-01
1.754099999999999826e-01
2.321400000000000130e-01
2.729599999999999804e-01
2.981099999999999861e-01
3.104999999999999982e-01
3.124800000000000355e-01
3.086200000000000054e-01
3.022000000000000242e-01
2.984100000000000086e-01
3.005999999999999783e-01
3.129099999999999659e-01
3.371099999999999652e-01
3.752800000000000025e-01
4.268199999999999772e-01
4.910300000000000220e-01
5.644500000000000073e-01
6.443200000000000038e-01
7.254800000000000137e-01
8.040599999999999969e-01
8.746099999999999985e-01
9.339499999999999469e-01
9.782700000000000840e-01
1.006399999999999961e+00
1.016999999999999904e+00
1.011600000000000055e+00
9.912200000000001010e-01
9.594299999999998940e-01
9.185999999999999721e-01
8.727899999999999547e-01
8.243700000000000472e-01
7.765699999999999825e-01
7.305500000000000327e-01
6.882199999999999429e-01
6.491700000000000248e-01
6.141900000000000137e-01
5.821100000000000163e-01
5.531800000000000050e-01
5.262600000000000611e-01
5.019500000000000073e-01
4.793499999999999983e-01
4.593600000000000461e-01
4.412600000000000411e-01
4.256499999999999728e-01
4.111399999999999499e-01
3.971100000000000185e-01
3.810600000000000098e-01
3.612000000000000210e-01
3.338999999999999746e-01
2.969199999999999617e-01
2.469199999999999728e-01
1.827199999999999935e-01
1.027700000000000002e-01
8.532600000000001295e-03
-9.823800000000000587e-02
-2.128099999999999992e-01
-3.303699999999999970e-01
-4.436199999999999588e-01
-5.461500000000000243e-01
-6.303900000000000059e-01
-6.910699999999999621e-01
-7.228999999999999870e-01
-7.241600000000000259e-01
-6.937800000000000633e-01
-6.348199999999999399e-01
-5.508199999999999763e-01
-4.486199999999999632e-01
-3.348599999999999910e-01
-2.180800000000000238e-01
-1.051699999999999996e-01
-3.606100000000000104e-03
8.186200000000000421e-02
1.465700000000000058e-01
1.892900000000000138e-01
2.086599999999999844e-01
2.061800000000000299e-01
1.829400000000000193e-01
1.418999999999999984e-01
8.510099999999999609e-02
1.577100000000000030e-02
-6.422699999999999243e-02
-1.517199999999999938e-01
-2.449099999999999888e-01
-3.404499999999999749e-01
-4.358500000000000152e-01
-5.265600000000000280e-01
-6.089100000000000623e-01
-6.771599999999999842e-01
-7.265300000000000091e-01
-7.511200000000000099e-01
-7.469200000000000284e-01
-7.094899999999999540e-01
-6.373199999999999976e-01
-5.300799999999999956e-01
-3.903499999999999748e-01
-2.222300000000000109e-01
-3.321299999999999947e-02
1.686799999999999966e-01
3.727500000000000258e-01
5.694000000000000172e-01
7.477800000000000002e-01
8.995600000000000263e-01
1.016599999999999948e+00
