-1.110500000000000043e+01
-5.866500000000000270e+00
-2.523899999999999810e+00
-1.249900000000000011e+00
-3.500199999999999978e-01
-2.097100000000000186e+00
-3.242799999999999905e+00
-8.753900000000000015e-01
8.718000000000000194e-01
-5.751399999999999846e-01
6.524899999999999700e+00
1.312200000000000033e+00
-1.777299999999999969e+01
-1.688799999999999812e+01
2.162500000000000089e+00
2.587400000000000233e+01
1.885599999999999810e+01
6.257799999999999585e+00
1.802499999999999858e+01
7.744200000000000195e+00
-1.122499999999999964e+01
1.954399999999999915e+00
1.476700000000000124e+01
-1.386700000000000088e+01
-4.940200000000000102e+01
-3.741400000000000148e+01
2.345400000000000063e+01
2.413599999999999923e+01
-8.598599999999999355e+00
3.486699999999999910e+00
3.072699999999999676e+01
1.933599999999999852e+01
-6.242499999999999716e+00
-9.405200000000000227e-01
2.491000000000000014e+01
2.729899999999999949e+01
6.637800000000000367e+00
-1.525000000000000000e+01
-3.662699999999999534e+01
-6.023100000000000165e+01
-6.917499999999999716e+01
-2.171800000000000352e+01
3.658299999999999841e+01
2.685999999999999943e+01
-3.692099999999999937e+01
-1.443500000000000050e+01
5.357399999999999807e+01
6.880599999999999739e+01
3.928699999999999903e+01
9.906200000000000561e-01
-8.315400000000000347e+00
7.685599999999999987e+00
1.273499999999999943e+01
-8.037000000000000810e+00
-3.111300000000000310e+01
-4.385300000000000153e+01
-6.527500000000000568e+01
-7.681499999999999773e+01
-5.227799999999999869e+01
-6.928200000000000358e+00
1.758299999999999841e+01
3.241499999999999915e+01
1.238099999999999845e+01
2.720899999999999963e+01
6.064600000000000080e+01
1.085900000000000176e+01
-4.750199999999999534e+01
-5.460300000000000153e+01
-2.603599999999999781e+01
-3.673100000000000165e+01
-6.420699999999999363e+01
-5.577000000000000313e+01
-6.600799999999999557e+00
9.281499999999999417e+00
1.770899999999999919e+00
3.156500000000000128e+01
3.131900000000000261e+01
-2.098099999999999810e+01
-5.744899999999999807e+01
-2.056800000000000139e+01
-2.246900000000000119e+01
-4.920199999999999818e+01
-4.119399999999999551e+01
-2.179500000000000171e+01
-2.102400000000000091e+01
-4.183200000000000074e+01
-3.377599999999999625e+01
-1.822799999999999798e+01
2.390599999999999881e+01
2.272699999999999676e+01
2.033999999999999986e+01
4.894399999999999551e+01
6.883499999999999375e+01
-3.966900000000000404e+01
-7.652299999999999613e+01
-3.316700000000000159e+01
-3.321099999999999852e+01
1.765299999999999869e+01
3.761199999999999477e+01
3.699499999999999744e+01
1.041000000000000014e+01
-2.752800000000000225e+01
-4.813499999999999801e+01
5.737400000000000055e+00
3.612500000000000000e+01
9.927099999999999369e+00
-6.964199999999999591e+01
-5.176800000000000068e+01
2.277599999999999980e+01
-1.501500000000000057e+01
-9.066899999999999693e+01
-2.631599999999999895e+01
2.540800000000000125e+01
-9.425700000000000855e+00
-4.225500000000000256e+01
-3.172699999999999676e+01
3.768199999999999505e+01
5.445699999999999985e-01
-2.984699999999999775e+01
1.361200000000000010e+01
1.358599999999999852e+01
-1.196000000000000085e+01
-2.333800000000000097e+01
-2.035800000000000054e+01
-3.887500000000000000e+01
-7.443000000000000682e+01
-1.042800000000000011e+02
-2.301500000000000057e+01
8.721999999999999886e+01
5.966100000000000136e+01
-2.093799999999999883e+00
-2.525400000000000134e+01
-2.428900000000000148e+01
-1.421000000000000085e+01
1.403800000000000026e+01
1.401400000000000112e+01
4.155100000000000193e+01
8.993399999999999750e+01
1.030300000000000011e+02
2.110500000000000043e+01
-4.114999999999999858e+01
-8.308299999999999841e+01
-8.021600000000000819e+01
-4.611399999999999721e+01
-3.077800000000000225e+01
-1.772299999999999898e+01
-3.706700000000000017e+01
-3.451800000000000068e+01
6.123899999999999899e-01
1.379599999999999937e+01
-1.941300000000000026e+01
1.597599999999999909e+01
3.658599999999999852e+01
1.245700000000000074e+01
1.333699999999999974e+01
3.378600000000000136e+01
5.213899999999999579e+01
9.626799999999998647e+01
1.126800000000000068e+02
1.115499999999999972e+02
1.251400000000000006e+02
1.602100000000000080e+02
2.307199999999999989e+02
2.855899999999999750e+02
3.304100000000000250e+02
3.626000000000000227e+02
3.603899999999999864e+02
3.255000000000000000e+02
2.599900000000000091e+02
1.754199999999999875e+02
8.412399999999999523e+01
1.782600000000000051e+01
4.878800000000000026e+00
3.740299999999999958e+00
-8.556300000000000239e+00
-4.186800000000000210e+01
-7.325700000000000500e+01
-9.866299999999999670e+01
-9.367100000000000648e+01
-4.947699999999999676e+01
2.740699999999999648e+01
1.327700000000000102e+02
2.423400000000000034e+02
3.838700000000000045e+02
5.416299999999999955e+02
6.206399999999999864e+02
4.510199999999999818e+02
2.385200000000000102e+02
1.446500000000000057e+02
1.074899999999999949e+02
1.175300000000000011e+02
1.163900000000000006e+02
1.313199999999999932e+02
1.707100000000000080e+02
2.032400000000000091e+02
2.425999999999999943e+02
1.164300000000000068e+02
-1.623799999999999955e+02
-2.130300000000000011e+02
-1.829900000000000091e+02
-1.624199999999999875e+02
-2.296100000000000136e+02
-4.401700000000000159e+02
-7.220900000000000318e+02
-9.087000000000000455e+02
-9.030700000000000500e+02
-7.424400000000000546e+02
-5.697200000000000273e+02
-5.323999999999999773e+02
-3.557799999999999727e+02
-2.502299999999999898e+02
-1.001899999999999977e+02
4.954699999999999704e+01
5.548699999999999477e+01
5.637100000000000222e+01
5.765100000000000335e+01
5.640600000000000591e+01
-1.022300000000000040e+02
-1.704799999999999898e+02
-1.137900000000000063e+02
-7.522899999999999920e+01
-1.669399999999999977e+02
-3.760299999999999727e+02
-4.779700000000000273e+02
-3.878500000000000227e+02
-2.281599999999999966e+02
-1.092000000000000028e+02
7.884999999999999432e+01
2.266500000000000057e+02
2.997900000000000205e+02
3.211600000000000250e+02
2.886200000000000045e+02
2.459499999999999886e+02
1.752899999999999920e+02
1.512800000000000011e+02
3.816199999999999903e+01
-1.574499999999999886e+02
-2.312700000000000102e+02
-1.948499999999999943e+02
-1.019000000000000057e+02
-1.237400000000000055e+01
-2.867500000000000071e+01
-1.272900000000000063e+02
-1.536399999999999864e+02
-1.265699999999999932e+02
-1.089200000000000017e+02
-1.212099999999999937e+02
-1.408600000000000136e+02
-1.163199999999999932e+02
-7.545600000000000307e+01
-4.828100000000000591e+01
-9.587700000000000955e+01
-2.306999999999999886e+02
-4.130099999999999909e+02
-4.836499999999999773e+02
-2.876899999999999977e+02
-6.357699999999999818e+01
9.979200000000000159e+01
1.815500000000000114e+02
1.853700000000000045e+02
1.630200000000000102e+02
1.696399999999999864e+02
2.059499999999999886e+02
1.755099999999999909e+02
1.480800000000000125e+02
1.531500000000000057e+02
1.440000000000000000e+02
1.260000000000000000e+02
1.140400000000000063e+02
9.608200000000000784e+01
7.646699999999999875e+01
3.498100000000000165e+01
5.050899999999999324e+01
1.685600000000000023e+02
2.754900000000000091e+02
3.202799999999999727e+02
3.595400000000000205e+02
3.725199999999999818e+02
1.774000000000000057e+02
-8.627399999999999736e+00
-5.462199999999999989e+01
-4.903199999999999648e+01
9.482200000000000628e+00
8.222200000000000841e+01
1.661599999999999966e+02
1.718400000000000034e+02
1.250999999999999943e+02
3.106199999999999761e+01
-1.912900000000000134e+01
-3.365699999999999648e+01
2.146599999999999753e+01
1.167600000000000051e+02
1.566299999999999955e+02
1.658100000000000023e+02
1.392899999999999920e+02
1.037900000000000063e+02
5.431899999999999551e+01
3.039199999999999946e+01
3.986199999999999477e+01
5.078100000000000591e+01
2.467099999999999937e+01
3.938499999999999890e+00
2.581599999999999895e+01
7.745799999999999841e+01
1.309399999999999977e+02
1.789199999999999875e+02
2.212400000000000091e+02
2.496100000000000136e+02
2.650799999999999841e+02
2.385200000000000102e+02
1.641899999999999977e+02
1.066800000000000068e+02
8.964700000000000557e+01
1.639600000000000080e+02
2.796600000000000250e+02
3.504499999999999886e+02
4.048199999999999932e+02
4.406299999999999955e+02
4.698600000000000136e+02
4.703500000000000227e+02
4.622500000000000000e+02
4.081600000000000250e+02
2.726299999999999955e+02
1.160000000000000000e+02
-3.379099999999999682e+01
-1.649399999999999977e+02
-2.808799999999999955e+02
-3.447400000000000091e+02
-3.888000000000000114e+02
-4.374700000000000273e+02
-5.199299999999999500e+02
-5.918899999999999864e+02
-6.061900000000000546e+02
-5.687500000000000000e+02
-4.538100000000000023e+02
-3.513500000000000227e+02
-3.467400000000000091e+02
-3.926499999999999773e+02
-3.939499999999999886e+02
-3.665299999999999727e+02
-3.680799999999999841e+02
-4.392799999999999727e+02
-5.013799999999999955e+02
-4.472500000000000000e+02
-2.675299999999999727e+02
-7.708100000000000307e+01
2.747699999999999676e+01
5.146199999999999619e+01
3.971800000000000352e+01
-3.026199999999999779e+00
-7.265500000000000114e+01
-1.147699999999999960e+02
-1.063499999999999943e+02
-3.351699999999999591e+01
4.023499999999999943e+01
6.308100000000000307e+01
4.903100000000000591e+01
-6.639599999999999724e+00
-8.426100000000000989e+01
-1.362899999999999920e+02
-1.474600000000000080e+02
-1.063900000000000006e+02
-4.253499999999999659e+01
-1.009700000000000131e+01
-1.258499999999999952e+00
3.768900000000000006e+01
9.465700000000001069e+01
1.298100000000000023e+02
1.341999999999999886e+02
1.206200000000000045e+02
4.744800000000000040e+01
-8.086199999999999477e+01
-1.564499999999999886e+02
-1.882800000000000011e+02
-1.635300000000000011e+02
-9.779600000000000648e+01
-2.275499999999999901e+01
7.547299999999999898e+01
1.707400000000000091e+02
2.484199999999999875e+02
3.084200000000000159e+02
3.576399999999999864e+02
4.070899999999999750e+02
4.360500000000000114e+02
4.628600000000000136e+02
4.006000000000000227e+02
1.585500000000000114e+02
-8.358700000000000330e+01
-2.167400000000000091e+02
-2.522400000000000091e+02
-1.847700000000000102e+02
-4.843699999999999761e+01
6.955800000000000693e+01
1.364799999999999898e+02
1.576899999999999977e+02
1.023299999999999983e+02
3.532000000000000028e+01
2.604300000000000281e+01
4.326800000000000068e+01
7.520799999999999841e+01
9.024799999999999045e+01
7.975399999999999068e+01
5.443999999999999773e+01
2.510199999999999676e+01
-1.178099999999999881e+01
-3.395499999999999829e+01
-2.526500000000000057e+01
7.925900000000000034e+01
2.360999999999999943e+02
3.125600000000000023e+02
3.341999999999999886e+02
3.237099999999999795e+02
2.946100000000000136e+02
2.612799999999999727e+02
2.292599999999999909e+02
1.821999999999999886e+02
9.927600000000001046e+01
2.759199999999999875e+00
-8.836399999999999011e+01
-1.521299999999999955e+02
-1.808400000000000034e+02
-1.941899999999999977e+02
-2.139099999999999966e+02
-2.270399999999999920e+02
-1.887500000000000000e+02
-1.215300000000000011e+02
-8.896700000000001296e+01
-9.656200000000001182e+01
-1.105199999999999960e+02
-1.292599999999999909e+02
-1.505000000000000000e+02
-1.730399999999999920e+02
-2.181800000000000068e+02
-2.675600000000000023e+02
-3.024399999999999977e+02
-2.842699999999999818e+02
-2.282599999999999909e+02
-1.733799999999999955e+02
-1.220000000000000000e+02
-8.830299999999999727e+01
-5.634899999999999665e+01
-5.215600000000000591e+01
-7.889199999999999591e+01
-9.709499999999999886e+01
-8.907500000000000284e+01
-5.813100000000000023e+01
-1.694900000000000162e+01
3.006199999999999761e+01
8.422499999999999432e+01
1.420800000000000125e+02
1.895900000000000034e+02
2.310900000000000034e+02
2.517899999999999920e+02
2.316299999999999955e+02
1.612599999999999909e+02
3.792999999999999972e+01
-8.809600000000000364e+01
-1.543899999999999864e+02
-1.925099999999999909e+02
-2.304699999999999989e+02
-2.581000000000000227e+02
-2.636800000000000068e+02
-2.471899999999999977e+02
-2.094199999999999875e+02
-1.489600000000000080e+02
-7.105100000000000193e+01
2.645499999999999829e+01
7.835699999999999932e+01
9.049500000000000455e+01
9.125700000000000500e+01
9.552299999999999613e+01
1.161200000000000045e+02
1.471500000000000057e+02
1.702400000000000091e+02
1.611100000000000136e+02
1.313100000000000023e+02
1.170900000000000034e+02
1.140400000000000063e+02
9.680400000000000205e+01
8.730200000000000671e+01
9.374899999999999523e+01
9.084799999999999898e+01
6.440399999999999636e+01
1.870200000000000173e+01
-3.389099999999999824e+01
-7.476300000000000523e+01
-8.328700000000000614e+01
-4.513899999999999579e+01
4.033999999999999808e+00
2.393099999999999739e+01
1.271700000000000053e+01
1.106599999999999895e+01
2.911100000000000065e+01
5.237500000000000000e+01
6.841100000000000136e+01
7.043800000000000239e+01
5.753100000000000591e+01
3.824199999999999733e+01
2.969400000000000261e+01
3.396900000000000119e+01
3.970100000000000051e+01
5.437300000000000466e+01
8.662200000000001410e+01
1.143499999999999943e+02
1.277000000000000028e+02
1.269099999999999966e+02
1.100699999999999932e+02
6.837399999999999523e+01
1.503200000000000003e+01
-4.410899999999999466e+01
-1.073799999999999955e+02
-1.574099999999999966e+02
-1.810500000000000114e+02
-1.744600000000000080e+02
-1.524199999999999875e+02
-1.213100000000000023e+02
-9.162799999999998590e+01
-5.173600000000000421e+01
8.234899999999999665e+00
5.785999999999999943e+01
5.735199999999999676e+01
2.294199999999999662e+01
2.206999999999999851e+00
-6.155400000000000205e+00
-1.567900000000000027e+01
-2.158199999999999719e+01
-5.592500000000000249e+00
2.150900000000000034e+01
4.204999999999999716e+01
6.198600000000000421e+01
8.833799999999999386e+01
1.180300000000000011e+02
1.423199999999999932e+02
1.661699999999999875e+02
1.765999999999999943e+02
1.580800000000000125e+02
1.278299999999999983e+02
9.280400000000000205e+01
5.522100000000000364e+01
1.553599999999999959e+01
-2.020200000000000173e+01
-4.508500000000000085e+01
-4.363499999999999801e+01
-1.107299999999999951e+00
3.988000000000000256e+01
6.107300000000000040e+01
7.476300000000000523e+01
7.086700000000000443e+01
4.885999999999999943e+01
9.364300000000000068e+00
-3.465299999999999869e+01
-5.617000000000000171e+01
-5.706700000000000017e+01
-4.267100000000000648e+01
-2.714600000000000080e+01
-3.535499999999999687e+01
-6.954000000000000625e+01
-1.055300000000000011e+02
-1.293199999999999932e+02
-1.307599999999999909e+02
-1.218299999999999983e+02
-1.081400000000000006e+02
-7.476699999999999591e+01
7.232700000000000351e+00
8.743399999999999750e+01
1.067600000000000051e+02
4.558899999999999864e+01
-4.960100000000000620e+01
-9.317299999999998761e+01
-1.024399999999999977e+02
-8.733899999999999864e+01
-6.532300000000000750e+01
-3.847200000000000131e+01
-1.418700000000000117e+01
6.003599999999999604e+00
1.491799999999999926e+01
2.253800000000000026e+01
2.959300000000000352e+01
1.789400000000000190e+01
2.402000000000000135e+00
-1.116599999999999859e+01
-1.855400000000000205e+01
-2.394800000000000040e+01
-2.805499999999999972e+01
-4.561699999999999733e+01
-8.414499999999999602e+01
-1.263599999999999994e+02
-1.489699999999999989e+02
-1.437800000000000011e+02
-9.655500000000000682e+01
-1.238299999999999912e+01
4.657899999999999352e+01
7.112199999999999989e+01
8.182600000000000762e+01
7.583299999999999841e+01
5.863700000000000045e+01
3.962599999999999767e+01
1.788500000000000156e+01
-8.194599999999999440e+00
-3.358699999999999619e+01
-5.675800000000000267e+01
-7.242600000000000193e+01
-7.273199999999999932e+01
-5.552600000000000335e+01
-3.844200000000000017e+01
-2.823400000000000176e+01
-1.942399999999999949e+01
-1.327799999999999869e+01
-7.311200000000000365e+00
6.628099999999999881e+00
2.454199999999999804e+01
3.554099999999999682e+01
4.540800000000000125e+01
4.768999999999999773e+01
3.524800000000000466e+01
1.622400000000000020e+01
9.110300000000000509e+00
1.051900000000000013e+01
1.819000000000000128e+01
3.125699999999999790e+01
2.373999999999999844e+01
3.589999999999999858e+00
-1.526400000000000112e+01
-2.780800000000000338e+01
-3.441900000000000404e+01
-3.443199999999999505e+01
-2.653699999999999903e+01
-1.266200000000000081e+01
-8.336799999999999766e-01
1.249500000000000055e+00
-6.650299999999999656e+00
-1.418999999999999950e+01
-2.267599999999999838e+01
-3.394599999999999795e+01
-3.618199999999999505e+01
-3.959400000000000119e+01
-4.222899999999999920e+01
-4.533800000000000097e+01
-4.273199999999999932e+01
-2.725300000000000011e+01
-1.153700000000000081e+01
-8.061399999999999677e-01
9.624399999999999622e+00
2.723999999999999844e+01
4.708600000000000563e+01
6.074100000000000676e+01
5.689699999999999847e+01
4.181199999999999761e+01
3.778199999999999648e+01
4.273499999999999943e+01
4.400699999999999790e+01
4.172200000000000131e+01
3.563499999999999801e+01
2.015500000000000114e+01
1.176799999999999891e+01
1.201700000000000124e+01
1.189200000000000124e+01
5.014800000000000146e+00
-4.207300000000000040e+00
-6.236899999999999666e-01
1.008799999999999919e+01
1.463400000000000034e+01
4.834500000000000242e+00
-6.047900000000000276e+00
-6.863199999999999967e+00
-1.145899999999999919e+00
5.268299999999999983e+00
1.529400000000000048e+01
2.547100000000000009e+01
3.476800000000000068e+01
4.479699999999999704e+01
5.525100000000000477e+01
6.518899999999999295e+01
7.565100000000001046e+01
8.575700000000000500e+01
8.815000000000000568e+01
7.454800000000000182e+01
4.399600000000000222e+01
1.219999999999999929e+01
-1.462400000000000055e+01
-2.674099999999999966e+01
-2.706699999999999662e+01
-2.019400000000000261e+01
-1.623199999999999932e+01
-1.565700000000000003e+01
-1.506099999999999994e+01
-1.415099999999999980e+01
-1.257200000000000095e+01
-1.002700000000000102e+01
-2.486200000000000188e+00
2.517300000000000093e+00
5.110299999999999621e+00
3.697099999999999831e+00
-1.182900000000000063e+00
-9.861700000000000799e+00
-9.240700000000000358e+00
3.318400000000000016e+00
1.564200000000000124e+01
1.650099999999999767e+01
6.727400000000000269e+00
-4.326800000000000423e+00
-1.649299999999999855e+01
-1.420299999999999940e+01
7.264800000000000146e-01
1.617699999999999960e+01
1.164000000000000057e+01
-1.364599999999999902e+01
-4.106100000000000705e+01
-4.932399999999999807e+01
-3.104300000000000281e+01
-9.332900000000000418e+00
8.437699999999999534e+00
2.072100000000000009e+01
3.129699999999999704e+01
3.465500000000000114e+01
2.741400000000000148e+01
1.359099999999999930e+01
4.792099999999999582e+00
4.084999999999999964e+00
8.749100000000000321e+00
6.855400000000000382e+00
-5.668400000000000105e+00
-1.627799999999999869e+01
-2.870499999999999829e+01
-3.693199999999999505e+01
-4.251300000000000523e+01
-4.553000000000000114e+01
-4.352399999999999380e+01
-3.123999999999999844e+01
-1.051700000000000124e+01
2.156000000000000139e+00
-1.159699999999999953e+00
-1.571199999999999974e+01
-2.029700000000000060e+01
-1.998300000000000054e+01
-2.480900000000000105e+01
-3.311500000000000199e+01
-4.203399999999999892e+01
-4.761100000000000421e+01
-4.757600000000000051e+01
-4.700600000000000023e+01
-3.933800000000000097e+01
-2.004599999999999937e+01
5.927699999999999747e+00
2.997300000000000253e+01
3.601599999999999824e+01
3.238499999999999801e+01
2.653099999999999881e+01
2.530999999999999872e+01
3.575500000000000256e+01
5.153999999999999915e+01
6.182199999999999562e+01
5.765999999999999659e+01
3.616700000000000159e+01
1.266900000000000048e+01
-5.944700000000000095e+00
-1.170800000000000018e+01
-4.309800000000000075e+00
7.755499999999999616e+00
2.451999999999999957e+01
4.349300000000000210e+01
6.178000000000000114e+01
6.703699999999999193e+01
5.474399999999999977e+01
3.718699999999999761e+01
2.969900000000000162e+01
3.148600000000000065e+01
3.747699999999999676e+01
4.199699999999999989e+01
4.122399999999999665e+01
3.416100000000000136e+01
2.305499999999999972e+01
1.200999999999999979e+01
-1.002699999999999925e+00
-1.586299999999999955e+01
-3.111100000000000065e+01
-4.292399999999999949e+01
-5.147500000000000142e+01
-5.300699999999999790e+01
-4.479800000000000182e+01
-3.512300000000000466e+01
-2.736899999999999977e+01
-1.500900000000000034e+01
-2.602100000000000080e+00
1.107900000000000063e+01
2.226500000000000057e+01
2.402499999999999858e+01
1.770700000000000074e+01
8.729400000000000048e+00
3.837200000000000166e+00
1.115799999999999903e+00
-7.028800000000000603e-01
-4.088499999999999801e+00
-3.660699999999999843e+00
-6.574699999999999989e-01
1.751600000000000046e+00
-2.534299999999999997e+00
-1.550999999999999979e+01
-3.605300000000000438e+01
-6.051600000000000534e+01
-8.073799999999999955e+01
-9.126799999999998647e+01
-8.688400000000000034e+01
-7.281799999999999784e+01
-5.475300000000000011e+01
-3.628900000000000148e+01
-1.483999999999999986e+01
1.036299999999999955e+01
2.885000000000000142e+01
3.117300000000000182e+01
2.142900000000000205e+01
1.432099999999999973e+01
8.667699999999999960e+00
6.065599999999999881e+00
1.171700000000000053e+01
2.066600000000000037e+01
1.971499999999999986e+01
6.057800000000000296e+00
-8.438599999999999213e+00
-1.458300000000000018e+01
-9.037599999999999412e+00
-5.508499999999999508e-01
6.083100000000000139e-03
-6.716099999999999959e+00
-1.296499999999999986e+01
-2.327899999999999991e+01
-3.677799999999999869e+01
-4.510699999999999932e+01
-4.880899999999999750e+01
-4.780499999999999972e+01
-4.101600000000000534e+01
-2.557300000000000040e+01
-1.374600000000000044e+00
1.967500000000000071e+01
3.143699999999999761e+01
4.112100000000000222e+01
5.315699999999999648e+01
5.929899999999999949e+01
4.754200000000000159e+01
2.356599999999999895e+01
-4.694499999999999673e+00
-3.047100000000000009e+01
-4.926300000000000523e+01
-5.442199999999999704e+01
-4.512100000000000222e+01
-2.767500000000000071e+01
-5.954600000000000115e+00
1.204700000000000060e+01
2.228000000000000114e+01
2.355900000000000105e+01
1.878000000000000114e+01
9.832300000000000040e+00
4.066000000000000170e-01
-8.203099999999999170e+00
-1.492300000000000004e+01
-1.832000000000000028e+01
-1.239900000000000091e+01
-3.305400000000000116e+00
-5.508999999999999453e-01
2.754199999999999982e-01
2.535200000000000120e+00
5.308200000000000252e+00
1.012899999999999956e+01
8.522000000000000242e+00
-4.560899999999999399e-01
-1.416400000000000148e+01
-2.978199999999999648e+01
-3.723100000000000165e+01
-3.781000000000000227e+01
-2.737099999999999866e+01
-1.249699999999999989e+01
-2.537799999999999834e+00
3.972500000000000142e+00
5.794800000000000395e+00
3.614100000000000090e+00
-1.596600000000000019e+00
-3.466200000000000170e+00
5.270800000000000374e+00
1.274000000000000021e+01
1.875300000000000011e+01
2.017999999999999972e+01
2.116800000000000281e+01
2.017299999999999827e+01
1.400099999999999945e+01
7.903299999999999770e+00
9.453799999999998871e-01
-1.614999999999999991e+00
-4.507500000000000284e+00
-4.888399999999999856e+00
4.591800000000000104e+00
2.226099999999999923e+01
3.975399999999999778e+01
5.148199999999999932e+01
5.612199999999999989e+01
5.008299999999999841e+01
3.205100000000000193e+01
1.168900000000000006e+01
-5.176899999999999835e+00
-1.209900000000000020e+01
-5.722100000000000186e+00
5.479199999999999626e+00
1.324099999999999966e+01
1.793900000000000006e+01
1.534799999999999898e+01
5.255200000000000315e+00
-6.551700000000000301e+00
-1.619699999999999918e+01
-2.241699999999999804e+01
-3.003599999999999781e+01
-3.000000000000000000e+01
-2.134800000000000253e+01
-1.802400000000000091e+01
-2.103400000000000247e+01
-2.515300000000000225e+01
-2.071000000000000085e+01
-6.190599999999999881e+00
1.463499999999999979e+01
3.561299999999999955e+01
4.619500000000000028e+01
4.409399999999999409e+01
3.693599999999999994e+01
3.220599999999999596e+01
3.292800000000000438e+01
3.050000000000000000e+01
2.119300000000000139e+01
7.549800000000000288e+00
-1.338400000000000034e+01
-3.583099999999999596e+01
-5.537899999999999778e+01
-6.004200000000000159e+01
-4.513499999999999801e+01
-1.674800000000000111e+01
7.225200000000000067e+00
1.565200000000000102e+01
2.027200000000000202e+01
2.448800000000000310e+01
2.599500000000000099e+01
1.677499999999999858e+01
-2.392500000000000071e+00
-1.938299999999999912e+01
-2.180900000000000105e+01
-1.112700000000000067e+01
-7.537599999999999856e-01
9.602700000000000680e-01
-4.256099999999999994e+00
-1.362500000000000000e+01
-2.043299999999999983e+01
-1.820599999999999952e+01
-4.416599999999999859e+00
1.067500000000000071e+01
1.380400000000000027e+01
5.056499999999999773e+00
-8.428000000000000824e+00
-1.496700000000000053e+01
-1.388000000000000078e+01
-1.137400000000000055e+01
-7.505099999999999660e+00
-8.446399999999999464e-01
8.317500000000000782e+00
1.514499999999999957e+01
1.813100000000000023e+01
1.867099999999999937e+01
1.688899999999999935e+01
1.810000000000000142e+01
2.349300000000000210e+01
2.623499999999999943e+01
1.930700000000000216e+01
1.109299999999999997e+01
1.624200000000000088e+00
-7.534300000000000441e-01
1.584999999999999964e+00
1.922800000000000065e+00
1.259800000000000031e+00
-3.228699999999999903e+00
-5.865400000000000169e+00
-6.454399999999999693e+00
2.078100000000000058e+00
1.493799999999999883e+01
2.597400000000000020e+01
3.127400000000000091e+01
2.303800000000000026e+01
2.502499999999999947e+00
-1.998700000000000188e+01
-3.836999999999999744e+01
-4.746899999999999409e+01
-4.782000000000000028e+01
-3.995100000000000051e+01
-3.396699999999999875e+01
-3.578499999999999659e+01
-3.293299999999999983e+01
-2.642000000000000171e+01
-1.743700000000000117e+01
-7.209699999999999775e+00
-2.709000000000000075e+00
-1.641899999999999915e+00
1.463500000000000079e-01
2.233699999999999797e+00
2.429699999999999971e+00
9.744099999999999984e-02
1.545700000000000074e+00
-1.944499999999999895e+00
-9.702899999999999636e+00
-1.638799999999999812e+01
-2.179599999999999937e+01
-2.475900000000000034e+01
-2.685599999999999810e+01
-2.698400000000000176e+01
-3.144500000000000028e+01
-3.562500000000000000e+01
-3.181500000000000128e+01
-2.084800000000000253e+01
-6.091000000000000192e+00
5.551499999999999879e+00
4.207300000000000040e+00
-8.804899999999999949e+00
-2.030999999999999872e+01
-2.366000000000000014e+01
-1.678999999999999915e+01
-4.535400000000000098e+00
7.220799999999999663e+00
1.530199999999999960e+01
1.959299999999999997e+01
2.088699999999999690e+01
1.843099999999999739e+01
1.071400000000000041e+01
1.400099999999999900e+00
-3.947799999999999976e+00
-2.440700000000000092e+00
3.598700000000000010e+00
7.838199999999999612e+00
6.969100000000000072e+00
5.440199999999999925e+00
8.495200000000000529e+00
1.432000000000000028e+01
2.487699999999999889e+01
3.343099999999999739e+01
3.766100000000000136e+01
4.176500000000000057e+01
4.572399999999999665e+01
4.370899999999999608e+01
3.684700000000000131e+01
2.870400000000000063e+01
2.339400000000000190e+01
2.231599999999999895e+01
2.381500000000000128e+01
2.538699999999999690e+01
2.124900000000000233e+01
1.320900000000000141e+01
6.300300000000000011e+00
1.071799999999999997e+01
2.063199999999999790e+01
2.397899999999999920e+01
1.414700000000000024e+01
-1.162800000000000056e+00
-1.060500000000000043e+01
-7.525000000000000355e+00
6.438600000000000101e+00
2.394699999999999918e+01
3.390599999999999881e+01
2.729100000000000037e+01
1.522599999999999909e+01
3.649099999999999788e+00
-6.493999999999999773e+00
-1.285500000000000043e+01
-1.515700000000000003e+01
-1.133200000000000074e+01
-8.324899999999999523e+00
-6.363900000000000112e+00
-8.922499999999999432e+00
-1.860299999999999798e+01
-2.750900000000000034e+01
-3.060000000000000142e+01
-2.884800000000000253e+01
-2.502899999999999991e+01
-1.912599999999999767e+01
-1.554599999999999937e+01
-1.690099999999999980e+01
-1.802400000000000091e+01
-1.565200000000000102e+01
-1.211599999999999966e+01
-2.837099999999999955e+00
8.129300000000000637e+00
1.461200000000000010e+01
1.659900000000000020e+01
1.730099999999999838e+01
1.669299999999999784e+01
1.227999999999999936e+01
3.826999999999999957e+00
-4.250399999999999956e+00
-8.630499999999999616e+00
-8.352100000000000080e+00
-5.773900000000000254e+00
-5.149200000000000443e+00
-2.504999999999999893e+00
1.155999999999999917e+00
9.905599999999999739e+00
2.556800000000000139e+01
3.285699999999999932e+01
2.896699999999999875e+01
2.056599999999999895e+01
9.470100000000000406e+00
5.223799999999999777e+00
1.092699999999999960e+01
1.451099999999999923e+01
1.278099999999999881e+01
1.082900000000000063e+01
1.437099999999999866e+01
2.551900000000000190e+01
2.836699999999999733e+01
2.805400000000000205e+01
2.791099999999999781e+01
2.328300000000000125e+01
1.806799999999999784e+01
1.411999999999999922e+01
1.607499999999999929e+01
2.364099999999999824e+01
2.779599999999999937e+01
2.690800000000000125e+01
3.117199999999999704e+01
3.135500000000000043e+01
2.692000000000000171e+01
1.903599999999999781e+01
9.856400000000000716e+00
-1.060000000000000053e+00
-7.656900000000000261e+00
-1.537400000000000055e+01
-2.571699999999999875e+01
-3.199800000000000111e+01
-3.217099999999999937e+01
-2.767000000000000171e+01
-2.392599999999999838e+01
-2.199800000000000111e+01
-2.475900000000000034e+01
-2.978099999999999881e+01
-3.538900000000000290e+01
-4.293399999999999750e+01
-5.136199999999999477e+01
-5.005199999999999960e+01
-3.567399999999999949e+01
-2.645100000000000051e+01
-2.015700000000000003e+01
-8.058299999999999130e+00
8.690500000000000114e+00
1.629100000000000037e+01
1.592799999999999905e+01
6.427200000000000024e+00
-1.031400000000000006e+01
-2.362400000000000233e+01
-3.046900000000000119e+01
-2.558399999999999963e+01
-2.049399999999999977e+01
-1.402200000000000024e+01
-1.776000000000000156e+01
-2.455199999999999960e+01
-2.534400000000000119e+01
-2.342099999999999937e+01
-1.967699999999999960e+01
-1.895299999999999940e+01
-2.290699999999999648e+01
-2.783199999999999719e+01
-2.914800000000000324e+01
-2.481800000000000139e+01
-1.257400000000000162e+01
1.294699999999999962e+00
1.420099999999999874e+01
1.857799999999999940e+01
1.358699999999999974e+01
1.320800000000000018e+01
1.320599999999999952e+01
1.510200000000000031e+01
1.615200000000000102e+01
1.767500000000000071e+01
1.453200000000000003e+01
7.675200000000000244e+00
4.333400000000000141e+00
4.716500000000000137e-01
3.695400000000000351e-01
2.163600000000000190e+00
-1.116200000000000081e+00
-1.846999999999999975e+00
1.941000000000000059e+00
5.400299999999999656e+00
1.148400000000000176e+01
9.864399999999999835e+00
8.387399999999999523e+00
5.033100000000000351e-01
-1.258500000000000085e+01
-2.041499999999999915e+01
-1.743799999999999883e+01
-9.877200000000000202e+00
-5.483700000000000241e-01
4.775699999999999612e+00
8.119699999999999918e+00
1.694900000000000162e+01
2.873800000000000310e+01
4.030699999999999505e+01
2.723999999999999844e+01
-2.352700000000000014e+00
-3.406400000000000006e+01
-3.115900000000000247e+01
2.095899999999999874e+00
4.333899999999999864e+01
5.038800000000000523e+01
2.483900000000000219e+01
2.851700000000000124e+00
-1.789499999999999957e+01
-2.710300000000000153e+01
-2.774500000000000099e+01
-2.309600000000000009e+01
-1.528299999999999947e+01
-5.367200000000000415e+00
-7.172500000000000320e+00
-1.593500000000000050e+01
-2.489499999999999957e+01
-2.306400000000000006e+01
-1.646199999999999974e+01
-8.162699999999999179e+00
1.659599999999999964e+00
3.025700000000000056e+00
5.481499999999999595e+00
2.960599999999999898e+00
-2.238700000000000134e+00
-5.663299999999999557e+00
6.110800000000000676e-01
9.569699999999999207e+00
1.621199999999999974e+01
2.752300000000000324e+01
3.581099999999999994e+01
3.678399999999999892e+01
2.737000000000000099e+01
1.606900000000000261e+01
1.071299999999999919e+01
8.065599999999999881e+00
3.734900000000000109e+00
-4.666800000000000392e-01
-5.751699999999999591e+00
-8.424599999999999866e+00
-1.044200000000000017e+01
-7.790700000000000180e+00
-4.173799999999999955e+00
-4.030700000000000394e+00
-6.301700000000000301e+00
-1.247700000000000031e+01
-2.268599999999999994e+01
-2.715599999999999881e+01
-1.848999999999999844e+01
-1.341799999999999926e+01
-1.336299999999999955e+01
-1.252299999999999969e+01
-3.880599999999999827e+00
5.368000000000000327e+00
1.129400000000000048e+01
8.674699999999999633e+00
-4.235900000000000082e-02
-6.652499999999999858e+00
-7.733200000000000074e+00
-7.993800000000000239e+00
-8.307800000000000296e+00
-4.744299999999999962e+00
1.254699999999999926e+00
2.867700000000000138e+00
1.852500000000000036e+00
3.959400000000000031e+00
-1.948499999999999899e+00
-8.795199999999999463e+00
-1.480199999999999960e+01
-1.290799999999999947e+01
-2.816800000000000193e+00
6.279200000000000337e+00
1.737099999999999866e+01
3.014400000000000190e+01
4.153300000000000125e+01
4.912899999999999778e+01
3.944400000000000261e+01
2.677699999999999747e+01
1.871900000000000119e+01
1.328500000000000014e+01
1.126099999999999923e+01
2.590899999999999981e+00
-7.103600000000000136e+00
-1.398000000000000043e+01
-1.332099999999999973e+01
-8.267099999999999227e+00
-6.081800000000000317e+00
-3.021500000000000075e+00
-8.976100000000000634e+00
-1.516400000000000148e+01
-1.427999999999999936e+01
-1.307499999999999929e+01
-1.534599999999999831e+01
-2.064300000000000068e+01
-2.597300000000000253e+01
-2.574599999999999866e+01
-1.726000000000000156e+01
-1.003599999999999959e+01
-3.189799999999999969e+00
2.717999999999999972e+00
8.478199999999999292e+00
1.439599999999999902e+01
1.910800000000000054e+01
1.686899999999999977e+01
8.821099999999999497e+00
8.313399999999999679e-01
-3.670700000000000074e+00
-2.036499999999999977e-01
1.093299999999999983e+01
1.777599999999999980e+01
2.133199999999999719e+01
2.006500000000000128e+01
1.848099999999999810e+01
1.436500000000000021e+01
7.810699999999999754e+00
7.762299999999999756e+00
1.132099999999999973e+01
1.601299999999999812e+01
1.563499999999999979e+01
9.423000000000000043e+00
-2.964900000000000313e-01
-9.631500000000000838e+00
-1.501500000000000057e+01
-1.173700000000000010e+01
-8.759700000000000486e+00
-1.398400000000000176e+01
-2.375199999999999889e+01
-3.116400000000000148e+01
-3.611099999999999710e+01
-3.628099999999999881e+01
-3.317999999999999972e+01
-2.918300000000000338e+01
-2.210599999999999810e+01
-1.254599999999999937e+01
-3.030699999999999950e+00
-3.337699999999999556e-01
-4.532700000000000062e-01
1.021499999999999986e+01
2.549599999999999866e+01
3.311400000000000432e+01
3.917999999999999972e+01
3.837199999999999989e+01
3.005900000000000105e+01
2.002499999999999858e+01
8.462400000000000588e+00
1.042300000000000004e+00
3.420599999999999863e+00
1.196599999999999930e+01
1.763100000000000023e+01
1.735200000000000031e+01
1.360700000000000109e+01
1.048499999999999943e+01
7.421400000000000219e+00
5.247700000000000031e+00
5.383799999999999919e+00
3.052099999999999813e+00
-2.323199999999999932e+00
-5.059099999999999930e+00
-7.229099999999999859e+00
-7.960799999999999876e+00
-4.552800000000000402e+00
-6.426199999999999690e+00
-9.950300000000000367e+00
-1.395199999999999996e+01
-1.359799999999999898e+01
-1.204099999999999859e+01
-1.076999999999999957e+01
-1.241999999999999993e+01
-1.615700000000000003e+01
-1.702799999999999869e+01
-1.832199999999999918e+01
-2.044299999999999784e+01
-2.283800000000000097e+01
-1.743900000000000006e+01
-1.069500000000000028e+01
-3.725499999999999812e+00
2.842299999999999827e+00
4.680299999999999905e+00
2.191199999999999815e+00
-2.501999999999999780e+00
-5.775000000000000355e+00
-9.567700000000000315e+00
-8.967599999999999127e+00
-2.494299999999999962e+00
5.931899999999999729e+00
9.733000000000000540e+00
1.407799999999999940e+01
1.749200000000000088e+01
1.752899999999999991e+01
1.807900000000000063e+01
1.760200000000000031e+01
1.950000000000000000e+01
1.721300000000000097e+01
1.100000000000000000e+01
4.372700000000000031e+00
3.931399999999999895e-01
5.188699999999999424e-01
1.103099999999999969e+00
1.993800000000000017e+00
6.606099999999999639e+00
1.074200000000000088e+01
1.753099999999999881e+01
1.896400000000000219e+01
1.427099999999999902e+01
1.378599999999999959e+01
9.673199999999999577e+00
3.450000000000000178e+00
-2.586599999999999788e+00
-9.423500000000000654e+00
-1.532799999999999940e+01
-2.055800000000000338e+01
-2.628199999999999648e+01
-2.604699999999999704e+01
-2.357999999999999829e+01
-2.060099999999999909e+01
-1.618299999999999983e+01
-1.335599999999999987e+01
-1.028599999999999959e+01
-1.095800000000000018e+01
-1.348200000000000109e+01
-1.632499999999999929e+01
-1.610000000000000142e+01
-1.320700000000000074e+01
-7.357499999999999929e+00
-4.326100000000000279e+00
-3.458499999999999908e+00
-4.937000000000000277e+00
-1.098599999999999888e+01
-1.947200000000000131e+01
-1.723900000000000077e+01
-1.177500000000000036e+01
-5.899300000000000210e+00
-4.584199999999999942e-01
-3.786599999999999966e-01
2.906800000000000050e+00
2.675899999999999945e+00
9.792100000000000248e-01
3.068499999999999783e+00
9.102199999999999847e+00
1.117500000000000071e+01
1.036999999999999922e+01
9.662499999999999645e+00
6.252699999999999925e+00
-6.837600000000000344e-01
-4.367499999999999716e+00
-5.051199999999999690e+00
-3.413899999999999935e+00
-1.779099999999999904e+00
-2.483800000000000008e+00
-1.607399999999999940e+00
3.115600000000000147e+00
5.499200000000000088e+00
5.474099999999999966e+00
7.221899999999999764e+00
1.081599999999999895e+01
1.396199999999999974e+01
1.174499999999999922e+01
1.064599999999999902e+01
9.952799999999999869e+00
1.033400000000000141e+01
1.022799999999999976e+01
1.030299999999999905e+01
1.080299999999999905e+01
9.870900000000000674e+00
6.892400000000000304e+00
3.282799999999999940e+00
1.397599999999999953e+00
-1.915800000000000142e-02
2.457599999999999785e+00
3.711100000000000065e+00
3.199399999999999800e+00
4.399300000000000210e+00
6.043999999999999595e+00
1.133200000000000074e+01
1.337900000000000134e+01
1.451599999999999824e+01
1.543799999999999883e+01
1.597200000000000131e+01
1.788100000000000023e+01
1.590599999999999881e+01
1.554800000000000004e+01
1.058500000000000085e+01
8.970900000000000318e+00
7.790000000000000036e+00
9.781599999999999184e+00
1.242999999999999972e+01
9.378199999999999648e+00
9.436099999999999710e+00
3.889200000000000212e+00
5.103199999999999958e-01
-7.467699999999999338e-01
-2.288900000000000101e-01
-2.205999999999999961e+00
-5.287099999999999689e+00
-4.562800000000000189e+00
-6.848099999999999632e+00
-1.016600000000000037e+01
-1.172599999999999909e+01
-8.969400000000000261e+00
-5.880399999999999849e+00
-2.996199999999999974e+00
-2.739300000000000068e+00
-2.787599999999999856e+00
-5.217999999999999972e+00
-3.628499999999999837e+00
1.948099999999999943e+00
5.863699999999999690e+00
8.952400000000000801e+00
8.870200000000000529e+00
8.596600000000000463e+00
7.319300000000000139e+00
4.988500000000000156e+00
6.537600000000000300e+00
5.474599999999999689e+00
5.356200000000000294e+00
7.754100000000000215e+00
9.934900000000000730e+00
1.358999999999999986e+01
1.322499999999999964e+01
9.352800000000000225e+00
6.101799999999999891e+00
4.354000000000000092e+00
3.023600000000000065e+00
3.003899999999999793e+00
2.467999999999999972e+00
3.068700000000000205e+00
4.687100000000000044e+00
1.796200000000000019e+00
-5.518900000000000361e+00
-9.653399999999999537e+00
-1.344099999999999895e+01
-1.667900000000000205e+01
-1.848199999999999932e+01
-1.993799999999999883e+01
-1.718799999999999883e+01
-1.855900000000000105e+01
-2.236400000000000077e+01
-2.175199999999999889e+01
-1.692299999999999827e+01
-1.127099999999999902e+01
-6.995400000000000063e+00
-7.336400000000000254e+00
-1.089499999999999957e+01
-1.398200000000000109e+01
-1.020400000000000063e+01
-3.922699999999999854e+00
-8.475399999999999601e-01
1.512199999999999989e+00
3.127699999999999925e+00
5.112899999999999778e+00
7.575499999999999901e+00
1.090299999999999869e+01
1.058900000000000041e+01
7.662099999999999689e+00
5.222800000000000331e+00
6.184800000000000075e+00
5.120199999999999640e+00
5.395100000000000229e+00
4.588599999999999568e+00
1.499600000000000044e+00
-2.283399999999999874e+00
-1.201200000000000045e+00
5.418000000000000149e+00
7.413299999999999557e+00
8.334500000000000242e+00
8.875000000000000000e+00
8.465299999999999159e+00
6.562899999999999956e+00
3.211699999999999999e+00
2.463799999999999990e+00
3.989900000000000002e+00
4.826100000000000279e+00
1.939300000000000024e+00
-4.279499999999999971e-01
-1.197100000000000053e+00
-2.117799999999999905e+00
-5.764300000000000423e+00
-8.060999999999999943e+00
-1.058999999999999986e+01
-9.807399999999999451e+00
-6.768399999999999750e+00
-4.092500000000000249e+00
-1.054300000000000015e+00
-5.033900000000000041e-01
-3.415300000000000002e-01
-2.028500000000000192e+00
-2.092400000000000038e+00
-4.142900000000000027e+00
-7.755899999999999572e+00
-1.081200000000000117e+01
-1.426700000000000124e+01
-1.122499999999999964e+01
-1.024599999999999866e+01
-9.340500000000000469e+00
-5.877399999999999736e+00
-5.564799999999999969e+00
-6.256800000000000139e+00
-6.332200000000000273e+00
-5.068500000000000227e+00
-4.234099999999999753e+00
-7.386500000000000288e-01
8.370700000000000918e-01
-2.378099999999999881e+00
-4.173199999999999577e+00
3.097900000000000098e-01
2.729000000000000092e+00
3.480300000000000171e+00
5.198599999999999888e+00
7.300900000000000389e+00
1.167699999999999960e+01
1.206000000000000050e+01
9.493999999999999773e+00
1.076500000000000057e+01
8.374000000000000554e+00
3.541199999999999903e+00
7.397799999999999931e-01
-6.754299999999999748e-01
-3.034600000000000186e+00
-6.084900000000000198e+00
-8.481700000000000017e+00
-1.022499999999999964e+01
-1.054599999999999937e+01
-1.316999999999999993e+01
-1.569800000000000040e+01
-1.926299999999999812e+01
-2.057300000000000040e+01
-2.238599999999999923e+01
-2.312599999999999767e+01
-1.986599999999999966e+01
-1.314000000000000057e+01
-5.618999999999999773e+00
-1.035600000000000076e+00
6.467200000000000060e+00
1.038299999999999912e+01
1.186299999999999955e+01
1.024300000000000033e+01
8.536799999999999500e+00
8.131500000000000838e+00
6.971499999999999808e+00
4.517699999999999605e+00
1.529700000000000060e+00
3.569300000000000139e+00
3.613900000000000112e+00
5.629299999999999748e+00
6.665600000000000414e+00
8.212400000000000588e+00
9.976599999999999469e+00
9.280599999999999739e+00
5.696500000000000341e+00
-7.204699999999999438e-01
-5.304100000000000037e+00
-5.247799999999999798e+00
-3.475000000000000089e+00
1.069900000000000073e+00
1.037199999999999989e+01
1.440099999999999980e+01
1.456599999999999895e+01
1.190499999999999936e+01
9.205399999999999139e+00
8.894099999999999895e+00
5.796199999999999797e+00
-4.725600000000000356e-01
2.110699999999999799e-01
2.940100000000000158e+00
3.327300000000000146e+00
4.373599999999999710e+00
4.579100000000000392e+00
3.559499999999999886e+00
7.734999999999999654e-01
3.029300000000000104e+00
3.156499999999999861e+00
1.566200000000000037e+00
-3.083800000000000097e+00
-8.551000000000000156e+00
-7.779399999999999871e+00
-6.277000000000000135e+00
-2.718500000000000139e+00
5.699300000000000477e-01
1.479500000000000037e+00
2.374699999999999811e+00
-2.273999999999999910e-01
-6.697000000000000064e+00
-1.245900000000000141e+01
-1.254400000000000048e+01
-8.145899999999999253e+00
-3.707300000000000040e+00
-2.390499999999999847e+00
-2.938200000000000145e+00
-2.534199999999999786e+00
-5.587699999999999889e+00
-7.283299999999999663e+00
-4.764300000000000423e+00
-6.678700000000000081e+00
-8.033699999999999619e+00
-8.422000000000000597e+00
-5.644300000000000317e+00
-2.806500000000000217e+00
-2.680600000000000094e+00
-4.757799999999999585e+00
-8.955799999999999983e+00
-1.214299999999999891e+01
-1.309700000000000131e+01
-1.359700000000000131e+01
-1.986400000000000077e+01
-1.861799999999999855e+01
-1.184900000000000020e+01
-7.256599999999999717e+00
-4.930200000000000138e+00
-3.712400000000000144e+00
-6.861800000000000122e-01
3.267300000000000093e+00
6.603500000000000369e+00
7.481799999999999784e+00
6.985500000000000043e+00
5.902899999999999814e+00
5.952600000000000335e+00
4.882600000000000051e+00
5.479700000000000237e+00
7.992899999999999672e+00
9.274800000000000821e+00
1.046499999999999986e+01
9.247400000000000730e+00
6.186600000000000321e+00
5.052999999999999936e+00
5.890100000000000335e+00
5.193900000000000183e+00
1.087199999999999944e+00
-4.364199999999999746e-01
7.907600000000000184e-01
5.225600000000000023e+00
8.812400000000000233e+00
1.065099999999999980e+01
1.236400000000000077e+01
1.026700000000000124e+01
1.143400000000000105e+01
9.167299999999999116e+00
1.013600000000000101e+01
1.317300000000000004e+01
1.579499999999999993e+01
1.478800000000000026e+01
1.099300000000000033e+01
8.639599999999999724e+00
4.337900000000000311e+00
7.234200000000000408e+00
9.404799999999999827e+00
8.598399999999999821e+00
6.674599999999999866e+00
5.909900000000000375e+00
5.913400000000000212e+00
7.703000000000000291e+00
6.544299999999999784e+00
2.398499999999999854e+00
-5.282799999999999718e-01
-4.608299999999999841e+00
-5.625499999999999723e+00
-1.196900000000000119e+01
-1.720700000000000074e+01
-1.605599999999999739e+01
-9.719300000000000495e+00
-2.692000000000000171e+00
-7.134899999999999576e-02
-2.816500000000000115e-01
-2.063400000000000123e+00
2.610699999999999688e-01
4.760299999999999976e+00
9.720299999999999940e+00
9.831300000000000594e+00
4.802500000000000213e+00
-4.444899999999999407e-01
-3.423500000000000210e+00
-2.416399999999999881e+00
5.774899999999999478e-01
1.899499999999999966e+00
2.202599999999999891e+00
1.665899999999999936e+00
-3.065100000000000158e+00
-5.382500000000000284e+00
-5.979800000000000004e+00
-5.170200000000000351e+00
2.607499999999999929e+00
3.392799999999999816e+00
-1.205300000000000038e+00
-5.071299999999999919e+00
-7.862199999999999633e+00
-7.708099999999999952e+00
-7.748199999999999754e+00
-4.788599999999999746e+00
-5.266200000000000436e+00
-3.915099999999999802e+00
6.931800000000000184e-01
4.096199999999999619e+00
7.686300000000000132e+00
6.181400000000000006e+00
3.064000000000000057e+00
3.265600000000000058e+00
6.521799999999999820e+00
5.776099999999999568e+00
5.863800000000000345e+00
8.704800000000000537e+00
7.115099999999999980e+00
7.549900000000000055e+00
5.238900000000000112e+00
3.539000000000000146e+00
3.882200000000000095e+00
3.942499999999999893e+00
3.115699999999999914e+00
2.102599999999999802e+00
3.446200000000000152e+00
5.240800000000000125e+00
8.475699999999999790e+00
6.938399999999999679e+00
5.252500000000000391e+00
6.667500000000000426e+00
9.339800000000000324e+00
9.039999999999999147e+00
5.480999999999999872e+00
3.277000000000000135e+00
4.323800000000000310e+00
6.633200000000000429e+00
3.903399999999999981e+00
3.867800000000000127e-01
-3.974400000000000155e+00
-5.833400000000000141e+00
-1.914500000000000091e+00
-1.679400000000000004e+00
-6.899099999999999788e+00
-1.108699999999999974e+01
-1.362700000000000067e+01
-1.229900000000000126e+01
-8.321199999999999264e+00
-6.323000000000000398e+00
-2.337499999999999911e+00
1.332899999999999974e+00
4.015600000000000058e+00
6.241900000000000226e+00
2.411000000000000032e+00
-2.798200000000000021e+00
-4.155899999999999928e+00
-4.985800000000000232e+00
-4.034699999999999953e+00
-3.009900000000000020e+00
-7.463599999999999568e+00
-1.040499999999999936e+01
-1.370199999999999996e+01
-1.410599999999999987e+01
-1.417599999999999838e+01
-1.161400000000000077e+01
-4.472100000000000186e+00
-6.884699999999999598e+00
-7.165300000000000225e+00
-9.831599999999999895e+00
-1.148000000000000043e+01
-9.000899999999999679e+00
-7.779899999999999594e+00
-3.388499999999999845e-01
4.073500000000000121e+00
9.657099999999999795e+00
1.260799999999999876e+01
1.366999999999999993e+01
1.739499999999999957e+01
1.471199999999999974e+01
1.230099999999999838e+01
9.811199999999999477e+00
4.197499999999999787e+00
-9.024799999999999489e-01
-3.785800000000000054e+00
-3.673799999999999955e+00
-1.611099999999999977e+00
2.347700000000000120e+00
2.187399999999999789e+00
2.815799999999999859e+00
2.778200000000000003e+00
1.913899999999999935e+00
3.695600000000000218e+00
2.253699999999999815e+00
2.245400000000000063e+00
6.257899999999999574e-01
-1.522000000000000020e+00
-3.811700000000000088e+00
-5.009299999999999642e+00
-6.352299999999999613e+00
-6.216700000000000337e+00
-1.467600000000000016e+00
4.444799999999999862e+00
1.055700000000000038e+01
9.275399999999999423e+00
7.502600000000000158e+00
6.327099999999999724e+00
3.920999999999999819e+00
2.387700000000000156e+00
1.057600000000000096e+00
-5.486400000000000166e-01
-2.236499999999999932e+00
-2.014400000000000190e+00
-4.487599999999999589e+00
-4.910499999999999865e+00
-1.088000000000000078e+00
-1.224299999999999944e+00
4.427899999999999614e-01
1.128400000000000070e+00
2.400300000000000100e+00
1.600600000000000023e+00
-1.829400000000000193e-01
4.135100000000000442e-01
1.820400000000000018e+00
5.258499999999999730e+00
4.752699999999999925e+00
6.166599999999999859e+00
5.723499999999999588e+00
3.416300000000000114e+00
-2.131300000000000139e-01
-1.678299999999999903e+00
-1.971899999999999986e+00
-6.771200000000000330e+00
-7.564499999999999780e+00
-6.428099999999999703e+00
-7.046199999999999797e+00
-7.463599999999999568e+00
-8.503700000000000259e+00
-6.772800000000000153e+00
-6.694700000000000095e+00
-6.712399999999999700e+00
-4.410899999999999821e+00
-1.799700000000000077e+00
7.182100000000000151e-01
2.521100000000000119e+00
4.795700000000000074e+00
5.648900000000000032e-01
-2.330299999999999816e+00
-5.070700000000000207e-01
2.064000000000000001e-01
-3.020100000000000007e-01
-3.415200000000000014e+00
-3.236899999999999888e+00
-2.000999999999999890e+00
-4.107099999999999973e+00
-6.140699999999999825e+00
-8.941399999999999793e+00
-5.546499999999999986e+00
-4.772499999999999964e+00
-7.309899999999999842e+00
-6.330199999999999605e+00
-4.311200000000000365e+00
-4.302699999999999858e-01
1.100500000000000034e+00
1.987000000000000099e+00
2.995499999999999829e+00
3.752299999999999969e+00
1.628500000000000059e+00
6.318000000000000282e-01
-1.825299999999999923e+00
-5.351200000000000401e+00
-5.066300000000000026e+00
-4.489799999999999791e+00
-2.208099999999999952e+00
-3.542199999999999793e+00
-4.326999999999999957e+00
-4.691200000000000259e+00
-5.445599999999999774e+00
-1.730499999999999927e+00
-4.229700000000000237e+00
-1.216499999999999915e+00
1.316999999999999948e+00
2.326900000000000190e+00
4.559400000000000119e+00
5.889999999999999680e+00
7.013099999999999667e+00
2.653599999999999959e+00
-2.178000000000000075e-02
6.769100000000000117e-01
4.808199999999999696e-01
-5.586800000000000654e-01
1.718000000000000083e-01
3.236800000000000233e-01
9.371799999999999020e-01
-1.438099999999999934e+00
-4.323000000000000398e+00
-7.338000000000000078e+00
-6.629400000000000404e+00
-2.663600000000000190e+00
-3.626100000000000101e+00
-5.023399999999999643e+00
-4.286500000000000199e+00
-3.177099999999999813e+00
-1.195400000000000018e+00
-2.823500000000000315e-02
1.922700000000000076e+00
2.999800000000000022e+00
5.534299999999999997e+00
5.942499999999999893e+00
9.041399999999999437e+00
1.220099999999999874e+01
1.009700000000000131e+01
6.769800000000000040e+00
3.749200000000000088e+00
3.910099999999999909e+00
4.944399999999999906e+00
6.384999999999999787e+00
7.860999999999999766e+00
8.557700000000000529e+00
5.563799999999999635e+00
4.588000000000000078e+00
2.741699999999999804e+00
1.888099999999999890e+00
4.259500000000000064e+00
5.717500000000000249e+00
6.079399999999999693e+00
7.810599999999999987e+00
8.468700000000000117e+00
5.239899999999999558e+00
-2.463499999999999801e+00
-4.623800000000000132e+00
-1.006900000000000017e-01
-1.320899999999999963e+00
6.968600000000000350e-01
4.313900000000000290e+00
1.335399999999999920e+00
-2.434099999999999930e+00
-1.694900000000000073e+00
-3.129199999999999982e+00
-1.369099999999999984e+00
2.572200000000000042e+00
3.845200000000000173e+00
5.498700000000000365e+00
2.583000000000000185e+00
-6.427199999999999580e-01
-2.484399999999999942e+00
-5.377799999999999692e+00
-4.215300000000000047e+00
-2.384700000000000042e+00
-1.464099999999999957e+00
-3.394200000000000106e+00
-7.549599999999999866e+00
-7.314000000000000057e+00
-6.329699999999999882e+00
-9.283300000000000551e+00
-1.092300000000000004e+01
-9.694900000000000517e+00
-6.934899999999999842e+00
-4.189000000000000057e+00
1.806699999999999973e-01
1.080000000000000071e+00
-2.613300000000000258e-03
1.923799999999999955e+00
2.021700000000000053e+00
3.440199999999999925e+00
5.854300000000000281e+00
6.865899999999999892e+00
7.287700000000000067e+00
6.160199999999999676e+00
4.875600000000000378e+00
3.317899999999999849e+00
-1.473200000000000065e+00
-2.825200000000000156e+00
-1.508699999999999930e+00
-5.084100000000000286e-01
2.172000000000000153e+00
6.424299999999999677e+00
9.712600000000000122e+00
1.138700000000000045e+01
6.435900000000000176e+00
3.251199999999999646e-01
-2.608400000000000052e+00
-1.405399999999999983e+00
-1.390800000000000036e+00
-8.591900000000000093e-01
-1.394800000000000040e+00
-4.143799999999999706e+00
-4.462699999999999889e+00
-4.697600000000000442e+00
-3.700400000000000134e+00
-3.560200000000000031e+00
-5.976500000000000146e-01
-1.438600000000000101e+00
2.865800000000000014e-01
2.951600000000000001e+00
3.570500000000000007e+00
5.750000000000000000e+00
4.155499999999999972e+00
2.440199999999999925e+00
6.826399999999999135e-01
-1.176600000000000090e+00
-1.082400000000000029e+00
6.190799999999999637e-01
-2.749199999999999977e-01
-4.672200000000000131e+00
-7.856799999999999784e+00
-8.310100000000000264e+00
-6.847999999999999865e+00
-4.674999999999999822e+00
-5.480500000000000149e+00
-4.355000000000000426e+00
-1.196700000000000097e+00
-8.881599999999999218e-02
-3.327699999999999547e-01
1.078500000000000014e+00
3.221999999999999975e+00
3.692499999999999893e+00
1.484699999999999909e+00
-1.308799999999999963e-01
1.627199999999999980e+00
4.063799999999999635e+00
2.237499999999999822e+00
-3.088900000000000201e+00
5.056599999999999984e-01
5.987799999999999789e-01
7.094399999999999595e-01
-4.448399999999999577e-01
-2.925199999999999800e+00
-4.525500000000000078e+00
-8.604799999999999116e+00
-6.907799999999999940e+00
-5.860500000000000043e+00
-5.383200000000000429e+00
-2.825000000000000178e+00
-1.840200000000000058e+00
-1.935599999999999987e+00
-7.360800000000000676e-02
2.091800000000000104e+00
2.748499999999999943e+00
5.367499999999999716e+00
6.873000000000000220e+00
1.014499999999999957e+01
1.281700000000000017e+01
1.291300000000000026e+01
1.165299999999999869e+01
9.396300000000000097e+00
8.107300000000000395e+00
6.807800000000000296e+00
8.396300000000000097e+00
6.920899999999999608e+00
5.754599999999999937e+00
2.860100000000000087e+00
3.026400000000000201e-01
-1.728499999999999925e+00
-2.812399999999999789e+00
-3.130100000000000104e+00
-2.537399999999999878e+00
-1.113699999999999912e+00
-3.910300000000000442e-01
4.044599999999999862e-01
4.129499999999999837e-01
-1.434399999999999897e+00
-3.435599999999999987e+00
-3.106399999999999828e+00
-6.302999999999999936e+00
-9.101499999999999702e+00
-9.029600000000000293e+00
-7.042699999999999960e+00
-4.745800000000000018e+00
-3.682599999999999874e+00
-2.315500000000000114e+00
-2.389200000000000212e+00
-2.350900000000000212e+00
-5.184199999999999697e+00
-7.685599999999999987e+00
-9.545199999999999463e+00
-1.197099999999999831e+01
-8.914199999999999235e+00
-6.073800000000000310e+00
-5.618100000000000094e+00
-3.430000000000000160e+00
-6.668800000000000283e-01
4.350100000000000633e-01
2.638599999999999834e+00
4.140799999999999592e+00
4.079399999999999693e+00
4.853600000000000136e+00
3.012999999999999901e+00
4.572100000000000608e-01
-3.948100000000000165e+00
-5.999200000000000088e+00
-3.828800000000000203e+00
-2.479800000000000004e+00
-1.942600000000000104e+00
-2.685599999999999987e+00
-2.248600000000000154e+00
-2.323999999999999844e+00
-2.026299999999999990e+00
-7.328399999999999359e-01
-1.509700000000000042e+00
-4.768000000000000016e-01
-4.395999999999999908e-01
-3.634499999999999953e-01
3.438800000000000079e+00
3.857800000000000118e+00
4.107899999999999885e+00
4.333199999999999719e+00
6.600399999999999601e+00
6.542699999999999960e+00
3.976599999999999913e+00
5.524799999999999933e+00
6.108100000000000307e+00
4.953700000000000436e+00
3.321600000000000108e+00
-4.263100000000000223e-01
-4.993100000000000094e+00
-5.523899999999999366e-01
7.856300000000000061e+00
1.095500000000000007e+01
5.998000000000000220e+00
1.356500000000000039e+00
-1.526899999999999924e+00
-1.108200000000000074e+00
9.361699999999999189e-02
-4.172399999999999665e+00
-6.578800000000000203e+00
-5.273299999999999876e+00
-7.110699999999999799e-01
9.193799999999999750e-01
-6.058100000000000707e-01
-3.433399999999999785e+00
-5.948900000000000077e+00
-5.110899999999999332e-01
2.364900000000000002e+00
-2.186799999999999855e+00
-2.735500000000000043e+00
-1.608200000000000074e+00
-2.324899999999999967e+00
-1.677200000000000024e+00
-1.094100000000000072e+00
3.722900000000000098e-01
1.852300000000000058e+00
2.536300000000000221e+00
3.680800000000000072e+00
3.209999999999999964e+00
3.689299999999999802e+00
4.145999999999999908e+00
5.007500000000000284e+00
5.854000000000000092e+00
3.876799999999999802e+00
1.762599999999999945e+00
-4.560800000000000409e+00
-4.728399999999999714e+00
-2.973500000000000032e+00
-3.748699999999999921e+00
-1.391999999999999904e+00
-2.310599999999999987e+00
1.204199999999999937e+00
6.368900000000000006e+00
1.066200000000000081e+01
1.070099999999999874e+01
9.186400000000000787e+00
7.928200000000000358e+00
6.038299999999999557e+00
2.863199999999999967e+00
2.807399999999999896e+00
1.547400000000000109e+00
-8.061000000000000387e-01
1.716099999999999848e-01
-2.330099999999999838e+00
-2.117799999999999905e+00
-1.448399999999999910e+00
-2.386099999999999888e+00
-4.120499999999999829e+00
-6.503400000000000070e+00
-7.870299999999999518e-02
3.012700000000000156e+00
3.342499999999999805e+00
5.395199999999999996e+00
2.264899999999999969e-01
-3.736200000000000188e+00
-5.474999999999999645e+00
-6.287700000000000067e+00
-6.127399999999999736e+00
-2.670599999999999863e+00
3.835699999999999665e-01
3.209299999999999820e+00
4.090499999999999581e+00
2.728800000000000114e+00
4.032300000000000217e+00
4.350299999999999834e+00
3.572200000000000042e+00
1.423100000000000032e+00
7.283599999999999797e-02
1.612299999999999844e-01
6.483499999999999819e-01
2.973399999999999932e-01
1.733800000000000008e+00
2.475800000000000001e+00
3.470500000000000251e-01
3.429300000000000015e+00
3.124200000000000088e+00
2.814099999999999824e+00
4.513600000000000279e+00
5.040499999999999758e+00
6.733500000000000263e+00
4.634800000000000253e+00
2.146799999999999820e+00
3.059899999999999842e+00
3.863599999999999923e+00
4.163000000000000256e+00
1.329400000000000026e-01
6.715399999999999148e-01
1.334000000000000075e+00
-9.236900000000000110e-01
-3.229299999999999837e+00
-6.943399999999999572e+00
-8.597599999999999909e+00
-8.188900000000000290e+00
-6.094599999999999795e+00
-1.501300000000000079e+00
-4.368199999999999861e-01
4.568699999999999983e-01
1.849499999999999922e+00
1.164700000000000069e+00
2.586599999999999788e+00
-4.426499999999999879e-01
-1.217500000000000027e+00
-9.478799999999999448e-01
1.974499999999999922e+00
4.102500000000000036e+00
4.386499999999999844e+00
7.722699999999999676e+00
1.010200000000000031e+01
9.469599999999999795e+00
7.285099999999999909e+00
4.590099999999999625e+00
1.043500000000000094e+00
-2.401400000000000201e-01
2.226100000000000190e+00
-3.148099999999999787e-01
-1.397000000000000020e+00
1.507100000000000106e+00
1.806999999999999940e+00
-2.946099999999999941e+00
-2.045700000000000074e+00
-2.363900000000000168e-01
2.295799999999999841e+00
4.206599999999999895e+00
-1.073700000000000099e+00
-2.496100000000000207e+00
-3.476199999999999957e+00
-4.099000000000000199e+00
-6.130799999999999805e+00
-7.838599999999999568e+00
-7.359399999999999942e+00
-5.522800000000000153e+00
-3.998200000000000198e+00
-4.203299999999999592e+00
-1.989200000000000079e+00
-3.981899999999999995e+00
-7.360599999999999810e+00
-7.861299999999999955e+00
-7.174100000000000144e+00
-3.435799999999999965e+00
-1.611699999999999910e+00
-3.156699999999999839e+00
-5.077499999999999680e+00
-3.734799999999999898e+00
1.948900000000000077e-01
4.087100000000000399e+00
1.594400000000000039e+00
-2.473400000000000043e-01
4.163199999999999790e+00
3.266199999999999659e-01
-3.481099999999999750e-01
-1.387100000000000000e+00
-5.216700000000000337e+00
-6.185500000000000220e+00
-7.496199999999999974e+00
-7.154899999999999594e+00
-7.524099999999999788e+00
-5.687500000000000000e+00
-7.330199999999999605e+00
-3.326400000000000023e+00
-6.323199999999999932e+00
-6.052900000000000169e+00
-3.473500000000000032e+00
-4.669100000000000250e+00
-3.666999999999999815e+00
-1.061399999999999899e+00
2.428300000000000125e+00
1.083399999999999919e+00
3.674300000000000122e+00
2.330999999999999961e+00
2.896799999999999820e+00
3.069199999999999928e+00
9.381000000000000449e-01
-1.598600000000000021e+00
-4.036900000000000155e+00
-1.809299999999999908e+00
3.576599999999999779e-01
-7.618300000000000072e-01
2.624099999999999766e-01
7.658699999999999397e-01
-1.859799999999999898e+00
-2.140000000000000124e+00
2.202599999999999891e+00
1.798999999999999932e+00
5.684199999999999697e+00
5.014100000000000001e+00
1.663799999999999946e+00
3.068099999999999716e-01
-3.288100000000000023e+00
1.392900000000000027e+00
4.888200000000000323e+00
6.099099999999999966e+00
5.292399999999999771e+00
2.781099999999999905e+00
-1.673300000000000010e+00
-3.012300000000000200e+00
-3.888700000000000045e+00
-5.020499999999999963e-01
3.723199999999999843e+00
2.389200000000000212e+00
2.893300000000000316e-01
4.624599999999999544e-02
2.189099999999999824e+00
3.821099999999999941e+00
8.972100000000000630e-01
8.943900000000000183e-01
7.013099999999999890e-01
1.927599999999999869e-01
3.980399999999999938e+00
1.775099999999999900e+00
2.690300000000000136e+00
7.657599999999999962e-01
-9.655399999999999539e-01
-2.750199999999999978e+00
-3.290700000000000180e+00
3.980399999999999938e+00
1.633799999999999919e+00
-4.189700000000000202e+00
-6.785899999999999821e+00
-5.575199999999999712e+00
-5.138099999999999667e+00
-8.094500000000000028e+00
-7.896399999999999864e+00
-5.367899999999999672e+00
-5.685900000000000176e+00
-5.179400000000000226e+00
-3.346200000000000063e+00
-2.289499999999999869e+00
9.633599999999999941e-01
1.079499999999999904e+00
6.576699999999999768e+00
8.206500000000000128e+00
4.809599999999999653e+00
9.267999999999999572e-01
-1.428400000000000225e-01
3.674800000000000288e-01
-5.399500000000000410e-01
1.742399999999999949e+00
2.933199999999999807e+00
3.615499999999999936e+00
9.434200000000000363e-01
-3.973399999999999821e+00
-5.652899999999999814e+00
-2.508599999999999941e+00
9.026200000000000889e-01
6.915399999999999991e+00
1.189700000000000024e+01
1.784499999999999886e+01
2.706300000000000239e+01
2.174699999999999989e+01
6.744399999999999729e+00
-1.448200000000000109e+01
-3.482199999999999562e+01
-4.086699999999999733e+01
-3.818199999999999505e+01
-3.406099999999999994e+01
-3.016099999999999781e+01
-1.519200000000000017e+01
2.425699999999999967e+00
1.791300000000000026e+01
2.557900000000000063e+01
2.417999999999999972e+01
1.831500000000000128e+01
4.271200000000000330e+00
-5.278599999999999959e+00
-8.546799999999999287e+00
-4.390600000000000058e+00
-2.812199999999999811e+00
-2.925899999999999945e+00
-1.380500000000000060e+00
2.584099999999999842e+00
8.131199999999999761e+00
1.287299999999999933e+01
1.088099999999999845e+01
-4.053100000000000036e-01
-8.835900000000000531e+00
-1.683500000000000085e+01
-2.076399999999999935e+01
-2.380999999999999872e+01
-2.690599999999999881e+01
-2.387800000000000011e+01
-1.067099999999999937e+01
3.871199999999999974e+00
1.198900000000000077e+01
1.664400000000000190e+01
1.825499999999999901e+01
1.397000000000000064e+01
8.381199999999999761e+00
4.941600000000000215e+00
5.029700000000000143e-02
-3.248200000000000198e+00
-4.774300000000000210e+00
-4.649600000000000399e+00
-4.802699999999999747e-01
6.873400000000000176e+00
1.279299999999999926e+01
1.221799999999999997e+01
1.145199999999999996e+01
8.133800000000000807e+00
8.982200000000000184e-01
-6.599099999999999966e+00
-7.436700000000000088e+00
2.150700000000000056e+00
9.299799999999999400e+00
1.037900000000000134e+01
8.145400000000000418e+00
2.848500000000000032e+00
4.499799999999999578e+00
1.022299999999999898e+01
1.161800000000000033e+01
1.022000000000000064e+01
8.322499999999999787e+00
7.882799999999999585e+00
6.764400000000000190e+00
6.010399999999999743e+00
6.307699999999999640e+00
1.010200000000000031e+01
9.615700000000000358e+00
6.493999999999999773e+00
9.344900000000000873e+00
1.194999999999999929e+01
1.056000000000000050e+01
6.092999999999999972e+00
3.546899999999999942e+00
-2.138100000000000112e+00
-3.348800000000000221e+00
-4.002200000000000202e+00
-6.459100000000000286e+00
-9.919700000000000628e+00
-1.175900000000000034e+01
-7.602800000000000225e+00
-6.763300000000000090e+00
-2.449800000000000200e+00
-2.241099999999999870e+00
-8.035499999999999865e-01
-2.487000000000000099e+00
-7.863900000000000112e+00
-8.583899999999999864e+00
-9.274599999999999511e+00
-5.250799999999999912e+00
-3.393299999999999983e+00
-4.641399999999999970e+00
-4.110699999999999577e+00
-4.170600000000000307e+00
7.565399999999999903e-01
3.998200000000000198e+00
-2.367100000000000204e+00
-5.191799999999999748e+00
-4.463499999999999801e+00
-4.790799999999999947e+00
-2.243199999999999861e+00
-5.538300000000000445e-01
-2.559699999999999753e-01
-1.721200000000000063e+00
-2.775900000000000034e+00
-4.807299999999999685e+00
-3.831999999999999851e+00
-2.769099999999999895e+00
-1.026899999999999924e+00
-5.004899999999999904e-01
2.504199999999999982e+00
3.016199999999999992e+00
2.990600000000000147e+00
1.771400000000000086e+00
1.721799999999999997e-01
-3.285300000000000442e-01
-1.235700000000000021e+00
-2.601700000000000124e+00
-4.664600000000000080e+00
-7.719100000000000072e+00
-6.080799999999999983e+00
-2.427400000000000002e+00
5.686499999999999888e-01
8.051500000000000767e+00
5.269400000000000084e+00
4.198400000000000354e+00
5.001299999999999635e+00
7.081000000000000405e+00
9.029500000000000526e+00
6.519899999999999807e+00
5.302399999999999558e+00
1.410500000000000087e+00
-3.303500000000000103e+00
-4.485599999999999810e+00
-1.902700000000000058e+00
1.543600000000000083e+00
9.205100000000000504e-01
2.674100000000000144e+00
6.280000000000000249e+00
5.082300000000000040e+00
6.189600000000000435e+00
4.268500000000000405e+00
4.717600000000000016e+00
1.958199999999999941e+00
-4.310600000000000542e-01
1.969799999999999995e+00
6.111499999999999710e-01
1.143999999999999906e+00
3.934000000000000163e+00
4.129299999999999748e+00
3.963200000000000056e+00
1.122500000000000053e+00
-2.118100000000000094e+00
-1.101399999999999935e+00
-3.584299999999999820e+00
-2.895900000000000141e+00
-4.601099999999999746e+00
-3.541999999999999815e+00
-3.042600000000000193e+00
-3.093900000000000095e+00
-3.146999999999999797e+00
-5.868199999999999861e+00
-7.681199999999999584e+00
-8.923400000000000887e+00
-8.699699999999999989e+00
-8.159700000000000841e+00
-9.880900000000000460e+00
-8.701900000000000190e+00
-5.102899999999999991e+00
-3.192699999999999871e+00
-3.991699999999999804e+00
-6.113299999999999734e+00
-5.061600000000000321e+00
-5.125000000000000000e+00
-5.495800000000000018e+00
-5.986699999999999910e+00
-7.565800000000000303e+00
-5.386400000000000077e+00
-4.750399999999999956e+00
-5.650299999999999656e+00
-3.248200000000000198e+00
-1.024699999999999944e+00
1.621799999999999908e+00
1.021500000000000075e+00
1.280699999999999950e+00
3.546300000000000008e+00
4.398100000000000342e+00
5.803600000000000314e+00
6.216999999999999638e+00
5.607400000000000162e+00
6.556499999999999773e+00
1.059299999999999997e+01
1.355099999999999838e+01
1.190099999999999980e+01
7.084100000000000286e+00
2.630599999999999827e+00
3.176699999999999857e+00
1.777400000000000091e+00
-2.040200000000000014e+00
-5.934800000000000075e+00
-6.788400000000000212e+00
-1.019300000000000095e+00
3.161900000000000155e+00
3.775700000000000056e+00
-7.524300000000000432e-01
-2.373800000000000132e+00
-2.346799999999999997e+00
8.035200000000000120e-01
3.090800000000000214e+00
3.905600000000000183e+00
4.595799999999999663e+00
5.272000000000000242e+00
6.987300000000000288e+00
2.567899999999999849e+00
-1.742899999999999894e+00
-1.846600000000000019e+00
-2.826000000000000179e-01
-5.039700000000000291e-01
-5.217800000000000216e-01
-8.036699999999999955e-01
5.328000000000000513e-01
-2.780800000000000161e+00
-7.256999999999999673e+00
-6.703700000000000436e+00
-4.186799999999999855e+00
-3.736400000000000166e+00
-3.126300000000000079e+00
4.357800000000000007e-01
2.399399999999999977e+00
4.232499999999999929e+00
6.226099999999999746e+00
2.410000000000000142e+00
6.923600000000000865e-01
2.856799999999999784e+00
3.459700000000000220e+00
1.411999999999999922e+00
1.898300000000000098e+00
3.412500000000000089e+00
3.291300000000000114e+00
1.713400000000000034e+00
3.234299999999999953e-01
-8.808399999999999563e-01
-4.898399999999999643e+00
-4.493400000000000283e+00
-4.334800000000000431e+00
-2.571400000000000130e+00
-2.444700000000000095e+00
-4.477199999999999847e+00
-1.560999999999999943e+00
-1.372100000000000097e+00
-4.244799999999999685e+00
-3.043699999999999850e+00
-1.163399999999999990e+00
-3.239199999999999857e-01
-2.134500000000000064e+00
-2.896100000000000119e+00
-6.690599999999999881e-01
1.517300000000000093e+00
4.015500000000000291e+00
6.948500000000000121e+00
7.115099999999999980e+00
1.591900000000000093e+00
1.630800000000000027e+00
7.580100000000000726e-01
9.798999999999999932e-01
1.106800000000000006e+00
-1.335399999999999920e+00
-1.125199999999999978e+00
1.805900000000000061e+00
4.490499999999999936e+00
4.902899999999999814e+00
3.389299999999999979e+00
9.119599999999999929e-01
1.374100000000000099e+00
-1.477700000000000014e+00
-7.994600000000000595e-01
-7.167399999999999327e-01
-3.015099999999999891e+00
-2.133399999999999963e+00
-3.690599999999999881e+00
-3.542100000000000026e+00
-2.457599999999999785e+00
9.059099999999999930e-01
1.256299999999999972e+00
1.250199999999999978e+00
9.165499999999999758e-01
6.762100000000000888e-01
2.155900000000000039e-01
1.594000000000000083e+00
-4.437200000000000033e-01
-3.798200000000000021e+00
-2.391599999999999948e+00
-3.227500000000000036e+00
-4.147700000000000387e+00
-8.471099999999999852e+00
-5.892000000000000348e+00
-3.031800000000000050e+00
-8.172199999999999465e-01
2.309000000000000163e+00
9.709700000000001108e-01
-1.165499999999999980e+00
-1.010000000000000009e+00
3.039699999999999847e+00
4.914500000000000313e+00
4.668499999999999872e+00
2.133400000000000019e-01
-2.842400000000000038e+00
-2.216600000000000126e+00
-3.471900000000000208e+00
-4.071900000000000297e+00
-4.146300000000000097e+00
-3.650100000000000122e+00
-3.111899999999999888e+00
5.410699999999999399e-01
4.867000000000000215e-01
1.700700000000000101e+00
2.910000000000000142e+00
7.469899999999999318e-01
2.517599999999999838e+00
1.134200000000000097e+00
-2.126300000000000134e-01
8.690199999999999314e-02
1.954399999999999915e+00
6.288299999999999557e+00
6.104400000000000048e+00
5.251999999999999780e+00
1.129099999999999993e+00
-1.370400000000000063e+00
-9.106499999999999595e-01
-1.290100000000000025e+00
1.915000000000000036e+00
3.108600000000000030e+00
-5.372700000000000253e-01
-5.983399999999999830e-01
1.368000000000000105e+00
-1.133300000000000002e-01
3.681800000000000073e-01
2.088900000000000201e+00
2.103599999999999914e-01
1.922099999999999920e+00
1.995100000000000096e+00
2.148299999999999876e+00
1.184399999999999897e+00
1.427000000000000046e+00
1.646200000000000163e-01
-1.062999999999999945e+00
3.320599999999999663e-01
-1.695599999999999996e+00
-7.060300000000000464e-01
-4.437999999999999723e+00
-4.939099999999999824e+00
-2.500000000000000000e+00
-1.303199999999999914e+00
1.449100000000000055e+00
1.118100000000000094e+00
8.964700000000001001e-01
4.035300000000000331e+00
1.764499999999999957e+00
1.538499999999999979e+00
7.122000000000000552e-01
-2.023000000000000076e-01
3.236399999999999832e-01
1.740299999999999958e+00
4.624900000000000233e+00
8.583399999999999253e+00
7.706699999999999662e+00
3.344599999999999795e+00
4.012900000000000134e+00
2.748000000000000220e+00
-1.638400000000000134e-01
8.591400000000000148e-01
1.052499999999999991e+00
1.217500000000000027e+00
3.142500000000000071e+00
1.238399999999999945e+00
8.415000000000000258e-02
7.425099999999999756e-02
2.567800000000000082e+00
4.568500000000000227e+00
2.409600000000000186e+00
1.495300000000000074e+00
4.008499999999999730e+00
5.775599999999999845e+00
5.099400000000000155e+00
4.311700000000000088e+00
5.458099999999999952e+00
2.805600000000000094e+00
2.852799999999999780e+00
4.985699999999999577e+00
5.495000000000000107e+00
9.417899999999999494e+00
7.319799999999999862e+00
-4.868699999999999584e+00
-1.256599999999999895e+01
-1.863200000000000145e+01
-1.792299999999999827e+01
-1.111800000000000033e+01
-5.700400000000000134e+00
-2.027899999999999814e+00
-7.608299999999999841e+00
-1.036999999999999922e+01
-6.237899999999999778e+00
8.273099999999999898e-02
1.477100000000000080e+00
-8.718700000000000339e-01
-5.998199999999999754e+00
-5.147000000000000242e+00
-4.346199999999999619e+00
-3.663199999999999790e+00
-4.107199999999999740e+00
-2.313800000000000079e+00
3.350200000000000067e+00
7.142299999999999649e+00
9.598300000000000054e+00
8.881500000000000838e+00
2.034699999999999953e+00
-7.352599999999999802e+00
-9.395500000000000185e+00
-8.904199999999999449e+00
-7.134900000000000020e+00
-7.533400000000000318e+00
-7.689700000000000202e+00
-5.289900000000000269e+00
-2.525999999999999801e+00
-1.306899999999999951e+00
-2.237499999999999822e+00
-1.258899999999999908e+00
-1.547900000000000054e+00
-3.179499999999999993e+00
-5.657300000000000217e+00
-7.784099999999999575e+00
-8.592599999999999127e+00
-4.971099999999999852e+00
5.689999999999999503e-01
-1.031099999999999905e+00
-1.761100000000000165e-02
-3.537000000000000144e-01
1.645499999999999963e+00
2.130799999999999805e+00
1.081199999999999939e+00
-1.911599999999999966e+00
-2.518100000000000005e+00
-1.550000000000000044e+00
-9.974200000000000843e-01
-6.862500000000000266e-01
-2.867399999999999949e+00
-1.673899999999999944e+00
-1.691400000000000015e+00
5.108800000000000008e-01
7.028200000000001113e-02
-1.780899999999999928e+00
-1.952499999999999902e+00
5.217699999999999561e-01
4.987300000000000288e+00
5.049999999999999822e+00
5.112000000000000099e+00
3.887500000000000178e+00
-1.221700000000000008e+00
-5.480599999999999916e+00
-6.376900000000000013e+00
-2.501700000000000035e+00
3.212499999999999911e+00
6.091700000000000337e+00
2.064599999999999991e+00
-1.794200000000000017e+00
-2.204200000000000159e+00
-8.641499999999999737e-01
-1.724099999999999966e+00
-6.518399999999999750e-01
1.842200000000000060e+00
4.178799999999999848e+00
2.372500000000000053e+00
2.618100000000000094e+00
3.198500000000000121e+00
3.657200000000000006e+00
4.981700000000000017e+00
4.918499999999999872e+00
5.257100000000000328e+00
4.444399999999999906e+00
5.552999999999999936e+00
3.377800000000000136e+00
3.943700000000000205e+00
3.949100000000000055e+00
3.061300000000000132e+00
1.556200000000000028e+00
4.440599999999999881e+00
3.304499999999999993e+00
6.366800000000000237e-01
5.815299999999999914e-01
6.936700000000000088e-01
5.555699999999999861e+00
5.858600000000000030e+00
4.617300000000000182e+00
3.656200000000000117e+00
7.880899999999999572e-01
-7.852700000000000236e-01
-1.579599999999999893e+00
-3.069900000000000073e+00
1.475800000000000001e+00
1.313099999999999934e+00
8.033100000000000795e-01
1.159700000000000036e-01
-2.886299999999999866e+00
-1.287300000000000111e+00
-6.559800000000000075e-01
-4.932100000000000373e-01
8.707299999999999762e-02
-7.230199999999999960e-01
-1.392200000000000104e+00
-1.542499999999999982e+00
-2.394200000000000106e+00
-1.009500000000000064e+00
2.508799999999999919e-01
1.289400000000000102e+00
4.534699999999999842e-01
6.682100000000000817e-01
-1.119699999999999918e+00
1.030399999999999983e+00
4.394099999999999895e+00
6.416599999999999859e+00
5.558099999999999596e+00
4.459399999999999586e+00
5.838400000000000034e+00
5.277300000000000324e+00
6.642900000000000027e+00
5.128499999999999837e+00
5.822300000000000253e+00
3.452900000000000080e+00
1.469799999999999995e+00
-1.241500000000000048e+00
-3.973800000000000221e+00
-3.494699999999999918e+00
-4.586500000000000021e+00
-4.642599999999999838e+00
-4.689400000000000013e+00
-2.667499999999999982e+00
-2.119299999999999962e+00
-4.520500000000000185e+00
-2.933699999999999974e+00
-7.200400000000000134e-01
1.193500000000000005e+00
1.304100000000000037e+00
-2.725899999999999990e-01
-1.491000000000000103e+00
-2.679899999999999949e+00
-4.297699999999999854e+00
-4.635200000000000209e+00
