1.279399999999999977e+02
1.428799999999999955e+02
1.494900000000000091e+02
1.507500000000000000e+02
1.432299999999999898e+02
1.251200000000000045e+02
9.695399999999999352e+01
6.189899999999999380e+01
2.511400000000000077e+01
-7.594999999999999751e+00
-3.142000000000000171e+01
-4.391100000000000136e+01
-4.549699999999999989e+01
-3.908899999999999864e+01
-2.886899999999999977e+01
-1.892299999999999827e+01
-1.222000000000000064e+01
-1.027999999999999936e+01
-1.348200000000000109e+01
-2.160900000000000176e+01
-3.420100000000000051e+01
-5.048300000000000409e+01
-6.900399999999999068e+01
-8.733599999999999852e+01
-1.022500000000000000e+02
-1.105499999999999972e+02
-1.102800000000000011e+02
-1.017699999999999960e+02
-8.794799999999999329e+01
-7.360099999999999909e+01
-6.383100000000000307e+01
-6.221999999999999886e+01
-6.947899999999999920e+01
-8.308799999999999386e+01
-9.809899999999998954e+01
-1.087399999999999949e+02
-1.102699999999999960e+02
-1.004000000000000057e+02
-8.004000000000000625e+01
-5.303899999999999437e+01
-2.522300000000000253e+01
-2.911799999999999944e+00
8.712300000000000821e+00
7.003199999999999648e+00
-7.324900000000000411e+00
-3.025400000000000134e+01
-5.550300000000000011e+01
-7.630599999999999739e+01
-8.740100000000001046e+01
-8.652700000000000102e+01
-7.485399999999999920e+01
-5.611100000000000421e+01
-3.488400000000000034e+01
-1.471799999999999997e+01
2.943700000000000205e+00
1.866600000000000037e+01
3.385099999999999909e+01
4.920000000000000284e+01
6.375999999999999801e+01
7.506999999999999318e+01
8.043800000000000239e+01
7.856199999999999761e+01
7.059399999999999409e+01
6.000999999999999801e+01
5.111199999999999477e+01
4.718399999999999750e+01
4.889600000000000080e+01
5.397100000000000364e+01
5.817199999999999704e+01
5.708500000000000085e+01
4.782699999999999818e+01
2.998900000000000077e+01
5.476499999999999702e+00
-2.243800000000000239e+01
-5.025100000000000477e+01
-7.502199999999999136e+01
-9.461100000000000421e+01
-1.075199999999999960e+02
-1.127099999999999937e+02
-1.096899999999999977e+02
-9.876899999999999125e+01
-8.138400000000000034e+01
-6.001399999999999579e+01
-3.761500000000000199e+01
-1.677299999999999969e+01
1.062699999999999978e+00
1.592099999999999937e+01
2.904599999999999937e+01
4.215399999999999636e+01
5.662800000000000011e+01
7.294199999999999307e+01
9.049799999999999045e+01
1.078199999999999932e+02
1.228799999999999955e+02
1.333799999999999955e+02
1.369600000000000080e+02
1.316200000000000045e+02
1.162300000000000040e+02
9.129000000000000625e+01
5.946300000000000097e+01
2.567399999999999949e+01
-3.757600000000000051e+00
-2.279599999999999937e+01
-2.771000000000000085e+01
-1.869699999999999918e+01
-2.757000000000000006e-01
1.989700000000000202e+01
3.354999999999999716e+01
3.480599999999999739e+01
2.251800000000000068e+01
1.006999999999999895e+00
-2.138699999999999690e+01
-3.539900000000000091e+01
-3.464000000000000057e+01
-1.860800000000000054e+01
6.359799999999999898e+00
2.876000000000000156e+01
3.586299999999999955e+01
1.859700000000000131e+01
-2.444500000000000028e+01
-8.541599999999999682e+01
-1.490699999999999932e+02
-1.974099999999999966e+02
-2.157800000000000011e+02
-1.979399999999999977e+02
-1.484000000000000057e+02
-8.110200000000000387e+01
-1.464299999999999891e+01
3.378999999999999915e+01
5.380300000000000438e+01
4.453300000000000125e+01
1.404499999999999993e+01
-2.420899999999999963e+01
-5.618699999999999761e+01
-7.166199999999999193e+01
-6.678000000000000114e+01
-4.422800000000000153e+01
-1.153700000000000081e+01
2.183300000000000196e+01
4.750600000000000023e+01
6.052100000000000080e+01
6.042699999999999960e+01
5.096999999999999886e+01
3.848499999999999943e+01
2.933800000000000097e+01
2.719300000000000139e+01
3.098900000000000077e+01
3.468800000000000239e+01
2.920199999999999818e+01
6.109499999999999709e+00
-3.817900000000000205e+01
-9.951999999999999602e+01
-1.661599999999999966e+02
-2.219499999999999886e+02
-2.521299999999999955e+02
-2.487899999999999920e+02
-2.141299999999999955e+02
-1.597400000000000091e+02
-1.022399999999999949e+02
-5.708299999999999841e+01
-3.336400000000000432e+01
-3.157199999999999918e+01
-4.497999999999999687e+01
-6.364500000000000313e+01
-7.875499999999999545e+01
-8.547200000000000841e+01
-8.326299999999999102e+01
-7.431300000000000239e+01
-6.131700000000000017e+01
-4.626300000000000523e+01
-3.034300000000000352e+01
-1.477099999999999902e+01
-1.289800000000000058e+00
8.288000000000000256e+00
1.336800000000000033e+01
1.569200000000000017e+01
1.918099999999999739e+01
2.812999999999999901e+01
4.451500000000000057e+01
6.603100000000000591e+01
8.630500000000000682e+01
9.763799999999999102e+01
9.507999999999999829e+01
7.962999999999999545e+01
5.863499999999999801e+01
4.270399999999999352e+01
4.050900000000000034e+01
5.413100000000000023e+01
7.744700000000000273e+01
9.867499999999999716e+01
1.058499999999999943e+02
9.267299999999998761e+01
6.139399999999999835e+01
2.164499999999999957e+01
-1.444999999999999929e+01
-3.813900000000000290e+01
-4.788600000000000279e+01
-4.935199999999999676e+01
-5.174300000000000210e+01
-6.270799999999999841e+01
-8.450799999999999557e+01
-1.134000000000000057e+02
-1.421800000000000068e+02
-1.642899999999999920e+02
-1.767800000000000011e+02
-1.809399999999999977e+02
-1.801399999999999864e+02
-1.768400000000000034e+02
-1.703300000000000125e+02
-1.571299999999999955e+02
-1.335200000000000102e+02
-9.862899999999999068e+01
-5.627499999999999858e+01
-1.417300000000000004e+01
1.936799999999999855e+01
3.942499999999999716e+01
4.710800000000000409e+01
4.933299999999999841e+01
5.565399999999999636e+01
7.366599999999999682e+01
1.050600000000000023e+02
1.443300000000000125e+02
1.804499999999999886e+02
2.011200000000000045e+02
1.974799999999999898e+02
1.676500000000000057e+02
1.175100000000000051e+02
5.891600000000000392e+01
5.720299999999999940e+00
-3.068900000000000006e+01
-4.497500000000000142e+01
-3.927900000000000347e+01
-2.219000000000000128e+01
-5.469400000000000261e+00
4.031000000000000139e-01
-9.770099999999999341e+00
-3.375699999999999790e+01
-6.267199999999999704e+01
-8.449399999999999977e+01
-8.908499999999999375e+01
-7.264699999999999136e+01
-3.967399999999999949e+01
-1.442399999999999904e+00
2.848699999999999832e+01
3.961099999999999710e+01
2.849399999999999977e+01
-5.514700000000000157e-01
-3.827199999999999847e+01
-7.514100000000000534e+01
-1.056400000000000006e+02
-1.300000000000000000e+02
-1.525500000000000114e+02
-1.779499999999999886e+02
-2.073600000000000136e+02
-2.368499999999999943e+02
-2.586999999999999886e+02
-2.653199999999999932e+02
-2.531200000000000045e+02
-2.246500000000000057e+02
-1.878100000000000023e+02
-1.522800000000000011e+02
-1.253499999999999943e+02
-1.091200000000000045e+02
-1.001800000000000068e+02
-9.196600000000000819e+01
-7.822700000000000387e+01
-5.594600000000000506e+01
-2.631199999999999761e+01
6.187100000000000044e+00
3.604599999999999937e+01
5.867999999999999972e+01
7.150499999999999545e+01
7.372399999999998954e+01
6.554999999999999716e+01
4.759700000000000131e+01
2.090300000000000225e+01
-1.254099999999999859e+01
-4.932899999999999352e+01
-8.484100000000000819e+01
-1.142099999999999937e+02
-1.336699999999999875e+02
-1.415999999999999943e+02
-1.387400000000000091e+02
-1.275100000000000051e+02
-1.106500000000000057e+02
-9.017900000000000205e+01
-6.693500000000000227e+01
-4.090999999999999659e+01
-1.195700000000000074e+01
1.951999999999999957e+01
5.229299999999999926e+01
8.453399999999999181e+01
1.142699999999999960e+02
1.397299999999999898e+02
1.594900000000000091e+02
1.723700000000000045e+02
1.774799999999999898e+02
1.742400000000000091e+02
1.628199999999999932e+02
1.444099999999999966e+02
1.212999999999999972e+02
9.655700000000000216e+01
7.335800000000000409e+01
5.431300000000000239e+01
4.093900000000000006e+01
3.336400000000000432e+01
3.036400000000000077e+01
2.962699999999999889e+01
2.821599999999999753e+01
2.330599999999999739e+01
1.297499999999999964e+01
-2.892199999999999882e+00
-2.204100000000000037e+01
-4.003600000000000136e+01
-5.128600000000000136e+01
-5.085199999999999676e+01
-3.628900000000000148e+01
-8.843099999999999739e+00
2.660199999999999676e+01
6.290699999999999648e+01
9.280100000000000193e+01
1.109099999999999966e+02
1.148499999999999943e+02
1.050699999999999932e+02
8.390799999999998704e+01
5.438399999999999324e+01
1.939499999999999957e+01
-1.827700000000000102e+01
-5.572999999999999687e+01
-8.972299999999999898e+01
-1.172900000000000063e+02
-1.366200000000000045e+02
-1.479799999999999898e+02
-1.536899999999999977e+02
-1.570600000000000023e+02
-1.604900000000000091e+02
-1.638199999999999932e+02
-1.637800000000000011e+02
-1.553000000000000114e+02
-1.338600000000000136e+02
-9.808100000000000307e+01
-5.094800000000000040e+01
9.218600000000000128e-01
4.971600000000000108e+01
8.937500000000000000e+01
1.176099999999999994e+02
1.360399999999999920e+02
1.485500000000000114e+02
1.587899999999999920e+02
1.683300000000000125e+02
1.762500000000000000e+02
1.803100000000000023e+02
1.788600000000000136e+02
1.721800000000000068e+02
1.624699999999999989e+02
1.525300000000000011e+02
1.438000000000000114e+02
1.351999999999999886e+02
1.234599999999999937e+02
1.050499999999999972e+02
7.857999999999999829e+01
4.666100000000000136e+01
1.582499999999999929e+01
-5.418599999999999639e+00
-9.816100000000000492e+00
5.646899999999999586e+00
3.824499999999999744e+01
8.021800000000000352e+01
1.213799999999999955e+02
1.525099999999999909e+02
1.682199999999999989e+02
1.682599999999999909e+02
1.569000000000000057e+02
1.408799999999999955e+02
1.268400000000000034e+02
1.192600000000000051e+02
1.194399999999999977e+02
1.259800000000000040e+02
1.359199999999999875e+02
1.464499999999999886e+02
1.559600000000000080e+02
1.647100000000000080e+02
1.744300000000000068e+02
1.874499999999999886e+02
2.058000000000000114e+02
2.302899999999999920e+02
2.601800000000000068e+02
2.933299999999999841e+02
3.266399999999999864e+02
3.568100000000000023e+02
3.809399999999999977e+02
3.971200000000000045e+02
4.047500000000000000e+02
4.045600000000000023e+02
3.984800000000000182e+02
3.888199999999999932e+02
3.774499999999999886e+02
3.649900000000000091e+02
3.503299999999999841e+02
3.311800000000000068e+02
3.053000000000000114e+02
2.723100000000000023e+02
2.351500000000000057e+02
2.001999999999999886e+02
1.757599999999999909e+02
1.690600000000000023e+02
1.829600000000000080e+02
2.137899999999999920e+02
2.516599999999999966e+02
2.833799999999999955e+02
2.970000000000000000e+02
2.862099999999999795e+02
2.526599999999999966e+02
2.049900000000000091e+02
1.552400000000000091e+02
1.139300000000000068e+02
8.652100000000000080e+01
7.224500000000000455e+01
6.597299999999999898e+01
6.182199999999999562e+01
5.656800000000000495e+01
5.110199999999999676e+01
4.939100000000000534e+01
5.580499999999999972e+01
7.226600000000000534e+01
9.702200000000000557e+01
1.255000000000000000e+02
1.525600000000000023e+02
1.750500000000000114e+02
1.929799999999999898e+02
2.088300000000000125e+02
2.255500000000000114e+02
2.446200000000000045e+02
2.651200000000000045e+02
2.844300000000000068e+02
3.000500000000000114e+02
3.112400000000000091e+02
3.194499999999999886e+02
3.274300000000000068e+02
3.373899999999999864e+02
3.495799999999999841e+02
3.620500000000000114e+02
3.718299999999999841e+02
3.768899999999999864e+02
3.776399999999999864e+02
3.770099999999999909e+02
3.790899999999999750e+02
3.869900000000000091e+02
4.011800000000000068e+02
4.192799999999999727e+02
4.372400000000000091e+02
4.515000000000000000e+02
4.606499999999999773e+02
4.658600000000000136e+02
4.700500000000000114e+02
4.759599999999999795e+02
4.848999999999999773e+02
4.962400000000000091e+02
5.082500000000000000e+02
5.196599999999999682e+02
5.307300000000000182e+02
5.433799999999999955e+02
5.602999999999999545e+02
5.834299999999999500e+02
6.127999999999999545e+02
6.462000000000000455e+02
6.799299999999999500e+02
7.099400000000000546e+02
7.326299999999999955e+02
7.452500000000000000e+02
7.456499999999999773e+02
7.318099999999999454e+02
7.018500000000000227e+02
6.547200000000000273e+02
5.908500000000000227e+02
5.129500000000000455e+02
4.257799999999999727e+02
3.351399999999999864e+02
2.463300000000000125e+02
1.629499999999999886e+02
8.631000000000000227e+01
1.605199999999999960e+01
-4.892399999999999949e+01
-1.092500000000000000e+02
-1.650500000000000114e+02
-2.160800000000000125e+02
-2.627099999999999795e+02
-3.065000000000000000e+02
-3.501399999999999864e+02
-3.967599999999999909e+02
-4.482599999999999909e+02
-5.045799999999999841e+02
-5.632100000000000364e+02
-6.200000000000000000e+02
-6.707100000000000364e+02
-7.124700000000000273e+02
-7.447200000000000273e+02
-7.689900000000000091e+02
-7.879800000000000182e+02
-8.041900000000000546e+02
-8.189800000000000182e+02
-8.322500000000000000e+02
-8.428899999999999864e+02
-8.496100000000000136e+02
-8.516200000000000045e+02
-8.488200000000000500e+02
-8.415700000000000500e+02
-8.302799999999999727e+02
-8.150499999999999545e+02
-7.958600000000000136e+02
-7.727500000000000000e+02
-7.462400000000000091e+02
-7.175299999999999727e+02
-6.881499999999999773e+02
-6.595800000000000409e+02
-6.328400000000000318e+02
-6.084500000000000455e+02
-5.867200000000000273e+02
-5.681100000000000136e+02
-5.535199999999999818e+02
-5.439500000000000455e+02
-5.398700000000000045e+02
-5.407200000000000273e+02
-5.447300000000000182e+02
-5.494900000000000091e+02
-5.531499999999999773e+02
-5.555099999999999909e+02
-5.586200000000000045e+02
-5.659900000000000091e+02
-5.813500000000000227e+02
-6.066799999999999500e+02
-6.410099999999999909e+02
-6.803099999999999454e+02
-7.184099999999999682e+02
-7.489400000000000546e+02
-7.670499999999999545e+02
-7.700199999999999818e+02
-7.576499999999999773e+02
-7.310800000000000409e+02
-6.921000000000000227e+02
-6.426299999999999955e+02
-5.846599999999999682e+02
-5.209900000000000091e+02
-4.549700000000000273e+02
-3.907500000000000000e+02
-3.321100000000000136e+02
-2.818600000000000136e+02
-2.409600000000000080e+02
-2.085300000000000011e+02
-1.824399999999999977e+02
-1.598799999999999955e+02
-1.381299999999999955e+02
-1.149399999999999977e+02
-8.873499999999999943e+01
-5.909300000000000352e+01
-2.710999999999999943e+01
4.143799999999999706e+00
2.989000000000000057e+01
4.465399999999999636e+01
4.402700000000000102e+01
2.648800000000000310e+01
-5.663199999999999790e+00
-4.696999999999999886e+01
-9.077899999999999636e+01
-1.316999999999999886e+02
-1.671200000000000045e+02
-1.971100000000000136e+02
-2.225099999999999909e+02
-2.428000000000000114e+02
-2.550099999999999909e+02
-2.550200000000000102e+02
-2.406899999999999977e+02
-2.148899999999999864e+02
-1.863499999999999943e+02
-1.667700000000000102e+02
-1.648899999999999864e+02
-1.800900000000000034e+02
-1.992400000000000091e+02
-1.993600000000000136e+02
-1.559699999999999989e+02
-5.399499999999999744e+01
1.033299999999999983e+02
2.927500000000000000e+02
4.772300000000000182e+02
6.186000000000000227e+02
6.912100000000000364e+02
6.904500000000000455e+02
6.331599999999999682e+02
5.496699999999999591e+02
4.712699999999999818e+02
4.194300000000000068e+02
4.003999999999999773e+02
4.072699999999999818e+02
4.270199999999999818e+02
4.485099999999999909e+02
4.672099999999999795e+02
4.850000000000000000e+02
5.061200000000000045e+02
5.321299999999999955e+02
5.592599999999999909e+02
5.793500000000000227e+02
5.838200000000000500e+02
5.679099999999999682e+02
5.329800000000000182e+02
4.855600000000000023e+02
4.338899999999999864e+02
3.841899999999999977e+02
3.384700000000000273e+02
2.949900000000000091e+02
2.510399999999999920e+02
2.054000000000000057e+02
1.600900000000000034e+02
1.196700000000000017e+02
8.906700000000000728e+01
7.137500000000000000e+01
6.652400000000000091e+01
7.187699999999999534e+01
8.375000000000000000e+01
9.888899999999999579e+01
1.152099999999999937e+02
1.314699999999999989e+02
1.462299999999999898e+02
1.574199999999999875e+02
1.624399999999999977e+02
1.592899999999999920e+02
1.474399999999999977e+02
1.282599999999999909e+02
1.042900000000000063e+02
7.764699999999999136e+01
4.902399999999999380e+01
1.731700000000000017e+01
-1.929700000000000060e+01
-6.141199999999999903e+01
-1.067999999999999972e+02
-1.500200000000000102e+02
-1.834000000000000057e+02
-1.995800000000000125e+02
-1.941399999999999864e+02
-1.672100000000000080e+02
-1.236599999999999966e+02
-7.151000000000000512e+01
-1.928999999999999915e+01
2.646699999999999875e+01
6.284700000000000131e+01
9.088400000000000034e+01
1.142999999999999972e+02
1.377899999999999920e+02
1.647400000000000091e+02
1.960900000000000034e+02
2.298899999999999864e+02
2.621600000000000250e+02
2.884200000000000159e+02
3.055500000000000114e+02
3.130199999999999818e+02
3.131600000000000250e+02
3.102300000000000182e+02
3.087300000000000182e+02
3.116100000000000136e+02
3.190500000000000114e+02
3.287400000000000091e+02
3.369800000000000182e+02
3.406899999999999977e+02
3.386600000000000250e+02
3.319900000000000091e+02
3.230600000000000023e+02
3.136600000000000250e+02
3.033100000000000023e+02
2.885899999999999750e+02
2.641700000000000159e+02
2.249300000000000068e+02
1.685999999999999943e+02
9.751700000000001012e+01
1.861700000000000088e+01
-5.824100000000000676e+01
-1.233299999999999983e+02
-1.700999999999999943e+02
-1.970800000000000125e+02
-2.080800000000000125e+02
-2.105200000000000102e+02
-2.125999999999999943e+02
-2.205600000000000023e+02
-2.367500000000000000e+02
-2.595400000000000205e+02
-2.845099999999999909e+02
-3.064499999999999886e+02
-3.216000000000000227e+02
-3.287400000000000091e+02
-3.291200000000000045e+02
-3.253000000000000114e+02
-3.196800000000000068e+02
-3.134700000000000273e+02
-3.067400000000000091e+02
-2.992799999999999727e+02
-2.915899999999999750e+02
-2.855699999999999932e+02
-2.839800000000000182e+02
-2.890500000000000114e+02
-3.008600000000000136e+02
-3.164900000000000091e+02
-3.306800000000000068e+02
-3.375699999999999932e+02
-3.332400000000000091e+02
-3.174399999999999977e+02
-2.935600000000000023e+02
-2.672599999999999909e+02
-2.438499999999999943e+02
-2.263100000000000023e+02
-2.146699999999999875e+02
-2.073600000000000136e+02
-2.034399999999999977e+02
-2.044099999999999966e+02
-2.143600000000000136e+02
-2.379499999999999886e+02
-2.771899999999999977e+02
-3.286399999999999864e+02
-3.829100000000000250e+02
-4.266800000000000068e+02
-4.472599999999999909e+02
-4.371499999999999773e+02
-3.971200000000000045e+02
-3.357799999999999727e+02
-2.664700000000000273e+02
-2.023100000000000023e+02
-1.521100000000000136e+02
-1.182900000000000063e+02
-9.780899999999999750e+01
-8.491700000000000159e+01
-7.438100000000000023e+01
-6.349800000000000466e+01
-5.236800000000000210e+01
-4.273799999999999955e+01
-3.642300000000000182e+01
-3.432999999999999829e+01
-3.642300000000000182e+01
-4.225699999999999790e+01
-5.166799999999999926e+01
-6.467900000000000205e+01
-8.101300000000000523e+01
-9.953299999999998704e+01
-1.183100000000000023e+02
-1.352199999999999989e+02
-1.491800000000000068e+02
-1.606899999999999977e+02
-1.715800000000000125e+02
-1.835200000000000102e+02
-1.963100000000000023e+02
-2.068400000000000034e+02
-2.096899999999999977e+02
-1.991899999999999977e+02
-1.721699999999999875e+02
-1.297400000000000091e+02
-7.721600000000000819e+01
-2.201199999999999690e+01
2.973400000000000176e+01
7.550499999999999545e+01
1.170300000000000011e+02
1.584699999999999989e+02
2.030399999999999920e+02
2.498700000000000045e+02
2.928999999999999773e+02
3.225000000000000000e+02
3.290199999999999818e+02
3.068899999999999864e+02
2.571399999999999864e+02
1.873300000000000125e+02
1.089599999999999937e+02
3.364399999999999835e+01
-3.013699999999999690e+01
-7.876300000000000523e+01
-1.127999999999999972e+02
-1.352800000000000011e+02
-1.495999999999999943e+02
-1.583400000000000034e+02
-1.631200000000000045e+02
-1.653600000000000136e+02
-1.668700000000000045e+02
-1.700000000000000000e+02
-1.769199999999999875e+02
-1.887500000000000000e+02
-2.048400000000000034e+02
-2.230600000000000023e+02
-2.404900000000000091e+02
-2.547199999999999989e+02
-2.648399999999999750e+02
-2.717400000000000091e+02
-2.776299999999999955e+02
-2.853000000000000114e+02
-2.970199999999999818e+02
-3.138600000000000136e+02
-3.350500000000000114e+02
-3.580400000000000205e+02
-3.785799999999999841e+02
-3.915000000000000000e+02
-3.916899999999999977e+02
-3.755699999999999932e+02
-3.421100000000000136e+02
-2.935400000000000205e+02
-2.347899999999999920e+02
-1.718799999999999955e+02
-1.099599999999999937e+02
-5.137899999999999778e+01
4.801000000000000156e+00
6.201300000000000523e+01
1.239800000000000040e+02
1.925900000000000034e+02
2.662300000000000182e+02
3.398799999999999955e+02
4.066600000000000250e+02
4.598899999999999864e+02
4.953100000000000023e+02
5.118500000000000227e+02
5.113000000000000114e+02
4.972599999999999909e+02
4.736999999999999886e+02
4.442500000000000000e+02
4.119100000000000250e+02
3.791899999999999977e+02
3.479599999999999795e+02
3.191000000000000227e+02
2.918600000000000136e+02
2.636600000000000250e+02
2.309799999999999898e+02
1.907199999999999989e+02
1.421200000000000045e+02
8.790799999999998704e+01
3.386400000000000432e+01
-1.317300000000000004e+01
-4.790600000000000591e+01
-6.898499999999999943e+01
-7.947899999999999920e+01
-8.561599999999999966e+01
-9.389600000000000080e+01
-1.086099999999999994e+02
-1.303100000000000023e+02
-1.566699999999999875e+02
-1.845900000000000034e+02
-2.124399999999999977e+02
-2.409000000000000057e+02
-2.721000000000000227e+02
-3.070699999999999932e+02
-3.435000000000000000e+02
-3.751100000000000136e+02
-3.935799999999999841e+02
-3.921899999999999977e+02
-3.695099999999999909e+02
-3.310400000000000205e+02
-2.879599999999999795e+02
-2.527199999999999989e+02
-2.339799999999999898e+02
-2.329099999999999966e+02
-2.429300000000000068e+02
-2.528799999999999955e+02
-2.522100000000000080e+02
-2.355900000000000034e+02
-2.049799999999999898e+02
-1.680500000000000114e+02
-1.339199999999999875e+02
-1.086800000000000068e+02
-9.264499999999999602e+01
-8.085800000000000409e+01
-6.616400000000000148e+01
-4.330300000000000438e+01
-1.180199999999999960e+01
2.385099999999999909e+01
5.663899999999999579e+01
8.053900000000000148e+01
9.356399999999999295e+01
9.862700000000000955e+01
1.020100000000000051e+02
1.102900000000000063e+02
1.274099999999999966e+02
1.529499999999999886e+02
1.825300000000000011e+02
2.095099999999999909e+02
2.273600000000000136e+02
2.315099999999999909e+02
2.204600000000000080e+02
1.958600000000000136e+02
1.620900000000000034e+02
1.256299999999999955e+02
9.412100000000000932e+01
7.492399999999999238e+01
7.348999999999999488e+01
9.168099999999999739e+01
1.269000000000000057e+02
1.725800000000000125e+02
2.200200000000000102e+02
2.610799999999999841e+02
2.903700000000000045e+02
3.061600000000000250e+02
3.093199999999999932e+02
3.011299999999999955e+02
2.812400000000000091e+02
2.470800000000000125e+02
1.952299999999999898e+02
1.243400000000000034e+02
3.780499999999999972e+01
-5.525300000000000011e+01
-1.416899999999999977e+02
-2.081500000000000057e+02
-2.454600000000000080e+02
-2.515200000000000102e+02
-2.313199999999999932e+02
-1.943100000000000023e+02
-1.503000000000000114e+02
-1.059000000000000057e+02
-6.328300000000000125e+01
-2.128400000000000247e+01
2.183300000000000196e+01
6.577400000000000091e+01
1.070400000000000063e+02
1.399399999999999977e+02
1.588700000000000045e+02
1.607599999999999909e+02
1.461399999999999864e+02
1.187399999999999949e+02
8.365200000000000102e+01
4.557000000000000028e+01
7.672100000000000364e+00
-2.819199999999999662e+01
-6.058399999999999608e+01
-8.755299999999999727e+01
-1.064300000000000068e+02
-1.144099999999999966e+02
-1.096099999999999994e+02
-9.185700000000001353e+01
-6.281499999999999773e+01
-2.553999999999999915e+01
1.628599999999999781e+01
5.883800000000000097e+01
9.820700000000000784e+01
1.303700000000000045e+02
1.514399999999999977e+02
1.586299999999999955e+02
1.515200000000000102e+02
1.330600000000000023e+02
1.096099999999999994e+02
8.925600000000000023e+01
7.925100000000000477e+01
8.329200000000000159e+01
1.001099999999999994e+02
1.240900000000000034e+02
1.476899999999999977e+02
1.646800000000000068e+02
1.726100000000000136e+02
1.733199999999999932e+02
1.715900000000000034e+02
1.724399999999999977e+02
1.786200000000000045e+02
1.895500000000000114e+02
2.019799999999999898e+02
2.116299999999999955e+02
2.153799999999999955e+02
2.122400000000000091e+02
2.031100000000000136e+02
1.898600000000000136e+02
1.742500000000000000e+02
1.575300000000000011e+02
1.408400000000000034e+02
1.260600000000000023e+02
1.158799999999999955e+02
1.132699999999999960e+02
1.199699999999999989e+02
1.353700000000000045e+02
1.560900000000000034e+02
1.773199999999999932e+02
1.949499999999999886e+02
2.075999999999999943e+02
2.173400000000000034e+02
2.284399999999999977e+02
2.443799999999999955e+02
2.646499999999999773e+02
2.831999999999999886e+02
2.892300000000000182e+02
2.707900000000000205e+02
2.194900000000000091e+02
1.347800000000000011e+02
2.524900000000000233e+01
-9.293399999999999750e+01
-2.006699999999999875e+02
-2.815099999999999909e+02
-3.262500000000000000e+02
-3.349900000000000091e+02
-3.159399999999999977e+02
-2.821299999999999955e+02
-2.467800000000000011e+02
-2.196699999999999875e+02
-2.050399999999999920e+02
-2.017299999999999898e+02
-2.047599999999999909e+02
-2.077400000000000091e+02
-2.049399999999999977e+02
-1.925699999999999932e+02
-1.691500000000000057e+02
-1.350800000000000125e+02
-9.217799999999999727e+01
-4.301300000000000523e+01
9.411799999999999500e+00
6.176600000000000534e+01
1.105600000000000023e+02
1.523400000000000034e+02
1.842100000000000080e+02
2.042800000000000011e+02
2.121500000000000057e+02
2.090600000000000023e+02
1.976699999999999875e+02
1.815300000000000011e+02
1.642100000000000080e+02
1.485200000000000102e+02
1.358899999999999864e+02
1.262399999999999949e+02
1.181700000000000017e+02
1.097399999999999949e+02
9.925700000000000500e+01
8.592799999999999727e+01
7.032200000000000273e+01
5.405799999999999983e+01
3.926599999999999824e+01
2.757000000000000028e+01
1.931099999999999994e+01
1.312400000000000055e+01
6.272199999999999775e+00
-4.313200000000000145e+00
-2.063300000000000267e+01
-4.244699999999999562e+01
-6.669400000000000261e+01
-8.802799999999999159e+01
-1.004300000000000068e+02
-9.910799999999998988e+01
-8.213700000000000045e+01
-5.121600000000000108e+01
-1.113000000000000078e+01
3.203900000000000148e+01
7.280400000000000205e+01
1.078299999999999983e+02
1.363799999999999955e+02
1.595800000000000125e+02
1.790600000000000023e+02
1.955999999999999943e+02
2.086200000000000045e+02
2.165500000000000114e+02
2.177899999999999920e+02
2.118100000000000023e+02
1.994699999999999989e+02
1.826999999999999886e+02
1.635800000000000125e+02
1.436200000000000045e+02
1.235900000000000034e+02
1.040600000000000023e+02
8.642499999999999716e+01
7.333700000000000330e+01
6.838100000000000023e+01
7.478699999999999193e+01
9.376000000000000512e+01
1.234099999999999966e+02
1.590399999999999920e+02
1.946399999999999864e+02
2.253100000000000023e+02
2.489000000000000057e+02
2.663500000000000227e+02
2.801600000000000250e+02
2.917900000000000205e+02
2.996499999999999773e+02
2.985899999999999750e+02
2.817500000000000000e+02
2.440999999999999943e+02
1.857199999999999989e+02
1.137000000000000028e+02
4.072699999999999676e+01
-1.868700000000000117e+01
-5.314399999999999835e+01
-5.833200000000000074e+01
-3.828699999999999903e+01
-3.453300000000000036e+00
3.341300000000000381e+01
6.173600000000000421e+01
7.603900000000000148e+01
7.635500000000000398e+01
6.630500000000000682e+01
5.024800000000000466e+01
3.108399999999999963e+01
9.538899999999999935e+00
-1.493400000000000105e+01
-4.246199999999999619e+01
-7.157999999999999829e+01
-9.926799999999998647e+01
-1.221800000000000068e+02
-1.381899999999999977e+02
-1.474799999999999898e+02
-1.522800000000000011e+02
-1.555399999999999920e+02
-1.593100000000000023e+02
-1.636999999999999886e+02
-1.670999999999999943e+02
-1.675399999999999920e+02
-1.641599999999999966e+02
-1.582599999999999909e+02
-1.530000000000000000e+02
-1.519799999999999898e+02
-1.577199999999999989e+02
-1.705099999999999909e+02
-1.886200000000000045e+02
-2.093700000000000045e+02
-2.304499999999999886e+02
-2.507500000000000000e+02
-2.697900000000000205e+02
-2.864900000000000091e+02
-2.979200000000000159e+02
-2.990500000000000114e+02
-2.840299999999999727e+02
-2.488100000000000023e+02
-1.936899999999999977e+02
-1.246700000000000017e+02
-5.265800000000000125e+01
9.730000000000000426e+00
5.204999999999999716e+01
6.972100000000000364e+01
6.530299999999999727e+01
4.741700000000000159e+01
2.741099999999999781e+01
1.532400000000000162e+01
1.674099999999999966e+01
3.154300000000000281e+01
5.486199999999999477e+01
7.948899999999999011e+01
9.860799999999998988e+01
1.077000000000000028e+02
1.053299999999999983e+02
9.264000000000000057e+01
7.235200000000000387e+01
4.764600000000000080e+01
2.152400000000000091e+01
-3.478899999999999881e+00
-2.538899999999999935e+01
-4.289899999999999380e+01
-5.556000000000000227e+01
-6.390699999999999648e+01
-6.935099999999999909e+01
-7.374500000000000455e+01
-7.876800000000000068e+01
-8.537999999999999545e+01
-9.359600000000000364e+01
-1.028400000000000034e+02
-1.124200000000000017e+02
-1.221099999999999994e+02
-1.322100000000000080e+02
-1.433799999999999955e+02
-1.560600000000000023e+02
-1.698799999999999955e+02
-1.835500000000000114e+02
-1.951800000000000068e+02
-2.029000000000000057e+02
-2.054499999999999886e+02
-2.024499999999999886e+02
-1.942700000000000102e+02
-1.815900000000000034e+02
-1.650999999999999943e+02
-1.454300000000000068e+02
-1.236299999999999955e+02
-1.015799999999999983e+02
-8.214499999999999602e+01
-6.893600000000000705e+01
-6.500499999999999545e+01
-7.184199999999999875e+01
-8.826100000000000989e+01
-1.103499999999999943e+02
-1.324600000000000080e+02
-1.489199999999999875e+02
-1.556899999999999977e+02
-1.516299999999999955e+02
-1.384399999999999977e+02
-1.195999999999999943e+02
-9.881100000000000705e+01
-7.849600000000000932e+01
-5.920600000000000307e+01
-3.990200000000000102e+01
-1.905000000000000071e+01
4.270800000000000374e+00
2.970499999999999829e+01
5.561399999999999721e+01
8.017900000000000205e+01
1.022300000000000040e+02
1.221700000000000017e+02
1.418499999999999943e+02
1.638000000000000114e+02
1.901200000000000045e+02
2.213499999999999943e+02
2.561200000000000045e+02
2.918299999999999841e+02
3.254499999999999886e+02
3.548299999999999841e+02
3.794300000000000068e+02
4.001600000000000250e+02
4.187799999999999727e+02
4.368600000000000136e+02
4.549800000000000182e+02
4.726600000000000250e+02
4.887200000000000273e+02
5.020899999999999750e+02
5.123500000000000227e+02
5.197100000000000364e+02
5.246299999999999955e+02
5.268999999999999773e+02
5.251200000000000045e+02
5.167500000000000000e+02
4.987400000000000091e+02
4.686499999999999773e+02
4.256800000000000068e+02
3.711800000000000068e+02
3.083399999999999750e+02
2.413300000000000125e+02
1.743600000000000136e+02
1.108299999999999983e+02
5.295499999999999829e+01
2.100000000000000089e+00
-4.104100000000000392e+01
-7.604899999999999238e+01
-1.029800000000000040e+02
-1.224000000000000057e+02
-1.357100000000000080e+02
-1.447500000000000000e+02
-1.515000000000000000e+02
-1.572899999999999920e+02
-1.624900000000000091e+02
-1.665099999999999909e+02
-1.684499999999999886e+02
-1.679300000000000068e+02
-1.656699999999999875e+02
-1.636599999999999966e+02
-1.642599999999999909e+02
-1.692700000000000102e+02
-1.788300000000000125e+02
-1.911100000000000136e+02
-2.028300000000000125e+02
-2.105399999999999920e+02
-2.119900000000000091e+02
-2.070300000000000011e+02
-1.974699999999999989e+02
-1.861200000000000045e+02
-1.753199999999999932e+02
-1.657599999999999909e+02
-1.561200000000000045e+02
-1.438199999999999932e+02
-1.265199999999999960e+02
-1.036099999999999994e+02
-7.695000000000000284e+01
-5.066300000000000381e+01
-2.969199999999999662e+01
-1.800300000000000011e+01
-1.704799999999999827e+01
-2.519400000000000261e+01
-3.826200000000000045e+01
-5.090999999999999659e+01
-5.828699999999999903e+01
-5.737699999999999534e+01
-4.759199999999999875e+01
-3.054500000000000171e+01
-9.367800000000000793e+00
1.221299999999999919e+01
3.066400000000000148e+01
4.330199999999999960e+01
4.872600000000000620e+01
4.718899999999999295e+01
4.061999999999999744e+01
3.238499999999999801e+01
2.653400000000000247e+01
2.669300000000000139e+01
3.493999999999999773e+01
5.107899999999999352e+01
7.271099999999999852e+01
9.614200000000001012e+01
1.177800000000000011e+02
1.353700000000000045e+02
1.485900000000000034e+02
1.585800000000000125e+02
1.668400000000000034e+02
1.741100000000000136e+02
1.798499999999999943e+02
1.828199999999999932e+02
1.822700000000000102e+02
1.792800000000000011e+02
1.770500000000000114e+02
1.798199999999999932e+02
1.908600000000000136e+02
2.099799999999999898e+02
2.324300000000000068e+02
2.495200000000000102e+02
2.513400000000000034e+02
2.303700000000000045e+02
1.845600000000000023e+02
1.187800000000000011e+02
4.327300000000000324e+01
-2.960599999999999810e+01
-8.948999999999999488e+01
-1.311399999999999864e+02
-1.553799999999999955e+02
-1.677800000000000011e+02
-1.757400000000000091e+02
-1.852400000000000091e+02
-1.989600000000000080e+02
-2.156899999999999977e+02
-2.317599999999999909e+02
-2.429199999999999875e+02
-2.462299999999999898e+02
-2.409699999999999989e+02
-2.286599999999999966e+02
-2.122400000000000091e+02
-1.950600000000000023e+02
-1.800699999999999932e+02
-1.694099999999999966e+02
-1.643600000000000136e+02
-1.655200000000000102e+02
-1.728799999999999955e+02
-1.861999999999999886e+02
-2.050099999999999909e+02
-2.287500000000000000e+02
-2.568000000000000114e+02
-2.882500000000000000e+02
-3.217599999999999909e+02
-3.553799999999999955e+02
-3.867200000000000273e+02
-4.134700000000000273e+02
-4.341200000000000045e+02
-4.484599999999999795e+02
-4.575600000000000023e+02
-4.631700000000000159e+02
-4.665400000000000205e+02
-4.673299999999999841e+02
-4.631100000000000136e+02
-4.499399999999999977e+02
-4.236899999999999977e+02
-3.818000000000000114e+02
-3.245400000000000205e+02
-2.552100000000000080e+02
-1.793799999999999955e+02
-1.034000000000000057e+02
-3.284499999999999886e+01
2.831300000000000239e+01
7.804399999999999693e+01
1.159300000000000068e+02
1.428300000000000125e+02
1.608000000000000114e+02
1.731599999999999966e+02
1.843100000000000023e+02
1.989099999999999966e+02
2.201999999999999886e+02
2.484499999999999886e+02
2.796700000000000159e+02
3.060600000000000023e+02
3.181299999999999955e+02
3.078199999999999932e+02
2.719100000000000250e+02
2.137400000000000091e+02
1.428300000000000125e+02
7.220300000000000296e+01
1.453800000000000026e+01
-2.154599999999999937e+01
-3.362300000000000466e+01
-2.537000000000000099e+01
-4.769499999999999851e+00
1.876999999999999957e+01
3.704099999999999682e+01
4.470600000000000307e+01
3.976300000000000523e+01
2.307600000000000051e+01
-2.566699999999999982e+00
-3.342000000000000171e+01
-6.554200000000000159e+01
-9.540799999999998704e+01
-1.201700000000000017e+02
-1.378799999999999955e+02
-1.473199999999999932e+02
-1.478600000000000136e+02
-1.391399999999999864e+02
-1.209500000000000028e+02
-9.354299999999999216e+01
-5.808200000000000074e+01
-1.733099999999999952e+01
2.441699999999999804e+01
6.189999999999999858e+01
9.017000000000000171e+01
1.062500000000000000e+02
1.099800000000000040e+02
1.039500000000000028e+02
9.216799999999999216e+01
7.803399999999999181e+01
6.270300000000000296e+01
4.460800000000000409e+01
2.050499999999999901e+01
-1.240700000000000003e+01
-5.435100000000000620e+01
-1.019800000000000040e+02
-1.490300000000000011e+02
-1.885600000000000023e+02
-2.155399999999999920e+02
-2.287800000000000011e+02
-2.311299999999999955e+02
-2.281100000000000136e+02
-2.255000000000000000e+02
-2.270900000000000034e+02
-2.337599999999999909e+02
-2.438400000000000034e+02
-2.545300000000000011e+02
-2.634800000000000182e+02
-2.696299999999999955e+02
-2.730500000000000114e+02
-2.741200000000000045e+02
-2.725799999999999841e+02
-2.670899999999999750e+02
-2.555000000000000000e+02
-2.356500000000000057e+02
-2.060699999999999932e+02
-1.664900000000000091e+02
-1.178100000000000023e+02
-6.197800000000000153e+01
-1.739300000000000068e+00
5.934799999999999898e+01
1.171500000000000057e+02
1.676100000000000136e+02
2.077800000000000011e+02
2.369600000000000080e+02
2.572900000000000205e+02
2.730099999999999909e+02
2.885500000000000114e+02
3.060000000000000000e+02
3.230600000000000023e+02
3.328100000000000023e+02
3.258299999999999841e+02
2.938100000000000023e+02
2.333300000000000125e+02
1.480399999999999920e+02
4.810100000000000620e+01
-5.305600000000000449e+01
-1.429499999999999886e+02
-2.136200000000000045e+02
-2.630199999999999818e+02
-2.935699999999999932e+02
-3.094800000000000182e+02
-3.138299999999999841e+02
-3.075299999999999727e+02
-2.900600000000000023e+02
-2.615600000000000023e+02
-2.245300000000000011e+02
-1.838600000000000136e+02
-1.450999999999999943e+02
-1.117900000000000063e+02
-8.354999999999999716e+01
-5.618600000000000705e+01
-2.398699999999999832e+01
1.683299999999999841e+01
6.561199999999999477e+01
1.170000000000000000e+02
1.633499999999999943e+02
1.985000000000000000e+02
2.209000000000000057e+02
2.342899999999999920e+02
2.449600000000000080e+02
2.577500000000000000e+02
2.720099999999999909e+02
2.805400000000000205e+02
2.721499999999999773e+02
2.370200000000000102e+02
1.720699999999999932e+02
8.404899999999999238e+01
-1.173200000000000109e+01
-9.643700000000001182e+01
-1.544600000000000080e+02
-1.790099999999999909e+02
-1.739600000000000080e+02
-1.514099999999999966e+02
-1.262000000000000028e+02
-1.099300000000000068e+02
-1.070000000000000000e+02
-1.140900000000000034e+02
-1.228400000000000034e+02
-1.241899999999999977e+02
-1.122000000000000028e+02
-8.594499999999999318e+01
-4.902499999999999858e+01
-7.486100000000000421e+00
3.267099999999999937e+01
6.720900000000000318e+01
9.417499999999999716e+01
1.134800000000000040e+02
1.260100000000000051e+02
1.331500000000000057e+02
1.364499999999999886e+02
1.377800000000000011e+02
1.391599999999999966e+02
1.425099999999999909e+02
1.492500000000000000e+02
1.598799999999999955e+02
1.740999999999999943e+02
1.911899999999999977e+02
2.106500000000000057e+02
2.324300000000000068e+02
2.567900000000000205e+02
2.836299999999999955e+02
3.117699999999999818e+02
3.385400000000000205e+02
3.600099999999999909e+02
3.717500000000000000e+02
3.699900000000000091e+02
3.523899999999999864e+02
3.187099999999999795e+02
2.704599999999999795e+02
2.105600000000000023e+02
1.427899999999999920e+02
7.142799999999999727e+01
1.171599999999999975e+00
-6.297800000000000153e+01
-1.160100000000000051e+02
-1.534099999999999966e+02
-1.721100000000000136e+02
-1.711299999999999955e+02
-1.520800000000000125e+02
-1.190999999999999943e+02
-7.808899999999999864e+01
-3.577400000000000091e+01
1.541600000000000081e+00
2.911199999999999832e+01
4.447699999999999676e+01
4.802700000000000102e+01
4.269500000000000028e+01
3.341799999999999926e+01
2.592300000000000182e+01
2.523000000000000043e+01
3.412599999999999767e+01
5.245300000000000296e+01
7.699899999999999523e+01
1.025999999999999943e+02
1.238100000000000023e+02
1.366399999999999864e+02
1.396899999999999977e+02
1.342100000000000080e+02
1.231899999999999977e+02
1.097999999999999972e+02
9.613700000000000045e+01
8.274200000000000443e+01
6.895999999999999375e+01
5.400500000000000256e+01
3.793299999999999983e+01
2.194800000000000040e+01
7.940100000000000158e+00
-2.547000000000000153e+00
-9.248100000000000875e+00
-1.338599999999999923e+01
-1.698300000000000054e+01
-2.155999999999999872e+01
-2.693499999999999872e+01
-3.080400000000000205e+01
-2.947699999999999676e+01
-1.948499999999999943e+01
6.802699999999999303e-01
2.951800000000000068e+01
6.272500000000000142e+01
9.458499999999999375e+01
1.199200000000000017e+02
1.358000000000000114e+02
1.421299999999999955e+02
1.411999999999999886e+02
1.362400000000000091e+02
1.299099999999999966e+02
1.232699999999999960e+02
1.156500000000000057e+02
1.052900000000000063e+02
9.036200000000000898e+01
6.975000000000000000e+01
4.353699999999999903e+01
1.280599999999999916e+01
-2.073900000000000077e+01
-5.519100000000000250e+01
-8.868500000000000227e+01
-1.195100000000000051e+02
-1.461800000000000068e+02
-1.675900000000000034e+02
-1.833400000000000034e+02
-1.938700000000000045e+02
-2.005099999999999909e+02
-2.049499999999999886e+02
-2.089199999999999875e+02
-2.134300000000000068e+02
-2.186100000000000136e+02
-2.238199999999999932e+02
-2.279600000000000080e+02
-2.301699999999999875e+02
-2.298700000000000045e+02
-2.269799999999999898e+02
-2.213499999999999943e+02
-2.126100000000000136e+02
-1.998000000000000114e+02
-1.816899999999999977e+02
-1.571500000000000057e+02
-1.258400000000000034e+02
-8.846600000000000819e+01
-4.695499999999999829e+01
-3.991600000000000037e+00
3.766799999999999926e+01
7.577400000000000091e+01
1.089599999999999937e+02
1.366699999999999875e+02
1.588100000000000023e+02
1.752199999999999989e+02
1.853300000000000125e+02
1.881500000000000057e+02
1.827199999999999989e+02
1.686800000000000068e+02
1.469000000000000057e+02
1.196899999999999977e+02
9.042600000000000193e+01
6.284799999999999898e+01
3.993299999999999983e+01
2.312999999999999901e+01
1.198200000000000109e+01
4.669699999999999740e+00
-1.061399999999999899e+00
-6.728200000000000180e+00
-1.233900000000000041e+01
-1.633399999999999963e+01
-1.628500000000000014e+01
-1.007600000000000051e+01
2.968399999999999928e+00
2.146800000000000352e+01
4.229699999999999704e+01
6.156199999999999761e+01
7.594299999999999784e+01
8.380700000000000216e+01
8.562600000000000477e+01
8.357799999999998875e+01
8.050600000000000023e+01
7.869800000000000750e+01
7.897100000000000364e+01
8.038299999999999557e+01
8.062199999999999989e+01
7.688299999999999557e+01
6.682500000000000284e+01
4.928800000000000381e+01
2.458800000000000097e+01
-5.612800000000000011e+00
-3.878300000000000125e+01
-7.211599999999999966e+01
-1.031099999999999994e+02
-1.299799999999999898e+02
-1.518600000000000136e+02
-1.688600000000000136e+02
-1.817199999999999989e+02
-1.913700000000000045e+02
-1.984799999999999898e+02
-2.030000000000000000e+02
-2.041100000000000136e+02
-2.003899999999999864e+02
-1.904600000000000080e+02
-1.735099999999999909e+02
-1.497800000000000011e+02
-1.206200000000000045e+02
-8.811799999999999500e+01
-5.444100000000000250e+01
-2.133300000000000196e+01
1.016200000000000081e+01
3.957099999999999795e+01
6.656199999999999761e+01
9.051899999999999125e+01
1.104000000000000057e+02
1.250999999999999943e+02
1.338000000000000114e+02
1.366800000000000068e+02
1.349799999999999898e+02
1.307599999999999909e+02
1.263400000000000034e+02
1.235199999999999960e+02
1.233199999999999932e+02
1.260600000000000023e+02
1.317899999999999920e+02
1.406699999999999875e+02
1.531399999999999864e+02
1.695099999999999909e+02
1.892599999999999909e+02
2.104300000000000068e+02
2.295600000000000023e+02
2.423799999999999955e+02
2.450699999999999932e+02
2.358400000000000034e+02
2.156800000000000068e+02
1.884799999999999898e+02
1.598400000000000034e+02
1.355399999999999920e+02
1.198599999999999994e+02
1.145799999999999983e+02
1.188499999999999943e+02
1.300000000000000000e+02
1.446399999999999864e+02
1.595600000000000023e+02
1.725500000000000114e+02
1.824900000000000091e+02
1.892299999999999898e+02
1.933100000000000023e+02
1.957299999999999898e+02
1.975800000000000125e+02
1.997100000000000080e+02
2.024399999999999977e+02
2.053300000000000125e+02
2.073300000000000125e+02
2.073199999999999932e+02
2.047299999999999898e+02
2.001999999999999886e+02
1.955000000000000000e+02
1.928199999999999932e+02
1.934499999999999886e+02
1.967800000000000011e+02
1.997299999999999898e+02
1.973199999999999932e+02
1.845000000000000000e+02
1.580099999999999909e+02
1.179800000000000040e+02
6.814399999999999125e+01
1.482099999999999973e+01
-3.515699999999999648e+01
-7.643800000000000239e+01
-1.064200000000000017e+02
-1.253799999999999955e+02
-1.355699999999999932e+02
-1.397599999999999909e+02
-1.402899999999999920e+02
-1.385800000000000125e+02
-1.354300000000000068e+02
-1.315000000000000000e+02
-1.276099999999999994e+02
-1.247300000000000040e+02
-1.235000000000000000e+02
-1.239000000000000057e+02
-1.250999999999999943e+02
-1.257399999999999949e+02
-1.245199999999999960e+02
-1.205100000000000051e+02
-1.134000000000000057e+02
-1.033299999999999983e+02
-9.066400000000000148e+01
-7.587500000000000000e+01
-5.955899999999999750e+01
-4.270899999999999608e+01
-2.660800000000000054e+01
-1.265700000000000003e+01
-1.859599999999999920e+00
5.586299999999999599e+00
1.022499999999999964e+01
1.292599999999999838e+01
1.423400000000000176e+01
1.382400000000000162e+01
1.066300000000000026e+01
3.677099999999999813e+00
-7.268900000000000361e+00
-2.098000000000000043e+01
-3.520700000000000074e+01
-4.787800000000000011e+01
-5.839300000000000068e+01
-6.822899999999999920e+01
-8.026399999999999579e+01
-9.696500000000000341e+01
-1.186899999999999977e+02
-1.426399999999999864e+02
-1.639799999999999898e+02
-1.782199999999999989e+02
-1.839699999999999989e+02
-1.844099999999999966e+02
-1.860900000000000034e+02
-1.956800000000000068e+02
-2.158300000000000125e+02
-2.423700000000000045e+02
-2.648000000000000114e+02
-2.699800000000000182e+02
-2.475000000000000000e+02
-1.946599999999999966e+02
-1.181400000000000006e+02
-3.174900000000000233e+01
4.869699999999999562e+01
1.112199999999999989e+02
1.515099999999999909e+02
1.729699999999999989e+02
1.838199999999999932e+02
1.924099999999999966e+02
2.034499999999999886e+02
2.169300000000000068e+02
2.293700000000000045e+02
2.368300000000000125e+02
2.373799999999999955e+02
2.318199999999999932e+02
2.225000000000000000e+02
2.113499999999999943e+02
1.981100000000000136e+02
1.803799999999999955e+02
1.551299999999999955e+02
1.209300000000000068e+02
7.930599999999999739e+01
3.477300000000000324e+01
-7.035099999999999909e+00
-4.161299999999999955e+01
-6.737699999999999534e+01
-8.596399999999999864e+01
-1.008900000000000006e+02
-1.154599999999999937e+02
-1.309099999999999966e+02
-1.456999999999999886e+02
-1.561399999999999864e+02
-1.578199999999999932e+02
-1.473199999999999932e+02
-1.231099999999999994e+02
-8.595700000000000784e+01
-3.861899999999999977e+01
1.462400000000000055e+01
6.843600000000000705e+01
1.168700000000000045e+02
1.539099999999999966e+02
1.744499999999999886e+02
1.752500000000000000e+02
1.558700000000000045e+02
1.190300000000000011e+02
7.008100000000000307e+01
1.584599999999999831e+01
-3.700300000000000011e+01
-8.330400000000000205e+01
-1.202300000000000040e+02
-1.474300000000000068e+02
-1.665600000000000023e+02
-1.804199999999999875e+02
-1.921899999999999977e+02
-2.045000000000000000e+02
-2.190099999999999909e+02
-2.361299999999999955e+02
-2.551500000000000057e+02
-2.748700000000000045e+02
-2.943500000000000227e+02
-3.135400000000000205e+02
-3.334599999999999795e+02
-3.555500000000000114e+02
-3.803399999999999750e+02
-4.063000000000000114e+02
-4.292300000000000182e+02
-4.429700000000000273e+02
-4.413299999999999841e+02
-4.206700000000000159e+02
-3.818199999999999932e+02
-3.304499999999999886e+02
-2.754499999999999886e+02
-2.259499999999999886e+02
-1.880300000000000011e+02
-1.626500000000000057e+02
-1.456800000000000068e+02
-1.300000000000000000e+02
-1.086099999999999994e+02
-7.750600000000000023e+01
-3.705300000000000438e+01
8.676099999999999923e+00
5.380300000000000438e+01
9.323399999999999466e+01
1.242699999999999960e+02
1.470500000000000114e+02
1.635999999999999943e+02
1.762800000000000011e+02
1.865399999999999920e+02
1.943000000000000114e+02
1.983000000000000114e+02
1.969699999999999989e+02
1.892599999999999909e+02
1.750500000000000114e+02
1.551500000000000057e+02
1.309399999999999977e+02
1.039500000000000028e+02
7.575900000000000034e+01
4.795000000000000284e+01
2.211800000000000210e+01
-2.058000000000000107e-01
-1.786400000000000077e+01
-3.042300000000000182e+01
-3.837300000000000466e+01
-4.296999999999999886e+01
-4.581100000000000705e+01
-4.820300000000000296e+01
-5.070399999999999352e+01
-5.296800000000000352e+01
-5.404399999999999693e+01
-5.296300000000000097e+01
-4.929899999999999949e+01
-4.349300000000000210e+01
-3.678399999999999892e+01
-3.076000000000000156e+01
-2.682999999999999829e+01
-2.575499999999999901e+01
-2.749900000000000233e+01
-3.142500000000000071e+01
-3.662500000000000000e+01
-4.227199999999999847e+01
-4.784600000000000364e+01
-5.311899999999999977e+01
-5.806100000000000705e+01
-6.264800000000000324e+01
-6.680400000000000205e+01
-7.041700000000000159e+01
-7.345100000000000762e+01
-7.599099999999999966e+01
-7.825399999999999068e+01
-8.051300000000000523e+01
-8.301799999999998647e+01
-8.592600000000000193e+01
-8.933400000000000318e+01
-9.332200000000000273e+01
-9.802500000000000568e+01
-1.035400000000000063e+02
-1.098700000000000045e+02
-1.167800000000000011e+02
-1.237999999999999972e+02
-1.302100000000000080e+02
-1.354199999999999875e+02
-1.389499999999999886e+02
-1.407199999999999989e+02
-1.408600000000000136e+02
-1.395500000000000114e+02
-1.366899999999999977e+02
-1.317400000000000091e+02
-1.236800000000000068e+02
-1.113799999999999955e+02
-9.373799999999999955e+01
-7.040500000000000114e+01
-4.183399999999999608e+01
-9.441200000000000259e+00
2.456900000000000261e+01
5.757300000000000040e+01
8.704099999999999682e+01
1.110699999999999932e+02
1.288199999999999932e+02
1.406500000000000057e+02
1.480699999999999932e+02
1.532299999999999898e+02
1.581299999999999955e+02
1.638400000000000034e+02
1.700500000000000114e+02
1.751899999999999977e+02
1.770999999999999943e+02
1.740600000000000023e+02
1.658000000000000114e+02
1.539199999999999875e+02
1.412500000000000000e+02
1.307500000000000000e+02
1.239599999999999937e+02
1.200799999999999983e+02
1.159500000000000028e+02
1.071899999999999977e+02
9.000399999999999068e+01
6.285499999999999687e+01
2.725300000000000011e+01
-1.272200000000000131e+01
-5.185999999999999943e+01
-8.565299999999999159e+01
-1.115699999999999932e+02
-1.293600000000000136e+02
-1.403199999999999932e+02
-1.460800000000000125e+02
-1.475300000000000011e+02
-1.446100000000000136e+02
-1.366699999999999875e+02
-1.233400000000000034e+02
-1.051899999999999977e+02
-8.384899999999998954e+01
-6.145499999999999829e+01
-3.985399999999999920e+01
-1.997599999999999909e+01
-1.774100000000000010e+00
1.536700000000000088e+01
3.195300000000000296e+01
4.795600000000000307e+01
6.280499999999999972e+01
7.577700000000000102e+01
8.642600000000000193e+01
9.470100000000000762e+01
1.006400000000000006e+02
1.038599999999999994e+02
1.031500000000000057e+02
9.664900000000000091e+01
8.256900000000000261e+01
6.028899999999999437e+01
3.113899999999999935e+01
-1.538899999999999935e+00
-3.323199999999999932e+01
-5.965899999999999892e+01
-7.816299999999999670e+01
-8.845299999999998875e+01
-9.236599999999999966e+01
-9.279999999999999716e+01
-9.240899999999999181e+01
-9.261299999999999955e+01
-9.338299999999999557e+01
-9.376299999999999102e+01
-9.278799999999999670e+01
-9.025299999999998590e+01
-8.696600000000000819e+01
-8.431900000000000261e+01
-8.356999999999999318e+01
-8.508499999999999375e+01
-8.807600000000000762e+01
-9.070000000000000284e+01
-9.071799999999998931e+01
-8.616299999999999670e+01
-7.594599999999999795e+01
-6.012500000000000000e+01
-3.984400000000000119e+01
-1.712800000000000011e+01
5.489300000000000068e+00
2.541499999999999915e+01
4.040699999999999648e+01
4.900100000000000477e+01
5.075100000000000477e+01
4.629200000000000159e+01
3.704899999999999949e+01
2.472599999999999909e+01
1.071199999999999974e+01
-4.280800000000000161e+00
-2.021799999999999997e+01
-3.732999999999999829e+01
-5.550100000000000477e+01
-7.374099999999999966e+01
-9.013100000000000023e+01
-1.022600000000000051e+02
-1.081099999999999994e+02
-1.068400000000000034e+02
-9.923700000000000898e+01
-8.748700000000000898e+01
-7.433199999999999363e+01
-6.195799999999999841e+01
-5.115800000000000125e+01
-4.109700000000000131e+01
-2.981199999999999761e+01
-1.518700000000000117e+01
4.000099999999999767e+00
2.747699999999999676e+01
5.352199999999999847e+01
7.964699999999999136e+01
1.035400000000000063e+02
1.238100000000000023e+02
1.403000000000000114e+02
1.537700000000000102e+02
1.652899999999999920e+02
1.755699999999999932e+02
1.846500000000000057e+02
1.919699999999999989e+02
1.967700000000000102e+02
1.986699999999999875e+02
1.977100000000000080e+02
1.945900000000000034e+02
1.901699999999999875e+02
1.852800000000000011e+02
1.802899999999999920e+02
1.753400000000000034e+02
1.702899999999999920e+02
1.650500000000000114e+02
1.596599999999999966e+02
1.542299999999999898e+02
1.488799999999999955e+02
1.435099999999999909e+02
1.379000000000000057e+02
1.317899999999999920e+02
1.250300000000000011e+02
1.176500000000000057e+02
1.097199999999999989e+02
1.011800000000000068e+02
9.166700000000000159e+01
8.053399999999999181e+01
6.704099999999999682e+01
5.076699999999999591e+01
3.195100000000000051e+01
1.161500000000000021e+01
-8.611200000000000188e+00
-2.685500000000000043e+01
-4.148699999999999477e+01
-5.141199999999999903e+01
-5.616499999999999915e+01
-5.576399999999999579e+01
-5.053699999999999903e+01
-4.102300000000000324e+01
-2.804800000000000182e+01
-1.285299999999999976e+01
2.793000000000000149e+00
1.670400000000000063e+01
2.659099999999999753e+01
3.055400000000000205e+01
2.751699999999999946e+01
1.745100000000000051e+01
1.296799999999999953e+00
-1.930599999999999739e+01
-4.238700000000000045e+01
-6.591899999999999693e+01
-8.794200000000000728e+01
-1.065499999999999972e+02
-1.198900000000000006e+02
-1.263100000000000023e+02
-1.245900000000000034e+02
-1.143400000000000034e+02
-9.621600000000000819e+01
-7.194199999999999307e+01
-4.406600000000000250e+01
-1.539099999999999824e+01
1.158599999999999852e+01
3.516499999999999915e+01
5.461500000000000199e+01
7.010300000000000864e+01
8.231700000000000728e+01
9.204899999999999238e+01
9.985500000000000398e+01
1.059000000000000057e+02
1.100699999999999932e+02
1.122300000000000040e+02
1.124500000000000028e+02
1.112699999999999960e+02
1.095400000000000063e+02
1.083499999999999943e+02
1.086200000000000045e+02
1.107500000000000000e+02
1.146700000000000017e+02
1.197800000000000011e+02
1.252600000000000051e+02
1.304799999999999898e+02
1.349399999999999977e+02
1.383700000000000045e+02
1.405099999999999909e+02
1.406899999999999977e+02
1.379499999999999886e+02
1.311500000000000057e+02
1.194699999999999989e+02
1.028499999999999943e+02
8.238500000000000512e+01
6.020300000000000296e+01
3.898400000000000176e+01
2.124099999999999966e+01
8.623100000000000875e+00
1.552799999999999958e+00
-7.064099999999999824e-01
3.775199999999999667e-01
3.160200000000000120e+00
6.282600000000000406e+00
8.852800000000000225e+00
1.041499999999999915e+01
1.076599999999999824e+01
9.814099999999999824e+00
7.542200000000000237e+00
4.080899999999999750e+00
-2.717499999999999916e-01
-5.101200000000000401e+00
-1.006499999999999950e+01
-1.505299999999999905e+01
-2.027499999999999858e+01
-2.613199999999999790e+01
-3.296699999999999875e+01
-4.078699999999999903e+01
-4.915999999999999659e+01
-5.736899999999999977e+01
-6.472499999999999432e+01
-7.086700000000000443e+01
-7.589399999999999125e+01
-8.015800000000000125e+01
-8.386599999999999966e+01
-8.668099999999999739e+01
-8.757700000000001239e+01
-8.509499999999999886e+01
-7.786299999999999955e+01
-6.524699999999999989e+01
-4.768100000000000449e+01
-2.667599999999999838e+01
-4.403800000000000381e+00
1.700000000000000000e+01
3.597099999999999653e+01
5.183399999999999608e+01
6.477500000000000568e+01
7.553699999999999193e+01
8.503200000000001069e+01
9.411899999999999977e+01
1.032999999999999972e+02
1.128599999999999994e+02
1.226899999999999977e+02
1.323899999999999864e+02
1.412700000000000102e+02
1.485000000000000000e+02
1.532100000000000080e+02
1.547899999999999920e+02
1.529300000000000068e+02
1.477199999999999989e+02
1.393799999999999955e+02
1.280500000000000114e+02
1.135900000000000034e+02
9.575799999999999557e+01
7.437699999999999534e+01
4.977799999999999869e+01
2.302100000000000080e+01
-4.111799999999999677e+00
-2.953000000000000114e+01
-5.137800000000000011e+01
-6.855500000000000682e+01
-8.089399999999999125e+01
-8.903000000000000114e+01
-9.394499999999999318e+01
-9.648000000000000398e+01
-9.708299999999999841e+01
-9.582500000000000284e+01
-9.267200000000001125e+01
-8.785399999999999920e+01
-8.198399999999999466e+01
-7.598600000000000421e+01
-7.078100000000000591e+01
-6.695699999999999363e+01
-6.455700000000000216e+01
-6.315600000000000591e+01
-6.211100000000000421e+01
-6.086800000000000210e+01
-5.914000000000000057e+01
-5.691700000000000159e+01
-5.432699999999999818e+01
-5.150899999999999324e+01
-4.854399999999999693e+01
-4.556199999999999761e+01
-4.289199999999999591e+01
-4.114500000000000313e+01
-4.108699999999999619e+01
-4.338700000000000045e+01
-4.828000000000000114e+01
-5.536600000000000676e+01
-6.362600000000000477e+01
-7.172499999999999432e+01
-7.842199999999999704e+01
-8.294899999999999807e+01
-8.512299999999999045e+01
-8.524200000000000443e+01
-8.376899999999999125e+01
-8.102899999999999636e+01
-7.702800000000000580e+01
-7.148699999999999477e+01
-6.402600000000001046e+01
-5.438600000000000279e+01
-4.249399999999999977e+01
-2.844300000000000139e+01
-1.236900000000000155e+01
5.642699999999999605e+00
2.555099999999999838e+01
4.720300000000000296e+01
7.018200000000000216e+01
9.369400000000000261e+01
1.166700000000000017e+02
1.380099999999999909e+02
1.567899999999999920e+02
1.725099999999999909e+02
1.849600000000000080e+02
1.941100000000000136e+02
1.998600000000000136e+02
2.019600000000000080e+02
2.001599999999999966e+02
1.945000000000000000e+02
1.856800000000000068e+02
1.749699999999999989e+02
1.640999999999999943e+02
1.545999999999999943e+02
1.471899999999999977e+02
1.414300000000000068e+02
1.358499999999999943e+02
1.285000000000000000e+02
1.177099999999999937e+02
1.027900000000000063e+02
8.435200000000000387e+01
6.384499999999999886e+01
4.305600000000000449e+01
2.318599999999999994e+01
4.567800000000000082e+00
-1.337900000000000134e+01
-3.153000000000000114e+01
-5.033500000000000085e+01
-6.931100000000000705e+01
-8.697499999999999432e+01
-1.012199999999999989e+02
-1.101500000000000057e+02
-1.127600000000000051e+02
-1.093900000000000006e+02
-1.016099999999999994e+02
-9.174200000000000443e+01
-8.213400000000000034e+01
-7.457899999999999352e+01
-6.998100000000000875e+01
-6.834699999999999420e+01
-6.899099999999999966e+01
-7.085399999999999920e+01
-7.279300000000000637e+01
-7.381600000000000250e+01
-7.321099999999999852e+01
-7.067199999999999704e+01
-6.635800000000000409e+01
-6.089999999999999858e+01
-5.525699999999999790e+01
-5.051699999999999591e+01
-4.757800000000000296e+01
-4.700500000000000256e+01
-4.884300000000000352e+01
-5.276800000000000068e+01
-5.832399999999999807e+01
-6.501899999999999125e+01
-7.253499999999999659e+01
-8.055899999999999750e+01
-8.871899999999999409e+01
-9.625399999999999068e+01
-1.021200000000000045e+02
-1.050799999999999983e+02
-1.040300000000000011e+02
-9.834100000000000819e+01
-8.815600000000000591e+01
-7.446500000000000341e+01
-5.888700000000000045e+01
-4.335199999999999676e+01
-2.958699999999999974e+01
-1.872100000000000009e+01
-1.098799999999999955e+01
-5.688699999999999868e+00
-1.337900000000000089e+00
3.938499999999999890e+00
1.185400000000000098e+01
2.343199999999999861e+01
3.867099999999999937e+01
5.641700000000000159e+01
7.470399999999999352e+01
9.126500000000000057e+01
1.042300000000000040e+02
1.126599999999999966e+02
1.167300000000000040e+02
1.175000000000000000e+02
1.164200000000000017e+02
1.148100000000000023e+02
1.133400000000000034e+02
1.119899999999999949e+02
1.102000000000000028e+02
1.072600000000000051e+02
1.025400000000000063e+02
9.562600000000000477e+01
8.632399999999999807e+01
7.451899999999999125e+01
6.021699999999999875e+01
4.361999999999999744e+01
2.538400000000000034e+01
6.708400000000000141e+00
-1.078999999999999915e+01
-2.546400000000000219e+01
-3.612699999999999534e+01
-4.246100000000000563e+01
-4.506399999999999295e+01
-4.511999999999999744e+01
-4.378699999999999903e+01
-4.169899999999999807e+01
-3.876599999999999824e+01
-3.448900000000000432e+01
-2.854599999999999937e+01
-2.140399999999999991e+01
-1.452500000000000036e+01
-1.005700000000000038e+01
-1.001999999999999957e+01
-1.546400000000000041e+01
-2.593099999999999739e+01
-3.957300000000000040e+01
-5.384300000000000352e+01
-6.649699999999999989e+01
-7.641500000000000625e+01
-8.387299999999999045e+01
-9.018899999999999295e+01
-9.690100000000001046e+01
-1.049899999999999949e+02
-1.144000000000000057e+02
-1.242999999999999972e+02
-1.335300000000000011e+02
-1.413799999999999955e+02
-1.479799999999999898e+02
-1.541299999999999955e+02
-1.607700000000000102e+02
-1.682100000000000080e+02
-1.755600000000000023e+02
-1.806999999999999886e+02
-1.808799999999999955e+02
-1.734499999999999886e+02
-1.569300000000000068e+02
-1.314900000000000091e+02
-9.907899999999999352e+01
-6.288199999999999790e+01
-2.657400000000000162e+01
6.556300000000000239e+00
3.419599999999999795e+01
5.526800000000000068e+01
6.982600000000000762e+01
7.872899999999999920e+01
8.322100000000000364e+01
8.458299999999999841e+01
8.390999999999999659e+01
8.204099999999999682e+01
7.959899999999998954e+01
7.701300000000000523e+01
7.462199999999999989e+01
7.268300000000000693e+01
7.135800000000000409e+01
7.072700000000000387e+01
7.075000000000000000e+01
7.124800000000000466e+01
7.192799999999999727e+01
7.236599999999999966e+01
7.203499999999999659e+01
7.036299999999999955e+01
6.676800000000000068e+01
6.078300000000000125e+01
5.217499999999999716e+01
4.106700000000000017e+01
2.798699999999999832e+01
1.382000000000000028e+01
-3.870000000000000107e-01
-1.364599999999999902e+01
-2.526500000000000057e+01
-3.495100000000000051e+01
-4.274499999999999744e+01
-4.880799999999999983e+01
-5.315600000000000591e+01
-5.549699999999999989e+01
-5.525000000000000000e+01
-5.178399999999999892e+01
-4.475899999999999324e+01
-3.443699999999999761e+01
-2.180000000000000071e+01
-8.391000000000000014e+00
4.058300000000000018e+00
1.406499999999999950e+01
2.071900000000000119e+01
2.378400000000000247e+01
2.355999999999999872e+01
2.062900000000000134e+01
1.559799999999999898e+01
9.016899999999999693e+00
1.404300000000000104e+00
-6.619699999999999918e+00
-1.428500000000000014e+01
-2.071599999999999753e+01
-2.513599999999999923e+01
-2.707900000000000063e+01
-2.653800000000000026e+01
-2.392099999999999937e+01
-1.988500000000000156e+01
-1.505900000000000105e+01
-9.862899999999999778e+00
-4.458400000000000141e+00
1.146400000000000086e+00
6.903599999999999959e+00
1.257900000000000063e+01
1.772899999999999920e+01
2.181900000000000261e+01
2.440900000000000247e+01
2.531900000000000261e+01
2.469000000000000128e+01
2.289999999999999858e+01
2.040399999999999991e+01
1.759099999999999753e+01
1.468999999999999950e+01
1.179199999999999982e+01
8.933400000000000674e+00
6.179800000000000182e+00
3.664299999999999891e+00
1.544300000000000006e+00
-7.976400000000000157e-02
-1.241000000000000103e+00
-2.108800000000000008e+00
-2.914699999999999847e+00
-3.817699999999999871e+00
-4.761000000000000121e+00
-5.401600000000000179e+00
-5.157700000000000173e+00
-3.368700000000000028e+00
4.652600000000000624e-01
6.480599999999999916e+00
1.435599999999999987e+01
2.335699999999999932e+01
3.254699999999999704e+01
4.107699999999999818e+01
4.842699999999999960e+01
5.449800000000000466e+01
5.948199999999999932e+01
6.361800000000000210e+01
6.686299999999999955e+01
6.870999999999999375e+01
6.819800000000000750e+01
6.422199999999999420e+01
5.593600000000000705e+01
4.317300000000000182e+01
2.660099999999999909e+01
7.643099999999999561e+00
-1.193400000000000105e+01
-3.049300000000000210e+01
-4.694300000000000495e+01
-6.081800000000000495e+01
-7.215100000000001046e+01
-8.113899999999999579e+01
-8.784299999999998931e+01
-9.203299999999998704e+01
-9.332099999999999795e+01
-9.144899999999999807e+01
-8.662200000000001410e+01
-7.959799999999999898e+01
-7.161399999999999011e+01
-6.405500000000000682e+01
-5.809399999999999409e+01
-5.437300000000000466e+01
-5.297399999999999665e+01
-5.353999999999999915e+01
-5.555100000000000193e+01
-5.847399999999999665e+01
-6.184799999999999898e+01
-6.519199999999999307e+01
-6.790800000000000125e+01
-6.917000000000000171e+01
-6.809000000000000341e+01
-6.395600000000000307e+01
-5.657600000000000051e+01
-4.640999999999999659e+01
-3.453699999999999903e+01
-2.234300000000000352e+01
-1.110599999999999987e+01
-1.579700000000000104e+00
6.127799999999999692e+00
1.242300000000000004e+01
1.783299999999999841e+01
2.264099999999999824e+01
2.662500000000000000e+01
2.911199999999999832e+01
2.926900000000000190e+01
2.657499999999999929e+01
2.113400000000000034e+01
1.378500000000000014e+01
5.852000000000000313e+00
-1.228199999999999958e+00
-6.387299999999999756e+00
-9.169700000000000628e+00
-9.794100000000000250e+00
-8.892500000000000071e+00
-7.215300000000000047e+00
-5.371900000000000119e+00
-3.743399999999999839e+00
-2.535000000000000142e+00
-1.943100000000000049e+00
-2.257099999999999884e+00
-3.887700000000000156e+00
-7.197600000000000442e+00
-1.233699999999999974e+01
-1.909400000000000119e+01
-2.689199999999999946e+01
-3.486800000000000210e+01
-4.207500000000000284e+01
-4.766899999999999693e+01
-5.104299999999999926e+01
-5.184799999999999898e+01
-5.001100000000000279e+01
-4.571500000000000341e+01
-3.942199999999999704e+01
-3.185999999999999943e+01
-2.399500000000000099e+01
-1.688400000000000034e+01
-1.145900000000000141e+01
-8.237099999999999866e+00
-7.114200000000000301e+00
-7.324200000000000266e+00
-7.611299999999999955e+00
-6.583099999999999952e+00
-3.124000000000000110e+00
3.255500000000000060e+00
1.226999999999999957e+01
2.300000000000000000e+01
3.416599999999999682e+01
4.453300000000000125e+01
5.319500000000000028e+01
5.974000000000000199e+01
6.417399999999999238e+01
6.675799999999999557e+01
6.777600000000001046e+01
6.740999999999999659e+01
6.571099999999999852e+01
6.268199999999999505e+01
5.837800000000000011e+01
5.299300000000000210e+01
4.683399999999999608e+01
4.029200000000000159e+01
3.361899999999999977e+01
2.695599999999999952e+01
2.022299999999999898e+01
1.326200000000000045e+01
5.946799999999999642e+00
-1.682800000000000074e+00
-9.347899999999999210e+00
-1.661700000000000088e+01
-2.296699999999999875e+01
-2.798800000000000310e+01
-3.155900000000000105e+01
-3.378099999999999881e+01
-3.502900000000000347e+01
-3.567900000000000205e+01
-3.596800000000000352e+01
-3.585999999999999943e+01
-3.504599999999999937e+01
-3.301800000000000068e+01
-2.942999999999999972e+01
-2.424800000000000111e+01
-1.792999999999999972e+01
-1.136299999999999955e+01
-5.627900000000000347e+00
-1.604800000000000004e+00
3.204599999999999671e-01
4.233500000000000041e-01
-5.130200000000000315e-01
-1.570999999999999952e+00
-2.175699999999999967e+00
-2.429100000000000037e+00
-3.174999999999999822e+00
-5.707799999999999763e+00
-1.125200000000000067e+01
-2.041499999999999915e+01
-3.286699999999999733e+01
-4.740500000000000114e+01
-6.233600000000000563e+01
-7.604000000000000625e+01
-8.745999999999999375e+01
-9.626999999999999602e+01
-1.027600000000000051e+02
-1.074500000000000028e+02
-1.107699999999999960e+02
-1.128199999999999932e+02
-1.135600000000000023e+02
-1.129899999999999949e+02
-1.114500000000000028e+02
-1.095499999999999972e+02
-1.079899999999999949e+02
-1.070600000000000023e+02
-1.063199999999999932e+02
-1.045400000000000063e+02
-1.000799999999999983e+02
-9.151799999999998647e+01
-7.829099999999999682e+01
-6.102600000000000335e+01
-4.140600000000000591e+01
-2.157099999999999795e+01
-3.377800000000000136e+00
1.218599999999999994e+01
2.517000000000000171e+01
3.636400000000000432e+01
4.672399999999999665e+01
5.680699999999999505e+01
6.653399999999999181e+01
7.530400000000000205e+01
8.241700000000000159e+01
8.746600000000000819e+01
9.048799999999999955e+01
9.176600000000000534e+01
9.137200000000001410e+01
8.875200000000000955e+01
8.258899999999999864e+01
7.117699999999999250e+01
5.310399999999999920e+01
2.807800000000000296e+01
-2.545599999999999863e+00
-3.576800000000000068e+01
-6.752700000000000102e+01
-9.370999999999999375e+01
-1.111700000000000017e+02
-1.184699999999999989e+02
-1.160000000000000000e+02
-1.056599999999999966e+02
-9.007600000000000762e+01
-7.182699999999999818e+01
-5.286999999999999744e+01
-3.436199999999999477e+01
-1.680499999999999972e+01
-3.888900000000000134e-01
1.469200000000000017e+01
2.806599999999999895e+01
3.923900000000000432e+01
4.781000000000000227e+01
5.364699999999999847e+01
5.702000000000000313e+01
5.852300000000000324e+01
5.891700000000000159e+01
5.888100000000000023e+01
5.885199999999999676e+01
5.897800000000000153e+01
5.918699999999999761e+01
5.932600000000000051e+01
5.929699999999999704e+01
5.913899999999999579e+01
5.900199999999999534e+01
5.908299999999999841e+01
5.955799999999999983e+01
6.051600000000000534e+01
6.196899999999999409e+01
6.389600000000000080e+01
6.627299999999999613e+01
6.907500000000000284e+01
7.226000000000000512e+01
7.573199999999999932e+01
7.931900000000000261e+01
8.276999999999999602e+01
8.582500000000000284e+01
8.826100000000000989e+01
8.996299999999999386e+01
9.093500000000000227e+01
9.129600000000000648e+01
9.123000000000000398e+01
9.094599999999999795e+01
9.061100000000000421e+01
9.030400000000000205e+01
9.000100000000000477e+01
8.951899999999999125e+01
8.856200000000001182e+01
8.678499999999999659e+01
8.390700000000001069e+01
7.992600000000000193e+01
7.512199999999999989e+01
7.008299999999999841e+01
6.539900000000000091e+01
6.145499999999999829e+01
5.813100000000000023e+01
5.465999999999999659e+01
4.988899999999999579e+01
4.261399999999999721e+01
3.219599999999999795e+01
1.887000000000000099e+01
3.817600000000000104e+00
-1.114299999999999891e+01
-2.415300000000000225e+01
-3.388199999999999790e+01
-3.989300000000000068e+01
-4.261100000000000421e+01
-4.297899999999999920e+01
-4.197999999999999687e+01
-4.027799999999999869e+01
-3.814199999999999591e+01
-3.564800000000000324e+01
-3.296699999999999875e+01
-3.056800000000000139e+01
-2.917099999999999937e+01
-2.949099999999999966e+01
-3.187800000000000011e+01
-3.613599999999999568e+01
-4.157399999999999807e+01
-4.732399999999999807e+01
-5.268600000000000705e+01
-5.737800000000000011e+01
-6.147899999999999920e+01
-6.518300000000000693e+01
-6.848799999999999955e+01
-7.104999999999999716e+01
-7.228900000000000148e+01
-7.169899999999999807e+01
-6.918300000000000693e+01
-6.516700000000000159e+01
-6.045700000000000074e+01
-5.588100000000000023e+01
-5.192100000000000648e+01
-4.856499999999999773e+01
-4.544600000000000506e+01
-4.217800000000000438e+01
-3.864399999999999835e+01
-3.504200000000000159e+01
-3.165900000000000247e+01
-2.848499999999999943e+01
-2.494099999999999895e+01
-1.994500000000000028e+01
-1.233799999999999919e+01
-1.475000000000000089e+00
1.239299999999999891e+01
2.812000000000000099e+01
4.410800000000000409e+01
5.897299999999999898e+01
7.201200000000000045e+01
8.321200000000000330e+01
9.271600000000000819e+01
1.001800000000000068e+02
1.042900000000000063e+02
1.029800000000000040e+02
9.421500000000000341e+01
7.709199999999999875e+01
5.264199999999999591e+01
2.388699999999999690e+01
-4.993000000000000327e+00
-3.001500000000000057e+01
-4.866899999999999693e+01
-6.050899999999999324e+01
-6.680899999999999750e+01
-6.951500000000000057e+01
-7.005700000000000216e+01
-6.865999999999999659e+01
-6.448699999999999477e+01
-5.647600000000000620e+01
-4.436299999999999955e+01
-2.929699999999999704e+01
-1.365499999999999936e+01
-1.739600000000000035e-01
9.193799999999999528e+00
1.407200000000000095e+01
1.571700000000000053e+01
1.631599999999999895e+01
1.795700000000000074e+01
2.173400000000000176e+01
2.746900000000000119e+01
3.408699999999999619e+01
4.034799999999999898e+01
4.552100000000000080e+01
4.962600000000000477e+01
5.314000000000000057e+01
5.644300000000000495e+01
5.932999999999999829e+01
6.091499999999999915e+01
5.998499999999999943e+01
5.559300000000000352e+01
4.759199999999999875e+01
3.675800000000000267e+01
2.452699999999999747e+01
1.243999999999999950e+01
1.594500000000000028e+00
-7.616999999999999993e+00
-1.545199999999999996e+01
-2.248900000000000077e+01
-2.926199999999999690e+01
-3.601699999999999591e+01
-4.267699999999999960e+01
-4.893199999999999505e+01
-5.434499999999999886e+01
-5.841300000000000381e+01
-6.053699999999999903e+01
-6.002199999999999847e+01
-5.617399999999999949e+01
-4.853100000000000591e+01
-3.713900000000000290e+01
-2.273099999999999810e+01
-6.687100000000000044e+00
9.266700000000000159e+00
2.351099999999999923e+01
3.496099999999999852e+01
4.329899999999999949e+01
4.888800000000000523e+01
5.244600000000000506e+01
5.463399999999999324e+01
5.572299999999999898e+01
5.551600000000000534e+01
5.350500000000000256e+01
4.920399999999999352e+01
4.246399999999999864e+01
3.364399999999999835e+01
2.355300000000000082e+01
1.321499999999999986e+01
3.544000000000000039e+00
-4.927100000000000257e+00
-1.214900000000000091e+01
-1.847200000000000131e+01
-2.442500000000000071e+01
-3.045400000000000063e+01
-3.674099999999999966e+01
-4.313600000000000279e+01
-4.927100000000000080e+01
-5.472699999999999676e+01
-5.920000000000000284e+01
-6.256399999999999295e+01
-6.479699999999999704e+01
-6.583899999999999864e+01
-6.543800000000000239e+01
-6.310699999999999932e+01
-5.821300000000000097e+01
-5.020300000000000296e+01
-3.883899999999999864e+01
-2.437000000000000099e+01
-7.543400000000000105e+00
1.054599999999999937e+01
2.869199999999999662e+01
4.580600000000000449e+01
6.106300000000000239e+01
7.391899999999999693e+01
8.404000000000000625e+01
9.126399999999999579e+01
9.553100000000000591e+01
9.694700000000000273e+01
9.582600000000000762e+01
9.268500000000000227e+01
8.820900000000000318e+01
8.311599999999999966e+01
7.800100000000000477e+01
7.323100000000000875e+01
6.895100000000000762e+01
6.512000000000000455e+01
6.162399999999999523e+01
5.834300000000000352e+01
5.516300000000000381e+01
5.194800000000000040e+01
4.848600000000000421e+01
4.448899999999999721e+01
3.963199999999999790e+01
3.366199999999999903e+01
2.648699999999999832e+01
1.823799999999999955e+01
9.269500000000000739e+00
7.853300000000000558e-02
-8.791399999999999437e+00
-1.683200000000000074e+01
-2.362699999999999889e+01
-2.888699999999999690e+01
-3.245400000000000063e+01
-3.433099999999999596e+01
-3.470900000000000318e+01
-3.396999999999999886e+01
-3.267399999999999949e+01
-3.145599999999999952e+01
-3.089600000000000080e+01
-3.137900000000000134e+01
-3.301300000000000523e+01
-3.559900000000000375e+01
-3.871199999999999619e+01
-4.182300000000000040e+01
-4.442300000000000182e+01
-4.610000000000000142e+01
-4.656300000000000239e+01
-4.563499999999999801e+01
-4.323499999999999943e+01
-3.937800000000000011e+01
-3.421900000000000119e+01
-2.807499999999999929e+01
-2.143900000000000006e+01
-1.492599999999999838e+01
-9.191700000000000870e+00
-4.795600000000000307e+00
-2.128400000000000070e+00
-1.347699999999999898e+00
-2.410499999999999865e+00
-5.111600000000000144e+00
-9.173999999999999488e+00
-1.430599999999999916e+01
-2.023400000000000176e+01
-2.670199999999999818e+01
-3.347200000000000131e+01
-4.027499999999999858e+01
-4.682000000000000028e+01
-5.278800000000000381e+01
-5.787300000000000466e+01
-6.185300000000000153e+01
-6.462899999999999068e+01
-6.628199999999999648e+01
-6.701399999999999579e+01
-6.702199999999999136e+01
-6.634799999999999898e+01
-6.475900000000000034e+01
-6.176899999999999835e+01
-5.678300000000000125e+01
-4.947800000000000153e+01
-4.011699999999999733e+01
-2.971099999999999852e+01
-1.992500000000000071e+01
-1.262700000000000067e+01
-9.262299999999999756e+00
-1.029900000000000126e+01
-1.498900000000000077e+01
-2.158699999999999974e+01
-2.795699999999999719e+01
-3.230599999999999739e+01
-3.374399999999999977e+01
-3.236599999999999966e+01
-2.892399999999999949e+01
-2.421300000000000097e+01
-1.854899999999999949e+01
-1.166200000000000081e+01
-3.000999999999999890e+00
7.646600000000000286e+00
1.964000000000000057e+01
3.139699999999999847e+01
4.083400000000000318e+01
4.619800000000000040e+01
4.684700000000000131e+01
4.360899999999999466e+01
3.848599999999999710e+01
3.382699999999999818e+01
3.138599999999999923e+01
3.169500000000000028e+01
3.411599999999999966e+01
3.742499999999999716e+01
4.064600000000000080e+01
4.360100000000000620e+01
4.688800000000000523e+01
5.127199999999999847e+01
5.684899999999999665e+01
6.254299999999999926e+01
6.623499999999999943e+01
6.562000000000000455e+01
5.937300000000000466e+01
4.801800000000000068e+01
3.751200000000000045e+01
2.691699999999999804e+01
