2.199599999999999889e-01
4.184700000000000086e-01
3.591199999999999948e-01
3.929799999999999960e-01
3.916100000000000136e-01
4.125800000000000023e-01
4.208800000000000319e-01
4.469500000000000139e-01
4.606899999999999884e-01
4.912199999999999900e-01
5.117800000000000127e-01
5.486999999999999655e-01
5.812800000000000189e-01
6.351200000000000179e-01
6.957600000000000451e-01
7.888100000000000112e-01
8.986399999999999944e-01
1.033900000000000041e+00
1.166400000000000103e+00
1.304400000000000004e+00
1.421899999999999942e+00
1.511700000000000044e+00
1.533600000000000074e+00
1.505800000000000027e+00
1.464299999999999935e+00
1.449000000000000066e+00
1.433000000000000052e+00
1.411599999999999966e+00
1.363799999999999901e+00
1.313700000000000090e+00
1.267700000000000049e+00
1.236199999999999966e+00
1.201400000000000023e+00
1.170700000000000074e+00
1.127699999999999925e+00
1.082600000000000007e+00
1.038999999999999924e+00
1.018799999999999928e+00
1.006399999999999961e+00
9.715099999999999847e-01
8.454200000000000603e-01
6.389399999999999524e-01
4.127399999999999403e-01
2.272599999999999898e-01
5.769900000000000029e-02
-1.277800000000000047e-01
-3.375000000000000222e-01
-5.072100000000000497e-01
-5.933300000000000241e-01
-5.997000000000000108e-01
-5.829400000000000137e-01
-5.614399999999999391e-01
-5.477300000000000502e-01
-5.272200000000000220e-01
-5.075600000000000112e-01
-4.996399999999999730e-01
-5.381100000000000882e-01
-6.151100000000000456e-01
-7.122000000000000552e-01
-8.006600000000000383e-01
-8.863600000000000367e-01
-9.648499999999999854e-01
-1.040200000000000014e+00
-1.094500000000000028e+00
-1.124200000000000088e+00
-1.119799999999999907e+00
-1.100999999999999979e+00
-1.078100000000000058e+00
-1.069199999999999928e+00
-1.064599999999999991e+00
-1.067199999999999926e+00
-1.072300000000000031e+00
-1.082400000000000029e+00
-1.081199999999999939e+00
-1.075700000000000101e+00
-1.065800000000000081e+00
-1.064200000000000035e+00
-1.059199999999999919e+00
-1.049800000000000066e+00
-1.030000000000000027e+00
-1.012399999999999967e+00
-9.929899999999999283e-01
-9.847200000000000397e-01
-9.819600000000000550e-01
-9.785700000000000509e-01
-9.574200000000000488e-01
-9.328200000000000935e-01
-9.294200000000000239e-01
-9.951100000000000501e-01
-1.120100000000000096e+00
-1.264599999999999946e+00
-1.398400000000000087e+00
-1.530399999999999983e+00
-1.653299999999999992e+00
-1.781400000000000095e+00
-1.919699999999999962e+00
-2.077500000000000124e+00
-2.235799999999999788e+00
-2.338000000000000078e+00
-2.306299999999999795e+00
-2.244800000000000129e+00
-2.315700000000000092e+00
-2.508999999999999897e+00
-2.717400000000000038e+00
-2.920999999999999819e+00
-3.131299999999999972e+00
-3.341699999999999893e+00
-3.440900000000000070e+00
-3.347900000000000098e+00
-3.127600000000000158e+00
-2.901800000000000157e+00
-2.693900000000000183e+00
-2.490099999999999980e+00
-2.265400000000000080e+00
-2.048599999999999977e+00
-1.920500000000000096e+00
-1.950199999999999934e+00
-2.075499999999999901e+00
-2.212000000000000188e+00
-2.329299999999999926e+00
-2.444599999999999884e+00
-2.565300000000000136e+00
-2.693999999999999950e+00
-2.775999999999999801e+00
-2.777099999999999902e+00
-2.722100000000000186e+00
-2.667899999999999938e+00
-2.615800000000000125e+00
-2.559099999999999930e+00
-2.508500000000000174e+00
-2.511299999999999866e+00
-2.562800000000000189e+00
-2.632899999999999796e+00
-2.698100000000000165e+00
-2.771500000000000075e+00
-2.851300000000000168e+00
-2.937300000000000022e+00
-3.011400000000000077e+00
-3.063800000000000079e+00
-3.087400000000000144e+00
-3.102500000000000036e+00
-3.111000000000000210e+00
-3.119899999999999896e+00
-3.124600000000000044e+00
-3.131099999999999994e+00
-3.134100000000000108e+00
-3.140200000000000102e+00
-3.142700000000000049e+00
-3.146199999999999886e+00
-3.143400000000000194e+00
-3.141900000000000137e+00
-3.138500000000000068e+00
-3.138900000000000023e+00
-3.134900000000000020e+00
-3.131699999999999928e+00
-3.124699999999999811e+00
-3.123400000000000176e+00
-3.124000000000000110e+00
-3.129799999999999915e+00
-3.130799999999999805e+00
-3.131099999999999994e+00
-3.125399999999999956e+00
-3.121500000000000163e+00
-3.114100000000000090e+00
-3.106399999999999828e+00
-3.090800000000000214e+00
-3.075400000000000134e+00
-3.058399999999999785e+00
-3.046600000000000197e+00
-3.024900000000000144e+00
-2.982099999999999973e+00
-2.912399999999999878e+00
-2.838400000000000034e+00
-2.767799999999999816e+00
-2.709600000000000009e+00
-2.646700000000000053e+00
-2.573199999999999932e+00
-2.504500000000000171e+00
-2.484700000000000131e+00
-2.507099999999999884e+00
-2.536599999999999966e+00
-2.544799999999999951e+00
-2.551299999999999901e+00
-2.565900000000000070e+00
-2.590800000000000214e+00
-2.595600000000000129e+00
-2.552000000000000046e+00
-2.456300000000000150e+00
-2.350900000000000212e+00
-2.255399999999999849e+00
-2.178799999999999848e+00
-2.103400000000000158e+00
-2.020399999999999974e+00
-1.925899999999999945e+00
-1.833700000000000108e+00
-1.742099999999999982e+00
-1.659399999999999986e+00
-1.578899999999999970e+00
-1.494799999999999907e+00
-1.393699999999999939e+00
-1.287099999999999911e+00
-1.190800000000000081e+00
-1.142500000000000071e+00
-1.135599999999999943e+00
-1.140300000000000091e+00
-1.127999999999999892e+00
-1.100200000000000067e+00
-1.062899999999999956e+00
-1.035900000000000043e+00
-1.011700000000000044e+00
-9.889600000000000612e-01
-9.608899999999999109e-01
-9.313200000000000367e-01
-8.960399999999999476e-01
-8.706599999999999895e-01
-8.538299999999999779e-01
-8.448499999999999899e-01
-8.251899999999999791e-01
-7.846800000000000441e-01
-7.192699999999999649e-01
-6.525199999999999889e-01
-5.873899999999999677e-01
-5.270100000000000895e-01
-4.624500000000000277e-01
-3.963999999999999746e-01
-3.261900000000000355e-01
-2.716699999999999671e-01
-2.373699999999999699e-01
-2.181400000000000006e-01
-1.953700000000000159e-01
-1.719700000000000117e-01
-1.414900000000000047e-01
-1.062099999999999850e-01
-6.293100000000000083e-02
-1.406999999999999917e-02
5.600499999999999229e-02
1.360500000000000043e-01
2.179999999999999993e-01
2.928100000000000147e-01
3.693199999999999816e-01
4.459000000000000186e-01
5.233999999999999764e-01
5.801800000000000290e-01
6.133499999999999508e-01
6.375300000000000411e-01
6.798199999999999799e-01
7.347600000000000797e-01
7.902700000000000280e-01
8.294399999999999551e-01
9.130899999999999572e-01
1.140300000000000091e+00
1.522799999999999931e+00
1.954299999999999926e+00
2.384199999999999875e+00
2.817099999999999937e+00
3.278000000000000025e+00
3.765299999999999869e+00
4.158699999999999619e+00
4.243299999999999628e+00
4.020500000000000185e+00
3.664699999999999847e+00
3.289899999999999824e+00
2.902099999999999902e+00
2.487699999999999800e+00
2.052099999999999813e+00
1.738599999999999923e+00
1.736199999999999966e+00
2.034899999999999931e+00
2.397400000000000198e+00
2.658900000000000041e+00
2.833000000000000185e+00
3.017199999999999882e+00
3.266300000000000203e+00
3.579299999999999926e+00
3.836300000000000043e+00
3.936599999999999877e+00
3.912300000000000111e+00
3.905600000000000183e+00
4.089999999999999858e+00
4.540499999999999758e+00
5.105000000000000426e+00
5.622899999999999565e+00
6.084399999999999586e+00
6.573500000000000121e+00
7.125099999999999767e+00
7.643799999999999706e+00
7.783000000000000362e+00
7.279899999999999594e+00
6.285099999999999909e+00
5.111500000000000377e+00
4.129100000000000215e+00
3.829499999999999904e+00
4.236200000000000188e+00
4.908400000000000318e+00
5.642400000000000304e+00
6.586599999999999788e+00
7.843200000000000394e+00
9.261400000000000077e+00
9.905799999999999272e+00
8.288800000000000168e+00
4.281500000000000306e+00
1.479800000000000004e-01
-1.501100000000000101e+00
-4.320399999999999796e-01
1.702199999999999935e+00
3.889699999999999935e+00
6.104499999999999815e+00
8.465999999999999304e+00
1.080199999999999960e+01
1.238099999999999845e+01
1.236999999999999922e+01
1.096000000000000085e+01
9.050800000000000622e+00
7.226099999999999746e+00
5.897800000000000153e+00
5.508099999999999774e+00
5.825099999999999945e+00
6.235500000000000043e+00
6.779099999999999682e+00
8.043100000000000804e+00
1.003899999999999970e+01
1.165900000000000070e+01
1.159200000000000053e+01
1.003899999999999970e+01
8.427899999999999281e+00
7.439300000000000246e+00
6.641700000000000159e+00
5.599700000000000344e+00
4.327499999999999680e+00
3.035099999999999909e+00
1.941500000000000004e+00
1.283099999999999907e+00
1.180600000000000094e+00
1.656500000000000083e+00
2.575200000000000156e+00
3.545599999999999863e+00
4.274399999999999977e+00
4.907399999999999984e+00
5.660499999999999865e+00
6.546299999999999564e+00
7.474400000000000155e+00
8.407700000000000173e+00
9.405400000000000205e+00
1.069500000000000028e+01
1.249000000000000021e+01
1.476099999999999923e+01
1.713200000000000145e+01
1.855400000000000205e+01
1.780400000000000205e+01
1.516400000000000148e+01
1.205900000000000105e+01
9.167199999999999349e+00
6.349300000000000388e+00
4.029899999999999594e+00
3.440100000000000158e+00
5.161900000000000155e+00
8.679800000000000182e+00
1.354099999999999859e+01
1.896000000000000085e+01
2.249800000000000111e+01
2.174099999999999966e+01
1.713100000000000023e+01
1.097900000000000098e+01
5.440500000000000114e+00
1.827700000000000102e+00
5.981799999999999617e-02
-9.032600000000000628e-01
-1.630700000000000038e+00
-1.903499999999999970e+00
-1.574899999999999967e+00
-9.945700000000000651e-01
9.942199999999999649e-02
3.381400000000000183e+00
9.277900000000000702e+00
1.366400000000000148e+01
1.236200000000000010e+01
7.074699999999999989e+00
2.860199999999999854e+00
3.081599999999999895e+00
6.950899999999999856e+00
1.105299999999999905e+01
1.312299999999999933e+01
1.238799999999999990e+01
9.368499999999999162e+00
7.213199999999999612e+00
9.906800000000000495e+00
1.788500000000000156e+01
2.798499999999999943e+01
3.600199999999999534e+01
3.847500000000000142e+01
3.585199999999999676e+01
3.160399999999999920e+01
2.751399999999999935e+01
2.346699999999999875e+01
1.924200000000000088e+01
1.496700000000000053e+01
1.107200000000000095e+01
7.915000000000000036e+00
5.693299999999999805e+00
4.638099999999999667e+00
4.494900000000000340e+00
4.620899999999999785e+00
4.693100000000000271e+00
4.532199999999999562e+00
3.994200000000000195e+00
3.564299999999999802e+00
3.944700000000000095e+00
4.705899999999999750e+00
3.939200000000000035e+00
3.956199999999999717e-01
-5.016300000000000203e+00
-1.089000000000000057e+01
-1.632900000000000063e+01
-1.981200000000000117e+01
-2.019000000000000128e+01
-1.827799999999999869e+01
-1.501700000000000124e+01
-9.987500000000000711e+00
-3.259900000000000020e+00
3.819799999999999862e+00
1.011500000000000021e+01
1.575000000000000000e+01
2.160199999999999676e+01
2.790099999999999980e+01
3.258500000000000085e+01
3.229699999999999704e+01
2.693199999999999861e+01
2.023600000000000065e+01
1.475200000000000067e+01
1.012400000000000055e+01
5.158100000000000129e+00
-5.427100000000000257e-01
-5.732300000000000395e+00
-8.560800000000000409e+00
-7.821399999999999686e+00
-3.079400000000000137e+00
4.792799999999999727e+00
1.424099999999999966e+01
2.286199999999999832e+01
2.748999999999999844e+01
2.717300000000000182e+01
2.300499999999999901e+01
1.564599999999999902e+01
6.036599999999999966e+00
-4.526099999999999568e+00
-1.512099999999999866e+01
-2.406500000000000128e+01
-2.913300000000000267e+01
-3.043400000000000105e+01
-3.008699999999999974e+01
-2.755900000000000105e+01
-2.064999999999999858e+01
-1.177700000000000102e+01
-4.620000000000000107e+00
1.149499999999999966e+00
5.933799999999999741e+00
8.125199999999999534e+00
7.904099999999999682e+00
8.650000000000000355e+00
1.292099999999999937e+01
1.957600000000000051e+01
2.543400000000000105e+01
2.725099999999999767e+01
2.378999999999999915e+01
1.700900000000000034e+01
9.582800000000000651e+00
3.163600000000000190e+00
-6.281200000000000117e-01
-1.160199999999999898e+00
-3.338300000000000156e-01
-1.357699999999999907e+00
-6.034200000000000230e+00
-1.325400000000000134e+01
-1.973199999999999932e+01
-2.192300000000000182e+01
-1.878300000000000125e+01
-1.399000000000000021e+01
-1.293299999999999983e+01
-1.696099999999999852e+01
-2.264800000000000324e+01
-2.514300000000000068e+01
-2.208500000000000085e+01
-1.587099999999999866e+01
-1.018500000000000050e+01
-5.826399999999999579e+00
-1.334000000000000075e+00
4.405300000000000438e+00
1.037800000000000011e+01
1.342699999999999960e+01
1.167799999999999905e+01
6.977500000000000036e+00
1.664199999999999902e+00
-4.002399999999999736e+00
-9.511799999999999145e+00
-1.282400000000000162e+01
-1.286500000000000021e+01
-1.059299999999999997e+01
-7.424900000000000055e+00
-4.671899999999999942e+00
-3.029999999999999805e+00
-1.861099999999999977e+00
-1.902200000000000002e-01
1.820400000000000018e+00
3.254799999999999915e+00
3.693000000000000060e+00
3.808899999999999952e+00
3.768400000000000194e+00
1.542799999999999949e+00
-5.093600000000000350e+00
-1.457799999999999940e+01
-2.203900000000000148e+01
-2.456800000000000139e+01
-2.343199999999999861e+01
-2.080300000000000082e+01
-1.745499999999999829e+01
-1.220099999999999874e+01
-2.496799999999999908e+00
1.187700000000000067e+01
2.560399999999999920e+01
3.132000000000000028e+01
2.845300000000000296e+01
2.451399999999999935e+01
2.468699999999999761e+01
2.594400000000000261e+01
2.488699999999999690e+01
2.454500000000000171e+01
2.753699999999999903e+01
2.989099999999999824e+01
2.781099999999999994e+01
2.386800000000000210e+01
2.148900000000000077e+01
2.024299999999999855e+01
1.958500000000000085e+01
1.902799999999999869e+01
1.491999999999999993e+01
6.372499999999999609e+00
-6.837600000000000344e-01
-1.873099999999999987e+00
1.855499999999999927e+00
8.525600000000000733e+00
1.539099999999999824e+01
1.790200000000000102e+01
1.232000000000000028e+01
8.195500000000000007e-01
-6.974199999999999733e+00
-2.170100000000000140e+00
1.179599999999999937e+01
2.369500000000000028e+01
2.853900000000000148e+01
2.812500000000000000e+01
2.489099999999999824e+01
2.207199999999999918e+01
2.623999999999999844e+01
4.103100000000000591e+01
5.932800000000000296e+01
7.261100000000000421e+01
8.139300000000000068e+01
8.945799999999999841e+01
9.659600000000000364e+01
9.944700000000000273e+01
9.550700000000000500e+01
8.623399999999999466e+01
7.371899999999999409e+01
5.550399999999999778e+01
3.091300000000000026e+01
6.537200000000000344e+00
-1.359900000000000020e+01
-3.302799999999999869e+01
-5.427700000000000102e+01
-7.370999999999999375e+01
-8.729500000000000171e+01
-9.669899999999999807e+01
-1.056400000000000006e+02
-1.152300000000000040e+02
-1.254699999999999989e+02
-1.370200000000000102e+02
-1.499199999999999875e+02
-1.600200000000000102e+02
-1.583499999999999943e+02
-1.396100000000000136e+02
-1.120999999999999943e+02
-9.376000000000000512e+01
-9.223899999999999011e+01
-9.573399999999999466e+01
-9.104099999999999682e+01
-7.669599999999999795e+01
-5.647500000000000142e+01
-3.532999999999999829e+01
-1.842699999999999960e+01
-7.750700000000000145e+00
-2.233800000000000008e+00
1.088899999999999979e+00
5.579799999999999649e+00
1.153200000000000003e+01
1.570700000000000074e+01
1.433200000000000074e+01
3.820300000000000029e+00
-1.752200000000000202e+01
-3.921600000000000108e+01
-4.247999999999999687e+01
-3.331300000000000239e+01
-3.735300000000000153e+01
-5.009100000000000108e+01
-4.755399999999999494e+01
-3.233099999999999596e+01
-2.260199999999999676e+01
-2.562199999999999989e+01
-4.002900000000000347e+01
-6.134799999999999898e+01
-8.365600000000000591e+01
-1.032300000000000040e+02
-1.195600000000000023e+02
-1.339199999999999875e+02
-1.465800000000000125e+02
-1.558700000000000045e+02
-1.603400000000000034e+02
-1.600600000000000023e+02
-1.561200000000000045e+02
-1.500200000000000102e+02
-1.417700000000000102e+02
-1.290500000000000114e+02
-1.089300000000000068e+02
-8.030800000000000693e+01
-4.592899999999999494e+01
-1.146700000000000053e+01
1.533099999999999952e+01
2.741800000000000281e+01
2.321699999999999875e+01
6.062700000000000422e+00
-1.739000000000000057e+01
-3.923799999999999955e+01
-5.673600000000000421e+01
-7.461299999999999955e+01
-9.741500000000000625e+01
-1.237800000000000011e+02
-1.498899999999999864e+02
-1.739799999999999898e+02
-1.943100000000000023e+02
-2.037199999999999989e+02
-1.964900000000000091e+02
-1.831699999999999875e+02
-1.802100000000000080e+02
-1.891399999999999864e+02
-2.029099999999999966e+02
-2.153700000000000045e+02
-2.204499999999999886e+02
-2.170000000000000000e+02
-2.092299999999999898e+02
-1.994600000000000080e+02
-1.860000000000000000e+02
-1.690000000000000000e+02
-1.540200000000000102e+02
-1.435600000000000023e+02
-1.288700000000000045e+02
-1.075600000000000023e+02
-9.979600000000000648e+01
-1.205100000000000051e+02
-1.438100000000000023e+02
-1.311200000000000045e+02
-9.443099999999999739e+01
-7.268600000000000705e+01
-7.134100000000000819e+01
-7.725600000000000023e+01
-8.348000000000000398e+01
-8.359899999999998954e+01
-6.980700000000000216e+01
-3.930199999999999960e+01
3.717900000000000205e+00
4.950899999999999324e+01
8.070999999999999375e+01
8.410299999999999443e+01
6.782999999999999829e+01
4.980300000000000438e+01
3.832500000000000284e+01
3.356499999999999773e+01
3.104300000000000281e+01
2.300900000000000034e+01
7.078199999999999825e+00
-1.322299999999999898e+01
-3.260499999999999687e+01
-4.014699999999999847e+01
-2.522800000000000153e+01
6.289799999999999613e+00
3.322299999999999898e+01
4.098499999999999943e+01
3.423799999999999955e+01
2.332800000000000296e+01
1.223299999999999876e+01
1.294100000000000028e+00
-1.005400000000000027e+01
-2.053599999999999781e+01
-3.157900000000000063e+01
-4.190299999999999869e+01
-3.597400000000000375e+01
-3.395700000000000074e+01
-8.264000000000000057e+01
-1.451299999999999955e+02
-1.553400000000000034e+02
-1.330200000000000102e+02
-1.224500000000000028e+02
-1.245900000000000034e+02
-1.213900000000000006e+02
-1.080199999999999960e+02
-9.606299999999998818e+01
-9.513600000000000989e+01
-1.012600000000000051e+02
-1.074500000000000028e+02
-1.153499999999999943e+02
-1.298100000000000023e+02
-1.448600000000000136e+02
-1.443100000000000023e+02
-1.217699999999999960e+02
-8.648399999999999466e+01
-5.148199999999999932e+01
-2.732999999999999829e+01
-1.631900000000000261e+01
-1.324799999999999933e+01
-8.894500000000000739e+00
1.579099999999999859e+01
7.745499999999999829e+01
1.633300000000000125e+02
2.378899999999999864e+02
2.760899999999999750e+02
2.787799999999999727e+02
2.606399999999999864e+02
2.383300000000000125e+02
2.381699999999999875e+02
2.714399999999999977e+02
2.977400000000000091e+02
2.832200000000000273e+02
2.516500000000000057e+02
2.342899999999999920e+02
2.352400000000000091e+02
2.446899999999999977e+02
2.520399999999999920e+02
2.540300000000000011e+02
2.551699999999999875e+02
2.602900000000000205e+02
2.634800000000000182e+02
2.541599999999999966e+02
2.397700000000000102e+02
2.319300000000000068e+02
2.263899999999999864e+02
2.212299999999999898e+02
2.145600000000000023e+02
2.101299999999999955e+02
2.188799999999999955e+02
2.221500000000000057e+02
2.171999999999999886e+02
2.279099999999999966e+02
2.398300000000000125e+02
2.384099999999999966e+02
2.366200000000000045e+02
2.421399999999999864e+02
2.483199999999999932e+02
2.529000000000000057e+02
2.613000000000000114e+02
2.717500000000000000e+02
2.821800000000000068e+02
2.867099999999999795e+02
2.836000000000000227e+02
2.771200000000000045e+02
2.660899999999999750e+02
2.663999999999999773e+02
2.724200000000000159e+02
2.678500000000000227e+02
2.918899999999999864e+02
3.578500000000000227e+02
3.879700000000000273e+02
3.239599999999999795e+02
2.694900000000000091e+02
3.198399999999999750e+02
3.830000000000000000e+02
3.770299999999999727e+02
3.319900000000000091e+02
2.968600000000000136e+02
2.894300000000000068e+02
2.984300000000000068e+02
3.225099999999999909e+02
3.569499999999999886e+02
3.712900000000000205e+02
3.651299999999999955e+02
3.585799999999999841e+02
3.522699999999999818e+02
3.471299999999999955e+02
3.333299999999999841e+02
3.067799999999999727e+02
2.876299999999999955e+02
2.770899999999999750e+02
2.578100000000000023e+02
2.313100000000000023e+02
2.132400000000000091e+02
2.075000000000000000e+02
2.163799999999999955e+02
2.373199999999999932e+02
2.338300000000000125e+02
1.789300000000000068e+02
9.750200000000000955e+01
3.070400000000000063e+01
-8.958899999999999642e-01
-4.833000000000000185e+00
2.752800000000000136e+00
1.585599999999999987e+01
3.234900000000000375e+01
4.893899999999999295e+01
6.602600000000001046e+01
8.588899999999999579e+01
1.071899999999999977e+02
1.256599999999999966e+02
1.381899999999999977e+02
1.449699999999999989e+02
1.489600000000000080e+02
1.515200000000000102e+02
1.505099999999999909e+02
1.441599999999999966e+02
1.325800000000000125e+02
1.154099999999999966e+02
8.872100000000000364e+01
4.818199999999999505e+01
4.426599999999999646e+00
-2.209699999999999775e+01
-2.778199999999999648e+01
-2.735800000000000054e+01
-3.948499999999999943e+01
-7.222100000000000364e+01
-1.090300000000000011e+02
-1.298300000000000125e+02
-1.368300000000000125e+02
-1.486999999999999886e+02
-1.840999999999999943e+02
-2.366599999999999966e+02
-2.761299999999999955e+02
-2.782900000000000205e+02
-2.528700000000000045e+02
-2.393100000000000023e+02
-2.608199999999999932e+02
-2.988000000000000114e+02
-3.211000000000000227e+02
-3.302500000000000000e+02
-3.376700000000000159e+02
-3.390600000000000023e+02
-3.404599999999999795e+02
-3.375000000000000000e+02
-3.311000000000000227e+02
-3.445699999999999932e+02
-3.683000000000000114e+02
-3.713600000000000136e+02
-3.588999999999999773e+02
-3.495899999999999750e+02
-3.456499999999999773e+02
-3.593600000000000136e+02
-3.908299999999999841e+02
-3.994300000000000068e+02
-3.789900000000000091e+02
-3.530099999999999909e+02
-3.381299999999999955e+02
-3.480699999999999932e+02
-3.590099999999999909e+02
-3.738199999999999932e+02
-3.976999999999999886e+02
-3.910099999999999909e+02
-3.693899999999999864e+02
-3.369300000000000068e+02
-2.966000000000000227e+02
-3.018000000000000114e+02
-3.083700000000000045e+02
-2.778299999999999841e+02
-2.569499999999999886e+02
-2.519199999999999875e+02
-2.570899999999999750e+02
-2.706600000000000250e+02
-2.826100000000000136e+02
-2.930099999999999909e+02
-2.922900000000000205e+02
-2.741700000000000159e+02
-2.536500000000000057e+02
-2.462299999999999898e+02
-2.409300000000000068e+02
-2.120300000000000011e+02
-1.714600000000000080e+02
-1.586200000000000045e+02
-1.673700000000000045e+02
-1.574799999999999898e+02
-1.255499999999999972e+02
-9.140100000000001046e+01
-4.203100000000000591e+01
3.000600000000000023e+01
8.517200000000001125e+01
1.002099999999999937e+02
1.054500000000000028e+02
1.347500000000000000e+02
1.833700000000000045e+02
2.194099999999999966e+02
2.207400000000000091e+02
1.895399999999999920e+02
1.621800000000000068e+02
1.816100000000000136e+02
2.304699999999999989e+02
2.676700000000000159e+02
2.797599999999999909e+02
2.792200000000000273e+02
3.081499999999999773e+02
3.456100000000000136e+02
3.356100000000000136e+02
3.122200000000000273e+02
3.070799999999999841e+02
3.108000000000000114e+02
3.311399999999999864e+02
3.476700000000000159e+02
3.353899999999999864e+02
3.335000000000000000e+02
3.597799999999999727e+02
3.769399999999999977e+02
3.908600000000000136e+02
4.006000000000000227e+02
3.694599999999999795e+02
3.066200000000000045e+02
2.501399999999999864e+02
2.191999999999999886e+02
2.002199999999999989e+02
1.853400000000000034e+02
1.926999999999999886e+02
1.755900000000000034e+02
8.466899999999999693e+01
-2.096099999999999852e+01
-7.569299999999999784e+01
-8.247599999999999909e+01
-7.164199999999999591e+01
-8.303399999999999181e+01
-1.133400000000000034e+02
-1.126599999999999966e+02
-1.011400000000000006e+02
-1.131200000000000045e+02
-1.211500000000000057e+02
-1.246700000000000017e+02
-1.336699999999999875e+02
-1.430000000000000000e+02
-1.620800000000000125e+02
-1.768300000000000125e+02
-1.640500000000000114e+02
-1.505800000000000125e+02
-1.814000000000000057e+02
-2.388199999999999932e+02
-2.519099999999999966e+02
-2.310900000000000034e+02
-2.387100000000000080e+02
-2.713500000000000227e+02
-3.189900000000000091e+02
-3.595400000000000205e+02
-3.828600000000000136e+02
-4.297400000000000091e+02
-4.188100000000000023e+02
-3.173500000000000227e+02
-2.827200000000000273e+02
-3.101700000000000159e+02
-3.332699999999999818e+02
-4.066499999999999773e+02
-4.406700000000000159e+02
-3.884399999999999977e+02
-3.984900000000000091e+02
-4.511399999999999864e+02
-4.470699999999999932e+02
-3.895600000000000023e+02
-3.514900000000000091e+02
-3.734399999999999977e+02
-3.905199999999999818e+02
-3.831499999999999773e+02
-3.563000000000000114e+02
-3.023899999999999864e+02
-2.784900000000000091e+02
-2.917500000000000000e+02
-2.624599999999999795e+02
-1.916599999999999966e+02
-1.316800000000000068e+02
-5.535899999999999466e+01
2.331300000000000239e+01
6.440300000000000580e+01
8.250499999999999545e+01
8.150799999999999557e+01
8.691799999999999216e+01
1.326899999999999977e+02
1.731500000000000057e+02
1.412899999999999920e+02
9.978000000000000114e+01
1.080000000000000000e+02
1.096099999999999994e+02
1.028499999999999943e+02
1.161700000000000017e+02
1.423300000000000125e+02
1.676500000000000057e+02
1.633700000000000045e+02
1.335399999999999920e+02
1.003299999999999983e+02
7.456199999999999761e+01
9.691599999999999682e+01
1.851999999999999886e+02
2.176699999999999875e+02
8.264100000000000534e+01
-9.565500000000000114e+01
-1.672899999999999920e+02
-1.759300000000000068e+02
-1.830600000000000023e+02
-1.738799999999999955e+02
-1.530699999999999932e+02
-1.466200000000000045e+02
-1.509799999999999898e+02
-1.584600000000000080e+02
-1.787800000000000011e+02
-2.041399999999999864e+02
-2.193400000000000034e+02
-2.340500000000000114e+02
-2.593399999999999750e+02
-2.749200000000000159e+02
-2.541299999999999955e+02
-2.425000000000000000e+02
-2.940400000000000205e+02
-3.368199999999999932e+02
-3.173500000000000227e+02
-2.927400000000000091e+02
-2.883000000000000114e+02
-3.061100000000000136e+02
-3.343299999999999841e+02
-3.337799999999999727e+02
-3.148799999999999955e+02
-2.921700000000000159e+02
-2.563299999999999841e+02
-2.279699999999999989e+02
-2.265800000000000125e+02
-2.391100000000000136e+02
-2.374099999999999966e+02
-1.963899999999999864e+02
-1.367400000000000091e+02
-1.075400000000000063e+02
-9.615999999999999659e+01
-6.738700000000000045e+01
-7.071299999999999919e+00
8.090699999999999648e+01
1.586800000000000068e+02
1.962299999999999898e+02
2.032500000000000000e+02
2.083199999999999932e+02
2.334099999999999966e+02
2.824599999999999795e+02
3.311800000000000068e+02
3.556999999999999886e+02
3.723600000000000136e+02
3.804599999999999795e+02
3.685899999999999750e+02
3.707599999999999909e+02
3.764399999999999977e+02
3.676999999999999886e+02
3.806899999999999977e+02
4.144200000000000159e+02
4.402500000000000000e+02
4.389200000000000159e+02
4.227200000000000273e+02
4.415000000000000000e+02
4.591100000000000136e+02
4.503500000000000227e+02
4.395600000000000023e+02
4.185299999999999727e+02
3.855099999999999909e+02
3.697500000000000000e+02
3.902799999999999727e+02
4.127099999999999795e+02
4.160699999999999932e+02
3.976899999999999977e+02
3.742900000000000205e+02
3.851700000000000159e+02
4.193299999999999841e+02
4.499200000000000159e+02
4.379499999999999886e+02
4.156499999999999773e+02
4.317699999999999818e+02
4.373000000000000114e+02
4.294700000000000273e+02
3.289599999999999795e+02
9.253200000000001069e+01
-1.096200000000000045e+02
-1.870200000000000102e+02
-1.762500000000000000e+02
-1.690900000000000034e+02
-1.928100000000000023e+02
-2.048700000000000045e+02
-2.116899999999999977e+02
-1.964600000000000080e+02
-1.807599999999999909e+02
-2.018400000000000034e+02
-2.157500000000000000e+02
-1.970300000000000011e+02
-1.752899999999999920e+02
-1.639799999999999898e+02
-1.457400000000000091e+02
-1.269500000000000028e+02
-1.238199999999999932e+02
-1.150300000000000011e+02
-9.199799999999999045e+01
-7.554899999999999238e+01
-5.545399999999999352e+01
-1.421999999999999931e+00
8.244599999999999795e+01
1.612599999999999909e+02
2.069000000000000057e+02
2.269000000000000057e+02
2.454600000000000080e+02
2.708399999999999750e+02
2.946700000000000159e+02
3.078500000000000227e+02
3.086100000000000136e+02
3.073899999999999864e+02
3.163600000000000136e+02
3.323299999999999841e+02
3.519700000000000273e+02
3.763899999999999864e+02
3.974399999999999977e+02
4.066999999999999886e+02
4.042099999999999795e+02
3.952900000000000205e+02
3.840199999999999818e+02
3.695799999999999841e+02
3.522699999999999818e+02
3.340400000000000205e+02
3.145699999999999932e+02
2.947799999999999727e+02
2.726999999999999886e+02
2.601200000000000045e+02
2.858799999999999955e+02
3.382500000000000000e+02
3.756200000000000045e+02
3.937200000000000273e+02
3.988199999999999932e+02
3.730199999999999818e+02
3.013100000000000023e+02
2.064199999999999875e+02
1.420600000000000023e+02
1.197500000000000000e+02
1.047900000000000063e+02
7.618600000000000705e+01
3.064000000000000057e+01
-2.511699999999999733e+01
-7.765899999999999181e+01
-1.195900000000000034e+02
-1.518000000000000114e+02
-1.768199999999999932e+02
-1.959900000000000091e+02
-2.113300000000000125e+02
-2.254900000000000091e+02
-2.415500000000000114e+02
-2.611299999999999955e+02
-2.759300000000000068e+02
-2.771399999999999864e+02
-2.742900000000000205e+02
-2.799200000000000159e+02
-2.946299999999999955e+02
-3.158799999999999955e+02
-3.350600000000000023e+02
-3.421999999999999886e+02
-3.416700000000000159e+02
-3.401100000000000136e+02
-3.477500000000000000e+02
-3.860400000000000205e+02
-4.419900000000000091e+02
-4.637599999999999909e+02
-4.382900000000000205e+02
-4.058399999999999750e+02
-3.919700000000000273e+02
-3.886800000000000068e+02
-3.861700000000000159e+02
-3.811499999999999773e+02
-3.674599999999999795e+02
-3.447400000000000091e+02
-3.321800000000000068e+02
-3.389900000000000091e+02
-3.450199999999999818e+02
-3.395600000000000023e+02
-3.295899999999999750e+02
-3.157900000000000205e+02
-2.930000000000000000e+02
-2.585500000000000114e+02
-2.164799999999999898e+02
-1.747599999999999909e+02
-1.397800000000000011e+02
-1.137000000000000028e+02
-9.219499999999999318e+01
-6.802899999999999636e+01
-3.883899999999999864e+01
-7.442300000000000360e+00
2.314000000000000057e+01
5.080300000000000438e+01
7.377600000000001046e+01
9.163899999999999579e+01
1.070199999999999960e+02
1.256099999999999994e+02
1.513600000000000136e+02
1.802599999999999909e+02
2.058199999999999932e+02
2.277100000000000080e+02
2.448100000000000023e+02
2.504600000000000080e+02
2.416200000000000045e+02
2.220999999999999943e+02
1.976999999999999886e+02
1.747500000000000000e+02
1.566599999999999966e+02
1.409300000000000068e+02
1.246700000000000017e+02
1.092699999999999960e+02
9.624500000000000455e+01
8.925100000000000477e+01
1.031200000000000045e+02
1.140300000000000011e+02
5.257600000000000051e+01
-6.385199999999999676e+01
-1.481699999999999875e+02
-1.849399999999999977e+02
-2.073000000000000114e+02
-2.322400000000000091e+02
-2.635699999999999932e+02
-2.979499999999999886e+02
-3.277699999999999818e+02
-3.448299999999999841e+02
-3.408600000000000136e+02
-3.166299999999999955e+02
-2.920099999999999909e+02
-2.844100000000000250e+02
-2.890199999999999818e+02
-2.990899999999999750e+02
-3.094200000000000159e+02
-3.072200000000000273e+02
-2.869800000000000182e+02
-2.603399999999999750e+02
-2.385800000000000125e+02
-2.210900000000000034e+02
-2.342599999999999909e+02
-3.024499999999999886e+02
-3.440400000000000205e+02
-2.346100000000000136e+02
-2.692000000000000171e+01
1.008299999999999983e+02
1.159599999999999937e+02
1.084599999999999937e+02
1.282500000000000000e+02
1.671200000000000045e+02
1.981100000000000136e+02
2.123799999999999955e+02
2.239600000000000080e+02
2.456100000000000136e+02
2.740600000000000023e+02
2.984399999999999977e+02
3.122799999999999727e+02
3.162699999999999818e+02
3.100500000000000114e+02
2.879499999999999886e+02
2.600500000000000114e+02
2.476100000000000136e+02
2.558100000000000023e+02
2.808000000000000114e+02
3.173100000000000023e+02
3.373399999999999750e+02
3.121200000000000045e+02
2.603899999999999864e+02
2.105099999999999909e+02
1.554000000000000057e+02
7.099399999999999977e+01
-3.729099999999999682e+01
-1.423300000000000125e+02
-2.200300000000000011e+02
-2.495900000000000034e+02
-2.494699999999999989e+02
-2.489399999999999977e+02
-2.473499999999999943e+02
-2.464099999999999966e+02
-2.493300000000000125e+02
-2.587699999999999818e+02
-2.831299999999999955e+02
-3.029200000000000159e+02
-3.056100000000000136e+02
-3.051700000000000159e+02
-2.936200000000000045e+02
-2.667300000000000182e+02
-2.495099999999999909e+02
-2.668700000000000045e+02
-3.124399999999999977e+02
-3.394200000000000159e+02
-3.054200000000000159e+02
-2.024499999999999886e+02
-7.963700000000000045e+01
-2.389999999999999858e+01
-2.801500000000000057e+01
-2.242900000000000205e+01
2.733699999999999974e+01
1.052600000000000051e+02
1.693199999999999932e+02
2.070699999999999932e+02
2.325800000000000125e+02
2.511100000000000136e+02
2.678100000000000023e+02
2.872099999999999795e+02
3.035099999999999909e+02
3.148799999999999955e+02
3.147500000000000000e+02
2.993199999999999932e+02
2.772900000000000205e+02
2.546599999999999966e+02
2.344699999999999989e+02
2.260200000000000102e+02
2.299499999999999886e+02
2.381599999999999966e+02
2.476100000000000136e+02
2.609399999999999977e+02
2.747300000000000182e+02
2.789499999999999886e+02
2.733700000000000045e+02
2.696000000000000227e+02
2.709900000000000091e+02
2.693100000000000023e+02
2.599700000000000273e+02
2.497500000000000000e+02
2.416500000000000057e+02
2.213400000000000034e+02
1.820399999999999920e+02
1.419600000000000080e+02
1.167099999999999937e+02
1.012600000000000051e+02
8.439600000000000080e+01
6.392600000000000193e+01
4.642399999999999949e+01
3.665299999999999869e+01
3.007099999999999795e+01
1.732900000000000063e+01
-6.427500000000000213e+00
-3.697500000000000142e+01
-6.814900000000000091e+01
-1.044099999999999966e+02
-1.504900000000000091e+02
-1.901100000000000136e+02
-2.076399999999999864e+02
-2.170200000000000102e+02
-2.407599999999999909e+02
-2.856899999999999977e+02
-3.342099999999999795e+02
-3.373999999999999773e+02
-2.650699999999999932e+02
-1.608300000000000125e+02
-8.738899999999999579e+01
-5.278499999999999659e+01
-3.307600000000000051e+01
-2.090099999999999980e+01
-2.076199999999999690e+01
-2.578300000000000125e+01
-2.104100000000000037e+01
8.176899999999999835e+00
5.989199999999999591e+01
9.427400000000000091e+01
8.863899999999999579e+01
8.501399999999999579e+01
1.023700000000000045e+02
1.154300000000000068e+02
1.290200000000000102e+02
1.489900000000000091e+02
1.558700000000000045e+02
1.441999999999999886e+02
1.257300000000000040e+02
1.110799999999999983e+02
1.054000000000000057e+02
1.070300000000000011e+02
1.103499999999999943e+02
1.122099999999999937e+02
1.124399999999999977e+02
1.116299999999999955e+02
1.094899999999999949e+02
1.042800000000000011e+02
9.485600000000000875e+01
8.363200000000000500e+01
7.315500000000000114e+01
6.324399999999999977e+01
5.321500000000000341e+01
4.291399999999999437e+01
3.252700000000000102e+01
2.305000000000000071e+01
1.554900000000000126e+01
1.064799999999999969e+01
8.201000000000000512e+00
7.304400000000000226e+00
6.975600000000000023e+00
6.634800000000000253e+00
5.801800000000000068e+00
3.998699999999999921e+00
7.799199999999999466e-01
-4.286500000000000199e+00
-1.147299999999999898e+01
-2.044099999999999895e+01
-2.990900000000000247e+01
-3.752700000000000102e+01
-4.147500000000000142e+01
-4.110600000000000165e+01
-3.563000000000000256e+01
-2.515699999999999648e+01
-1.133200000000000074e+01
4.674999999999999822e+00
2.197599999999999909e+01
3.797699999999999676e+01
4.862399999999999523e+01
5.125600000000000023e+01
4.548699999999999477e+01
3.331900000000000261e+01
1.830700000000000216e+01
2.655899999999999928e+00
-1.331599999999999895e+01
-2.954300000000000281e+01
-4.571699999999999875e+01
-6.111699999999999733e+01
-7.451500000000000057e+01
-8.483700000000000330e+01
-9.156000000000000227e+01
-9.444100000000000250e+01
-9.457200000000000273e+01
-9.351200000000000045e+01
-9.072599999999999909e+01
-8.532899999999999352e+01
-7.894599999999999795e+01
-7.375000000000000000e+01
-7.037999999999999545e+01
-6.851500000000000057e+01
-6.742399999999999238e+01
-6.627299999999999613e+01
-6.441100000000000136e+01
-6.144899999999999807e+01
-5.751300000000000523e+01
-5.316300000000000381e+01
-4.867399999999999949e+01
-4.392300000000000182e+01
-3.897699999999999676e+01
-3.400000000000000000e+01
-2.915500000000000114e+01
-2.478599999999999781e+01
-2.128800000000000026e+01
-1.883399999999999963e+01
-1.740099999999999980e+01
-1.643299999999999983e+01
-1.454400000000000048e+01
-1.051400000000000112e+01
-4.418700000000000294e+00
3.086500000000000021e+00
1.136999999999999922e+01
1.975700000000000145e+01
2.797899999999999920e+01
3.638499999999999801e+01
4.444899999999999807e+01
5.011100000000000421e+01
5.124100000000000676e+01
4.687100000000000222e+01
3.795000000000000284e+01
2.637199999999999989e+01
1.312700000000000067e+01
-1.190800000000000081e+00
-1.583000000000000007e+01
-2.954100000000000037e+01
-4.069899999999999807e+01
-4.913899999999999579e+01
-5.592800000000000438e+01
-6.090200000000000102e+01
-6.346699999999999875e+01
-6.447800000000000864e+01
-6.526800000000000068e+01
-6.636199999999999477e+01
-6.774200000000000443e+01
-6.929300000000000637e+01
-7.130299999999999727e+01
-7.475900000000000034e+01
-8.030899999999999750e+01
-8.707899999999999352e+01
-9.377299999999999613e+01
-9.990899999999999181e+01
-1.055799999999999983e+02
-1.109399999999999977e+02
-1.155999999999999943e+02
-1.181500000000000057e+02
-1.169800000000000040e+02
-1.112199999999999989e+02
-1.012500000000000000e+02
-8.924299999999999500e+01
-7.750600000000000023e+01
-6.676100000000000989e+01
-5.667499999999999716e+01
-4.686699999999999733e+01
-3.734300000000000352e+01
-2.831099999999999994e+01
-1.978699999999999903e+01
-1.129800000000000004e+01
-2.418600000000000083e+00
5.691600000000000215e+00
1.032200000000000095e+01
9.619500000000000384e+00
3.432999999999999829e+00
-6.486299999999999955e+00
-1.728099999999999881e+01
-2.760199999999999676e+01
-3.778499999999999659e+01
-4.827799999999999869e+01
-5.938600000000000279e+01
-7.144299999999999784e+01
-8.439900000000000091e+01
-9.670700000000000784e+01
-1.060600000000000023e+02
-1.119099999999999966e+02
-1.148700000000000045e+02
-1.147199999999999989e+02
-1.110199999999999960e+02
-1.040000000000000000e+02
-9.511899999999999977e+01
-8.602799999999999159e+01
-7.738600000000000989e+01
-6.897899999999999920e+01
-6.049499999999999744e+01
-5.187100000000000222e+01
-4.329699999999999704e+01
-3.488599999999999568e+01
-2.668499999999999872e+01
-1.871000000000000085e+01
-1.083300000000000018e+01
-2.924199999999999910e+00
4.783900000000000041e+00
1.207400000000000162e+01
1.916799999999999926e+01
2.635699999999999932e+01
3.368099999999999739e+01
4.113700000000000045e+01
4.873100000000000165e+01
5.616600000000000392e+01
6.251699999999999591e+01
6.717100000000000648e+01
7.075499999999999545e+01
7.416100000000000136e+01
7.734799999999999898e+01
7.903499999999999659e+01
7.748999999999999488e+01
7.246699999999999875e+01
6.456900000000000261e+01
5.387800000000000011e+01
4.117999999999999972e+01
2.804899999999999949e+01
1.589599999999999902e+01
5.310900000000000176e+00
-4.353200000000000180e+00
-1.396400000000000041e+01
-2.377100000000000080e+01
-3.354699999999999704e+01
-4.296199999999999619e+01
-5.200899999999999324e+01
-6.091100000000000136e+01
-6.971699999999999875e+01
-7.811599999999999966e+01
-8.495299999999998875e+01
-8.948200000000001353e+01
-9.190399999999999636e+01
-9.099600000000000932e+01
-8.517200000000001125e+01
-7.496699999999999875e+01
-6.119600000000000506e+01
-4.467600000000000193e+01
-2.702400000000000091e+01
-9.346500000000000696e+00
7.312899999999999956e+00
2.153699999999999903e+01
3.345499999999999829e+01
4.467300000000000182e+01
5.602199999999999847e+01
6.695900000000000318e+01
7.689600000000000080e+01
8.585799999999998988e+01
9.362999999999999545e+01
9.990399999999999636e+01
1.052800000000000011e+02
1.101099999999999994e+02
1.132300000000000040e+02
1.137500000000000000e+02
1.127699999999999960e+02
1.110100000000000051e+02
1.075199999999999960e+02
1.020699999999999932e+02
9.594700000000000273e+01
9.004700000000001125e+01
8.424500000000000455e+01
7.798999999999999488e+01
7.124299999999999500e+01
6.539199999999999591e+01
6.248799999999999955e+01
6.270000000000000284e+01
6.445600000000000307e+01
6.651699999999999591e+01
6.762100000000000932e+01
6.626899999999999125e+01
6.260199999999999676e+01
5.825899999999999324e+01
5.426300000000000523e+01
5.014800000000000324e+01
4.431199999999999761e+01
3.572299999999999898e+01
2.535300000000000153e+01
1.466200000000000081e+01
4.302100000000000257e+00
-5.295499999999999652e+00
-1.387199999999999989e+01
-2.172500000000000142e+01
-2.917300000000000182e+01
-3.643800000000000239e+01
-4.381199999999999761e+01
-5.137300000000000466e+01
-5.874399999999999977e+01
-6.479000000000000625e+01
-6.796399999999999864e+01
-6.776600000000000534e+01
-6.409499999999999886e+01
-5.697100000000000364e+01
-4.786800000000000210e+01
-3.815200000000000102e+01
-2.785599999999999810e+01
-1.708200000000000074e+01
-6.242399999999999949e+00
4.423600000000000421e+00
1.490000000000000036e+01
2.532199999999999918e+01
3.611800000000000210e+01
4.783299999999999841e+01
6.044699999999999562e+01
7.330599999999999739e+01
8.595600000000000307e+01
9.807600000000000762e+01
1.086800000000000068e+02
1.169300000000000068e+02
1.230499999999999972e+02
1.273400000000000034e+02
1.301500000000000057e+02
1.318300000000000125e+02
1.321200000000000045e+02
1.312299999999999898e+02
1.301999999999999886e+02
1.293700000000000045e+02
1.271700000000000017e+02
1.211800000000000068e+02
1.117199999999999989e+02
1.015100000000000051e+02
9.183499999999999375e+01
8.195499999999999829e+01
7.100399999999999068e+01
5.914800000000000324e+01
4.686299999999999955e+01
3.433099999999999596e+01
2.221300000000000097e+01
1.118299999999999983e+01
5.939600000000000435e-01
-1.127999999999999936e+01
-2.532999999999999829e+01
-4.060900000000000176e+01
-5.581100000000000705e+01
-7.074099999999999966e+01
-8.580799999999999272e+01
-1.013799999999999955e+02
-1.177399999999999949e+02
-1.341399999999999864e+02
-1.474199999999999875e+02
-1.552599999999999909e+02
-1.590300000000000011e+02
-1.593600000000000136e+02
-1.550300000000000011e+02
-1.469399999999999977e+02
-1.375900000000000034e+02
-1.290300000000000011e+02
-1.230699999999999932e+02
-1.187000000000000028e+02
-1.090900000000000034e+02
-8.788299999999999557e+01
-5.694200000000000017e+01
-2.333900000000000219e+01
5.841099999999999959e+00
2.743400000000000105e+01
4.436600000000000676e+01
6.095199999999999818e+01
7.867100000000000648e+01
9.687999999999999545e+01
1.142900000000000063e+02
1.302599999999999909e+02
1.452899999999999920e+02
1.592700000000000102e+02
1.708400000000000034e+02
1.798899999999999864e+02
1.879600000000000080e+02
1.963600000000000136e+02
2.054000000000000057e+02
2.141800000000000068e+02
2.202599999999999909e+02
2.221200000000000045e+02
2.211999999999999886e+02
2.189099999999999966e+02
2.124799999999999898e+02
1.963600000000000136e+02
1.683600000000000136e+02
1.337400000000000091e+02
1.015199999999999960e+02
7.584699999999999420e+01
5.304600000000000648e+01
2.738800000000000168e+01
-3.075200000000000156e+00
-3.630199999999999960e+01
-7.054899999999999238e+01
-1.071099999999999994e+02
-1.478199999999999932e+02
-1.918499999999999943e+02
-2.347400000000000091e+02
-2.690099999999999909e+02
-2.883500000000000227e+02
-2.935600000000000023e+02
-2.921700000000000159e+02
-2.906100000000000136e+02
-2.903000000000000114e+02
-2.910500000000000114e+02
-2.930400000000000205e+02
-2.947799999999999727e+02
-2.912400000000000091e+02
-2.783199999999999932e+02
-2.592699999999999818e+02
-2.400300000000000011e+02
-2.179900000000000091e+02
-1.882500000000000000e+02
-1.582599999999999909e+02
-1.374000000000000057e+02
-1.223400000000000034e+02
-1.055400000000000063e+02
-8.460299999999999443e+01
-5.996999999999999886e+01
-3.262199999999999989e+01
-3.776199999999999779e+00
2.607300000000000040e+01
5.584300000000000352e+01
8.245100000000000762e+01
1.037800000000000011e+02
1.215999999999999943e+02
1.388400000000000034e+02
1.567299999999999898e+02
1.752500000000000000e+02
1.932800000000000011e+02
2.083000000000000114e+02
2.188199999999999932e+02
2.265399999999999920e+02
2.328400000000000034e+02
2.364499999999999886e+02
2.369199999999999875e+02
2.343700000000000045e+02
2.274199999999999875e+02
2.160099999999999909e+02
2.026100000000000136e+02
1.891100000000000136e+02
1.759600000000000080e+02
1.623100000000000023e+02
1.456100000000000136e+02
1.240900000000000034e+02
9.946600000000000819e+01
7.443399999999999750e+01
4.994699999999999562e+01
2.572100000000000009e+01
1.046499999999999986e+00
-2.443699999999999761e+01
-5.027700000000000102e+01
-7.598999999999999488e+01
-1.017300000000000040e+02
-1.272900000000000063e+02
-1.509099999999999966e+02
-1.710600000000000023e+02
-1.874499999999999886e+02
-1.974300000000000068e+02
-1.962400000000000091e+02
-1.865099999999999909e+02
-1.786200000000000045e+02
-1.773199999999999932e+02
-1.783499999999999943e+02
-1.771599999999999966e+02
-1.741699999999999875e+02
-1.725999999999999943e+02
-1.724099999999999966e+02
-1.678700000000000045e+02
-1.541699999999999875e+02
-1.309900000000000091e+02
-9.689700000000000557e+01
-5.518800000000000239e+01
-1.932600000000000051e+01
-5.140399999999999414e-01
-1.926099999999999923e+00
-1.021899999999999942e+01
-3.499400000000000066e+00
1.372299999999999898e+01
2.574099999999999966e+01
3.690699999999999648e+01
5.326300000000000523e+01
6.902899999999999636e+01
7.992900000000000205e+01
8.815600000000000591e+01
9.688700000000000045e+01
1.069899999999999949e+02
1.157199999999999989e+02
1.178799999999999955e+02
1.099800000000000040e+02
9.174899999999999523e+01
6.718200000000000216e+01
4.396500000000000341e+01
2.660399999999999920e+01
1.290799999999999947e+01
-9.855000000000000426e-01
-1.606200000000000117e+01
-3.041300000000000026e+01
-4.171600000000000108e+01
-5.022399999999999665e+01
-5.783200000000000074e+01
-6.359899999999999665e+01
-6.414600000000000080e+01
-5.917300000000000182e+01
-5.134499999999999886e+01
-4.184300000000000352e+01
-3.125199999999999889e+01
-2.165500000000000114e+01
-1.467599999999999838e+01
-9.880399999999999849e+00
-6.527300000000000324e+00
-4.500799999999999912e+00
-3.472599999999999909e+00
-3.372199999999999864e+00
-4.520500000000000185e+00
-6.701500000000000234e+00
-1.064000000000000057e+01
-1.830599999999999739e+01
-2.880099999999999838e+01
-3.824499999999999744e+01
-4.505699999999999505e+01
-5.073799999999999955e+01
-5.669899999999999807e+01
-6.301200000000000045e+01
-6.832800000000000296e+01
-7.085200000000000387e+01
-7.050000000000000000e+01
-6.700499999999999545e+01
-5.794500000000000028e+01
-4.313000000000000256e+01
-2.657000000000000028e+01
-1.293200000000000038e+01
-4.195599999999999774e+00
1.418400000000000105e+00
6.467299999999999827e+00
1.179400000000000048e+01
1.725499999999999901e+01
2.267000000000000171e+01
2.792599999999999838e+01
3.287300000000000466e+01
3.743999999999999773e+01
4.189300000000000068e+01
4.655199999999999960e+01
5.141100000000000136e+01
5.577499999999999858e+01
5.856399999999999295e+01
5.971899999999999409e+01
5.995300000000000296e+01
5.882600000000000051e+01
5.560899999999999466e+01
5.096000000000000085e+01
4.594600000000000506e+01
4.095199999999999818e+01
3.599199999999999733e+01
3.100300000000000011e+01
2.601000000000000156e+01
2.113500000000000156e+01
1.645299999999999940e+01
1.189700000000000024e+01
7.476200000000000401e+00
3.307100000000000151e+00
-6.184399999999999897e-01
-4.446100000000000385e+00
-8.259100000000000108e+00
-1.209599999999999831e+01
-1.598499999999999943e+01
-1.987000000000000099e+01
-2.334400000000000119e+01
-2.591400000000000148e+01
-2.712699999999999889e+01
-2.645199999999999818e+01
-2.413199999999999790e+01
-2.133399999999999963e+01
-1.871400000000000219e+01
-1.571299999999999919e+01
-1.127900000000000169e+01
-5.346499999999999808e+00
1.137699999999999934e+00
7.497399999999999842e+00
1.369999999999999929e+01
1.993499999999999872e+01
2.636100000000000065e+01
3.258699999999999619e+01
3.733899999999999864e+01
3.967999999999999972e+01
3.981300000000000239e+01
3.797699999999999676e+01
3.461899999999999977e+01
3.078500000000000014e+01
2.707900000000000063e+01
2.343599999999999994e+01
1.967699999999999960e+01
1.585500000000000043e+01
1.264400000000000013e+01
1.098799999999999955e+01
1.091400000000000148e+01
1.156700000000000017e+01
1.234099999999999930e+01
1.308699999999999974e+01
1.382000000000000028e+01
1.438499999999999979e+01
1.446700000000000053e+01
1.401299999999999990e+01
1.323700000000000010e+01
1.227999999999999936e+01
1.123700000000000010e+01
1.016699999999999982e+01
9.063700000000000756e+00
7.891399999999999970e+00
6.564199999999999591e+00
4.968700000000000117e+00
3.260899999999999910e+00
1.763200000000000101e+00
5.652599999999999847e-01
-5.529699999999999616e-01
-1.909200000000000008e+00
-3.564499999999999780e+00
-4.351600000000000357e+00
-2.266999999999999904e+00
2.798000000000000043e+00
9.079700000000000770e+00
1.596599999999999930e+01
2.396099999999999852e+01
3.295300000000000296e+01
4.193500000000000227e+01
4.937399999999999523e+01
5.451100000000000279e+01
5.841199999999999903e+01
6.224300000000000210e+01
6.523399999999999466e+01
6.552299999999999613e+01
6.254899999999999949e+01
5.661199999999999477e+01
4.793600000000000705e+01
3.769500000000000028e+01
2.728300000000000125e+01
1.703800000000000026e+01
6.764199999999999768e+00
-3.708800000000000097e+00
-1.412700000000000067e+01
-2.355499999999999972e+01
-3.123000000000000043e+01
-3.699399999999999977e+01
-4.048799999999999955e+01
-4.178600000000000136e+01
-4.161699999999999733e+01
-4.032199999999999562e+01
-3.824000000000000199e+01
-3.607099999999999795e+01
-3.413100000000000023e+01
-3.234900000000000375e+01
-3.067099999999999937e+01
-2.909699999999999775e+01
-2.733999999999999986e+01
-2.487400000000000233e+01
-2.165900000000000247e+01
-1.820400000000000063e+01
-1.465499999999999936e+01
-1.062599999999999945e+01
-5.824399999999999800e+00
-4.737399999999999389e-01
4.341700000000000337e+00
7.015200000000000102e+00
7.261300000000000310e+00
6.379500000000000171e+00
5.609700000000000131e+00
5.515299999999999869e+00
6.125399999999999956e+00
6.965200000000000280e+00
7.581100000000000172e+00
7.945299999999999585e+00
8.281000000000000583e+00
8.699999999999999289e+00
9.025100000000000122e+00
8.749399999999999622e+00
7.621599999999999930e+00
5.852800000000000225e+00
2.944599999999999884e+00
-2.316300000000000026e+00
-9.788399999999999324e+00
-1.791400000000000148e+01
-2.564199999999999946e+01
-3.306099999999999994e+01
-4.050500000000000256e+01
-4.722800000000000153e+01
-5.155600000000000449e+01
-5.255899999999999750e+01
-4.961800000000000210e+01
-4.248100000000000165e+01
-3.277000000000000313e+01
-2.248699999999999832e+01
-1.276500000000000057e+01
-5.150100000000000122e+00
-6.970499999999999474e-01
1.618600000000000039e+00
3.426699999999999857e+00
5.426800000000000068e+00
7.895599999999999952e+00
1.099300000000000033e+01
1.462500000000000000e+01
1.842900000000000205e+01
2.132699999999999818e+01
2.180599999999999739e+01
1.986200000000000188e+01
1.694000000000000128e+01
1.399300000000000033e+01
1.114400000000000013e+01
8.311099999999999710e+00
5.415199999999999569e+00
2.576600000000000001e+00
3.012900000000000300e-02
-1.809399999999999897e+00
-1.886600000000000055e+00
6.779100000000000126e-01
5.384599999999999831e+00
1.127500000000000036e+01
1.762300000000000111e+01
2.329599999999999937e+01
2.647400000000000020e+01
2.640599999999999881e+01
2.441099999999999781e+01
2.149399999999999977e+01
1.753599999999999781e+01
1.286500000000000021e+01
8.070199999999999818e+00
3.342999999999999972e+00
-1.376300000000000079e+00
-6.189899999999999736e+00
-1.111700000000000088e+01
-1.610399999999999920e+01
-2.121000000000000085e+01
-2.655800000000000338e+01
-3.201599999999999824e+01
-3.642499999999999716e+01
-3.809900000000000375e+01
-3.713100000000000023e+01
-3.495199999999999818e+01
-3.136699999999999733e+01
-2.541000000000000014e+01
-1.783599999999999852e+01
-1.049400000000000155e+01
-5.419599999999999973e+00
-4.490000000000000213e+00
-7.525500000000000078e+00
-1.293700000000000117e+01
-1.990500000000000114e+01
-2.789699999999999847e+01
-3.613100000000000023e+01
-4.334799999999999898e+01
-4.792600000000000193e+01
-4.987600000000000477e+01
-5.049100000000000676e+01
-4.962500000000000000e+01
-4.649300000000000210e+01
-4.184300000000000352e+01
-3.685900000000000176e+01
-3.177300000000000324e+01
-2.638699999999999690e+01
-2.079899999999999949e+01
-1.528599999999999959e+01
-9.948999999999999844e+00
-4.666199999999999903e+00
6.851699999999999458e-01
6.036500000000000199e+00
1.096400000000000041e+01
1.500799999999999912e+01
1.812500000000000000e+01
2.068499999999999872e+01
2.305099999999999838e+01
2.545400000000000063e+01
2.802199999999999847e+01
3.031800000000000139e+01
3.088199999999999790e+01
2.879100000000000037e+01
2.463800000000000168e+01
1.898300000000000054e+01
1.220199999999999996e+01
5.107000000000000206e+00
-1.913399999999999990e+00
-8.860200000000000742e+00
-1.513000000000000078e+01
-1.962199999999999989e+01
-2.207800000000000296e+01
-2.234800000000000253e+01
-1.940900000000000247e+01
-1.354199999999999982e+01
-6.815100000000000158e+00
-4.511399999999999855e-01
6.007299999999999862e+00
1.324400000000000155e+01
2.102800000000000225e+01
2.859199999999999875e+01
3.490500000000000114e+01
3.836800000000000210e+01
3.784400000000000119e+01
3.378999999999999915e+01
2.725499999999999901e+01
1.954899999999999949e+01
1.308099999999999952e+01
1.039200000000000124e+01
1.132099999999999973e+01
1.343400000000000105e+01
1.523700000000000010e+01
1.683999999999999986e+01
1.863400000000000034e+01
2.074300000000000210e+01
2.304199999999999804e+01
2.534400000000000119e+01
2.754599999999999937e+01
2.977400000000000091e+01
3.221399999999999864e+01
3.435800000000000409e+01
3.443500000000000227e+01
3.129699999999999704e+01
2.603699999999999903e+01
1.999599999999999866e+01
1.335700000000000109e+01
6.303600000000000314e+00
-2.733700000000000019e-01
-5.274600000000000399e+00
-8.651500000000000412e+00
-1.138199999999999967e+01
-1.418099999999999916e+01
-1.714400000000000190e+01
-2.017900000000000205e+01
-2.313100000000000023e+01
-2.578099999999999881e+01
-2.798099999999999810e+01
-3.002499999999999858e+01
-3.214399999999999835e+01
-3.283200000000000074e+01
-2.931099999999999994e+01
-2.119599999999999795e+01
-1.090299999999999869e+01
-1.252499999999999947e+00
5.697400000000000020e+00
9.959899999999999309e+00
1.288099999999999845e+01
1.489400000000000013e+01
1.605799999999999983e+01
1.668900000000000006e+01
1.685299999999999798e+01
1.657099999999999795e+01
1.606700000000000017e+01
1.554900000000000126e+01
1.541799999999999926e+01
1.616000000000000014e+01
1.770700000000000074e+01
1.951999999999999957e+01
2.127899999999999991e+01
2.294800000000000040e+01
2.456099999999999994e+01
2.616099999999999781e+01
2.793199999999999861e+01
3.010000000000000142e+01
3.259300000000000352e+01
3.506000000000000227e+01
3.743800000000000239e+01
4.007500000000000284e+01
4.329200000000000159e+01
4.599699999999999989e+01
4.475899999999999324e+01
3.738700000000000045e+01
2.658599999999999852e+01
1.634600000000000009e+01
7.760299999999999976e+00
4.964299999999999963e-02
-7.432199999999999918e+00
-1.492900000000000027e+01
-2.257800000000000296e+01
-3.047100000000000009e+01
-3.807600000000000051e+01
-4.378399999999999892e+01
-4.656700000000000017e+01
-4.720100000000000051e+01
-4.602600000000000335e+01
-4.264699999999999847e+01
-3.783599999999999852e+01
-3.280300000000000438e+01
-2.796099999999999852e+01
-2.330300000000000082e+01
-1.876099999999999923e+01
-1.421099999999999852e+01
-9.542999999999999261e+00
-5.002399999999999736e+00
-1.419699999999999962e+00
5.601699999999999458e-01
1.305099999999999927e+00
1.476199999999999957e+00
1.431000000000000050e+00
1.359799999999999898e+00
1.327299999999999924e+00
1.337800000000000100e+00
1.419200000000000017e+00
1.581900000000000084e+00
2.089199999999999946e+00
3.406499999999999861e+00
5.568100000000000271e+00
8.087899999999999423e+00
1.060500000000000043e+01
1.305700000000000038e+01
1.549900000000000055e+01
1.790599999999999881e+01
2.008599999999999852e+01
2.182199999999999918e+01
2.321000000000000085e+01
2.429300000000000281e+01
2.444300000000000139e+01
2.313699999999999690e+01
2.084099999999999753e+01
1.810699999999999932e+01
1.502500000000000036e+01
1.172799999999999976e+01
8.426500000000000767e+00
5.151399999999999757e+00
1.821399999999999908e+00
-1.620100000000000096e+00
-5.052900000000000169e+00
-8.297200000000000131e+00
-1.134700000000000131e+01
-1.439200000000000124e+01
-1.728400000000000247e+01
-1.921699999999999875e+01
-1.965700000000000003e+01
-1.921699999999999875e+01
-1.874699999999999989e+01
-1.832000000000000028e+01
-1.732300000000000040e+01
-1.535900000000000176e+01
-1.280799999999999983e+01
-1.022400000000000020e+01
-7.720699999999999896e+00
-5.195700000000000429e+00
-2.755500000000000060e+00
-9.307600000000000318e-01
-6.236399999999999583e-02
2.223900000000000043e-01
4.868399999999999395e-01
9.031399999999999428e-01
1.346700000000000008e+00
1.660900000000000043e+00
2.083200000000000163e+00
3.409699999999999953e+00
6.120099999999999874e+00
9.629500000000000171e+00
1.319099999999999895e+01
1.660999999999999943e+01
1.989300000000000068e+01
2.288100000000000023e+01
2.511400000000000077e+01
2.602100000000000080e+01
2.577199999999999847e+01
2.497100000000000009e+01
2.351099999999999923e+01
2.102100000000000080e+01
1.787800000000000011e+01
1.467999999999999972e+01
1.158099999999999952e+01
8.372600000000000264e+00
4.892699999999999605e+00
1.244899999999999896e+00
-2.379399999999999959e+00
-5.914900000000000269e+00
-9.355199999999999960e+00
-1.260700000000000109e+01
-1.531700000000000017e+01
-1.721199999999999974e+01
-1.835699999999999932e+01
-1.882700000000000173e+01
-1.874699999999999989e+01
-1.845899999999999963e+01
-1.817800000000000082e+01
-1.794500000000000028e+01
-1.775400000000000134e+01
-1.757300000000000040e+01
-1.720299999999999940e+01
-1.636799999999999855e+01
-1.509099999999999930e+01
-1.372099999999999831e+01
-1.247200000000000131e+01
-1.132300000000000040e+01
-1.018200000000000038e+01
-9.028499999999999304e+00
-7.948400000000000354e+00
-7.097000000000000419e+00
-6.481799999999999784e+00
-5.977500000000000036e+00
-5.481200000000000294e+00
-4.982499999999999929e+00
-4.500499999999999723e+00
-4.043499999999999872e+00
-3.523600000000000065e+00
-2.819199999999999928e+00
-1.931300000000000017e+00
-9.957099999999999840e-01
-8.449800000000000366e-02
8.208999999999999631e-01
1.770599999999999952e+00
2.676200000000000134e+00
3.197700000000000209e+00
3.071000000000000174e+00
2.523299999999999876e+00
1.922900000000000054e+00
1.400800000000000045e+00
9.111799999999998789e-01
3.914500000000000202e-01
-1.723200000000000010e-01
-6.899999999999999467e-01
-1.101499999999999924e+00
-1.504799999999999915e+00
-2.060200000000000031e+00
-2.759500000000000064e+00
-3.511000000000000121e+00
-4.397100000000000009e+00
-5.515900000000000247e+00
-6.272700000000000387e+00
-5.971599999999999575e+00
-5.007399999999999629e+00
-4.083499999999999908e+00
-3.216099999999999959e+00
-2.233800000000000008e+00
-1.210399999999999920e+00
-4.369500000000000051e-01
-8.010799999999999865e-02
2.749300000000000008e-02
1.342399999999999982e-01
2.752000000000000002e-01
2.812899999999999845e-01
-6.038500000000000117e-02
-7.110600000000000254e-01
-1.441300000000000026e+00
-2.058600000000000207e+00
-2.414400000000000102e+00
-2.435500000000000220e+00
-2.267399999999999860e+00
-2.090500000000000025e+00
-1.961200000000000054e+00
-1.817499999999999893e+00
-1.505600000000000049e+00
-8.542499999999999538e-01
6.441099999999999604e-02
1.014499999999999957e+00
1.883000000000000007e+00
2.709900000000000198e+00
3.534600000000000186e+00
4.354899999999999771e+00
5.076299999999999812e+00
5.601799999999999891e+00
5.981300000000000061e+00
6.369900000000000340e+00
6.723700000000000010e+00
6.724199999999999733e+00
6.158100000000000129e+00
5.253000000000000114e+00
4.324499999999999567e+00
3.466699999999999893e+00
2.620499999999999829e+00
1.737000000000000099e+00
8.144799999999999818e-01
-1.161400000000000071e-01
-9.957700000000000440e-01
-1.675100000000000033e+00
-2.078300000000000036e+00
-2.319700000000000095e+00
-2.542899999999999938e+00
-2.715599999999999792e+00
-2.724200000000000177e+00
-2.559600000000000097e+00
-2.346600000000000019e+00
-2.161599999999999966e+00
-1.995100000000000096e+00
-1.800499999999999989e+00
-1.577900000000000080e+00
-1.374800000000000022e+00
-1.254199999999999982e+00
-1.211899999999999977e+00
-1.200800000000000090e+00
-1.181300000000000017e+00
-1.157699999999999951e+00
-1.137000000000000011e+00
-1.118900000000000006e+00
-1.062200000000000033e+00
-9.340399999999999814e-01
-7.510100000000000664e-01
-5.649800000000000377e-01
-3.887199999999999545e-01
-2.242199999999999749e-01
-6.899099999999999677e-02
8.688099999999999989e-02
2.753300000000000192e-01
4.872799999999999909e-01
6.901800000000000157e-01
8.572899999999999965e-01
9.919499999999999984e-01
1.097599999999999909e+00
1.183699999999999974e+00
1.239600000000000035e+00
1.259700000000000042e+00
1.246799999999999908e+00
1.220299999999999940e+00
1.178800000000000070e+00
1.115899999999999892e+00
1.017900000000000027e+00
8.930399999999999450e-01
7.442400000000000126e-01
5.840400000000000036e-01
4.317500000000000226e-01
3.128000000000000225e-01
2.243199999999999916e-01
1.591899999999999982e-01
1.035900000000000154e-01
5.808099999999999374e-02
1.875200000000000131e-02
-7.186299999999999633e-03
-2.154999999999999971e-02
-2.425899999999999931e-02
-2.645600000000000035e-02
-2.649700000000000319e-02
-2.472899999999999751e-02
-1.301100000000000173e-02
1.349200000000000052e-03
1.533200000000000014e-02
2.198600000000000207e-02
2.700100000000000069e-02
2.838500000000000398e-02
3.101399999999999990e-02
3.068600000000000147e-02
3.127699999999999925e-02
2.901999999999999719e-02
2.866799999999999904e-02
2.620099999999999860e-02
2.577400000000000177e-02
2.325299999999999936e-02
2.290299999999999975e-02
2.095200000000000187e-02
2.146800000000000097e-02
1.982300000000000034e-02
1.988000000000000184e-02
1.763800000000000090e-02
1.738699999999999968e-02
1.513499999999999915e-02
1.501899999999999936e-02
1.301800000000000006e-02
1.316699999999999815e-02
1.133299999999999932e-02
1.157500000000000022e-02
9.815400000000000166e-03
1.019199999999999967e-02
8.519499999999999296e-03
8.947200000000000639e-03
7.344199999999999513e-03
7.884199999999999195e-03
6.366899999999999990e-03
6.908599999999999984e-03
5.440999999999999656e-03
6.045399999999999385e-03
4.632999999999999965e-03
5.276499999999999940e-03
3.875800000000000425e-03
4.547800000000000280e-03
3.224400000000000096e-03
3.916900000000000069e-03
2.606999999999999942e-03
3.358699999999999620e-03
2.081400000000000177e-03
2.874400000000000045e-03
1.590400000000000277e-03
2.403999999999999887e-03
1.206000000000000041e-03
2.031400000000000046e-03
8.181100000000000394e-04
1.682799999999999921e-03
4.910199999999999981e-04
1.377700000000000148e-03
1.920099999999999997e-04
1.129199999999999909e-03
1.831599999999999963e-06
9.367400000000000336e-04
-1.889899999999999913e-04
7.637199999999999588e-04
-3.365600000000000167e-04
6.439800000000000515e-04
-4.403200000000000126e-04
5.888599999999999694e-04
-4.964099999999999719e-04
4.987900000000000406e-04
-5.402099999999999524e-04
4.949000000000000491e-04
