-1.611700000000000077e-01
-3.037199999999999900e-01
-2.641499999999999959e-01
-2.855599999999999805e-01
-2.858900000000000330e-01
-2.959400000000000364e-01
-3.012699999999999823e-01
-3.130300000000000304e-01
-3.204000000000000181e-01
-3.335000000000000187e-01
-3.435099999999999820e-01
-3.576900000000000079e-01
-3.701599999999999890e-01
-3.855500000000000038e-01
-4.001600000000000157e-01
-4.168399999999999883e-01
-4.334100000000000175e-01
-4.513899999999999579e-01
-4.698300000000000254e-01
-4.891100000000000447e-01
-5.094100000000000295e-01
-5.302799999999999736e-01
-5.526999999999999691e-01
-5.757700000000000040e-01
-6.011800000000000477e-01
-6.278000000000000247e-01
-6.581100000000000838e-01
-6.905999999999999917e-01
-7.278799999999999715e-01
-7.678599999999999870e-01
-8.137400000000000189e-01
-8.627600000000000824e-01
-9.181000000000000272e-01
-9.768000000000000016e-01
-1.042499999999999982e+00
-1.112000000000000099e+00
-1.188800000000000079e+00
-1.269600000000000062e+00
-1.358800000000000008e+00
-1.452700000000000102e+00
-1.553600000000000092e+00
-1.656199999999999894e+00
-1.763400000000000079e+00
-1.868300000000000072e+00
-1.972699999999999898e+00
-2.069399999999999906e+00
-2.160899999999999821e+00
-2.240000000000000213e+00
-2.310000000000000053e+00
-2.367500000000000160e+00
-2.423700000000000188e+00
-2.476900000000000102e+00
-2.532399999999999984e+00
-2.585300000000000153e+00
-2.640800000000000036e+00
-2.693599999999999994e+00
-2.749000000000000110e+00
-2.801699999999999857e+00
-2.857000000000000206e+00
-2.909400000000000208e+00
-2.964599999999999902e+00
-3.016799999999999926e+00
-3.071699999999999875e+00
-3.123699999999999921e+00
-3.178599999999999870e+00
-3.230199999999999960e+00
-3.284800000000000164e+00
-3.336399999999999810e+00
-3.390600000000000058e+00
-3.441899999999999959e+00
-3.495999999999999996e+00
-3.546800000000000175e+00
-3.600499999999999812e+00
-3.650900000000000034e+00
-3.704000000000000181e+00
-3.753899999999999793e+00
-3.806299999999999795e+00
-3.855300000000000171e+00
-3.907000000000000028e+00
-3.955200000000000049e+00
-4.006000000000000227e+00
-4.053200000000000358e+00
-4.102899999999999991e+00
-4.148900000000000254e+00
-4.197499999999999787e+00
-4.242300000000000182e+00
-4.290000000000000036e+00
-4.333700000000000330e+00
-4.380200000000000315e+00
-4.423000000000000043e+00
-4.468499999999999694e+00
-4.510399999999999743e+00
-4.554999999999999716e+00
-4.596099999999999852e+00
-4.639899999999999913e+00
-4.679999999999999716e+00
-4.722800000000000331e+00
-4.761800000000000033e+00
-4.803600000000000314e+00
-4.841300000000000381e+00
-4.881700000000000372e+00
-4.917900000000000382e+00
-4.956699999999999662e+00
-4.991100000000000314e+00
-5.027800000000000047e+00
-5.060200000000000031e+00
-5.094999999999999751e+00
-5.125399999999999956e+00
-5.158000000000000362e+00
-5.186300000000000132e+00
-5.217100000000000293e+00
-5.243400000000000283e+00
-5.272300000000000431e+00
-5.296999999999999709e+00
-5.324399999999999800e+00
-5.347500000000000142e+00
-5.373400000000000176e+00
-5.394999999999999574e+00
-5.419400000000000439e+00
-5.439400000000000013e+00
-5.462200000000000166e+00
-5.480599999999999916e+00
-5.501400000000000290e+00
-5.517599999999999838e+00
-5.536200000000000010e+00
-5.550200000000000244e+00
-5.566300000000000026e+00
-5.577499999999999680e+00
-5.590799999999999770e+00
-5.599300000000000388e+00
-5.609899999999999665e+00
-5.615400000000000169e+00
-5.623199999999999754e+00
-5.626100000000000101e+00
-5.631400000000000183e+00
-5.631800000000000139e+00
-5.634699999999999598e+00
-5.633099999999999774e+00
-5.634000000000000341e+00
-5.630499999999999616e+00
-5.629699999999999704e+00
-5.624299999999999855e+00
-5.621800000000000352e+00
-5.614600000000000257e+00
-5.610199999999999854e+00
-5.601099999999999746e+00
-5.594400000000000261e+00
-5.582799999999999763e+00
-5.573400000000000354e+00
-5.558900000000000396e+00
-5.546499999999999986e+00
-5.528699999999999726e+00
-5.512800000000000367e+00
-5.491600000000000037e+00
-5.472199999999999953e+00
-5.447300000000000253e+00
-5.424400000000000333e+00
-5.396099999999999675e+00
-5.370000000000000107e+00
-5.338700000000000223e+00
-5.309800000000000075e+00
-5.276099999999999568e+00
-5.245099999999999874e+00
-5.209600000000000009e+00
-5.177100000000000257e+00
-5.140500000000000291e+00
-5.107199999999999740e+00
-5.069700000000000095e+00
-5.035599999999999632e+00
-4.997200000000000308e+00
-4.961999999999999744e+00
-4.922100000000000364e+00
-4.885100000000000442e+00
-4.842900000000000205e+00
-4.803099999999999703e+00
-4.757399999999999629e+00
-4.713300000000000267e+00
-4.663299999999999557e+00
-4.614399999999999835e+00
-4.559400000000000119e+00
-4.505799999999999805e+00
-4.445400000000000240e+00
-4.386400000000000077e+00
-4.321600000000000108e+00
-4.258899999999999686e+00
-4.190900000000000070e+00
-4.125899999999999679e+00
-4.056499999999999773e+00
-3.990800000000000125e+00
-3.921300000000000008e+00
-3.856100000000000083e+00
-3.787700000000000067e+00
-3.723500000000000032e+00
-3.655800000000000161e+00
-3.592099999999999849e+00
-3.524300000000000210e+00
-3.459900000000000198e+00
-3.390400000000000080e+00
-3.323300000000000143e+00
-3.250100000000000211e+00
-3.178300000000000125e+00
-3.099200000000000177e+00
-3.021500000000000075e+00
-2.936900000000000066e+00
-2.851900000000000102e+00
-2.758700000000000152e+00
-2.666199999999999903e+00
-2.566199999999999815e+00
-2.467499999999999805e+00
-2.362299999999999844e+00
-2.258999999999999897e+00
-2.150300000000000100e+00
-2.044500000000000206e+00
-1.933899999999999952e+00
-1.826400000000000023e+00
-1.714599999999999902e+00
-1.606500000000000039e+00
-1.493900000000000006e+00
-1.384500000000000064e+00
-1.270199999999999996e+00
-1.159100000000000019e+00
-1.042399999999999993e+00
-9.283700000000000285e-01
-8.085600000000000565e-01
-6.906100000000000572e-01
-5.670100000000000140e-01
-4.458899999999999531e-01
-3.175999999999999934e-01
-1.903200000000000169e-01
-5.664600000000000191e-02
7.555599999999999816e-02
2.143300000000000205e-01
3.515300000000000091e-01
4.952300000000000035e-01
6.371299999999999741e-01
7.850399999999999601e-01
9.306900000000000173e-01
1.081599999999999895e+00
1.229300000000000059e+00
1.381999999999999895e+00
1.529800000000000049e+00
1.680700000000000083e+00
1.827599999999999891e+00
1.977999999999999980e+00
2.122700000000000031e+00
2.269899999999999807e+00
2.411999999999999922e+00
2.555899999999999839e+00
2.693200000000000038e+00
2.834700000000000220e+00
2.972300000000000164e+00
3.113300000000000178e+00
3.250399999999999956e+00
3.391900000000000137e+00
3.529799999999999827e+00
3.672800000000000065e+00
3.812600000000000211e+00
3.957899999999999974e+00
4.100299999999999834e+00
4.248499999999999943e+00
4.393600000000000172e+00
4.543800000000000061e+00
4.692800000000000082e+00
4.847599999999999909e+00
4.998899999999999899e+00
5.157600000000000406e+00
5.314499999999999780e+00
5.476700000000000124e+00
5.635600000000000165e+00
5.798899999999999721e+00
5.957699999999999996e+00
6.119699999999999918e+00
6.275900000000000034e+00
6.434099999999999930e+00
6.585899999999999643e+00
6.739600000000000257e+00
6.887599999999999945e+00
7.038700000000000401e+00
7.185299999999999798e+00
7.337399999999999700e+00
7.487099999999999866e+00
7.643299999999999983e+00
7.800099999999999589e+00
7.966400000000000148e+00
8.132099999999999440e+00
8.307399999999999451e+00
8.482499999999999929e+00
8.663100000000000023e+00
8.842800000000000438e+00
9.028100000000000236e+00
9.208399999999999253e+00
9.390900000000000247e+00
9.564999999999999503e+00
9.742599999999999483e+00
9.913000000000000256e+00
1.008399999999999963e+01
1.024699999999999989e+01
1.041300000000000026e+01
1.057099999999999973e+01
1.073099999999999987e+01
1.088400000000000034e+01
1.103900000000000148e+01
1.118700000000000117e+01
1.133500000000000085e+01
1.147599999999999909e+01
1.161700000000000088e+01
1.175000000000000000e+01
1.188400000000000034e+01
1.200799999999999912e+01
1.213400000000000034e+01
1.225500000000000078e+01
1.238199999999999967e+01
1.250599999999999845e+01
1.263700000000000045e+01
1.276400000000000112e+01
1.289900000000000091e+01
1.302999999999999936e+01
1.316499999999999915e+01
1.329400000000000048e+01
1.342500000000000071e+01
1.354499999999999993e+01
1.365900000000000070e+01
1.375999999999999979e+01
1.385400000000000098e+01
1.392900000000000027e+01
1.399599999999999866e+01
1.404800000000000004e+01
1.409500000000000064e+01
1.413299999999999912e+01
1.416200000000000081e+01
1.421000000000000085e+01
1.429900000000000126e+01
1.434799999999999898e+01
1.438299999999999912e+01
1.442300000000000004e+01
1.446799999999999997e+01
1.451299999999999990e+01
1.456599999999999895e+01
1.461500000000000021e+01
1.466799999999999926e+01
1.471700000000000053e+01
1.476799999999999891e+01
1.481299999999999883e+01
1.485799999999999876e+01
1.489299999999999891e+01
1.492799999999999905e+01
1.495599999999999952e+01
1.498099999999999987e+01
1.499400000000000155e+01
1.500699999999999967e+01
1.500900000000000034e+01
1.500699999999999967e+01
1.499000000000000021e+01
1.496799999999999997e+01
1.493500000000000050e+01
1.490200000000000102e+01
1.485900000000000176e+01
1.481900000000000084e+01
1.477500000000000036e+01
1.474099999999999966e+01
1.471000000000000085e+01
1.469200000000000017e+01
1.468200000000000038e+01
1.469200000000000017e+01
1.469400000000000084e+01
1.475300000000000011e+01
1.487400000000000055e+01
1.494299999999999962e+01
1.496700000000000053e+01
1.500599999999999845e+01
1.503099999999999881e+01
1.505199999999999960e+01
1.506000000000000050e+01
1.506099999999999994e+01
1.503500000000000014e+01
1.503200000000000003e+01
1.506000000000000050e+01
1.503999999999999915e+01
1.498000000000000043e+01
1.493500000000000050e+01
1.486800000000000033e+01
1.484400000000000119e+01
1.486999999999999922e+01
1.484400000000000119e+01
1.477799999999999869e+01
1.473200000000000109e+01
1.467799999999999905e+01
1.462700000000000067e+01
1.457400000000000162e+01
1.451799999999999891e+01
1.448400000000000176e+01
1.449000000000000021e+01
1.445700000000000074e+01
1.440400000000000169e+01
1.435599999999999987e+01
1.431099999999999994e+01
1.425999999999999979e+01
1.421199999999999974e+01
1.415299999999999869e+01
1.409400000000000119e+01
1.401900000000000013e+01
1.393999999999999950e+01
1.383799999999999919e+01
1.371299999999999919e+01
1.357799999999999940e+01
1.344400000000000084e+01
1.328700000000000081e+01
1.312099999999999866e+01
1.294800000000000040e+01
1.276700000000000124e+01
1.259599999999999831e+01
1.245700000000000074e+01
1.228500000000000014e+01
1.209700000000000131e+01
1.191000000000000014e+01
1.175400000000000134e+01
1.163700000000000045e+01
1.151500000000000057e+01
1.138299999999999912e+01
1.127200000000000024e+01
1.108799999999999919e+01
1.087099999999999866e+01
1.069200000000000017e+01
1.048799999999999955e+01
1.032000000000000028e+01
1.028400000000000070e+01
1.018299999999999983e+01
9.908099999999999241e+00
9.561099999999999710e+00
9.288800000000000168e+00
9.354300000000000281e+00
9.659599999999999298e+00
9.429199999999999804e+00
8.654600000000000293e+00
8.090400000000000702e+00
7.893500000000000405e+00
7.874100000000000321e+00
8.023300000000000765e+00
8.178800000000000736e+00
8.345599999999999241e+00
8.724199999999999733e+00
9.170899999999999608e+00
9.205500000000000682e+00
8.981299999999999173e+00
8.715500000000000469e+00
8.074199999999999378e+00
7.107999999999999652e+00
6.158100000000000129e+00
5.328700000000000436e+00
4.673199999999999577e+00
4.177900000000000169e+00
3.913300000000000001e+00
4.215499999999999581e+00
5.423700000000000188e+00
6.817999999999999616e+00
7.124500000000000277e+00
6.345299999999999940e+00
5.562700000000000422e+00
5.278999999999999915e+00
5.379500000000000171e+00
5.720600000000000129e+00
5.975799999999999557e+00
5.713599999999999568e+00
5.141600000000000392e+00
4.478600000000000136e+00
3.827399999999999913e+00
3.724200000000000177e+00
4.079100000000000392e+00
4.019899999999999807e+00
3.354200000000000070e+00
2.436100000000000154e+00
1.573199999999999932e+00
1.088500000000000023e+00
1.037500000000000089e+00
1.167200000000000015e+00
1.675200000000000022e+00
2.636499999999999844e+00
3.297000000000000153e+00
2.732200000000000184e+00
1.324100000000000055e+00
4.373500000000000165e-01
4.182600000000000207e-01
6.535100000000000353e-01
9.562200000000000699e-01
1.109099999999999975e+00
7.662899999999999157e-01
2.448699999999999766e-01
-1.151200000000000001e-01
-2.940099999999999936e-01
1.193599999999999939e-01
8.809899999999999398e-01
1.306699999999999973e+00
9.828100000000000724e-01
-4.748199999999999643e-01
-2.155100000000000016e+00
-2.588999999999999968e+00
-2.161000000000000032e+00
-1.604100000000000081e+00
-1.018999999999999906e+00
-7.450100000000000611e-01
-8.520900000000000141e-01
-1.010499999999999954e+00
-1.150199999999999889e+00
-1.392900000000000027e+00
-1.810300000000000020e+00
-2.305400000000000116e+00
-2.804199999999999804e+00
-3.086899999999999977e+00
-3.518100000000000005e+00
-5.131800000000000139e+00
-7.338300000000000267e+00
-7.918999999999999595e+00
-6.716199999999999726e+00
-5.176999999999999602e+00
-3.771100000000000119e+00
-2.712499999999999911e+00
-2.164499999999999869e+00
-1.398900000000000032e+00
-2.525800000000000267e-01
5.270100000000000895e-01
8.353099999999999969e-01
7.171499999999999542e-01
-3.472300000000000386e-01
-2.467000000000000082e+00
-5.432599999999999874e+00
-8.848300000000000054e+00
-1.163499999999999979e+01
-1.300099999999999945e+01
-1.317999999999999972e+01
-1.223000000000000043e+01
-1.008600000000000030e+01
-7.259199999999999875e+00
-4.881700000000000372e+00
-3.378299999999999859e+00
-1.988499999999999934e+00
-5.911999999999999478e-01
2.825599999999999778e-01
9.502799999999999025e-01
4.964600000000000124e-01
-2.432100000000000151e+00
-6.008399999999999963e+00
-8.262999999999999901e+00
-9.405200000000000671e+00
-9.437300000000000466e+00
-8.884999999999999787e+00
-8.654899999999999594e+00
-8.297299999999999898e+00
-7.179299999999999571e+00
-6.006300000000000416e+00
-5.710899999999999643e+00
-6.185500000000000220e+00
-6.600799999999999557e+00
-6.722000000000000419e+00
-6.944200000000000372e+00
-7.084100000000000286e+00
-7.417500000000000426e+00
-9.450300000000000367e+00
-1.327599999999999980e+01
-1.589900000000000091e+01
-1.462099999999999866e+01
-1.069299999999999962e+01
-7.062999999999999723e+00
-5.298099999999999810e+00
-5.208899999999999864e+00
-5.416400000000000325e+00
-4.657499999999999751e+00
-3.076299999999999812e+00
-1.120999999999999996e+00
3.104699999999999682e-01
-8.381499999999999506e-01
-4.945700000000000429e+00
-1.033400000000000141e+01
-1.478999999999999915e+01
-1.655599999999999739e+01
-1.614700000000000202e+01
-1.532699999999999996e+01
-1.504800000000000004e+01
-1.449900000000000055e+01
-1.402599999999999980e+01
-1.547900000000000098e+01
-1.733399999999999963e+01
-1.642399999999999949e+01
-1.315700000000000003e+01
-9.632199999999999207e+00
-7.016600000000000392e+00
-7.275000000000000355e+00
-1.002100000000000080e+01
-1.157099999999999973e+01
-1.115400000000000169e+01
-9.362700000000000244e+00
-6.985699999999999577e+00
-6.996800000000000352e+00
-1.112900000000000134e+01
-1.778400000000000247e+01
-2.252300000000000324e+01
-2.207600000000000051e+01
-1.927200000000000202e+01
-1.786899999999999977e+01
-1.687099999999999866e+01
-1.608500000000000085e+01
-1.771000000000000085e+01
-2.002400000000000091e+01
-2.147899999999999920e+01
-2.254300000000000281e+01
-2.123900000000000077e+01
-1.878800000000000026e+01
-1.871300000000000097e+01
-1.922500000000000142e+01
-1.955900000000000105e+01
-2.196999999999999886e+01
-2.435000000000000142e+01
-2.583800000000000097e+01
-2.759699999999999775e+01
-2.662300000000000111e+01
-2.405800000000000338e+01
-2.328400000000000247e+01
-2.164699999999999847e+01
-1.792999999999999972e+01
-1.565200000000000102e+01
-1.517500000000000071e+01
-1.556200000000000117e+01
-1.842599999999999838e+01
-2.302499999999999858e+01
-2.798800000000000310e+01
-3.308400000000000318e+01
-3.683800000000000097e+01
-3.876300000000000523e+01
-4.076500000000000057e+01
-4.329999999999999716e+01
-4.368600000000000705e+01
-4.122800000000000153e+01
-3.762599999999999767e+01
-3.422999999999999687e+01
-3.185500000000000043e+01
-2.918300000000000338e+01
-2.550499999999999901e+01
-2.416099999999999781e+01
-2.444999999999999929e+01
-2.368199999999999861e+01
-2.594999999999999929e+01
-3.238000000000000256e+01
-3.822500000000000142e+01
-4.246199999999999619e+01
-4.545399999999999352e+01
-4.653800000000000381e+01
-4.791899999999999693e+01
-5.027300000000000324e+01
-5.048899999999999721e+01
-4.743999999999999773e+01
-4.335199999999999676e+01
-4.153399999999999892e+01
-4.176300000000000523e+01
-4.226399999999999579e+01
-4.413600000000000279e+01
-4.718800000000000239e+01
-4.839300000000000068e+01
-4.734899999999999665e+01
-4.604100000000000392e+01
-4.628600000000000136e+01
-4.887699999999999534e+01
-4.916199999999999903e+01
-4.439699999999999847e+01
-3.950199999999999534e+01
-3.800399999999999778e+01
-3.978999999999999915e+01
-4.350000000000000000e+01
-4.713700000000000045e+01
-4.818800000000000239e+01
-4.696399999999999864e+01
-4.553300000000000125e+01
-4.370799999999999841e+01
-4.375999999999999801e+01
-4.880899999999999750e+01
-5.451500000000000057e+01
-5.694399999999999551e+01
-5.896300000000000097e+01
-5.941799999999999926e+01
-5.733100000000000307e+01
-5.636999999999999744e+01
-5.487699999999999534e+01
-5.426200000000000045e+01
-5.807600000000000051e+01
-5.993299999999999983e+01
-5.616899999999999693e+01
-4.901699999999999591e+01
-3.932399999999999807e+01
-3.463000000000000256e+01
-3.758299999999999841e+01
-4.014800000000000324e+01
-4.297600000000000620e+01
-4.695399999999999352e+01
-4.629500000000000171e+01
-4.394100000000000250e+01
-4.482999999999999829e+01
-4.869300000000000495e+01
-5.571300000000000097e+01
-6.222999999999999687e+01
-6.452500000000000568e+01
-6.327100000000000080e+01
-5.892100000000000648e+01
-5.464500000000000313e+01
-5.225800000000000267e+01
-5.153800000000000381e+01
-5.431600000000000250e+01
-5.771800000000000352e+01
-5.643100000000000449e+01
-4.969399999999999551e+01
-3.996500000000000341e+01
-3.388599999999999568e+01
-3.545100000000000051e+01
-3.926400000000000290e+01
-4.205799999999999983e+01
-4.299199999999999733e+01
-3.952400000000000091e+01
-3.467000000000000171e+01
-3.177599999999999980e+01
-3.180000000000000071e+01
-3.621800000000000352e+01
-4.323100000000000165e+01
-4.944600000000000506e+01
-5.111399999999999721e+01
-4.637699999999999534e+01
-4.237699999999999534e+01
-4.343800000000000239e+01
-4.581000000000000227e+01
-4.928699999999999903e+01
-5.258399999999999608e+01
-5.374600000000000222e+01
-5.456700000000000017e+01
-5.396199999999999619e+01
-5.236100000000000421e+01
-5.301500000000000057e+01
-5.540600000000000591e+01
-5.680100000000000193e+01
-5.249699999999999989e+01
-3.844899999999999807e+01
-2.101999999999999957e+01
-1.056299999999999883e+01
-7.348399999999999821e+00
-4.358799999999999564e+00
1.762100000000000000e+00
5.878199999999999648e+00
6.887199999999999989e+00
8.505800000000000693e+00
3.946499999999999897e+00
-8.967100000000000293e+00
-2.174699999999999989e+01
-3.072699999999999676e+01
-3.281499999999999773e+01
-2.828599999999999781e+01
-2.446499999999999986e+01
-2.376699999999999946e+01
-2.644599999999999795e+01
-3.304999999999999716e+01
-3.892300000000000182e+01
-4.155799999999999983e+01
-4.119300000000000495e+01
-3.522400000000000375e+01
-2.750099999999999767e+01
-2.087000000000000099e+01
-9.835699999999999221e+00
4.597500000000000142e+00
1.894599999999999795e+01
2.936199999999999832e+01
2.911699999999999733e+01
2.491099999999999781e+01
2.415300000000000225e+01
1.949099999999999966e+01
1.219700000000000095e+01
8.903200000000000003e+00
5.298700000000000188e+00
7.569600000000000772e-01
-7.304299999999999571e+00
-2.146099999999999852e+01
-2.833599999999999852e+01
-2.379500000000000171e+01
-1.950499999999999901e+01
-2.099800000000000111e+01
-2.749500000000000099e+01
-3.316700000000000159e+01
-3.045800000000000196e+01
-2.308500000000000085e+01
-2.184699999999999775e+01
-2.514199999999999946e+01
-2.338100000000000023e+01
-1.581400000000000006e+01
-9.430699999999999861e+00
-1.120599999999999952e+01
-2.016199999999999903e+01
-3.126300000000000168e+01
-4.112800000000000011e+01
-4.369600000000000506e+01
-4.025600000000000023e+01
-3.838599999999999568e+01
-3.935999999999999943e+01
-3.011400000000000077e+01
1.163499999999999979e+00
3.678600000000000136e+01
6.615200000000000102e+01
9.640100000000001046e+01
1.197699999999999960e+02
1.365200000000000102e+02
1.528199999999999932e+02
1.646500000000000057e+02
1.684099999999999966e+02
1.597400000000000091e+02
1.507100000000000080e+02
1.482400000000000091e+02
1.341399999999999864e+02
1.145300000000000011e+02
1.055699999999999932e+02
1.000499999999999972e+02
9.124200000000000443e+01
8.323000000000000398e+01
7.282999999999999829e+01
5.693100000000000449e+01
3.816700000000000159e+01
1.806700000000000017e+01
1.071900000000000119e+01
2.247699999999999676e+01
4.233699999999999619e+01
6.382199999999999562e+01
7.885899999999999466e+01
7.915600000000000591e+01
7.061799999999999500e+01
6.714699999999999136e+01
7.228399999999999181e+01
8.676000000000000512e+01
1.168499999999999943e+02
1.544199999999999875e+02
1.876999999999999886e+02
2.131999999999999886e+02
2.243700000000000045e+02
2.245399999999999920e+02
2.246999999999999886e+02
2.266599999999999966e+02
2.199900000000000091e+02
1.988199999999999932e+02
1.673100000000000023e+02
1.331500000000000057e+02
1.105000000000000000e+02
1.040600000000000023e+02
1.063400000000000034e+02
1.090600000000000023e+02
1.097399999999999949e+02
1.102900000000000063e+02
9.873000000000000398e+01
5.858100000000000307e+01
1.055700000000000038e+01
-1.152900000000000169e+01
-1.720899999999999963e+01
-2.354599999999999937e+01
-2.755499999999999972e+01
-2.806300000000000239e+01
2.773999999999999799e-01
8.062600000000000477e+01
1.834399999999999977e+02
2.686000000000000227e+02
3.171200000000000045e+02
3.323999999999999773e+02
3.436899999999999977e+02
3.635299999999999727e+02
3.773100000000000023e+02
3.885199999999999818e+02
3.995199999999999818e+02
3.883399999999999750e+02
3.464499999999999886e+02
2.996399999999999864e+02
2.696000000000000227e+02
2.577799999999999727e+02
2.575899999999999750e+02
2.401399999999999864e+02
1.741100000000000136e+02
6.839199999999999591e+01
-2.766099999999999781e+01
-7.292300000000000182e+01
-6.531799999999999784e+01
-3.212300000000000466e+01
-3.064700000000000202e+00
2.004899999999999949e+01
5.672200000000000131e+01
1.101700000000000017e+02
1.531699999999999875e+02
1.856899999999999977e+02
2.299199999999999875e+02
2.709800000000000182e+02
2.869100000000000250e+02
2.747400000000000091e+02
2.616999999999999886e+02
2.957300000000000182e+02
3.639499999999999886e+02
4.192300000000000182e+02
4.483999999999999773e+02
4.402300000000000182e+02
3.994700000000000273e+02
3.467699999999999818e+02
2.931200000000000045e+02
2.367700000000000102e+02
1.811899999999999977e+02
1.352100000000000080e+02
6.731900000000000261e+01
-1.790299999999999869e+01
-6.741199999999999193e+01
-9.139700000000000557e+01
-1.005000000000000000e+02
-9.054899999999999238e+01
-9.698600000000000421e+01
-1.104500000000000028e+02
-9.608799999999999386e+01
-7.146200000000000330e+01
-4.975100000000000477e+01
-2.361300000000000310e+01
1.769000000000000128e+01
8.110300000000000864e+01
1.416800000000000068e+02
1.755399999999999920e+02
1.714099999999999966e+02
1.284499999999999886e+02
8.365899999999999181e+01
6.104800000000000182e+01
3.068800000000000239e+01
-1.858599999999999852e+01
-5.925500000000000256e+01
-1.075900000000000034e+02
-1.919900000000000091e+02
-2.842900000000000205e+02
-3.594499999999999886e+02
-4.049700000000000273e+02
-4.049700000000000273e+02
-3.631000000000000227e+02
-3.093199999999999932e+02
-2.713000000000000114e+02
-2.633999999999999773e+02
-2.678299999999999841e+02
-2.203400000000000034e+02
-1.397899999999999920e+02
-1.149699999999999989e+02
-1.059300000000000068e+02
-4.899600000000000222e+01
-4.490300000000000402e+00
4.786999999999999922e+00
1.887300000000000111e+01
4.712600000000000477e+01
7.454699999999999704e+01
8.298999999999999488e+01
7.209699999999999420e+01
4.732100000000000506e+01
4.270999999999999908e+00
-6.198799999999999955e+01
-1.380099999999999909e+02
-2.018199999999999932e+02
-2.419900000000000091e+02
-2.517800000000000011e+02
-2.370600000000000023e+02
-2.484399999999999977e+02
-3.083999999999999773e+02
-3.536999999999999886e+02
-3.602900000000000205e+02
-3.589700000000000273e+02
-3.800500000000000114e+02
-4.196899999999999977e+02
-4.356000000000000227e+02
-4.264399999999999977e+02
-4.044200000000000159e+02
-3.613999999999999773e+02
-3.029200000000000159e+02
-2.545200000000000102e+02
-2.253000000000000114e+02
-2.157700000000000102e+02
-2.276899999999999977e+02
-2.305600000000000023e+02
-2.329199999999999875e+02
-2.639499999999999886e+02
-2.913500000000000227e+02
-3.131899999999999977e+02
-3.405799999999999841e+02
-3.340500000000000114e+02
-2.941000000000000227e+02
-2.686800000000000068e+02
-2.753700000000000045e+02
-2.927799999999999727e+02
-3.013100000000000023e+02
-3.095799999999999841e+02
-3.199700000000000273e+02
-3.181899999999999977e+02
-3.200299999999999727e+02
-3.342099999999999795e+02
-3.164399999999999977e+02
-2.505600000000000023e+02
-1.819699999999999989e+02
-1.309600000000000080e+02
-1.076899999999999977e+02
-1.349300000000000068e+02
-1.711299999999999955e+02
-1.949799999999999898e+02
-2.275600000000000023e+02
-2.452500000000000000e+02
-2.687200000000000273e+02
-3.102900000000000205e+02
-3.223199999999999932e+02
-3.172200000000000273e+02
-3.114700000000000273e+02
-3.090500000000000114e+02
-2.982200000000000273e+02
-2.508700000000000045e+02
-1.873899999999999864e+02
-1.132800000000000011e+02
-3.728199999999999648e+01
1.628000000000000114e+01
8.007699999999999818e+01
1.700900000000000034e+02
2.628000000000000114e+02
3.444300000000000068e+02
4.102799999999999727e+02
4.633700000000000045e+02
4.966999999999999886e+02
5.225499999999999545e+02
5.590700000000000500e+02
5.895299999999999727e+02
5.991000000000000227e+02
5.118999999999999773e+02
2.693500000000000227e+02
5.049499999999999744e+01
-4.399300000000000210e+01
-1.175100000000000051e+02
-2.260300000000000011e+02
-3.397400000000000091e+02
-4.047699999999999818e+02
-3.913100000000000023e+02
-3.123399999999999750e+02
-2.220900000000000034e+02
-1.501999999999999886e+02
-9.267399999999999238e+01
-6.345499999999999829e+01
-5.490800000000000125e+01
-6.146899999999999586e+00
7.663600000000000989e+01
1.356299999999999955e+02
1.663499999999999943e+02
1.995600000000000023e+02
2.383100000000000023e+02
2.740000000000000000e+02
2.992500000000000000e+02
2.999300000000000068e+02
2.811999999999999886e+02
2.800099999999999909e+02
3.344200000000000159e+02
4.041899999999999977e+02
4.554399999999999977e+02
5.144700000000000273e+02
5.333200000000000500e+02
4.941299999999999955e+02
4.779800000000000182e+02
5.173099999999999454e+02
5.587500000000000000e+02
5.646699999999999591e+02
5.730299999999999727e+02
5.645099999999999909e+02
4.838700000000000045e+02
3.749399999999999977e+02
3.103100000000000023e+02
2.924399999999999977e+02
2.812500000000000000e+02
2.319099999999999966e+02
1.259000000000000057e+02
4.039699999999999847e+01
3.490999999999999659e+01
5.973600000000000421e+01
7.960600000000000875e+01
7.264199999999999591e+01
3.530599999999999739e+01
1.687900000000000134e+01
2.217000000000000171e+01
6.588499999999999801e+00
-4.060099999999999909e+01
-8.165699999999999648e+01
-9.896700000000001296e+01
-9.869100000000000250e+01
-6.629099999999999682e+01
-1.644000000000000128e+01
1.289099999999999824e+01
7.602100000000000080e+01
2.070600000000000023e+02
3.060899999999999750e+02
3.246399999999999864e+02
3.002500000000000000e+02
2.635199999999999818e+02
2.588000000000000114e+02
3.126000000000000227e+02
3.654300000000000068e+02
3.274300000000000068e+02
1.969699999999999989e+02
7.483299999999999841e+01
2.147500000000000142e+01
6.498199999999999754e+00
1.404299999999999926e+01
2.805099999999999838e+01
1.648300000000000054e+01
1.551999999999999957e+01
4.968999999999999773e+01
8.647499999999999432e+01
1.246800000000000068e+02
1.212500000000000000e+02
5.381100000000000705e+01
-5.069899999999999629e+00
-2.194800000000000040e+01
-4.054500000000000171e+01
-8.534799999999999898e+01
-1.369499999999999886e+02
-1.975800000000000125e+02
-2.668500000000000227e+02
-3.218399999999999750e+02
-3.497400000000000091e+02
-3.566200000000000045e+02
-3.666899999999999977e+02
-3.840500000000000114e+02
-3.890799999999999841e+02
-3.920799999999999841e+02
-4.018799999999999955e+02
-3.983799999999999955e+02
-3.945299999999999727e+02
-4.069300000000000068e+02
-4.152500000000000000e+02
-4.001600000000000250e+02
-3.482799999999999727e+02
-2.608199999999999932e+02
-1.564399999999999977e+02
-6.034799999999999898e+01
-6.494600000000000151e+00
2.653000000000000025e+00
-7.158100000000000129e+00
-2.662599999999999767e+01
-8.468200000000000216e+01
-1.633799999999999955e+02
-2.487899999999999920e+02
-3.822099999999999795e+02
-5.215199999999999818e+02
-6.040900000000000318e+02
-6.358600000000000136e+02
-6.530299999999999727e+02
-6.675900000000000318e+02
-6.641499999999999773e+02
-6.376699999999999591e+02
-6.199199999999999591e+02
-6.304199999999999591e+02
-6.160399999999999636e+02
-5.738200000000000500e+02
-5.690700000000000500e+02
-5.959700000000000273e+02
-4.822699999999999818e+02
-2.460099999999999909e+02
-9.713400000000000034e+01
-1.694200000000000017e+01
2.848199999999999932e+01
2.767800000000000082e+01
1.309299999999999997e+01
3.301800000000000068e+01
4.460600000000000165e+01
-1.395099999999999874e+01
-3.155800000000000338e+01
1.607900000000000063e+01
6.011800000000000210e+01
1.092999999999999972e+02
1.160900000000000034e+02
9.753799999999999670e+01
9.988600000000000989e+01
8.955500000000000682e+01
8.340999999999999659e+01
8.994400000000000261e+01
1.236099999999999994e+02
1.823799999999999955e+02
2.284799999999999898e+02
2.518499999999999943e+02
2.224600000000000080e+02
1.648199999999999932e+02
1.276800000000000068e+02
1.223599999999999994e+02
1.532199999999999989e+02
1.942199999999999989e+02
2.413400000000000034e+02
2.820199999999999818e+02
2.784200000000000159e+02
2.489099999999999966e+02
2.446500000000000057e+02
2.718100000000000023e+02
2.992300000000000182e+02
3.143199999999999932e+02
3.470400000000000205e+02
3.954800000000000182e+02
3.845799999999999841e+02
3.158600000000000136e+02
2.746000000000000227e+02
2.790799999999999841e+02
3.085799999999999841e+02
3.147699999999999818e+02
2.581999999999999886e+02
2.167700000000000102e+02
2.054900000000000091e+02
1.854000000000000057e+02
1.869399999999999977e+02
1.934600000000000080e+02
1.829900000000000091e+02
1.836399999999999864e+02
2.186399999999999864e+02
2.874200000000000159e+02
3.632599999999999909e+02
4.206600000000000250e+02
4.513999999999999773e+02
4.540600000000000023e+02
4.306800000000000068e+02
3.861200000000000045e+02
3.219700000000000273e+02
2.326999999999999886e+02
1.321800000000000068e+02
4.584199999999999875e+01
-2.647400000000000020e+01
-7.166500000000000625e+01
-8.857200000000000273e+01
-1.100199999999999960e+02
-1.408499999999999943e+02
-1.974000000000000057e+02
-2.702099999999999795e+02
-3.071800000000000068e+02
-3.215600000000000023e+02
-3.109100000000000250e+02
-2.386599999999999966e+02
-1.784300000000000068e+02
-1.723600000000000136e+02
-1.795999999999999943e+02
-2.130900000000000034e+02
-2.580400000000000205e+02
-2.520999999999999943e+02
-1.888600000000000136e+02
-1.084599999999999937e+02
-4.297100000000000364e+01
-1.521700000000000053e+01
-3.436599999999999966e+01
-5.486199999999999477e+01
-4.160199999999999676e+01
-1.868200000000000216e+01
8.633800000000000807e+00
5.371699999999999875e+01
1.222600000000000051e+02
2.004000000000000057e+02
2.560000000000000000e+02
2.567500000000000000e+02
1.768499999999999943e+02
4.717100000000000648e+01
-6.615800000000000125e+01
-1.538700000000000045e+02
-2.226100000000000136e+02
-2.648399999999999750e+02
-3.058000000000000114e+02
-3.422599999999999909e+02
-3.553600000000000136e+02
-3.678100000000000023e+02
-3.856600000000000250e+02
-3.732900000000000205e+02
-3.044800000000000182e+02
-2.077199999999999989e+02
-1.423000000000000114e+02
-1.537899999999999920e+02
-1.333100000000000023e+02
-3.353900000000000148e+01
4.401200000000000045e+01
9.250799999999999557e+01
1.341500000000000057e+02
1.408600000000000136e+02
7.734999999999999432e+01
-3.259100000000000108e+01
-1.174599999999999937e+02
-1.868600000000000136e+02
-2.497700000000000102e+02
-2.499199999999999875e+02
-1.955500000000000114e+02
-1.267999999999999972e+02
-6.523100000000000875e+01
-6.259300000000000352e+01
-1.059000000000000057e+02
-1.474399999999999977e+02
-1.848199999999999932e+02
-1.937299999999999898e+02
-1.633600000000000136e+02
-1.033199999999999932e+02
-6.063499999999999801e+01
-6.752199999999999136e+01
-5.698600000000000421e+01
-5.196500000000000341e+01
-8.705899999999999750e+01
-7.947899999999999920e+01
-2.877199999999999847e+01
3.563100000000000023e+01
1.040100000000000051e+02
1.621299999999999955e+02
2.454300000000000068e+02
3.511399999999999864e+02
4.468600000000000136e+02
5.349299999999999500e+02
6.020700000000000500e+02
6.183099999999999454e+02
6.269400000000000546e+02
6.530399999999999636e+02
6.221399999999999864e+02
5.275199999999999818e+02
3.886600000000000250e+02
2.302500000000000000e+02
1.128400000000000034e+02
-1.435300000000000020e+00
-1.087000000000000028e+02
-1.645600000000000023e+02
-2.121500000000000057e+02
-2.354099999999999966e+02
-2.379699999999999989e+02
-2.860500000000000114e+02
-3.565899999999999750e+02
-4.131000000000000227e+02
-4.464200000000000159e+02
-4.535600000000000023e+02
-4.694399999999999977e+02
-5.037200000000000273e+02
-5.252500000000000000e+02
-5.021100000000000136e+02
-4.435500000000000114e+02
-4.030500000000000114e+02
-3.631899999999999977e+02
-2.576800000000000068e+02
-1.089500000000000028e+02
2.214000000000000057e+01
1.067500000000000000e+02
1.363700000000000045e+02
1.324499999999999886e+02
1.225600000000000023e+02
9.886100000000000421e+01
3.661400000000000432e+01
-5.885199999999999676e+01
-1.630900000000000034e+02
-2.388300000000000125e+02
-2.492800000000000011e+02
-1.985999999999999943e+02
-1.316200000000000045e+02
-9.095499999999999829e+01
-7.324399999999999977e+01
-7.033599999999999852e+01
-7.685600000000000875e+01
-6.448799999999999955e+01
-2.634699999999999775e+01
1.153999999999999915e+01
6.471399999999999864e+01
1.585300000000000011e+02
2.674800000000000182e+02
3.476299999999999955e+02
3.977699999999999818e+02
4.524399999999999977e+02
5.016399999999999864e+02
5.430199999999999818e+02
5.868200000000000500e+02
5.961499999999999773e+02
5.727799999999999727e+02
5.553799999999999955e+02
5.518500000000000227e+02
5.752599999999999909e+02
6.190599999999999454e+02
6.504199999999999591e+02
6.536799999999999500e+02
5.875700000000000500e+02
5.021899999999999977e+02
4.730699999999999932e+02
4.548799999999999955e+02
4.284599999999999795e+02
3.698899999999999864e+02
2.968299999999999841e+02
2.372400000000000091e+02
1.625600000000000023e+02
3.047699999999999676e+01
-1.056599999999999966e+02
-1.745699999999999932e+02
-1.851899999999999977e+02
-1.467400000000000091e+02
-7.365200000000000102e+01
3.118500000000000050e+00
3.323500000000000121e+00
-2.914699999999999847e+01
-6.309899999999999665e+01
-1.770099999999999909e+02
-2.554900000000000091e+02
-2.638600000000000136e+02
-3.133899999999999864e+02
-3.855000000000000000e+02
-4.300500000000000114e+02
-4.261399999999999864e+02
-4.127300000000000182e+02
-4.127500000000000000e+02
-3.941299999999999955e+02
-3.772699999999999818e+02
-3.729800000000000182e+02
-3.506800000000000068e+02
-3.030600000000000023e+02
-2.409000000000000057e+02
-1.888899999999999864e+02
-1.622199999999999989e+02
-1.429799999999999898e+02
-1.223400000000000034e+02
-8.767399999999999238e+01
-4.608899999999999864e+01
-4.340200000000000102e+01
-8.099899999999999523e+01
-1.373600000000000136e+02
-1.992400000000000091e+02
-2.488799999999999955e+02
-2.860899999999999750e+02
-3.396200000000000045e+02
-4.142599999999999909e+02
-4.501100000000000136e+02
-4.252099999999999795e+02
-3.666600000000000250e+02
-2.720899999999999750e+02
-1.529099999999999966e+02
-3.652900000000000347e+01
7.062300000000000466e+01
1.688400000000000034e+02
2.570099999999999909e+02
3.139200000000000159e+02
3.376899999999999977e+02
3.318100000000000023e+02
2.785400000000000205e+02
2.201399999999999864e+02
1.718199999999999932e+02
1.421200000000000045e+02
1.983700000000000045e+02
2.877099999999999795e+02
3.293799999999999955e+02
3.534300000000000068e+02
3.593199999999999932e+02
3.331499999999999773e+02
3.127300000000000182e+02
3.078299999999999841e+02
3.280899999999999750e+02
3.804599999999999795e+02
4.254800000000000182e+02
4.263899999999999864e+02
3.618299999999999841e+02
2.677400000000000091e+02
2.085000000000000000e+02
1.714900000000000091e+02
1.357700000000000102e+02
1.053299999999999983e+02
7.694800000000000750e+01
6.635600000000000875e+01
7.555599999999999739e+01
8.685099999999999909e+01
7.110399999999999920e+01
3.862699999999999534e+01
4.481100000000000705e+01
5.696899999999999409e+01
1.881299999999999883e+01
-4.358600000000000563e+01
-9.338799999999999102e+01
-1.174599999999999937e+02
-1.086500000000000057e+02
-1.041599999999999966e+02
-1.477599999999999909e+02
-1.868600000000000136e+02
-1.753100000000000023e+02
-1.575699999999999932e+02
-1.561200000000000045e+02
-1.897199999999999989e+02
-2.817900000000000205e+02
-3.872799999999999727e+02
-4.638100000000000023e+02
-5.080699999999999932e+02
-5.046299999999999955e+02
-4.519499999999999886e+02
-3.840000000000000000e+02
-3.150899999999999750e+02
-2.680899999999999750e+02
-2.693399999999999750e+02
-2.887300000000000182e+02
-2.788799999999999955e+02
-2.202100000000000080e+02
-1.370099999999999909e+02
-4.987899999999999778e+01
3.470499999999999829e+01
8.583599999999999852e+01
9.326399999999999579e+01
7.614799999999999613e+01
4.407000000000000028e+01
-4.002299999999999969e+00
-5.994399999999999551e+01
-1.023700000000000045e+02
-1.296800000000000068e+02
-1.401200000000000045e+02
-1.202399999999999949e+02
-8.959399999999999409e+01
-5.013800000000000523e+01
3.018900000000000006e+01
1.283899999999999864e+02
2.011399999999999864e+02
2.630199999999999818e+02
3.251299999999999955e+02
3.680500000000000114e+02
3.961100000000000136e+02
4.261700000000000159e+02
4.571700000000000159e+02
4.767200000000000273e+02
4.718199999999999932e+02
4.393299999999999841e+02
3.594599999999999795e+02
2.337299999999999898e+02
1.252999999999999972e+02
7.014499999999999602e+01
6.841800000000000637e+01
1.030000000000000000e+02
1.246899999999999977e+02
1.044899999999999949e+02
4.453300000000000125e+01
-3.418399999999999750e+01
-7.743200000000000216e+01
-6.132500000000000284e+01
-3.137999999999999901e+01
-8.878500000000000725e+00
7.230100000000000193e+00
-1.761099999999999888e-01
-1.378599999999999959e+01
-2.299399999999999977e+01
-4.946999999999999886e+01
-8.812600000000000477e+01
-1.193299999999999983e+02
-1.399099999999999966e+02
-1.548199999999999932e+02
-1.786299999999999955e+02
-2.191699999999999875e+02
-2.523199999999999932e+02
-2.684900000000000091e+02
-2.768399999999999750e+02
-2.610899999999999750e+02
-2.171399999999999864e+02
-1.702800000000000011e+02
-1.333100000000000023e+02
-1.101899999999999977e+02
-9.655299999999999727e+01
-7.448399999999999466e+01
-6.351600000000000534e+01
-8.394499999999999318e+01
-1.081200000000000045e+02
-1.189800000000000040e+02
-1.085199999999999960e+02
-6.703799999999999670e+01
-1.340700000000000003e+01
2.673000000000000043e+01
3.804899999999999949e+01
1.044500000000000028e+01
-4.407300000000000040e+01
-9.233200000000000784e+01
-1.260799999999999983e+02
-1.566200000000000045e+02
-1.743899999999999864e+02
-1.732700000000000102e+02
-1.538400000000000034e+02
-1.107900000000000063e+02
-5.520399999999999352e+01
2.206300000000000150e+00
5.489399999999999835e+01
9.481499999999999773e+01
1.286899999999999977e+02
1.515500000000000114e+02
1.529000000000000057e+02
1.386500000000000057e+02
1.078199999999999932e+02
7.083499999999999375e+01
4.168899999999999295e+01
1.630199999999999960e+01
-6.546599999999999753e+00
-3.335300000000000153e+01
-6.974600000000000932e+01
-1.009500000000000028e+02
-1.089000000000000057e+02
-9.091100000000000136e+01
-6.785999999999999943e+01
-5.574300000000000210e+01
-4.898199999999999932e+01
-4.903600000000000136e+01
-3.943500000000000227e+01
5.262299999999999756e+00
6.262500000000000000e+01
1.061800000000000068e+02
1.333300000000000125e+02
1.445600000000000023e+02
1.430300000000000011e+02
1.259500000000000028e+02
1.063100000000000023e+02
1.029200000000000017e+02
1.060600000000000023e+02
1.094300000000000068e+02
1.141599999999999966e+02
1.082099999999999937e+02
9.895100000000000762e+01
1.022900000000000063e+02
1.046200000000000045e+02
8.344499999999999318e+01
4.632100000000000506e+01
2.004400000000000048e+01
1.230199999999999960e+01
2.571099999999999852e+01
5.342100000000000648e+01
7.001300000000000523e+01
7.191199999999999193e+01
6.882099999999999795e+01
6.340999999999999659e+01
5.541799999999999926e+01
4.178800000000000381e+01
2.705999999999999872e+01
1.050000000000000000e+01
-1.144599999999999973e+01
-2.927699999999999747e+01
-4.035300000000000153e+01
-5.335499999999999687e+01
-6.412600000000000477e+01
-5.732399999999999807e+01
-3.712699999999999534e+01
-1.950099999999999767e+01
-1.242599999999999838e+01
-2.288100000000000023e+01
-4.765299999999999869e+01
-6.854099999999999682e+01
-7.347800000000000864e+01
-6.726600000000000534e+01
-6.106499999999999773e+01
-5.965200000000000102e+01
-6.521200000000000330e+01
-6.877100000000000080e+01
-5.839000000000000057e+01
-4.419800000000000040e+01
-3.283599999999999852e+01
-2.382900000000000063e+01
-2.297400000000000020e+01
-2.970499999999999829e+01
-3.690200000000000102e+01
-3.913599999999999568e+01
-3.742600000000000193e+01
-3.544300000000000495e+01
-3.097899999999999920e+01
-2.330699999999999861e+01
-2.197899999999999920e+01
-3.382699999999999818e+01
-5.610499999999999687e+01
-8.221999999999999886e+01
-1.010100000000000051e+02
-1.058700000000000045e+02
-1.030300000000000011e+02
-9.594499999999999318e+01
-8.245399999999999352e+01
-6.501100000000000989e+01
-4.681800000000000495e+01
-2.994500000000000028e+01
-1.483799999999999919e+01
-2.612999999999999989e+00
1.869499999999999940e+00
2.256199999999999872e-02
-5.677999999999999714e-01
5.250300000000000189e+00
1.955300000000000082e+01
3.766900000000000404e+01
5.738700000000000045e+01
7.884499999999999886e+01
9.348700000000000898e+01
1.003599999999999994e+02
1.088199999999999932e+02
1.166299999999999955e+02
1.159099999999999966e+02
1.057199999999999989e+02
8.832500000000000284e+01
7.084100000000000819e+01
5.912600000000000477e+01
5.087600000000000477e+01
4.206100000000000705e+01
3.508800000000000097e+01
3.090099999999999980e+01
2.314099999999999824e+01
1.120700000000000074e+01
6.966100000000000070e-02
-7.548099999999999810e+00
-1.128800000000000026e+01
-1.159799999999999898e+01
-5.558500000000000441e+00
9.089199999999999946e+00
2.575699999999999790e+01
3.521800000000000352e+01
3.394899999999999807e+01
2.361499999999999844e+01
7.680900000000000283e+00
-8.245400000000000063e+00
-1.692500000000000071e+01
-1.861899999999999977e+01
-1.816700000000000159e+01
-1.381700000000000017e+01
-6.249500000000000277e+00
-6.983399999999999608e-01
4.878999999999999559e+00
9.935700000000000642e+00
9.424799999999999400e+00
6.134599999999999831e+00
4.037700000000000067e+00
5.025999999999999801e+00
8.146399999999999864e+00
9.168100000000000804e+00
8.185800000000000409e+00
4.696200000000000152e+00
-1.254899999999999904e+00
-4.567499999999999893e+00
-4.544800000000000395e+00
-3.645599999999999952e+00
5.331700000000000328e-01
8.477199999999999847e+00
1.530499999999999972e+01
1.976999999999999957e+01
2.235699999999999932e+01
2.376300000000000168e+01
2.580699999999999861e+01
2.718099999999999739e+01
2.674599999999999866e+01
2.565099999999999980e+01
2.389499999999999957e+01
2.063699999999999690e+01
1.593599999999999994e+01
1.094999999999999929e+01
7.514000000000000234e+00
5.568399999999999572e+00
3.633100000000000218e+00
2.472199999999999953e+00
3.127099999999999991e+00
4.440599999999999881e+00
5.212100000000000399e+00
5.814600000000000435e+00
6.567400000000000126e+00
6.789799999999999613e+00
6.601099999999999746e+00
6.177599999999999980e+00
4.651600000000000179e+00
2.175300000000000011e+00
2.405599999999999961e-01
-6.533100000000000018e-02
1.222599999999999937e-01
-4.999199999999999755e-01
-1.777900000000000036e+00
-3.677900000000000169e+00
-5.285499999999999865e+00
-5.818100000000000271e+00
-6.903200000000000003e+00
-9.806300000000000239e+00
-1.431299999999999883e+01
-2.007999999999999829e+01
-2.617500000000000071e+01
-3.105900000000000105e+01
-3.461999999999999744e+01
-3.703999999999999915e+01
-3.772599999999999909e+01
-3.764099999999999824e+01
-3.744699999999999562e+01
-3.652100000000000080e+01
-3.546000000000000085e+01
-3.508899999999999864e+01
-3.464699999999999847e+01
-3.261999999999999744e+01
-2.828099999999999881e+01
-2.176500000000000057e+01
-1.459799999999999898e+01
-8.696400000000000574e+00
-4.326399999999999579e+00
-1.339299999999999935e+00
5.330899999999999528e-01
2.631699999999999928e+00
5.224000000000000199e+00
7.217699999999999783e+00
7.900500000000000078e+00
7.078599999999999781e+00
4.627200000000000202e+00
9.722799999999999221e-01
-3.294200000000000017e+00
-7.975600000000000023e+00
-1.239900000000000091e+01
-1.632999999999999829e+01
-1.928699999999999903e+01
-1.980700000000000216e+01
-1.877400000000000091e+01
-1.853000000000000114e+01
-1.858599999999999852e+01
-1.775400000000000134e+01
-1.661700000000000088e+01
-1.521099999999999852e+01
-1.336099999999999888e+01
-1.073700000000000010e+01
-7.080899999999999750e+00
-3.385899999999999910e+00
6.127000000000000224e-01
5.341499999999999915e+00
9.303000000000000824e+00
1.183000000000000007e+01
1.365200000000000102e+01
1.500099999999999945e+01
1.557200000000000095e+01
1.558900000000000041e+01
1.444500000000000028e+01
1.134400000000000119e+01
7.605800000000000338e+00
4.261400000000000077e+00
1.394900000000000029e+00
-5.219899999999999540e-01
-1.667200000000000015e+00
-1.879999999999999893e+00
-6.612200000000000299e-01
8.092099999999999849e-01
1.429899999999999949e+00
1.659899999999999931e+00
2.190799999999999859e+00
3.474899999999999878e+00
5.030100000000000016e+00
6.860199999999999854e+00
9.552199999999999136e+00
1.192599999999999838e+01
1.292599999999999838e+01
1.331799999999999962e+01
1.382499999999999929e+01
1.427599999999999980e+01
1.424799999999999933e+01
1.375500000000000078e+01
1.276400000000000112e+01
1.126999999999999957e+01
9.907199999999999562e+00
8.607599999999999696e+00
6.477000000000000313e+00
3.867199999999999971e+00
1.705100000000000060e+00
1.830099999999999782e-01
-9.717000000000000082e-01
-2.067699999999999871e+00
-2.688699999999999868e+00
-2.422499999999999876e+00
-1.650199999999999889e+00
-5.661100000000000021e-01
7.534300000000000441e-01
2.103000000000000203e+00
4.217800000000000438e+00
7.728600000000000136e+00
1.087400000000000055e+01
1.221900000000000119e+01
1.241099999999999959e+01
1.200000000000000000e+01
1.155700000000000038e+01
1.148700000000000010e+01
1.096299999999999919e+01
9.406599999999999184e+00
7.474800000000000111e+00
5.948100000000000165e+00
4.784299999999999997e+00
3.603499999999999925e+00
2.734199999999999964e+00
2.355900000000000105e+00
2.049799999999999844e+00
1.974900000000000100e+00
2.115800000000000125e+00
2.118599999999999817e+00
2.474800000000000111e+00
3.034600000000000186e+00
3.099800000000000111e+00
3.379900000000000126e+00
3.830099999999999838e+00
3.776100000000000012e+00
3.325899999999999856e+00
2.411300000000000221e+00
9.953999999999999515e-01
-9.844299999999999162e-01
-2.466299999999999937e+00
-1.617899999999999894e+00
7.532399999999999096e-01
2.909499999999999975e+00
4.764899999999999913e+00
6.221799999999999997e+00
6.298099999999999810e+00
5.031500000000000306e+00
3.342299999999999827e+00
1.163699999999999957e+00
-1.476799999999999891e+00
-4.066300000000000026e+00
-6.597299999999999720e+00
-8.715400000000000702e+00
-9.941800000000000637e+00
-1.064799999999999969e+01
-1.098299999999999876e+01
-1.035500000000000043e+01
-8.414999999999999147e+00
-6.125499999999999723e+00
-4.862400000000000055e+00
-4.148900000000000254e+00
-3.369400000000000173e+00
-2.935599999999999987e+00
-2.486200000000000188e+00
-1.954900000000000082e+00
-1.890800000000000036e+00
-2.388799999999999812e+00
-3.550100000000000033e+00
-5.102999999999999758e+00
-6.651500000000000412e+00
-8.407400000000000873e+00
-1.049699999999999989e+01
-1.286099999999999888e+01
-1.507000000000000028e+01
-1.684099999999999753e+01
-1.855000000000000071e+01
-1.952700000000000102e+01
-1.895599999999999952e+01
-1.761700000000000088e+01
-1.655499999999999972e+01
-1.582699999999999996e+01
-1.515200000000000102e+01
-1.435299999999999976e+01
-1.262800000000000011e+01
-1.006899999999999906e+01
-7.762500000000000178e+00
-5.850200000000000067e+00
-4.330300000000000260e+00
-2.836800000000000210e+00
-1.090100000000000069e+00
3.377900000000000347e-01
1.414400000000000102e+00
2.386800000000000033e+00
3.440599999999999881e+00
4.376900000000000013e+00
4.301700000000000301e+00
3.437899999999999956e+00
2.693999999999999950e+00
2.185999999999999943e+00
1.924800000000000066e+00
1.976199999999999957e+00
2.374400000000000066e+00
2.831500000000000128e+00
2.701799999999999979e+00
2.025700000000000056e+00
1.079599999999999893e+00
-1.293999999999999873e-01
-1.365099999999999980e+00
-2.276199999999999779e+00
-2.577599999999999891e+00
-2.349600000000000133e+00
-2.047099999999999920e+00
-1.739999999999999991e+00
-1.114200000000000079e+00
5.516399999999999429e-03
1.316799999999999971e+00
2.296899999999999942e+00
2.823799999999999866e+00
3.027600000000000069e+00
3.217499999999999805e+00
3.666500000000000092e+00
4.155800000000000161e+00
4.187999999999999723e+00
3.725400000000000045e+00
3.350000000000000089e+00
3.255999999999999783e+00
3.279599999999999849e+00
3.390899999999999803e+00
3.447799999999999976e+00
3.571000000000000174e+00
3.722799999999999887e+00
3.599400000000000155e+00
3.333299999999999930e+00
3.114500000000000046e+00
3.113700000000000134e+00
3.208000000000000185e+00
3.234799999999999898e+00
3.333699999999999886e+00
3.690500000000000114e+00
4.511999999999999567e+00
5.783900000000000041e+00
7.066799999999999748e+00
7.812299999999999578e+00
8.105600000000000804e+00
8.341699999999999449e+00
8.491400000000000503e+00
8.282299999999999329e+00
7.563799999999999635e+00
6.544500000000000206e+00
5.422200000000000131e+00
4.270800000000000374e+00
3.019299999999999873e+00
1.430299999999999905e+00
-1.643999999999999906e-01
-1.118100000000000094e+00
-1.421000000000000041e+00
-1.601900000000000102e+00
-1.956700000000000106e+00
-2.216800000000000104e+00
-2.171499999999999986e+00
-2.160699999999999843e+00
-2.506099999999999994e+00
-3.234700000000000131e+00
-4.231600000000000250e+00
-5.170099999999999696e+00
-5.739600000000000257e+00
-5.905000000000000249e+00
-5.915499999999999758e+00
-5.550799999999999734e+00
-4.775699999999999612e+00
-4.343700000000000117e+00
-4.412099999999999689e+00
-4.754199999999999982e+00
-5.096000000000000085e+00
-5.127399999999999736e+00
-4.962399999999999700e+00
-4.520299999999999763e+00
-4.011300000000000310e+00
-3.929399999999999782e+00
-4.093799999999999883e+00
-4.287399999999999878e+00
-4.638899999999999579e+00
-5.033800000000000274e+00
-5.264800000000000146e+00
-5.406500000000000306e+00
-5.460399999999999920e+00
-5.254699999999999704e+00
-4.982599999999999696e+00
-4.750399999999999956e+00
-4.428600000000000314e+00
-4.008200000000000429e+00
-3.667600000000000193e+00
-3.396300000000000097e+00
-2.960500000000000131e+00
-2.537399999999999878e+00
-2.187300000000000022e+00
-1.608899999999999997e+00
-8.333000000000000407e-01
-3.181400000000000339e-01
-4.461100000000000482e-02
3.575200000000000045e-01
8.775799999999999157e-01
1.382500000000000062e+00
1.677100000000000035e+00
1.528899999999999926e+00
9.249799999999999134e-01
2.058800000000000074e-01
-2.273900000000000088e-01
-3.546699999999999853e-01
-2.545600000000000085e-01
1.344899999999999984e-01
5.693600000000000882e-01
9.904399999999999871e-01
1.554100000000000037e+00
2.015099999999999891e+00
2.300899999999999945e+00
2.529500000000000082e+00
2.604999999999999982e+00
2.601999999999999869e+00
2.681299999999999795e+00
2.732200000000000184e+00
2.700800000000000090e+00
2.754500000000000171e+00
2.695699999999999985e+00
2.379000000000000004e+00
2.040200000000000014e+00
1.727400000000000047e+00
1.466599999999999904e+00
1.364200000000000079e+00
1.244699999999999918e+00
8.342399999999999816e-01
3.296300000000000341e-01
-1.105200000000000071e-01
-5.407800000000000384e-01
-9.223500000000000032e-01
-1.279700000000000060e+00
-1.610500000000000043e+00
-1.981500000000000039e+00
-2.515200000000000102e+00
-3.245000000000000107e+00
-4.007200000000000095e+00
-4.531100000000000350e+00
-4.759999999999999787e+00
-4.757900000000000240e+00
-4.583499999999999908e+00
-4.315800000000000303e+00
-4.043099999999999916e+00
-3.872700000000000031e+00
-3.649300000000000210e+00
-3.310200000000000031e+00
-3.031000000000000139e+00
-2.753800000000000026e+00
-2.475400000000000045e+00
-2.226300000000000168e+00
-1.784200000000000008e+00
-1.220499999999999918e+00
-8.534799999999999054e-01
-7.317100000000000826e-01
-7.383600000000000163e-01
-8.306499999999999995e-01
-9.737200000000000299e-01
-1.027900000000000036e+00
-9.600600000000000245e-01
-1.026899999999999924e+00
-1.199300000000000033e+00
-1.135699999999999932e+00
-8.400100000000000344e-01
-3.908200000000000007e-01
4.150699999999999945e-01
1.590899999999999981e+00
2.745600000000000041e+00
3.742199999999999971e+00
4.670399999999999885e+00
5.588499999999999801e+00
6.620400000000000063e+00
7.668800000000000061e+00
8.627299999999999969e+00
9.433999999999999275e+00
9.906000000000000583e+00
1.016300000000000026e+01
1.037099999999999866e+01
1.053500000000000014e+01
1.079199999999999982e+01
1.096599999999999930e+01
1.079400000000000048e+01
1.029599999999999937e+01
9.497899999999999565e+00
8.567199999999999704e+00
7.680399999999999672e+00
6.859300000000000175e+00
6.166100000000000136e+00
5.597000000000000419e+00
5.095100000000000406e+00
4.698699999999999655e+00
4.375200000000000422e+00
3.927099999999999813e+00
3.328100000000000058e+00
2.801499999999999879e+00
2.453599999999999781e+00
2.185900000000000176e+00
1.909299999999999997e+00
1.692900000000000071e+00
1.631999999999999895e+00
1.685200000000000031e+00
1.745999999999999996e+00
1.778799999999999937e+00
1.788799999999999946e+00
1.669799999999999951e+00
1.344500000000000028e+00
8.002299999999999969e-01
1.792499999999999927e-01
-2.780299999999999994e-01
-7.328399999999999359e-01
-1.343099999999999961e+00
-1.999000000000000110e+00
-2.639499999999999957e+00
-3.123800000000000132e+00
-3.320399999999999796e+00
-3.184200000000000141e+00
-2.789299999999999891e+00
-2.368199999999999861e+00
-2.055099999999999927e+00
-1.824500000000000011e+00
-1.598400000000000043e+00
-1.309299999999999908e+00
-1.041800000000000059e+00
-7.227299999999999836e-01
-2.672800000000000176e-01
6.025099999999999900e-02
2.976300000000000057e-01
6.783299999999999885e-01
1.137799999999999923e+00
1.662099999999999911e+00
2.259999999999999787e+00
2.780600000000000183e+00
3.104900000000000215e+00
3.291300000000000114e+00
3.423299999999999788e+00
3.527400000000000091e+00
3.540599999999999969e+00
3.426099999999999923e+00
3.275399999999999867e+00
3.080999999999999961e+00
2.814200000000000035e+00
2.546400000000000219e+00
2.455000000000000071e+00
2.558800000000000185e+00
2.441100000000000048e+00
2.037599999999999856e+00
1.768599999999999950e+00
1.661399999999999988e+00
1.530100000000000016e+00
1.467000000000000082e+00
1.441300000000000026e+00
1.388900000000000023e+00
1.315600000000000103e+00
1.246799999999999908e+00
1.266299999999999981e+00
1.326200000000000045e+00
1.263700000000000045e+00
1.012100000000000000e+00
6.431100000000000705e-01
1.269200000000000050e-01
-5.435600000000000431e-01
-1.210900000000000087e+00
-1.866600000000000037e+00
-2.483400000000000052e+00
-2.961100000000000065e+00
-3.215899999999999981e+00
-3.282599999999999962e+00
-3.239500000000000046e+00
-3.178900000000000059e+00
-3.128600000000000048e+00
-2.827500000000000124e+00
-2.372399999999999842e+00
-1.998599999999999932e+00
-1.756000000000000005e+00
-1.692700000000000093e+00
-1.792399999999999993e+00
-2.072900000000000187e+00
-2.463000000000000078e+00
-2.877299999999999969e+00
-3.178100000000000147e+00
-3.243399999999999839e+00
-3.291900000000000048e+00
-3.416100000000000136e+00
-3.449300000000000033e+00
-3.471900000000000208e+00
-3.523499999999999854e+00
-3.493500000000000050e+00
-3.439700000000000202e+00
-3.340800000000000214e+00
-3.150100000000000122e+00
-2.925600000000000200e+00
-2.673900000000000166e+00
-2.430400000000000116e+00
-2.163699999999999957e+00
-1.792499999999999982e+00
-1.379000000000000004e+00
-9.742499999999999494e-01
-6.042999999999999483e-01
-3.251300000000000301e-01
-1.132799999999999918e-01
-1.301800000000000006e-02
-1.364599999999999884e-03
1.015499999999999910e-02
-5.875900000000000567e-02
-2.517300000000000093e-01
-3.790800000000000280e-01
-2.326400000000000134e-01
-1.801699999999999968e-01
-6.114300000000000290e-01
-1.214900000000000091e+00
-1.803399999999999892e+00
-2.305499999999999883e+00
-2.666300000000000114e+00
-3.023000000000000131e+00
-3.384599999999999831e+00
-3.685299999999999798e+00
-3.843799999999999883e+00
-3.826499999999999790e+00
-3.601799999999999891e+00
-3.109599999999999920e+00
-2.433800000000000185e+00
-1.616000000000000103e+00
-6.491999999999999993e-01
2.640300000000000424e-01
1.045400000000000107e+00
1.664600000000000080e+00
2.062899999999999956e+00
2.455099999999999838e+00
2.909199999999999786e+00
3.285299999999999887e+00
3.383999999999999897e+00
3.200699999999999878e+00
2.879599999999999937e+00
2.303399999999999892e+00
1.467700000000000005e+00
5.919900000000000162e-01
-2.629199999999999871e-01
-1.096400000000000041e+00
-1.828100000000000058e+00
-2.488199999999999967e+00
-3.206399999999999917e+00
-3.913600000000000190e+00
-4.467100000000000293e+00
-4.785400000000000098e+00
-4.839699999999999669e+00
-4.641499999999999737e+00
-4.253000000000000114e+00
-3.792400000000000215e+00
-3.342400000000000038e+00
-2.890499999999999847e+00
-2.374699999999999811e+00
-1.743900000000000006e+00
-1.101099999999999968e+00
-5.122999999999999776e-01
4.440700000000000203e-02
5.507699999999999818e-01
9.967399999999999594e-01
1.363399999999999945e+00
1.589199999999999946e+00
1.646900000000000031e+00
1.534499999999999975e+00
1.247700000000000031e+00
8.461400000000000032e-01
3.932800000000000185e-01
-5.021899999999999975e-02
-4.843600000000000128e-01
-9.110200000000000520e-01
-1.149799999999999933e+00
-1.195100000000000051e+00
-1.165599999999999969e+00
-9.125100000000000433e-01
-3.683599999999999652e-01
2.898399999999999865e-01
1.095800000000000107e+00
2.039299999999999891e+00
2.945699999999999985e+00
3.770399999999999974e+00
4.464699999999999669e+00
5.033500000000000085e+00
5.408900000000000041e+00
5.565599999999999881e+00
5.766200000000000436e+00
5.911400000000000432e+00
5.767699999999999605e+00
5.458300000000000374e+00
5.097400000000000375e+00
4.647800000000000153e+00
4.061799999999999855e+00
3.360500000000000043e+00
2.583600000000000119e+00
1.758899999999999908e+00
9.121700000000000363e-01
1.029599999999999960e-01
-6.051400000000000112e-01
-1.142800000000000038e+00
-1.505500000000000060e+00
-1.758499999999999952e+00
-1.897299999999999986e+00
-1.899899999999999922e+00
-1.675899999999999945e+00
-1.256199999999999983e+00
-7.823600000000000554e-01
-2.537099999999999911e-01
3.282199999999999562e-01
8.955299999999999372e-01
1.386800000000000033e+00
1.785400000000000098e+00
2.094700000000000006e+00
2.291599999999999859e+00
2.371999999999999886e+00
2.305200000000000138e+00
2.065900000000000070e+00
1.673999999999999932e+00
1.163499999999999979e+00
5.917799999999999727e-01
9.595199999999999563e-02
-3.312100000000000044e-01
-7.940800000000000081e-01
-1.214499999999999913e+00
-1.482299999999999951e+00
-1.574100000000000055e+00
-1.557099999999999929e+00
-1.476900000000000102e+00
-1.288599999999999968e+00
-1.041600000000000081e+00
-7.213899999999999757e-01
-2.446599999999999886e-01
2.481900000000000217e-01
6.931000000000000494e-01
1.206499999999999906e+00
1.720299999999999940e+00
2.151499999999999968e+00
2.530400000000000205e+00
2.870499999999999829e+00
3.165799999999999947e+00
3.376700000000000035e+00
3.489599999999999813e+00
3.547099999999999920e+00
3.536500000000000199e+00
3.347900000000000098e+00
2.991899999999999782e+00
2.582100000000000062e+00
2.092000000000000082e+00
1.521200000000000108e+00
8.929299999999998905e-01
2.283099999999999852e-01
-4.076800000000000423e-01
-1.009700000000000042e+00
-1.557800000000000074e+00
-1.975400000000000045e+00
-2.299300000000000122e+00
-2.560200000000000031e+00
-2.685599999999999987e+00
-2.687100000000000044e+00
-2.597300000000000164e+00
-2.451400000000000023e+00
-2.284699999999999953e+00
-2.073700000000000099e+00
-1.737400000000000055e+00
-1.316200000000000037e+00
-9.056600000000000206e-01
-5.478600000000000136e-01
-2.298099999999999865e-01
4.999399999999999678e-02
1.743699999999999972e-01
1.524500000000000022e-01
5.770100000000000229e-02
-1.504699999999999926e-01
-4.639300000000000090e-01
-9.048599999999999977e-01
-1.451600000000000001e+00
-1.978099999999999969e+00
-2.483099999999999863e+00
-2.986899999999999888e+00
-3.439499999999999780e+00
-3.770599999999999952e+00
-3.927400000000000002e+00
-3.957800000000000207e+00
-3.852399999999999824e+00
-3.566199999999999815e+00
-3.143200000000000216e+00
-2.610500000000000043e+00
-1.971600000000000019e+00
-1.259900000000000020e+00
-4.924300000000000344e-01
3.160300000000000331e-01
1.074200000000000044e+00
1.713200000000000056e+00
2.309099999999999930e+00
2.816800000000000193e+00
3.092600000000000016e+00
3.130399999999999849e+00
2.990400000000000169e+00
2.658599999999999852e+00
2.126999999999999780e+00
1.475600000000000023e+00
7.670500000000000096e-01
3.181900000000000006e-02
-6.753600000000000714e-01
-1.381000000000000005e+00
-2.091200000000000170e+00
-2.642700000000000049e+00
-3.064799999999999969e+00
-3.480500000000000149e+00
-3.790999999999999925e+00
-3.975600000000000023e+00
-4.011999999999999567e+00
-3.852899999999999991e+00
-3.593900000000000095e+00
-3.227599999999999802e+00
-2.782300000000000217e+00
-2.330600000000000005e+00
-1.773600000000000065e+00
-1.258999999999999897e+00
-1.004199999999999982e+00
-7.752899999999999237e-01
-4.243000000000000105e-01
-1.500499999999999889e-01
-2.071699999999999930e-02
-5.867999999999999952e-03
-1.183000000000000024e-01
-3.275899999999999923e-01
-6.019499999999999851e-01
-9.709700000000001108e-01
-1.283400000000000096e+00
-1.450900000000000079e+00
-1.664199999999999902e+00
-1.851799999999999891e+00
-1.861199999999999966e+00
-1.750399999999999956e+00
-1.523600000000000065e+00
-1.138700000000000045e+00
-5.640600000000000058e-01
1.605099999999999860e-01
8.873499999999999721e-01
1.600000000000000089e+00
2.320800000000000196e+00
3.024000000000000021e+00
3.702300000000000146e+00
4.281299999999999883e+00
4.697499999999999787e+00
4.973399999999999821e+00
5.196299999999999919e+00
5.331299999999999706e+00
5.336800000000000210e+00
5.246900000000000119e+00
5.087100000000000399e+00
4.885900000000000354e+00
4.660800000000000054e+00
4.421299999999999564e+00
4.174500000000000099e+00
3.901100000000000012e+00
3.640499999999999847e+00
3.407999999999999918e+00
3.170999999999999819e+00
2.970899999999999874e+00
2.839500000000000135e+00
2.729800000000000004e+00
2.638799999999999812e+00
2.592999999999999972e+00
2.582800000000000207e+00
2.603400000000000158e+00
2.657799999999999940e+00
2.736200000000000188e+00
2.826000000000000068e+00
2.914099999999999913e+00
2.985399999999999832e+00
3.012199999999999989e+00
2.993799999999999795e+00
2.922000000000000153e+00
2.749699999999999811e+00
2.490600000000000147e+00
2.163199999999999790e+00
1.746299999999999963e+00
1.338600000000000012e+00
9.766899999999999471e-01
5.472000000000000197e-01
8.420900000000000607e-02
-3.150399999999999867e-01
-6.487399999999999833e-01
-9.356700000000001127e-01
-1.161899999999999933e+00
-1.315499999999999892e+00
-1.413399999999999990e+00
-1.452399999999999913e+00
-1.440600000000000103e+00
-1.420900000000000052e+00
-1.382400000000000073e+00
-1.299199999999999910e+00
-1.268699999999999939e+00
-1.304100000000000037e+00
-1.328699999999999992e+00
-1.370700000000000029e+00
-1.452299999999999924e+00
-1.534399999999999986e+00
-1.617799999999999905e+00
-1.708199999999999941e+00
-1.799800000000000066e+00
-1.891000000000000014e+00
-1.981300000000000061e+00
-2.080700000000000216e+00
-2.169799999999999951e+00
-2.241600000000000037e+00
-2.349099999999999966e+00
-2.484199999999999964e+00
-2.621100000000000207e+00
-2.761600000000000055e+00
-2.898600000000000065e+00
-3.022499999999999964e+00
-3.129399999999999959e+00
-3.212600000000000122e+00
-3.268699999999999939e+00
-3.298500000000000210e+00
-3.303300000000000125e+00
-3.279999999999999805e+00
-3.257400000000000073e+00
-3.178300000000000125e+00
-3.028799999999999937e+00
-2.952500000000000124e+00
-2.937199999999999811e+00
-2.907799999999999940e+00
-2.884799999999999809e+00
-2.866999999999999993e+00
-2.858000000000000096e+00
-2.851900000000000102e+00
-2.837200000000000166e+00
-2.809000000000000163e+00
-2.762999999999999901e+00
-2.694199999999999928e+00
-2.602100000000000080e+00
-2.485899999999999999e+00
-2.347500000000000142e+00
-2.193400000000000016e+00
-2.031000000000000139e+00
-1.857199999999999962e+00
-1.678700000000000081e+00
-1.504099999999999993e+00
-1.341699999999999893e+00
-1.190700000000000092e+00
-1.053500000000000103e+00
-9.328600000000000225e-01
-8.306200000000000250e-01
-7.455399999999999805e-01
-6.789699999999999624e-01
-6.291999999999999815e-01
-5.957000000000000073e-01
-5.756000000000000005e-01
-5.671899999999999720e-01
-5.654200000000000337e-01
-5.666600000000000525e-01
-5.636899999999999133e-01
-5.513700000000000268e-01
-5.219000000000000306e-01
-4.705399999999999583e-01
-3.909000000000000252e-01
-2.807899999999999840e-01
-1.386000000000000010e-01
3.503699999999999870e-02
2.308400000000000174e-01
4.394899999999999363e-01
6.663700000000000179e-01
8.972499999999999920e-01
1.120000000000000107e+00
1.327700000000000102e+00
1.510599999999999943e+00
1.661999999999999922e+00
1.779300000000000104e+00
1.859299999999999953e+00
1.903000000000000025e+00
1.910800000000000054e+00
1.886300000000000088e+00
1.831099999999999950e+00
1.749800000000000022e+00
1.644600000000000062e+00
1.520799999999999930e+00
1.381599999999999939e+00
1.232499999999999929e+00
1.079199999999999937e+00
9.292000000000000259e-01
7.884200000000000097e-01
6.668899999999999828e-01
5.714600000000000790e-01
5.105100000000000193e-01
4.890999999999999792e-01
5.124199999999999866e-01
5.803300000000000125e-01
6.918999999999999595e-01
8.410100000000000353e-01
1.020399999999999974e+00
1.218099999999999961e+00
1.422700000000000076e+00
1.619799999999999907e+00
1.797500000000000098e+00
1.943200000000000038e+00
2.048900000000000166e+00
2.107499999999999929e+00
2.117700000000000138e+00
2.079800000000000093e+00
1.999200000000000088e+00
1.882300000000000084e+00
1.739200000000000079e+00
1.578999999999999959e+00
1.413100000000000023e+00
1.249400000000000066e+00
1.097299999999999942e+00
9.614299999999998958e-01
8.472799999999999221e-01
7.559799999999999853e-01
6.897900000000000142e-01
6.472399999999999265e-01
6.284999999999999476e-01
6.310200000000000253e-01
6.543299999999999672e-01
6.950800000000000312e-01
7.517199999999999438e-01
8.196999999999999842e-01
8.958099999999999952e-01
9.731200000000000960e-01
1.046399999999999997e+00
1.106700000000000017e+00
1.147299999999999986e+00
1.159000000000000030e+00
1.136500000000000066e+00
1.073299999999999921e+00
9.678799999999999626e-01
8.190199999999999703e-01
6.311499999999999888e-01
4.091000000000000192e-01
1.627900000000000180e-01
-9.835199999999999498e-02
-3.614199999999999635e-01
-6.157600000000000851e-01
-8.490499999999999714e-01
-1.053199999999999914e+00
-1.219700000000000006e+00
-1.345399999999999929e+00
-1.427100000000000035e+00
-1.467200000000000060e+00
-1.467700000000000005e+00
-1.435400000000000009e+00
-1.375699999999999923e+00
-1.297700000000000076e+00
-1.208099999999999952e+00
-1.116100000000000092e+00
-1.027500000000000080e+00
-9.507299999999999640e-01
-8.896200000000000774e-01
-8.500700000000001033e-01
-8.335700000000000331e-01
-8.436399999999999455e-01
-8.794600000000000195e-01
-9.415299999999999780e-01
-1.026699999999999946e+00
-1.133599999999999941e+00
-1.256699999999999928e+00
-1.392700000000000049e+00
-1.534299999999999997e+00
-1.677100000000000035e+00
-1.813399999999999901e+00
-1.938299999999999912e+00
-2.044399999999999995e+00
-2.128099999999999881e+00
-2.183899999999999952e+00
-2.210500000000000131e+00
-2.205299999999999816e+00
-2.170399999999999885e+00
-2.106799999999999784e+00
-2.020099999999999785e+00
-1.914500000000000091e+00
-1.798399999999999999e+00
-1.677699999999999969e+00
-1.561600000000000099e+00
-1.455899999999999972e+00
-1.368300000000000072e+00
-1.302599999999999980e+00
-1.263400000000000079e+00
-1.250799999999999912e+00
-1.265600000000000058e+00
-1.304400000000000004e+00
-1.364600000000000035e+00
-1.439400000000000013e+00
-1.524199999999999999e+00
-1.611099999999999977e+00
-1.694499999999999895e+00
-1.766199999999999992e+00
-1.822000000000000064e+00
-1.855599999999999916e+00
-1.864700000000000024e+00
-1.845299999999999940e+00
-1.798499999999999988e+00
-1.723200000000000065e+00
-1.623299999999999965e+00
-1.500099999999999989e+00
-1.359499999999999931e+00
-1.204299999999999926e+00
-1.040799999999999947e+00
-8.719899999999999318e-01
-7.036200000000000232e-01
-5.378500000000000503e-01
-3.792900000000000160e-01
-2.290800000000000058e-01
-9.091000000000000469e-02
3.504499999999999976e-02
1.458399999999999974e-01
2.416599999999999859e-01
3.201400000000000357e-01
3.823500000000000232e-01
4.270700000000000052e-01
4.567700000000000093e-01
4.718999999999999861e-01
4.769399999999999751e-01
4.743600000000000594e-01
4.702699999999999658e-01
4.681800000000000406e-01
4.746000000000000218e-01
4.925800000000000178e-01
5.270600000000000840e-01
5.785899999999999377e-01
6.489000000000000323e-01
7.349999999999999867e-01
8.350799999999999335e-01
9.425399999999999334e-01
1.052699999999999969e+00
1.157399999999999984e+00
1.250699999999999923e+00
1.324500000000000011e+00
1.374600000000000044e+00
1.395000000000000018e+00
1.384300000000000086e+00
1.340400000000000036e+00
1.265600000000000058e+00
1.161299999999999999e+00
1.033300000000000107e+00
8.854400000000000048e-01
7.252899999999999903e-01
5.575799999999999645e-01
3.898400000000000198e-01
2.260500000000000009e-01
7.225800000000000278e-02
-6.944500000000000672e-02
-1.949500000000000122e-01
-3.042500000000000204e-01
-3.950000000000000178e-01
-4.686399999999999455e-01
-5.239000000000000323e-01
-5.629300000000000415e-01
-5.850600000000000245e-01
-5.929100000000000481e-01
-5.862899999999999778e-01
-5.684799999999999853e-01
-5.400899999999999590e-01
-5.051700000000000079e-01
-4.652899999999999814e-01
-4.253000000000000114e-01
-3.869699999999999807e-01
-3.550400000000000222e-01
-3.304599999999999760e-01
-3.165300000000000336e-01
-3.122300000000000075e-01
-3.184500000000000108e-01
-3.316800000000000304e-01
-3.505800000000000027e-01
-3.697199999999999931e-01
-3.866100000000000092e-01
-3.956100000000000172e-01
-3.946999999999999953e-01
-3.795699999999999630e-01
-3.503000000000000003e-01
-3.048899999999999944e-01
-2.458899999999999975e-01
-1.737499999999999878e-01
-9.300499999999999046e-02
-5.394900000000000216e-03
8.384900000000000686e-02
1.729099999999999804e-01
2.573199999999999932e-01
3.366000000000000103e-01
4.079300000000000148e-01
4.726000000000000201e-01
5.297800000000000287e-01
5.824600000000000888e-01
6.308000000000000274e-01
6.784299999999999775e-01
7.257799999999999807e-01
7.756399999999999961e-01
8.271700000000000719e-01
8.816399999999999793e-01
9.363299999999998846e-01
9.911900000000000155e-01
1.042000000000000037e+00
1.087800000000000100e+00
1.124400000000000066e+00
1.151000000000000023e+00
1.164700000000000069e+00
1.166500000000000092e+00
1.155000000000000027e+00
1.132600000000000051e+00
1.099499999999999922e+00
1.059500000000000108e+00
1.012999999999999901e+00
9.636899999999999356e-01
9.121399999999999508e-01
8.611400000000000166e-01
8.103899999999999437e-01
7.628199999999999426e-01
7.174199999999999466e-01
6.770899999999999697e-01
6.414300000000000557e-01
6.135099999999999998e-01
5.935500000000000220e-01
5.848300000000000720e-01
5.873899999999999677e-01
6.041499999999999648e-01
6.340299999999999825e-01
6.785399999999999210e-01
7.345500000000000362e-01
8.013200000000000323e-01
8.737500000000000266e-01
9.494200000000000417e-01
1.021500000000000075e+00
1.086799999999999988e+00
1.138800000000000034e+00
1.175000000000000044e+00
1.190399999999999903e+00
1.184900000000000064e+00
1.156500000000000083e+00
1.108300000000000063e+00
1.041400000000000103e+00
9.617499999999999938e-01
8.728500000000000147e-01
7.821500000000000119e-01
6.939100000000000268e-01
6.152699999999999836e-01
5.489600000000000035e-01
4.999699999999999700e-01
4.683399999999999785e-01
4.557999999999999829e-01
4.591800000000000326e-01
4.773300000000000320e-01
5.043900000000000050e-01
5.375699999999999923e-01
5.701300000000000257e-01
5.987700000000000244e-01
6.174699999999999633e-01
6.242900000000000116e-01
6.146300000000000097e-01
5.887799999999999701e-01
5.446300000000000585e-01
4.846199999999999952e-01
4.087100000000000177e-01
3.215600000000000125e-01
2.247699999999999698e-01
1.241400000000000142e-01
2.221699999999999717e-02
-7.498200000000000698e-02
-1.653199999999999947e-01
-2.436800000000000077e-01
-3.094800000000000328e-01
-3.595400000000000262e-01
-3.954400000000000137e-01
-4.164499999999999869e-01
-4.267000000000000237e-01
-4.275899999999999701e-01
-4.251300000000000079e-01
-4.220600000000000462e-01
-4.250999999999999779e-01
-4.370499999999999940e-01
-4.639800000000000035e-01
-5.076300000000000257e-01
-5.723199999999999399e-01
-6.574399999999999133e-01
-7.649299999999999988e-01
-8.913700000000001067e-01
-1.036000000000000032e+00
-1.192800000000000082e+00
-1.358200000000000074e+00
-1.524199999999999999e+00
-1.685699999999999976e+00
-1.833299999999999930e+00
-1.961600000000000010e+00
-2.061900000000000066e+00
-2.129700000000000149e+00
-2.158700000000000063e+00
-2.147100000000000009e+00
-2.091699999999999893e+00
-1.995000000000000107e+00
-1.857799999999999896e+00
-1.686700000000000088e+00
-1.486599999999999921e+00
-1.267900000000000027e+00
-1.038000000000000034e+00
-8.091300000000000159e-01
-5.896399999999999419e-01
-3.913099999999999912e-01
-2.210599999999999787e-01
-8.768099999999999505e-02
5.762800000000000214e-03
5.491499999999999854e-02
6.182300000000000295e-02
2.748399999999999802e-02
-4.078600000000000281e-02
-1.372899999999999954e-01
-2.509699999999999709e-01
-3.731099999999999972e-01
-4.908300000000000440e-01
-5.951499999999999568e-01
-6.741500000000000270e-01
-7.210100000000000398e-01
-7.271699999999999831e-01
-6.902000000000000357e-01
-6.068200000000000260e-01
-4.800499999999999767e-01
-3.121599999999999930e-01
-1.117999999999999966e-01
1.140400000000000025e-01
3.527199999999999780e-01
5.944800000000000084e-01
8.254899999999999460e-01
1.036000000000000032e+00
1.213999999999999968e+00
1.353099999999999969e+00
1.445400000000000018e+00
1.489600000000000035e+00
1.483899999999999997e+00
1.432700000000000085e+00
1.339399999999999924e+00
1.213100000000000067e+00
1.060799999999999965e+00
8.942799999999999638e-01
7.215600000000000902e-01
5.545999999999999819e-01
4.003499999999999837e-01
2.686199999999999699e-01
1.638099999999999834e-01
9.225599999999999079e-02
5.477999999999999536e-02
5.397400000000000114e-02
8.652200000000000168e-02
1.511800000000000088e-01
2.411500000000000032e-01
3.519599999999999951e-01
4.738399999999999834e-01
6.001900000000000013e-01
7.202199999999999713e-01
8.270399999999999974e-01
9.109200000000000630e-01
9.669399999999999107e-01
9.883499999999999508e-01
9.744099999999999984e-01
9.226499999999999702e-01
8.378299999999999637e-01
7.224899999999999656e-01
5.852800000000000225e-01
4.324999999999999956e-01
2.754699999999999926e-01
1.215599999999999875e-01
-1.850500000000000062e-02
-1.390200000000000047e-01
-2.321400000000000130e-01
-2.961400000000000143e-01
-3.274500000000000188e-01
-3.286800000000000277e-01
-3.004499999999999948e-01
-2.487900000000000111e-01
-1.769799999999999984e-01
