           fn  Imperial Valley, 2317 UTC, El Centro Array 6, Huston Road        
   3909    1.00000E-02  0  0  0.  0.  0.  0.  0.
  0.12533E+01  0.15819E+01  0.21030E+01  0.26618E+01  0.29252E+01  0.28692E+01
  0.27926E+01  0.28499E+01  0.27286E+01  0.20578E+01  0.10264E+01  0.37619E+00
  0.59144E+00  0.13528E+01  0.18771E+01  0.18348E+01  0.16757E+01  0.20146E+01
  0.27449E+01  0.29979E+01  0.21073E+01  0.59841E+00 -0.17550E+00  0.51708E+00
  0.19034E+01  0.26166E+01  0.23303E+01  0.19582E+01  0.21802E+01  0.23439E+01
  0.14257E+01 -0.29621E+00 -0.12797E+01 -0.53910E+00  0.11391E+01  0.21853E+01
  0.20708E+01  0.16127E+01  0.16527E+01  0.20326E+01  0.20862E+01  0.16729E+01
  0.12697E+01  0.11998E+01  0.12121E+01  0.99105E+00  0.66346E+00  0.65528E+00
  0.10970E+01  0.16039E+01  0.16919E+01  0.13403E+01  0.98516E+00  0.99755E+00
  0.12778E+01  0.13417E+01  0.92132E+00  0.38420E+00  0.40685E+00  0.11370E+01
  0.19496E+01  0.21028E+01  0.16171E+01  0.11074E+01  0.88275E+00  0.55164E+00
 -0.24656E+00 -0.11409E+01 -0.14033E+01 -0.92741E+00 -0.31065E+00  0.14212E-01
  0.29097E+00  0.85617E+00  0.14798E+01  0.16364E+01  0.12880E+01  0.92251E+00
  0.85925E+00  0.82344E+00  0.36518E+00 -0.49489E+00 -0.12038E+01 -0.12294E+01
 -0.54740E+00  0.30630E+00  0.57267E+00 -0.15344E+00 -0.14944E+01 -0.23820E+01
 -0.18717E+01 -0.42637E-01  0.18276E+01  0.22829E+01  0.10930E+01 -0.47108E+00
 -0.89845E+00  0.96024E-01  0.14889E+01  0.21983E+01  0.19908E+01  0.11684E+01
 -0.90084E-01 -0.16611E+01 -0.30158E+01 -0.33677E+01 -0.24934E+01 -0.10627E+01
 -0.40800E-01  0.15344E+00 -0.40404E-01  0.12637E+00  0.88729E+00  0.15864E+01
  0.12517E+01 -0.28496E+00 -0.20278E+01 -0.27299E+01 -0.21029E+01 -0.89893E+00
  0.98974E-01  0.68815E+00  0.94079E+00  0.66108E+00 -0.40849E+00 -0.20242E+01
 -0.33136E+01 -0.33804E+01 -0.21146E+01 -0.51909E+00  0.22082E-01 -0.87923E+00
 -0.20828E+01 -0.21598E+01 -0.10932E+01 -0.11250E+00  0.81884E-01  0.66611E-01
  0.34677E+00  0.17012E+00 -0.12876E+01 -0.32707E+01 -0.40861E+01 -0.34282E+01
 -0.27187E+01 -0.29502E+01 -0.31543E+01 -0.19022E+01  0.60345E+00  0.26970E+01
  0.31112E+01  0.17943E+01 -0.75547E+00 -0.38341E+01 -0.63392E+01 -0.72748E+01
 -0.68263E+01 -0.60171E+01 -0.50294E+01 -0.27813E+01  0.10089E+01  0.44110E+01
  0.50794E+01  0.30380E+01  0.29246E+00 -0.19619E+01 -0.42127E+01 -0.64601E+01
 -0.69766E+01 -0.43919E+01  0.12989E+00  0.40198E+01  0.57426E+01  0.50613E+01
  0.19107E+01 -0.30018E+01 -0.70248E+01 -0.74382E+01 -0.50594E+01 -0.38552E+01
 -0.58758E+01 -0.83052E+01 -0.71559E+01 -0.27096E+01  0.91598E+00  0.11346E+01
 -0.27812E+00 -0.15222E+00  0.19038E+01  0.32077E+01  0.13588E+01 -0.26708E+01
 -0.51481E+01 -0.37652E+01 -0.10394E+01 -0.20742E+01 -0.81920E+01 -0.14368E+02
 -0.14829E+02 -0.97578E+01 -0.39169E+01  0.69441E-01  0.33105E+01  0.58166E+01
  0.46445E+01 -0.11023E+01 -0.67563E+01 -0.68671E+01 -0.16958E+01  0.34718E+01
  0.43536E+01  0.99752E+00 -0.34098E+01 -0.51622E+01 -0.30715E+01 -0.41755E+00
 -0.19227E+01 -0.76384E+01 -0.13134E+02 -0.16954E+02 -0.22007E+02 -0.26053E+02
 -0.18632E+02  0.40581E+01  0.26965E+02  0.30722E+02  0.15991E+02  0.78352E-01
 -0.10662E+02 -0.27927E+02 -0.54308E+02 -0.66311E+02 -0.41265E+02  0.75927E+01
  0.41463E+02  0.40157E+02  0.19872E+02  0.55089E+01  0.21224E+01  0.16121E+00
 -0.69488E+01 -0.22456E+02 -0.50333E+02 -0.80776E+02 -0.78338E+02 -0.11007E+02
  0.98327E+02  0.16926E+03  0.13679E+03  0.25338E+02 -0.69775E+02 -0.82200E+02
 -0.40819E+02 -0.23243E+02 -0.55505E+02 -0.82857E+02 -0.44440E+02  0.45698E+02
  0.11039E+03  0.93436E+02  0.13893E+02 -0.61307E+02 -0.82408E+02 -0.51364E+02
 -0.75342E+01  0.10054E+02 -0.67203E+01 -0.31946E+02 -0.33869E+02 -0.90694E+01
  0.15518E+02  0.16459E+02  0.10766E+01 -0.62282E+01  0.25091E+01  0.10203E+02
 -0.19205E+01 -0.31738E+02 -0.58111E+02 -0.59347E+02 -0.30360E+02  0.11307E+02
  0.35867E+02  0.25224E+02 -0.96417E+01 -0.38435E+02 -0.40289E+02 -0.20204E+02
  0.17451E+01  0.11583E+02  0.10137E+02  0.63940E+01  0.63915E+01  0.75082E+01
  0.26114E+01 -0.93083E+01 -0.19193E+02 -0.18773E+02 -0.12675E+02 -0.12644E+02
 -0.20659E+02 -0.26600E+02 -0.23893E+02 -0.17493E+02 -0.11932E+02 -0.18887E+01
  0.16380E+02  0.31534E+02  0.26970E+02  0.24430E+01 -0.23441E+02 -0.33077E+02
 -0.25702E+02 -0.13732E+02 -0.95168E+01 -0.15914E+02 -0.24101E+02 -0.20396E+02
 -0.94972E+00  0.19895E+02  0.22259E+02  0.38113E+01 -0.15328E+02 -0.14196E+02
  0.59757E+01  0.23437E+02  0.18658E+02 -0.61399E+01 -0.28716E+02 -0.28419E+02
 -0.79620E+01  0.87340E+01  0.40721E+01 -0.12164E+02 -0.17125E+02 -0.63564E+01
  0.22352E+01 -0.32414E+01 -0.11949E+02 -0.97524E+01 -0.16727E+01 -0.17395E+01
 -0.94718E+01 -0.11617E+02 -0.31384E+01  0.80189E+01  0.15638E+02  0.20672E+02
  0.21701E+02  0.14333E+02  0.30154E+01 -0.32067E+00  0.50016E+01  0.35478E+01
 -0.14340E+02 -0.36617E+02 -0.44857E+02 -0.36485E+02 -0.21377E+02 -0.46911E+01
  0.13631E+02  0.27563E+02  0.28047E+02  0.16451E+02  0.24689E+01 -0.10613E+02
 -0.25145E+02 -0.34158E+02 -0.24662E+02 -0.13847E+01  0.10474E+02 -0.23681E+01
 -0.20757E+02 -0.20994E+02 -0.11289E+02 -0.17935E+02 -0.39899E+02 -0.43859E+02
 -0.11452E+02  0.31814E+02  0.50367E+02  0.44218E+02  0.39918E+02  0.45794E+02
  0.41871E+02  0.15808E+02 -0.14528E+02 -0.25134E+02 -0.15889E+02 -0.28073E+01
  0.74613E+01  0.17971E+02  0.23394E+02  0.12466E+02 -0.92058E+01 -0.17338E+02
  0.33518E+00  0.24029E+02  0.24857E+02  0.11356E+01 -0.21332E+02 -0.23200E+02
 -0.12471E+02 -0.79472E+01 -0.12343E+02 -0.11027E+02  0.59248E+01  0.29356E+02
  0.41263E+02  0.34422E+02  0.17395E+02  0.15521E+01 -0.11495E+02 -0.26444E+02
 -0.41472E+02 -0.44766E+02 -0.26408E+02  0.81049E+01  0.37988E+02  0.40939E+02
  0.93262E+01 -0.41678E+02 -0.80530E+02 -0.80354E+02 -0.41181E+02  0.86811E+01
  0.37895E+02  0.39167E+02  0.29039E+02  0.24009E+02  0.24508E+02  0.23506E+02
  0.22031E+02  0.28461E+02  0.45212E+02  0.63363E+02  0.71638E+02  0.66440E+02
  0.51460E+02  0.30858E+02  0.58837E+01 -0.22387E+02 -0.48598E+02 -0.62189E+02
 -0.52839E+02 -0.20266E+02  0.20213E+02  0.45674E+02  0.44181E+02  0.26588E+02
  0.16859E+02  0.28397E+02  0.50468E+02  0.58904E+02  0.39632E+02  0.17589E+01
 -0.30320E+02 -0.36502E+02 -0.15535E+02  0.15874E+02  0.37591E+02  0.41189E+02
  0.32030E+02  0.18617E+02  0.43656E+01 -0.87823E+01 -0.15042E+02 -0.10328E+02
 -0.13074E+01 -0.11718E+01 -0.15165E+02 -0.35262E+02 -0.49375E+02 -0.49806E+02
 -0.33257E+02 -0.18031E+01  0.33312E+02  0.57822E+02  0.68539E+02  0.73208E+02
  0.73512E+02  0.61405E+02  0.39894E+02  0.31410E+02  0.49483E+02  0.74665E+02
  0.80074E+02  0.71638E+02  0.74733E+02  0.83591E+02  0.60062E+02 -0.41380E+01
 -0.56655E+02 -0.43754E+02  0.19356E+02  0.68193E+02  0.68898E+02  0.47102E+02
  0.39762E+02  0.51170E+02  0.65627E+02  0.76318E+02  0.83858E+02  0.83197E+02
  0.70506E+02  0.54606E+02  0.47798E+02  0.51592E+02  0.61674E+02  0.78207E+02
  0.98787E+02  0.10912E+03  0.96862E+02  0.71508E+02  0.55021E+02  0.53427E+02
  0.52616E+02  0.44296E+02  0.40324E+02  0.54152E+02  0.80333E+02  0.10227E+03
  0.11238E+03  0.11508E+03  0.11484E+03  0.11173E+03  0.10703E+03  0.10472E+03
  0.10610E+03  0.10820E+03  0.10756E+03  0.10246E+03  0.92133E+02  0.78147E+02
  0.65671E+02  0.58558E+02  0.53178E+02  0.41950E+02  0.24114E+02  0.90114E+01
  0.64750E+01  0.16565E+02  0.30438E+02  0.39453E+02  0.41996E+02  0.42919E+02
  0.47513E+02  0.55755E+02  0.62766E+02  0.65533E+02  0.67128E+02  0.71520E+02
  0.76248E+02  0.75724E+02  0.71643E+02  0.73212E+02  0.84022E+02  0.94812E+02
  0.94716E+02  0.85084E+02  0.75087E+02  0.66850E+02  0.54138E+02  0.36078E+02
  0.22634E+02  0.21534E+02  0.26052E+02  0.22023E+02  0.38906E+01 -0.21306E+02
 -0.43686E+02 -0.58792E+02 -0.66995E+02 -0.70064E+02 -0.69965E+02 -0.68101E+02
 -0.64556E+02 -0.59705E+02 -0.56619E+02 -0.59656E+02 -0.70101E+02 -0.84775E+02
 -0.99124E+02 -0.11047E+03 -0.11887E+03 -0.12688E+03 -0.13802E+03 -0.15280E+03
 -0.16598E+03 -0.17055E+03 -0.16579E+03 -0.15912E+03 -0.15844E+03 -0.16360E+03
 -0.16556E+03 -0.15308E+03 -0.12092E+03 -0.74964E+02 -0.30576E+02 -0.27110E+01
  0.51902E+01  0.27705E+01  0.26305E+01  0.99540E+01  0.21883E+02  0.33500E+02
  0.41634E+02  0.44929E+02  0.43577E+02  0.39103E+02  0.32699E+02  0.24667E+02
  0.16550E+02  0.11278E+02  0.84874E+01  0.22932E+01 -0.11388E+02 -0.26564E+02
 -0.32086E+02 -0.25754E+02 -0.17762E+02 -0.17183E+02 -0.20474E+02 -0.17897E+02
 -0.75307E+01  0.32895E+01  0.91111E+01  0.12616E+02  0.18200E+02  0.23919E+02
  0.22543E+02  0.86960E+01 -0.16556E+02 -0.46401E+02 -0.72165E+02 -0.88210E+02
 -0.95109E+02 -0.97941E+02 -0.10092E+03 -0.10441E+03 -0.10696E+03 -0.10825E+03
 -0.10867E+03 -0.10778E+03 -0.10502E+03 -0.10127E+03 -0.97869E+02 -0.94462E+02
 -0.89358E+02 -0.82256E+02 -0.75411E+02 -0.71289E+02 -0.69822E+02 -0.68837E+02
 -0.67106E+02 -0.66262E+02 -0.69110E+02 -0.76501E+02 -0.86997E+02 -0.99956E+02
 -0.11684E+03 -0.13698E+03 -0.15289E+03 -0.15363E+03 -0.13516E+03 -0.10607E+03
 -0.80762E+02 -0.67505E+02 -0.64277E+02 -0.64593E+02 -0.64367E+02 -0.62856E+02
 -0.60074E+02 -0.55480E+02 -0.48587E+02 -0.39792E+02 -0.30846E+02 -0.24836E+02
 -0.24614E+02 -0.30415E+02 -0.39493E+02 -0.48639E+02 -0.56515E+02 -0.63123E+02
 -0.68204E+02 -0.71413E+02 -0.73539E+02 -0.76264E+02 -0.80733E+02 -0.87163E+02
 -0.95498E+02 -0.10502E+03 -0.11321E+03 -0.11671E+03 -0.11424E+03 -0.10796E+03
 -0.10090E+03 -0.93618E+02 -0.84695E+02 -0.73814E+02 -0.62484E+02 -0.50564E+02
 -0.33850E+02 -0.84266E+01  0.21448E+02  0.41871E+02  0.39088E+02  0.12236E+02
 -0.24325E+02 -0.52088E+02 -0.61998E+02 -0.58095E+02 -0.50321E+02 -0.45487E+02
 -0.44146E+02 -0.43503E+02 -0.42017E+02 -0.41388E+02 -0.44586E+02 -0.52209E+02
 -0.61404E+02 -0.69058E+02 -0.75260E+02 -0.82176E+02 -0.89762E+02 -0.94238E+02
 -0.91891E+02 -0.83434E+02 -0.73706E+02 -0.67375E+02 -0.65248E+02 -0.63958E+02
 -0.58572E+02 -0.46453E+02 -0.29864E+02 -0.14637E+02 -0.53118E+01 -0.14227E+01
  0.10104E+01  0.48719E+01  0.98429E+01  0.14346E+02  0.18040E+02  0.21744E+02
  0.25904E+02  0.30078E+02  0.33565E+02  0.35891E+02  0.36906E+02  0.36852E+02
  0.36392E+02  0.36342E+02  0.37401E+02  0.40122E+02  0.44798E+02  0.51142E+02
  0.58517E+02  0.66595E+02  0.75450E+02  0.84742E+02  0.93339E+02  0.10030E+03
  0.10590E+03  0.11121E+03  0.11655E+03  0.12114E+03  0.12417E+03  0.12589E+03
  0.12712E+03  0.12808E+03  0.12769E+03  0.12414E+03  0.11616E+03  0.10429E+03
  0.90964E+02  0.79160E+02  0.70347E+02  0.63971E+02  0.58847E+02  0.54722E+02
  0.51902E+02  0.49761E+02  0.47157E+02  0.44997E+02  0.47172E+02  0.56724E+02
  0.70427E+02  0.78808E+02  0.73825E+02  0.57049E+02  0.39266E+02  0.31020E+02
  0.33724E+02  0.40102E+02  0.42692E+02  0.40766E+02  0.39060E+02  0.41217E+02
  0.46077E+02  0.50556E+02  0.54490E+02  0.60740E+02  0.70464E+02  0.80053E+02
  0.84267E+02  0.81740E+02  0.75905E+02  0.70693E+02  0.67102E+02  0.64550E+02
  0.63616E+02  0.65523E+02  0.69603E+02  0.73169E+02  0.74274E+02  0.73582E+02
  0.73135E+02  0.74111E+02  0.76056E+02  0.77478E+02  0.76880E+02  0.73804E+02
  0.69326E+02  0.65002E+02  0.61119E+02  0.56696E+02  0.51527E+02  0.47214E+02
  0.45243E+02  0.44900E+02  0.44114E+02  0.41933E+02  0.39062E+02  0.36147E+02
  0.32800E+02  0.28554E+02  0.23689E+02  0.18583E+02  0.13136E+02  0.72980E+01
  0.14969E+01 -0.39146E+01 -0.90149E+01 -0.13675E+02 -0.17280E+02 -0.19523E+02
 -0.20807E+02 -0.21160E+02 -0.19576E+02 -0.15258E+02 -0.86607E+01 -0.13225E+00
  0.11600E+02  0.27400E+02  0.44060E+02  0.55006E+02  0.56047E+02  0.49413E+02
  0.40951E+02  0.34395E+02  0.29605E+02  0.25456E+02  0.22273E+02  0.21010E+02
  0.21649E+02  0.23343E+02  0.25455E+02  0.27709E+02  0.29795E+02  0.31454E+02
  0.32516E+02  0.32472E+02  0.30319E+02  0.25443E+02  0.18523E+02  0.11065E+02
  0.39930E+01 -0.28058E+01 -0.94854E+01 -0.15237E+02 -0.18664E+02 -0.19004E+02
 -0.16901E+02 -0.14090E+02 -0.12366E+02 -0.12623E+02 -0.14445E+02 -0.16660E+02
 -0.18593E+02 -0.20941E+02 -0.25199E+02 -0.31902E+02 -0.39763E+02 -0.46857E+02
 -0.52276E+02 -0.56001E+02 -0.57457E+02 -0.55711E+02 -0.51376E+02 -0.46708E+02
 -0.42403E+02 -0.35534E+02 -0.23010E+02 -0.71114E+01  0.48585E+01  0.76581E+01
  0.36514E+01 -0.14283E+00  0.41508E+00  0.30986E+01  0.27903E+01 -0.32329E+01
 -0.13336E+02 -0.23556E+02 -0.31076E+02 -0.36302E+02 -0.41662E+02 -0.48227E+02
 -0.54212E+02 -0.57471E+02 -0.58149E+02 -0.56849E+02 -0.50749E+02 -0.34994E+02
 -0.97703E+01  0.16054E+02  0.31150E+02  0.31550E+02  0.22951E+02  0.13852E+02
  0.81894E+01  0.45637E+01 -0.12593E+00 -0.77455E+01 -0.18239E+02 -0.30046E+02
 -0.40976E+02 -0.49409E+02 -0.54721E+02 -0.56502E+02 -0.54093E+02 -0.47421E+02
 -0.37656E+02 -0.26215E+02 -0.13533E+02  0.85984E-01  0.12737E+02  0.21341E+02
  0.24314E+02  0.23107E+02  0.20619E+02  0.18545E+02  0.16607E+02  0.13621E+02
  0.84470E+01  0.34366E+00 -0.10391E+02 -0.21798E+02 -0.31007E+02 -0.36287E+02
 -0.38037E+02 -0.37318E+02 -0.33692E+02 -0.25489E+02 -0.12467E+02  0.26602E+01
  0.16176E+02  0.26526E+02  0.34633E+02  0.41398E+02  0.46170E+02  0.48078E+02
  0.47329E+02  0.43487E+02  0.33371E+02  0.13371E+02 -0.14998E+02 -0.43330E+02
 -0.62252E+02 -0.69307E+02 -0.69971E+02 -0.70968E+02 -0.73810E+02 -0.75198E+02
 -0.71885E+02 -0.63273E+02 -0.49832E+02 -0.31469E+02 -0.90121E+01  0.13719E+02
  0.31161E+02  0.39808E+02  0.40140E+02  0.34616E+02  0.24934E+02  0.12071E+02
 -0.17430E+01 -0.12727E+02 -0.17903E+02 -0.17468E+02 -0.14395E+02 -0.11851E+02
 -0.11007E+02 -0.10850E+02 -0.94907E+01 -0.54732E+01  0.16696E+01  0.11646E+02
  0.23473E+02  0.35129E+02  0.43732E+02  0.47052E+02  0.45420E+02  0.41545E+02
  0.37791E+02  0.33806E+02  0.27336E+02  0.17214E+02  0.49999E+01 -0.63781E+01
 -0.15017E+02 -0.20945E+02 -0.25362E+02 -0.29333E+02 -0.32871E+02 -0.34643E+02
 -0.32641E+02 -0.25649E+02 -0.14391E+02 -0.12447E+01  0.11139E+02  0.20906E+02
  0.27236E+02  0.30206E+02  0.30570E+02  0.29186E+02  0.26376E+02  0.22014E+02
  0.16371E+02  0.10447E+02  0.50270E+01 -0.29296E+00 -0.63239E+01 -0.12355E+02
 -0.15975E+02 -0.15470E+02 -0.11905E+02 -0.80999E+01 -0.57367E+01 -0.43353E+01
 -0.27322E+01 -0.18736E+00  0.40751E+01  0.10738E+02  0.18338E+02  0.22590E+02
  0.19888E+02  0.11783E+02  0.41818E+01  0.14043E+01  0.22217E+01  0.27064E+01
  0.15283E+01  0.70428E+00  0.14704E+01  0.16561E+01 -0.18570E+01 -0.90109E+01
 -0.16119E+02 -0.19413E+02 -0.18348E+02 -0.15532E+02 -0.13848E+02 -0.13889E+02
 -0.13806E+02 -0.11518E+02 -0.71121E+01 -0.31820E+01 -0.24982E+01 -0.51047E+01
 -0.78685E+01 -0.73427E+01 -0.31213E+01  0.18523E+01  0.43531E+01  0.38832E+01
  0.23726E+01  0.15075E+01  0.12509E+01  0.10967E+01  0.17501E+01  0.46425E+01
  0.10073E+02  0.16609E+02  0.22400E+02  0.26446E+02  0.28463E+02  0.28323E+02
  0.26198E+02  0.23039E+02  0.20296E+02  0.19016E+02  0.19250E+02  0.20144E+02
  0.20488E+02  0.19411E+02  0.16987E+02  0.14202E+02  0.12026E+02  0.10701E+02
  0.10084E+02  0.10253E+02  0.11092E+02  0.11265E+02  0.86897E+01  0.28628E+01
 -0.36000E+01 -0.66488E+01 -0.44257E+01  0.10017E+01  0.55224E+01  0.62962E+01
  0.30449E+01 -0.30535E+01 -0.10701E+02 -0.18500E+02 -0.24540E+02 -0.26990E+02
 -0.25454E+02 -0.21452E+02 -0.17367E+02 -0.14900E+02 -0.14435E+02 -0.15430E+02
 -0.16933E+02 -0.17880E+02 -0.17408E+02 -0.15137E+02 -0.11368E+02 -0.70083E+01
 -0.33633E+01 -0.17239E+01 -0.26191E+01 -0.52382E+01 -0.78433E+01 -0.91475E+01
 -0.93724E+01 -0.98518E+01 -0.11592E+02 -0.14404E+02 -0.17328E+02 -0.19628E+02
 -0.21145E+02 -0.22002E+02 -0.22161E+02 -0.21346E+02 -0.19281E+02 -0.16113E+02
 -0.12701E+02 -0.10354E+02 -0.98750E+01 -0.10739E+02 -0.11493E+02 -0.11104E+02
 -0.98243E+01 -0.86654E+01 -0.82830E+01 -0.86662E+01 -0.95365E+01 -0.10473E+02
 -0.10506E+02 -0.83473E+01 -0.36408E+01  0.19388E+01  0.53990E+01  0.46446E+01
  0.14375E+00 -0.55282E+01 -0.96820E+01 -0.11209E+02 -0.10675E+02 -0.92793E+01
 -0.77627E+01 -0.62875E+01 -0.49158E+01 -0.39972E+01 -0.39440E+01 -0.48181E+01
 -0.62315E+01 -0.76997E+01 -0.89895E+01 -0.10252E+02 -0.11943E+02 -0.14513E+02
 -0.17973E+02 -0.21678E+02 -0.24602E+02 -0.26115E+02 -0.26457E+02 -0.26534E+02
 -0.27061E+02 -0.27760E+02 -0.27301E+02 -0.24332E+02 -0.18822E+02 -0.12435E+02
 -0.74225E+01 -0.49929E+01 -0.49774E+01 -0.66829E+01 -0.95651E+01 -0.12795E+02
 -0.14840E+02 -0.14245E+02 -0.10767E+02 -0.53387E+01  0.10161E+01  0.75951E+01
  0.13250E+02  0.16065E+02  0.14531E+02  0.88358E+01  0.57099E+00 -0.87310E+01
 -0.18142E+02 -0.26713E+02 -0.32959E+02 -0.35652E+02 -0.34778E+02 -0.31427E+02
 -0.26793E+02 -0.21440E+02 -0.15181E+02 -0.74487E+01  0.20428E+01  0.12403E+02
  0.21276E+02  0.26011E+02  0.25452E+02  0.20536E+02  0.13055E+02  0.42373E+01
 -0.52329E+01 -0.14246E+02 -0.21192E+02 -0.25157E+02 -0.26732E+02 -0.27241E+02
 -0.27359E+02 -0.26647E+02 -0.24365E+02 -0.20351E+02 -0.15094E+02 -0.92643E+01
 -0.31832E+01  0.33475E+01  0.10658E+02  0.18460E+02  0.25334E+02  0.29488E+02
  0.30215E+02  0.28691E+02  0.27066E+02  0.26810E+02  0.27962E+02  0.29661E+02
  0.31081E+02  0.32007E+02  0.32734E+02  0.33594E+02  0.34324E+02  0.33945E+02
  0.31560E+02  0.27575E+02  0.23720E+02  0.21586E+02  0.21124E+02  0.20882E+02
  0.19648E+02  0.17613E+02  0.15918E+02  0.15364E+02  0.15686E+02  0.15955E+02
  0.15339E+02  0.13610E+02  0.11236E+02  0.90531E+01  0.76849E+01  0.70994E+01
  0.67480E+01  0.62240E+01  0.57863E+01  0.60946E+01  0.74048E+01  0.91718E+01
  0.10602E+02  0.11484E+02  0.12310E+02  0.13449E+02  0.14474E+02  0.14431E+02
  0.12634E+02  0.90537E+01  0.43537E+01 -0.61087E-01 -0.23088E+01 -0.12283E+01
  0.22424E+01  0.54383E+01  0.64156E+01  0.58577E+01  0.60691E+01  0.82556E+01
  0.11355E+02  0.13583E+02  0.14381E+02  0.14465E+02  0.14581E+02  0.14909E+02
  0.15474E+02  0.16369E+02  0.17425E+02  0.18062E+02  0.17703E+02  0.16232E+02
  0.13843E+02  0.10833E+02  0.76549E+01  0.50643E+01  0.38983E+01  0.45934E+01
  0.69551E+01  0.10340E+02  0.14109E+02  0.17927E+02  0.21768E+02  0.25551E+02
  0.28860E+02  0.30988E+02  0.31319E+02  0.29708E+02  0.26552E+02  0.22766E+02
  0.19553E+02  0.17900E+02  0.18122E+02  0.19830E+02  0.22370E+02  0.25085E+02
  0.27305E+02  0.28513E+02  0.28772E+02  0.28793E+02  0.29218E+02  0.29982E+02
  0.30540E+02  0.30676E+02  0.30630E+02  0.30570E+02  0.30252E+02  0.29405E+02
  0.28047E+02  0.26225E+02  0.23706E+02  0.20259E+02  0.16078E+02  0.11683E+02
  0.74467E+01  0.35263E+01  0.20364E+00 -0.20411E+01 -0.29637E+01 -0.29238E+01
 -0.25891E+01 -0.24266E+01 -0.26652E+01 -0.35119E+01 -0.51829E+01 -0.76301E+01
 -0.10524E+02 -0.13514E+02 -0.16476E+02 -0.19263E+02 -0.21607E+02 -0.23392E+02
 -0.25021E+02 -0.27150E+02 -0.29954E+02 -0.32934E+02 -0.35501E+02 -0.37605E+02
 -0.39520E+02 -0.41270E+02 -0.42577E+02 -0.43373E+02 -0.43986E+02 -0.44692E+02
 -0.45267E+02 -0.45304E+02 -0.44739E+02 -0.43941E+02 -0.43122E+02 -0.42046E+02
 -0.40355E+02 -0.37991E+02 -0.35128E+02 -0.31696E+02 -0.27217E+02 -0.21387E+02
 -0.14795E+02 -0.89587E+01 -0.53754E+01 -0.44434E+01 -0.52939E+01 -0.66115E+01
 -0.74552E+01 -0.74402E+01 -0.64705E+01 -0.47624E+01 -0.30440E+01 -0.22392E+01
 -0.27600E+01 -0.40262E+01 -0.48972E+01 -0.45665E+01 -0.30750E+01 -0.12055E+01
  0.12820E+00  0.42469E+00 -0.23362E+00 -0.14210E+01 -0.28110E+01 -0.43344E+01
 -0.60441E+01 -0.79521E+01 -0.10057E+02 -0.12374E+02 -0.14801E+02 -0.16967E+02
 -0.18395E+02 -0.18789E+02 -0.18242E+02 -0.17228E+02 -0.16458E+02 -0.16471E+02
 -0.17143E+02 -0.17558E+02 -0.16715E+02 -0.14433E+02 -0.11517E+02 -0.90124E+01
 -0.74214E+01 -0.67131E+01 -0.67568E+01 -0.74841E+01 -0.86130E+01 -0.95297E+01
 -0.96417E+01 -0.88825E+01 -0.78581E+01 -0.74109E+01 -0.80559E+01 -0.96174E+01
 -0.11431E+02 -0.12759E+02 -0.13146E+02 -0.12455E+02 -0.10775E+02 -0.84904E+01
 -0.63123E+01 -0.49997E+01 -0.49613E+01 -0.60429E+01 -0.77351E+01 -0.94619E+01
 -0.10701E+02 -0.11006E+02 -0.10171E+02 -0.83436E+01 -0.59287E+01 -0.33146E+01
 -0.75200E+00  0.15908E+01  0.34391E+01  0.45350E+01  0.48959E+01  0.49619E+01
  0.53885E+01  0.65289E+01  0.81879E+01  0.99333E+01  0.11555E+02  0.13108E+02
  0.14409E+02  0.14901E+02  0.14108E+02  0.12213E+02  0.99049E+01  0.77862E+01
  0.61483E+01  0.52557E+01  0.54277E+01  0.65511E+01  0.78495E+01  0.84542E+01
  0.82244E+01  0.76752E+01  0.72771E+01  0.71021E+01  0.72052E+01  0.79062E+01
  0.93624E+01  0.11248E+02  0.13131E+02  0.14981E+02  0.16960E+02  0.18832E+02
  0.20034E+02  0.20351E+02  0.20045E+02  0.19165E+02  0.17246E+02  0.14069E+02
  0.10601E+02  0.84708E+01  0.84468E+01  0.97487E+01  0.11023E+02  0.11562E+02
  0.11497E+02  0.10989E+02  0.99993E+01  0.87493E+01  0.79418E+01  0.81172E+01
  0.89999E+01  0.97826E+01  0.99475E+01  0.95316E+01  0.86213E+01  0.69695E+01
  0.43695E+01  0.10930E+01 -0.21596E+01 -0.46943E+01 -0.59378E+01 -0.54468E+01
 -0.32798E+01 -0.49476E+00  0.13424E+01  0.14693E+01  0.55554E+00 -0.18311E+00
 -0.39634E+00 -0.62664E+00 -0.11352E+01 -0.13553E+01 -0.83007E+00 -0.19163E+00
 -0.63152E+00 -0.23627E+01 -0.42005E+01 -0.47537E+01 -0.38852E+01 -0.27487E+01
 -0.25396E+01 -0.34707E+01 -0.48345E+01 -0.58034E+01 -0.61371E+01 -0.61373E+01
 -0.61720E+01 -0.63068E+01 -0.64891E+01 -0.69360E+01 -0.81003E+01 -0.10120E+02
 -0.12319E+02 -0.13532E+02 -0.12873E+02 -0.10315E+02 -0.66575E+01 -0.31583E+01
 -0.11085E+01 -0.13597E+01 -0.38192E+01 -0.73950E+01 -0.10614E+02 -0.12462E+02
 -0.12806E+02 -0.12099E+02 -0.10808E+02 -0.91019E+01 -0.70349E+01 -0.48272E+01
 -0.28323E+01 -0.11776E+01  0.36734E+00  0.20220E+01  0.36631E+01  0.52011E+01
  0.70790E+01  0.99492E+01  0.13500E+02  0.16106E+02  0.16147E+02  0.13639E+02
  0.10101E+02  0.68613E+01  0.40199E+01  0.11830E+01 -0.14658E+01 -0.31565E+01
 -0.34970E+01 -0.28898E+01 -0.22073E+01 -0.23555E+01 -0.38949E+01 -0.65088E+01
 -0.87733E+01 -0.90694E+01 -0.70508E+01 -0.40086E+01 -0.15537E+01 -0.23921E+00
  0.36105E+00  0.57318E+00  0.16370E+00 -0.11182E+01 -0.31041E+01 -0.53614E+01
 -0.74812E+01 -0.89897E+01 -0.93855E+01 -0.85312E+01 -0.69522E+01 -0.54282E+01
 -0.44194E+01 -0.39085E+01 -0.37616E+01 -0.39137E+01 -0.42546E+01 -0.45986E+01
 -0.48095E+01 -0.48443E+01 -0.45983E+01 -0.38334E+01 -0.24770E+01 -0.84359E+00
  0.57699E+00  0.15450E+01  0.21446E+01  0.25493E+01  0.27851E+01  0.28810E+01
  0.30239E+01  0.33460E+01  0.35956E+01  0.32753E+01  0.21963E+01  0.83508E+00
 -0.10042E+00 -0.33447E+00 -0.50215E-01  0.67033E+00  0.20492E+01  0.41811E+01
  0.66392E+01  0.88673E+01  0.10810E+02  0.12863E+02  0.15153E+02  0.17137E+02
  0.18029E+02  0.17540E+02  0.16087E+02  0.14392E+02  0.12904E+02  0.11622E+02
  0.10303E+02  0.88862E+01  0.76456E+01  0.68755E+01  0.64453E+01  0.58365E+01
  0.46504E+01  0.29875E+01  0.12212E+01 -0.49072E+00 -0.22154E+01 -0.38479E+01
 -0.49654E+01 -0.52000E+01 -0.47475E+01 -0.42850E+01 -0.43409E+01 -0.47057E+01
 -0.46311E+01 -0.35434E+01 -0.16177E+01  0.41790E+00  0.19692E+01  0.29848E+01
  0.38355E+01  0.49026E+01  0.63887E+01  0.83110E+01  0.10467E+02  0.12451E+02
  0.13813E+02  0.14328E+02  0.14065E+02  0.13257E+02  0.12154E+02  0.10992E+02
  0.99814E+01  0.92041E+01  0.85266E+01  0.77183E+01  0.67764E+01  0.59688E+01
  0.55276E+01  0.52933E+01  0.49006E+01  0.42988E+01  0.37552E+01  0.32291E+01
  0.20117E+01 -0.43064E+00 -0.35466E+01 -0.60445E+01 -0.73027E+01 -0.79631E+01
 -0.88467E+01 -0.97820E+01 -0.10030E+02 -0.95157E+01 -0.90462E+01 -0.92328E+01
 -0.98274E+01 -0.10313E+02 -0.10743E+02 -0.11620E+02 -0.13111E+02 -0.14702E+02
 -0.15569E+02 -0.15161E+02 -0.13616E+02 -0.11818E+02 -0.10964E+02 -0.11714E+02
 -0.13620E+02 -0.15589E+02 -0.16888E+02 -0.17607E+02 -0.18095E+02 -0.18295E+02
 -0.17805E+02 -0.16419E+02 -0.14321E+02 -0.11801E+02 -0.90616E+01 -0.64589E+01
 -0.45983E+01 -0.39295E+01 -0.42154E+01 -0.45905E+01 -0.42001E+01 -0.28131E+01
 -0.81875E+00  0.12481E+01  0.30434E+01  0.44711E+01  0.55147E+01  0.61556E+01
  0.63405E+01  0.59963E+01  0.52055E+01  0.42462E+01  0.34558E+01  0.29227E+01
  0.23587E+01  0.13963E+01  0.38892E-01 -0.11158E+01 -0.13020E+01 -0.34456E+00
  0.90137E+00  0.11376E+01 -0.18880E+00 -0.23189E+01 -0.38789E+01 -0.41440E+01
 -0.35401E+01 -0.29537E+01 -0.28997E+01 -0.33602E+01 -0.41921E+01 -0.54227E+01
 -0.71126E+01 -0.88682E+01 -0.96967E+01 -0.85262E+01 -0.52643E+01 -0.13359E+01
  0.12427E+01  0.16096E+01  0.69882E+00 -0.47094E-01 -0.26064E+00 -0.68710E+00
 -0.18211E+01 -0.31611E+01 -0.38966E+01 -0.39006E+01 -0.36367E+01 -0.34346E+01
 -0.31811E+01 -0.27314E+01 -0.21556E+01 -0.15549E+01 -0.78941E+00  0.37428E+00
  0.18919E+01  0.33752E+01  0.43226E+01  0.45553E+01  0.43316E+01  0.41322E+01
  0.42343E+01  0.45193E+01  0.46354E+01  0.43675E+01  0.38240E+01  0.33156E+01
  0.31127E+01  0.33524E+01  0.40828E+01  0.53124E+01  0.68614E+01  0.82719E+01
  0.90443E+01  0.91025E+01  0.89856E+01  0.93592E+01  0.10273E+02  0.11073E+02
  0.11165E+02  0.10708E+02  0.10357E+02  0.10473E+02  0.10810E+02  0.10944E+02
  0.10737E+02  0.10212E+02  0.93562E+01  0.83359E+01  0.76763E+01  0.78478E+01
  0.86165E+01  0.91384E+01  0.88088E+01  0.77985E+01  0.66856E+01  0.57686E+01
  0.49921E+01  0.43841E+01  0.41092E+01  0.42224E+01  0.44627E+01  0.45552E+01
  0.45345E+01  0.47026E+01  0.53070E+01  0.62376E+01  0.70103E+01  0.70686E+01
  0.61824E+01  0.47055E+01  0.33901E+01  0.28130E+01  0.30122E+01  0.35995E+01
  0.41936E+01  0.46503E+01  0.49250E+01  0.48941E+01  0.44958E+01  0.40080E+01
  0.39153E+01  0.43687E+01  0.49148E+01  0.49768E+01  0.45818E+01  0.43175E+01
  0.45647E+01  0.51074E+01  0.55987E+01  0.60383E+01  0.63029E+01  0.55372E+01
  0.27623E+01 -0.17641E+01 -0.62563E+01 -0.89762E+01 -0.97556E+01 -0.97348E+01
 -0.98240E+01 -0.98478E+01 -0.92226E+01 -0.78142E+01 -0.60213E+01 -0.44069E+01
 -0.34313E+01 -0.32319E+01 -0.35373E+01 -0.37672E+01 -0.35059E+01 -0.26402E+01
 -0.11390E+01  0.10181E+01  0.34980E+01  0.55381E+01  0.65172E+01  0.65142E+01
  0.60098E+01  0.52306E+01  0.41351E+01  0.28240E+01  0.14948E+01 -0.56634E-02
 -0.20625E+01 -0.45933E+01 -0.69387E+01 -0.87002E+01 -0.10245E+02 -0.11928E+02
 -0.13239E+02 -0.13290E+02 -0.12012E+02 -0.10219E+02 -0.85391E+01 -0.68799E+01
 -0.51142E+01 -0.37571E+01 -0.34303E+01 -0.40618E+01 -0.50607E+01 -0.60871E+01
 -0.71891E+01 -0.83047E+01 -0.92106E+01 -0.99589E+01 -0.10883E+02 -0.11916E+02
 -0.12458E+02 -0.12148E+02 -0.11420E+02 -0.10808E+02 -0.10041E+02 -0.82718E+01
 -0.51321E+01 -0.11373E+01  0.29674E+01  0.67665E+01  0.99267E+01  0.11851E+02
  0.12057E+02  0.10787E+02  0.91085E+01  0.82196E+01  0.86771E+01  0.10055E+02
  0.11271E+02  0.11427E+02  0.10455E+02  0.90342E+01  0.77676E+01  0.66694E+01
  0.55332E+01  0.44520E+01  0.37212E+01  0.33648E+01  0.30770E+01  0.27995E+01
  0.28450E+01  0.33746E+01  0.38527E+01  0.34448E+01  0.18760E+01 -0.24911E+00
 -0.20033E+01 -0.27169E+01 -0.21289E+01 -0.24598E+00  0.25744E+01  0.55460E+01
  0.77345E+01  0.85117E+01  0.78732E+01  0.63772E+01  0.50075E+01  0.48949E+01
  0.66302E+01  0.96257E+01  0.12281E+02  0.13282E+02  0.12685E+02  0.11639E+02
  0.11042E+02  0.10785E+02  0.10422E+02  0.10041E+02  0.10108E+02  0.10606E+02
  0.10803E+02  0.10165E+02  0.91152E+01  0.85941E+01  0.89487E+01  0.95678E+01
  0.97473E+01  0.95937E+01  0.97597E+01  0.10406E+02  0.10806E+02  0.10071E+02
  0.81181E+01  0.56050E+01  0.31125E+01  0.72655E+00 -0.14774E+01 -0.30219E+01
 -0.34502E+01 -0.30097E+01 -0.25279E+01 -0.24617E+01 -0.24195E+01 -0.16321E+01
  0.20633E+00  0.27282E+01  0.52363E+01  0.71090E+01  0.79446E+01  0.77189E+01
  0.68681E+01  0.61616E+01  0.61695E+01  0.68642E+01  0.76585E+01  0.79892E+01
  0.78526E+01  0.77335E+01  0.79991E+01  0.84330E+01  0.84512E+01  0.76930E+01
  0.62173E+01  0.41817E+01  0.16481E+01 -0.11259E+01 -0.34156E+01 -0.44484E+01
 -0.41658E+01 -0.34572E+01 -0.35215E+01 -0.49629E+01 -0.73729E+01 -0.96179E+01
 -0.10682E+02 -0.10330E+02 -0.91684E+01 -0.80031E+01 -0.71023E+01 -0.62427E+01
 -0.52319E+01 -0.42281E+01 -0.35058E+01 -0.31510E+01 -0.31603E+01 -0.36294E+01
 -0.45323E+01 -0.53653E+01 -0.53643E+01 -0.41922E+01 -0.23716E+01 -0.88248E+00
 -0.31184E+00 -0.48614E+00 -0.78030E+00 -0.75187E+00 -0.47264E+00 -0.33419E+00
 -0.67317E+00 -0.14554E+01 -0.23269E+01 -0.29058E+01 -0.30699E+01 -0.30067E+01
 -0.29579E+01 -0.29702E+01 -0.28528E+01 -0.24360E+01 -0.18137E+01 -0.13796E+01
 -0.15472E+01 -0.23844E+01 -0.34509E+01 -0.40135E+01 -0.36862E+01 -0.27717E+01
 -0.20048E+01 -0.18251E+01 -0.20990E+01 -0.26441E+01 -0.37798E+01 -0.59563E+01
 -0.88367E+01 -0.11096E+02 -0.11575E+02 -0.10479E+02 -0.91522E+01 -0.86775E+01
 -0.88894E+01 -0.88543E+01 -0.80734E+01 -0.70079E+01 -0.64505E+01 -0.66935E+01
 -0.73553E+01 -0.78695E+01 -0.80437E+01 -0.79844E+01 -0.77705E+01 -0.72956E+01
 -0.66250E+01 -0.63287E+01 -0.72413E+01 -0.97101E+01 -0.13092E+02 -0.15993E+02
 -0.17149E+02 -0.16225E+02 -0.13971E+02 -0.11658E+02 -0.10195E+02 -0.96408E+01
 -0.94580E+01 -0.92027E+01 -0.88516E+01 -0.85210E+01 -0.80496E+01 -0.71867E+01
 -0.60937E+01 -0.53853E+01 -0.54326E+01 -0.58027E+01 -0.55889E+01 -0.43894E+01
 -0.27331E+01 -0.15234E+01 -0.12238E+01 -0.15630E+01 -0.19606E+01 -0.19460E+01
 -0.13304E+01 -0.27527E+00  0.64255E+00  0.62622E+00 -0.80864E+00 -0.32703E+01
 -0.56702E+01 -0.69779E+01 -0.69362E+01 -0.60215E+01 -0.48601E+01 -0.37225E+01
 -0.25093E+01 -0.93564E+00  0.12356E+01  0.39118E+01  0.64334E+01  0.77460E+01
  0.71835E+01  0.51888E+01  0.31976E+01  0.25732E+01  0.36867E+01  0.58477E+01
  0.79675E+01  0.92528E+01  0.93871E+01  0.84674E+01  0.68333E+01  0.49725E+01
  0.33693E+01  0.23808E+01  0.20689E+01  0.22275E+01  0.25751E+01  0.30117E+01
  0.35857E+01  0.41671E+01  0.42878E+01  0.35913E+01  0.23898E+01  0.15696E+01
  0.17248E+01  0.25633E+01  0.33229E+01  0.36085E+01  0.35267E+01  0.31529E+01
  0.22570E+01  0.72238E+00 -0.11179E+01 -0.28345E+01 -0.43898E+01 -0.59519E+01
 -0.73492E+01 -0.80356E+01 -0.77707E+01 -0.69875E+01 -0.63788E+01 -0.62169E+01
 -0.63433E+01 -0.65628E+01 -0.68167E+01 -0.69327E+01 -0.65614E+01 -0.54482E+01
 -0.36756E+01 -0.15802E+01  0.33666E+00  0.14361E+01  0.12065E+01 -0.29748E+00
 -0.22822E+01 -0.38272E+01 -0.45583E+01 -0.46679E+01 -0.42691E+01 -0.31904E+01
 -0.14006E+01  0.52986E+00  0.17563E+01  0.19112E+01  0.13448E+01  0.67889E+00
  0.12282E+00 -0.59461E+00 -0.16898E+01 -0.28161E+01 -0.32314E+01 -0.25476E+01
 -0.11667E+01  0.10437E+00  0.79839E+00  0.10322E+01  0.10325E+01  0.77506E+00
  0.26021E+00 -0.11045E+00  0.24006E+00  0.14630E+01  0.30773E+01  0.43208E+01
  0.47332E+01  0.42937E+01  0.32877E+01  0.20446E+01  0.74656E+00 -0.54801E+00
 -0.17224E+01 -0.24366E+01 -0.24296E+01 -0.19383E+01 -0.17081E+01 -0.23501E+01
 -0.37272E+01 -0.50596E+01 -0.55953E+01 -0.51624E+01 -0.41869E+01 -0.33935E+01
 -0.34484E+01 -0.45507E+01 -0.62644E+01 -0.77446E+01 -0.83043E+01 -0.78818E+01
 -0.69099E+01 -0.59034E+01 -0.51753E+01 -0.48594E+01 -0.49486E+01 -0.51994E+01
 -0.51272E+01 -0.42858E+01 -0.26372E+01 -0.55932E+00  0.15184E+01  0.33146E+01
  0.45475E+01  0.48223E+01  0.39877E+01  0.24319E+01  0.82102E+00 -0.51491E+00
 -0.17067E+01 -0.28917E+01 -0.38706E+01 -0.45232E+01 -0.51071E+01 -0.58971E+01
 -0.65909E+01 -0.64639E+01 -0.52345E+01 -0.33870E+01 -0.15874E+01  0.23123E-01
  0.17265E+01  0.36977E+01  0.57548E+01  0.74993E+01  0.85469E+01  0.86908E+01
  0.81480E+01  0.75778E+01  0.75913E+01  0.82401E+01  0.89955E+01  0.93286E+01
  0.90638E+01  0.82978E+01  0.71917E+01  0.60753E+01  0.54637E+01  0.57108E+01
  0.66173E+01  0.76473E+01  0.83717E+01  0.86531E+01  0.84056E+01  0.75467E+01
  0.63032E+01  0.53894E+01  0.54647E+01  0.64741E+01  0.76724E+01  0.84483E+01
  0.88395E+01  0.92172E+01  0.95842E+01  0.95322E+01  0.88277E+01  0.77869E+01
  0.69281E+01  0.63229E+01  0.55811E+01  0.43959E+01  0.29703E+01  0.18606E+01
  0.15030E+01  0.20316E+01  0.32642E+01  0.48024E+01  0.60796E+01  0.65426E+01
  0.59517E+01  0.44814E+01  0.25509E+01  0.62381E+00 -0.84316E+00 -0.14274E+01
 -0.94014E+00  0.30960E+00  0.15353E+01  0.19779E+01  0.15069E+01  0.78864E+00
  0.79168E+00  0.20310E+01  0.41668E+01  0.62854E+01  0.75144E+01  0.75895E+01
  0.68678E+01  0.60293E+01  0.56544E+01  0.58703E+01  0.63369E+01  0.65356E+01
  0.62466E+01  0.57413E+01  0.55141E+01  0.57848E+01  0.62858E+01  0.65531E+01
  0.63739E+01  0.58995E+01  0.53804E+01  0.48440E+01  0.41738E+01  0.34486E+01
  0.30771E+01  0.35024E+01  0.47040E+01  0.60016E+01  0.64234E+01  0.54612E+01
  0.35786E+01  0.19741E+01  0.16679E+01  0.27663E+01  0.45275E+01  0.60827E+01
  0.69648E+01  0.71428E+01  0.67885E+01  0.61799E+01  0.57018E+01  0.56532E+01
  0.60922E+01  0.69192E+01  0.80073E+01  0.91641E+01  0.99877E+01  0.10100E+02
  0.95056E+01  0.85433E+01  0.74058E+01  0.59181E+01  0.39461E+01  0.18161E+01
  0.84427E-01 -0.10049E+01 -0.16478E+01 -0.21019E+01 -0.24219E+01 -0.25806E+01
 -0.25950E+01 -0.24069E+01 -0.19129E+01 -0.11408E+01 -0.31396E+00  0.43409E+00
  0.12164E+01  0.20503E+01  0.25579E+01  0.22996E+01  0.13922E+01  0.50537E+00
  0.10283E+00 -0.43558E-02 -0.22832E+00 -0.54504E+00 -0.60754E+00 -0.41945E+00
 -0.53005E+00 -0.13722E+01 -0.26368E+01 -0.35752E+01 -0.38335E+01 -0.38102E+01
 -0.41372E+01 -0.50412E+01 -0.62543E+01 -0.73781E+01 -0.81895E+01 -0.87294E+01
 -0.91766E+01 -0.97201E+01 -0.10353E+02 -0.10810E+02 -0.10773E+02 -0.10252E+02
 -0.96003E+01 -0.92301E+01 -0.93477E+01 -0.99152E+01 -0.10768E+02 -0.11644E+02
 -0.12267E+02 -0.12536E+02 -0.12670E+02 -0.12966E+02 -0.13431E+02 -0.13768E+02
 -0.13703E+02 -0.13231E+02 -0.12466E+02 -0.11429E+02 -0.10142E+02 -0.87862E+01
 -0.76879E+01 -0.70397E+01 -0.67897E+01 -0.67322E+01 -0.66300E+01 -0.62049E+01
 -0.52682E+01 -0.39571E+01 -0.27970E+01 -0.22243E+01 -0.21152E+01 -0.19100E+01
 -0.13682E+01 -0.98436E+00 -0.14556E+01 -0.27479E+01 -0.39232E+01 -0.40135E+01
 -0.29256E+01 -0.13534E+01  0.77927E-01  0.12826E+01  0.24391E+01  0.34686E+01
  0.40345E+01  0.39375E+01  0.33047E+01  0.23731E+01  0.12595E+01 -0.12089E-01
 -0.13970E+01 -0.27578E+01 -0.39230E+01 -0.46588E+01 -0.47317E+01 -0.41075E+01
 -0.30815E+01 -0.21413E+01 -0.16064E+01 -0.13977E+01 -0.11685E+01 -0.66445E+00
  0.79974E-01  0.80719E+00  0.13352E+01  0.16813E+01  0.20205E+01  0.24043E+01
  0.26129E+01  0.22446E+01  0.11379E+01 -0.38098E+00 -0.17075E+01 -0.24983E+01
 -0.29250E+01 -0.33414E+01 -0.37543E+01 -0.37690E+01 -0.31688E+01 -0.22526E+01
 -0.15494E+01 -0.12480E+01 -0.11527E+01 -0.11192E+01 -0.12025E+01 -0.13578E+01
 -0.13415E+01 -0.10504E+01 -0.79712E+00 -0.96279E+00 -0.14685E+01 -0.19021E+01
 -0.19510E+01 -0.15706E+01 -0.75752E+00  0.40937E+00  0.14182E+01  0.15514E+01
  0.68167E+00 -0.34267E+00 -0.54609E+00  0.95323E-01  0.74360E+00  0.81147E+00
  0.58052E+00  0.64842E+00  0.11387E+01  0.16565E+01  0.18961E+01  0.19571E+01
  0.20902E+01  0.23367E+01  0.25557E+01  0.26579E+01  0.27773E+01  0.30581E+01
  0.33905E+01  0.33553E+01  0.26436E+01  0.14477E+01  0.38559E+00 -0.44476E-01
  0.16426E+00  0.67863E+00  0.12342E+01  0.17486E+01  0.21737E+01  0.24339E+01
  0.25052E+01  0.23602E+01  0.19439E+01  0.12631E+01  0.53423E+00  0.59467E-01
 -0.88919E-01 -0.12749E+00 -0.26559E+00 -0.51711E+00 -0.86465E+00 -0.14837E+01
 -0.25215E+01 -0.37107E+01 -0.44017E+01 -0.41414E+01 -0.31325E+01 -0.20513E+01
 -0.13652E+01 -0.97440E+00 -0.51152E+00  0.78485E-01  0.40057E+00  0.39312E-01
 -0.93685E+00 -0.19713E+01 -0.25456E+01 -0.25634E+01 -0.22447E+01 -0.17681E+01
 -0.11711E+01 -0.57431E+00 -0.25209E+00 -0.30088E+00 -0.40121E+00 -0.65268E-01
  0.80299E+00  0.17708E+01  0.23368E+01  0.24770E+01  0.25174E+01  0.26370E+01
  0.27188E+01  0.27113E+01  0.28926E+01  0.35823E+01  0.46257E+01  0.54184E+01
  0.55071E+01  0.49707E+01  0.41629E+01  0.33381E+01  0.25613E+01  0.19081E+01
  0.14541E+01  0.10620E+01  0.44321E+00 -0.46747E+00 -0.13610E+01 -0.18528E+01
 -0.18431E+01 -0.15208E+01 -0.10234E+01 -0.32337E+00  0.67204E+00  0.19525E+01
  0.33566E+01  0.45615E+01  0.52650E+01  0.53812E+01  0.51231E+01  0.48031E+01
  0.45587E+01  0.43385E+01  0.41250E+01  0.41107E+01  0.44845E+01  0.51537E+01
  0.57302E+01  0.58945E+01  0.57360E+01  0.56600E+01  0.59205E+01  0.62531E+01
  0.61804E+01  0.55926E+01  0.49053E+01  0.44653E+01  0.40664E+01  0.33173E+01
  0.23894E+01  0.20490E+01  0.27286E+01  0.38134E+01  0.41220E+01  0.30569E+01
  0.11573E+01 -0.41616E+00 -0.89741E+00 -0.36550E+00  0.45491E+00  0.90784E+00
  0.85251E+00  0.55674E+00  0.22661E+00 -0.24774E+00 -0.95562E+00 -0.15261E+01
 -0.13857E+01 -0.45534E+00  0.55748E+00  0.79062E+00  0.13775E+00 -0.65598E+00
 -0.77654E+00 -0.19304E+00  0.34238E+00  0.12572E+00 -0.76072E+00 -0.16266E+01
 -0.19806E+01 -0.20221E+01 -0.22113E+01 -0.25689E+01 -0.26138E+01 -0.20302E+01
 -0.10483E+01 -0.12473E+00  0.58252E+00  0.12073E+01  0.18080E+01  0.22096E+01
  0.22025E+01  0.17179E+01  0.85221E+00 -0.14750E+00 -0.85517E+00 -0.90007E+00
 -0.27181E+00  0.60373E+00  0.11942E+01  0.12455E+01  0.92595E+00  0.63033E+00
  0.67819E+00  0.11245E+01  0.17254E+01  0.21682E+01  0.22917E+01  0.21610E+01
  0.19960E+01  0.20508E+01  0.24902E+01  0.32388E+01  0.39358E+01  0.42173E+01
  0.40625E+01  0.37568E+01  0.34819E+01  0.31761E+01  0.27466E+01  0.22073E+01
  0.14860E+01  0.32506E+00 -0.13064E+01 -0.28897E+01 -0.37175E+01 -0.35974E+01
 -0.29278E+01 -0.21688E+01 -0.15919E+01 -0.13756E+01 -0.16436E+01 -0.21210E+01
 -0.22103E+01 -0.15785E+01 -0.50346E+00  0.55424E+00  0.14747E+01  0.23367E+01
  0.29823E+01  0.30991E+01  0.26698E+01  0.19760E+01  0.11483E+01  0.97366E-01
 -0.10772E+01 -0.19082E+01 -0.19667E+01 -0.12797E+01 -0.22189E+00  0.71920E+00
  0.10626E+01  0.59567E+00 -0.37625E+00 -0.11833E+01 -0.14305E+01 -0.12278E+01
 -0.63701E+00  0.59603E+00  0.23923E+01  0.37490E+01  0.34916E+01  0.17435E+01
 -0.93834E-01 -0.86303E+00 -0.78051E+00 -0.69106E+00 -0.91076E+00 -0.11544E+01
 -0.14050E+01 -0.20575E+01 -0.32147E+01 -0.43513E+01 -0.48801E+01 -0.47666E+01
 -0.44058E+01 -0.41653E+01 -0.41067E+01 -0.40172E+01 -0.36530E+01 -0.29659E+01
 -0.23544E+01 -0.23748E+01 -0.31920E+01 -0.43595E+01 -0.53107E+01 -0.58565E+01
 -0.61139E+01 -0.61171E+01 -0.58386E+01 -0.55430E+01 -0.57317E+01 -0.65489E+01
 -0.75274E+01 -0.80423E+01 -0.78944E+01 -0.72760E+01 -0.63793E+01 -0.53178E+01
 -0.44314E+01 -0.42251E+01 -0.47915E+01 -0.54334E+01 -0.53061E+01 -0.43751E+01
 -0.35574E+01 -0.36979E+01 -0.45974E+01 -0.52291E+01 -0.49437E+01 -0.41088E+01
 -0.35555E+01 -0.36067E+01 -0.38845E+01 -0.39873E+01 -0.39285E+01 -0.39007E+01
 -0.38213E+01 -0.34501E+01 -0.27904E+01 -0.21718E+01 -0.18830E+01 -0.17967E+01
 -0.15284E+01 -0.86524E+00 -0.62436E-02  0.67416E+00  0.99052E+00  0.10493E+01
  0.96726E+00  0.60704E+00 -0.21339E+00 -0.13292E+01 -0.21976E+01 -0.24480E+01
 -0.22758E+01 -0.21517E+01 -0.21616E+01 -0.19105E+01 -0.11545E+01 -0.26457E+00
  0.18922E+00  0.14501E+00  0.19353E+00  0.82589E+00  0.18464E+01  0.25578E+01
  0.25582E+01  0.21122E+01  0.17383E+01  0.16117E+01  0.14714E+01  0.10322E+01
  0.41108E+00 -0.55526E-01 -0.13747E+00  0.13428E+00  0.60535E+00  0.12000E+01
  0.18702E+01  0.25370E+01  0.31556E+01  0.37537E+01  0.42832E+01  0.45241E+01
  0.42773E+01  0.37042E+01  0.32824E+01  0.33241E+01  0.35307E+01  0.32564E+01
  0.21923E+01  0.71945E+00 -0.48207E+00 -0.10001E+01 -0.88289E+00 -0.31912E+00
  0.54348E+00  0.15332E+01  0.24095E+01  0.30523E+01  0.35577E+01  0.41043E+01
  0.46440E+01  0.49572E+01  0.49199E+01  0.46492E+01  0.43338E+01  0.39943E+01
  0.35346E+01  0.29204E+01  0.22994E+01  0.20046E+01  0.22971E+01  0.30773E+01
  0.38609E+01  0.41431E+01  0.38860E+01  0.34092E+01  0.29049E+01  0.21672E+01
  0.99660E+00 -0.35254E+00 -0.12930E+01 -0.14916E+01 -0.11510E+01 -0.63527E+00
 -0.68025E-01  0.63321E+00  0.14786E+01  0.22176E+01  0.25033E+01  0.22086E+01
  0.15978E+01  0.11519E+01  0.11491E+01  0.14553E+01  0.17479E+01  0.18789E+01
  0.19448E+01  0.20107E+01  0.19906E+01  0.18058E+01  0.15419E+01  0.13605E+01
  0.12992E+01  0.12930E+01  0.12765E+01  0.12255E+01  0.12295E+01  0.15187E+01
  0.22817E+01  0.33675E+01  0.42302E+01  0.44747E+01  0.43035E+01  0.42663E+01
  0.45829E+01  0.49578E+01  0.50065E+01  0.46465E+01  0.39843E+01  0.30645E+01
  0.19591E+01  0.87445E+00  0.61507E-02 -0.65266E+00 -0.11157E+01 -0.11667E+01
 -0.57880E+00  0.52768E+00  0.16754E+01  0.24830E+01  0.28271E+01  0.26182E+01
  0.16914E+01  0.20831E+00 -0.11442E+01 -0.16348E+01 -0.11637E+01 -0.26325E+00
  0.56152E+00  0.11837E+01  0.15896E+01  0.15215E+01  0.79738E+00 -0.20152E+00
 -0.70237E+00 -0.27591E+00  0.73439E+00  0.15557E+01  0.16353E+01  0.97642E+00
  0.11921E-01 -0.56795E+00 -0.17587E+00  0.12053E+01  0.28028E+01  0.36379E+01
  0.34393E+01  0.28835E+01  0.27535E+01  0.30357E+01  0.31598E+01  0.28546E+01
  0.24533E+01  0.22925E+01  0.22449E+01  0.20668E+01  0.18647E+01  0.18961E+01
  0.20065E+01  0.17151E+01  0.84669E+00 -0.28624E+00 -0.13709E+01 -0.24111E+01
 -0.33963E+01 -0.39418E+01 -0.36254E+01 -0.25087E+01 -0.11346E+01  0.30196E-01
  0.82407E+00  0.12469E+01  0.12782E+01  0.10143E+01  0.68505E+00  0.43820E+00
  0.18795E+00 -0.11731E+00 -0.29550E+00 -0.14050E+00  0.19304E+00  0.29649E+00
 -0.36131E-01 -0.50975E+00 -0.67069E+00 -0.44710E+00 -0.28871E+00 -0.73822E+00
 -0.18540E+01 -0.30488E+01 -0.36082E+01 -0.33366E+01 -0.26321E+01 -0.19346E+01
 -0.12577E+01 -0.41924E+00  0.42249E+00  0.73883E+00  0.22058E+00 -0.76477E+00
 -0.14582E+01 -0.14853E+01 -0.11896E+01 -0.12718E+01 -0.21301E+01 -0.34795E+01
 -0.45335E+01 -0.45917E+01 -0.36847E+01 -0.26472E+01 -0.24546E+01 -0.33678E+01
 -0.47448E+01 -0.56856E+01 -0.57677E+01 -0.51184E+01 -0.39882E+01 -0.25214E+01
 -0.88306E+00  0.60085E+00  0.15833E+01  0.18033E+01  0.10823E+01 -0.54198E+00
 -0.25784E+01 -0.41305E+01 -0.45562E+01 -0.39447E+01 -0.28593E+01 -0.16262E+01
 -0.22479E+00  0.12830E+01  0.26433E+01  0.38351E+01  0.52605E+01  0.71084E+01
  0.88120E+01  0.95711E+01  0.93274E+01  0.89050E+01  0.91009E+01  0.98770E+01
  0.10481E+02  0.10176E+02  0.87541E+01  0.67039E+01  0.48426E+01  0.37023E+01
  0.30842E+01  0.24351E+01  0.17139E+01  0.15628E+01  0.24283E+01  0.37437E+01
  0.45198E+01  0.44889E+01  0.42657E+01  0.43514E+01  0.44819E+01  0.40800E+01
  0.30531E+01  0.17205E+01  0.33637E+00 -0.93451E+00 -0.17073E+01 -0.16112E+01
 -0.90386E+00 -0.51243E+00 -0.11376E+01 -0.24394E+01 -0.33325E+01 -0.30784E+01
 -0.19074E+01 -0.65407E+00  0.11851E+00  0.45838E+00  0.72262E+00  0.11380E+01
  0.16598E+01  0.20683E+01  0.20475E+01  0.12333E+01 -0.49442E+00 -0.27580E+01
 -0.47468E+01 -0.58116E+01 -0.59149E+01 -0.55202E+01 -0.50637E+01 -0.47001E+01
 -0.45011E+01 -0.45186E+01 -0.46288E+01 -0.44471E+01 -0.37365E+01 -0.27614E+01
 -0.21471E+01 -0.22299E+01 -0.27762E+01 -0.33090E+01 -0.35979E+01 -0.36635E+01
 -0.34990E+01 -0.30564E+01 -0.24214E+01 -0.18689E+01 -0.16565E+01 -0.18115E+01
 -0.21553E+01 -0.24168E+01 -0.23211E+01 -0.17068E+01 -0.70786E+00  0.25325E+00
  0.76103E+00  0.72274E+00  0.31009E+00 -0.34298E+00 -0.11953E+01 -0.21540E+01
 -0.29616E+01 -0.34568E+01 -0.37767E+01 -0.41448E+01 -0.44648E+01 -0.42868E+01
 -0.32743E+01 -0.17053E+01 -0.32533E+00  0.20634E+00 -0.19610E+00 -0.10657E+01
 -0.17978E+01 -0.20012E+01 -0.16583E+01 -0.10718E+01 -0.70841E+00 -0.94955E+00
 -0.18260E+01 -0.29635E+01 -0.37954E+01 -0.39198E+01 -0.32920E+01 -0.21766E+01
 -0.99591E+00 -0.22396E+00 -0.17322E+00 -0.83342E+00 -0.18542E+01 -0.28064E+01
 -0.33911E+01 -0.34434E+01 -0.29119E+01 -0.19648E+01 -0.99377E+00 -0.30087E+00
  0.17565E+00  0.65563E+00  0.10119E+01  0.82216E+00  0.48439E-01 -0.65308E+00
 -0.56123E+00  0.31707E+00  0.13499E+01  0.20599E+01  0.25259E+01  0.29612E+01
  0.33585E+01  0.36874E+01  0.41569E+01  0.49080E+01  0.56732E+01  0.59500E+01
  0.55782E+01  0.48868E+01  0.42607E+01  0.37376E+01  0.31939E+01  0.26983E+01
  0.25221E+01  0.27992E+01  0.33098E+01  0.36797E+01  0.37541E+01  0.36809E+01
  0.35905E+01  0.32871E+01  0.23999E+01  0.87049E+00 -0.82034E+00 -0.20751E+01
 -0.27975E+01 -0.34031E+01 -0.42595E+01 -0.52566E+01 -0.59756E+01 -0.61897E+01
 -0.59986E+01 -0.56014E+01 -0.50634E+01 -0.43880E+01 -0.36990E+01 -0.31713E+01
 -0.28154E+01 -0.23907E+01 -0.16811E+01 -0.80999E+00 -0.18279E+00 -0.13944E+00
 -0.59744E+00 -0.11860E+01 -0.15583E+01 -0.16729E+01 -0.16914E+01 -0.18267E+01
 -0.21852E+01 -0.27393E+01 -0.33211E+01 -0.37209E+01 -0.38356E+01 -0.37305E+01
 -0.34846E+01 -0.31150E+01 -0.26459E+01 -0.21664E+01 -0.18038E+01 -0.16094E+01
 -0.15558E+01 -0.15504E+01 -0.14694E+01 -0.12475E+01 -0.10017E+01 -0.10306E+01
 -0.15368E+01 -0.24038E+01 -0.32673E+01 -0.38766E+01 -0.42077E+01 -0.43877E+01
 -0.44957E+01 -0.45727E+01 -0.46188E+01 -0.45792E+01 -0.43848E+01 -0.40532E+01
 -0.36666E+01 -0.31563E+01 -0.23061E+01 -0.10334E+01  0.37316E+00  0.14157E+01
  0.18539E+01  0.18283E+01  0.16104E+01  0.13204E+01  0.86550E+00  0.15648E+00
 -0.75519E+00 -0.16325E+01 -0.22007E+01 -0.23774E+01 -0.23617E+01 -0.24354E+01
 -0.27255E+01 -0.31736E+01 -0.37453E+01 -0.44783E+01 -0.52904E+01 -0.59067E+01
 -0.60972E+01 -0.59545E+01 -0.58016E+01 -0.58307E+01 -0.59730E+01 -0.60673E+01
 -0.60346E+01 -0.58884E+01 -0.57080E+01 -0.56066E+01 -0.57043E+01 -0.60253E+01
 -0.63944E+01 -0.65300E+01 -0.62602E+01 -0.56849E+01 -0.51301E+01 -0.48913E+01
 -0.49822E+01 -0.51418E+01 -0.50919E+01 -0.47741E+01 -0.43155E+01 -0.37607E+01
 -0.30411E+01 -0.21429E+01 -0.12447E+01 -0.57313E+00 -0.23137E+00 -0.11957E+00
 -0.62792E-01  0.10727E+00  0.45601E+00  0.90778E+00  0.12942E+01  0.15228E+01
  0.16654E+01  0.17771E+01  0.17275E+01  0.13205E+01  0.60457E+00 -0.15205E-01
 -0.11300E+00  0.36967E+00  0.11065E+01  0.16613E+01  0.18245E+01  0.16443E+01
  0.13096E+01  0.97489E+00  0.65386E+00  0.23674E+00 -0.40708E+00 -0.12467E+01
 -0.20107E+01 -0.23385E+01 -0.21272E+01 -0.16685E+01 -0.13472E+01 -0.12526E+01
 -0.11546E+01 -0.94661E+00 -0.81431E+00 -0.97722E+00 -0.13050E+01 -0.14748E+01
 -0.13665E+01 -0.11585E+01 -0.10192E+01 -0.93487E+00 -0.89859E+00 -0.10547E+01
 -0.14992E+01 -0.21087E+01 -0.27009E+01 -0.32760E+01 -0.39093E+01 -0.44363E+01
 -0.44652E+01 -0.37730E+01 -0.25896E+01 -0.13856E+01 -0.56272E+00 -0.29631E+00
 -0.57938E+00 -0.11544E+01 -0.15164E+01 -0.11710E+01 -0.80243E-01  0.12475E+01
  0.21871E+01  0.25120E+01  0.24247E+01  0.22069E+01  0.19445E+01  0.16101E+01
  0.12446E+01  0.95127E+00  0.75420E+00  0.63272E+00  0.61758E+00  0.77428E+00
  0.11129E+01  0.15409E+01  0.20273E+01  0.25961E+01  0.32337E+01  0.38848E+01
  0.45293E+01  0.52699E+01  0.60860E+01  0.67442E+01  0.69902E+01  0.68893E+01
  0.67543E+01  0.67702E+01  0.68205E+01  0.66819E+01  0.63167E+01  0.58279E+01
  0.52840E+01  0.46784E+01  0.40419E+01  0.34535E+01  0.29510E+01  0.24931E+01
  0.20455E+01  0.16804E+01  0.15008E+01  0.16267E+01  0.21683E+01  0.31015E+01
  0.41376E+01  0.47892E+01  0.48225E+01  0.44849E+01  0.42779E+01  0.44246E+01
  0.47362E+01  0.49688E+01  0.50812E+01  0.51558E+01  0.51996E+01  0.52055E+01
  0.52802E+01  0.55678E+01  0.59550E+01  0.61328E+01  0.59499E+01  0.56228E+01
  0.54984E+01  0.56213E+01  0.56479E+01  0.52213E+01  0.43173E+01  0.32347E+01
  0.22483E+01  0.14268E+01  0.78043E+00  0.42605E+00  0.50434E+00  0.80593E+00
  0.79842E+00  0.14528E+00 -0.86848E+00 -0.15491E+01 -0.14638E+01 -0.76373E+00
  0.77153E-01  0.62954E+00  0.62563E+00 -0.10238E-01 -0.10410E+01 -0.19688E+01
 -0.24466E+01 -0.25398E+01 -0.24784E+01 -0.22555E+01 -0.17305E+01 -0.11092E+01
 -0.88974E+00 -0.13400E+01 -0.21508E+01 -0.28311E+01 -0.32332E+01 -0.35735E+01
 -0.40270E+01 -0.45391E+01 -0.49754E+01 -0.52160E+01 -0.52094E+01 -0.50171E+01
 -0.48147E+01 -0.47152E+01 -0.46535E+01 -0.44716E+01 -0.41350E+01 -0.36577E+01
 -0.29228E+01 -0.18306E+01 -0.63884E+00  0.92702E-01  0.82449E-01 -0.30554E+00
 -0.47723E+00 -0.25730E+00  0.21016E-01  0.52071E-01 -0.10574E+00 -0.20516E+00
 -0.17404E+00 -0.12574E+00 -0.13230E+00 -0.10119E+00  0.98302E-01  0.46952E+00
  0.90603E+00  0.13357E+01  0.18168E+01  0.24354E+01  0.31639E+01  0.37791E+01
  0.40234E+01  0.38110E+01  0.33238E+01  0.28641E+01  0.26689E+01  0.28034E+01
  0.31645E+01  0.36013E+01  0.39660E+01  0.41830E+01  0.42386E+01  0.41809E+01
  0.40821E+01  0.39798E+01  0.38672E+01  0.37581E+01  0.37348E+01  0.38283E+01
  0.39151E+01  0.38026E+01  0.34910E+01  0.31520E+01  0.29365E+01  0.28688E+01
  0.29385E+01  0.32074E+01  0.36789E+01  0.43051E+01  0.51544E+01  0.62820E+01
  0.73478E+01  0.76924E+01  0.71406E+01  0.64103E+01  0.62639E+01  0.65570E+01
  0.66717E+01  0.66352E+01  0.69525E+01  0.73042E+01  0.65637E+01  0.46144E+01
  0.31425E+01  0.36556E+01  0.52919E+01  0.59253E+01  0.51506E+01  0.47401E+01
  0.58922E+01  0.73912E+01  0.73241E+01  0.57769E+01  0.45628E+01  0.46331E+01
  0.49028E+01  0.38983E+01  0.16642E+01 -0.42546E+00 -0.12686E+01 -0.10675E+01
 -0.81140E+00 -0.11873E+01 -0.19375E+01 -0.23168E+01 -0.20640E+01 -0.17117E+01
 -0.17440E+01 -0.17900E+01 -0.10701E+01  0.32988E+00  0.13143E+01  0.10555E+01
 -0.17252E-01 -0.89423E+00 -0.11805E+01 -0.11644E+01 -0.10110E+01 -0.60677E+00
 -0.48011E-01  0.23950E+00  0.13541E+00  0.69157E-01  0.38424E+00  0.92596E+00
  0.14437E+01  0.20816E+01  0.30184E+01  0.39792E+01  0.44799E+01  0.44757E+01
  0.43102E+01  0.40416E+01  0.33747E+01  0.22784E+01  0.11858E+01  0.47428E+00
  0.75356E-01 -0.11748E+00  0.70945E-01  0.67841E+00  0.12790E+01  0.14744E+01
  0.15015E+01  0.18241E+01  0.23148E+01  0.24382E+01  0.21735E+01  0.21253E+01
  0.25613E+01  0.29148E+01  0.25953E+01  0.17917E+01  0.10841E+01  0.53112E+00
 -0.23472E+00 -0.12891E+01 -0.22197E+01 -0.27073E+01 -0.28170E+01 -0.27826E+01
 -0.27171E+01 -0.26860E+01 -0.26960E+01 -0.26510E+01 -0.24996E+01 -0.24374E+01
 -0.26843E+01 -0.30617E+01 -0.30921E+01 -0.26967E+01 -0.24386E+01 -0.28811E+01
 -0.39143E+01 -0.49990E+01 -0.58053E+01 -0.63576E+01 -0.67347E+01 -0.68817E+01
 -0.68122E+01 -0.66809E+01 -0.65908E+01 -0.64972E+01 -0.62971E+01 -0.59321E+01
 -0.54537E+01 -0.50304E+01 -0.49400E+01 -0.53063E+01 -0.59269E+01 -0.64374E+01
 -0.66870E+01 -0.67854E+01 -0.69044E+01 -0.70784E+01 -0.72796E+01 -0.74054E+01
 -0.72048E+01 -0.65302E+01 -0.56530E+01 -0.51673E+01 -0.52860E+01 -0.55489E+01
 -0.53481E+01 -0.47077E+01 -0.41566E+01 -0.39695E+01 -0.38887E+01 -0.36535E+01
 -0.34662E+01 -0.36533E+01 -0.40842E+01 -0.42541E+01 -0.39602E+01 -0.35770E+01
 -0.35509E+01 -0.38134E+01 -0.38835E+01 -0.34590E+01 -0.27391E+01 -0.22011E+01
 -0.21303E+01 -0.24405E+01 -0.28092E+01 -0.29683E+01 -0.29385E+01 -0.28984E+01
 -0.28307E+01 -0.24058E+01 -0.14726E+01 -0.57367E+00 -0.56081E+00 -0.15542E+01
 -0.26060E+01 -0.27510E+01 -0.21403E+01 -0.17564E+01 -0.20181E+01 -0.22351E+01
 -0.16037E+01 -0.33701E+00  0.64474E+00  0.85376E+00  0.71595E+00  0.87696E+00
  0.14158E+01  0.19237E+01  0.20814E+01  0.19129E+01  0.15623E+01  0.11501E+01
  0.78929E+00  0.63807E+00  0.77880E+00  0.10398E+01  0.11875E+01  0.11566E+01
  0.11017E+01  0.11191E+01  0.98175E+00  0.36720E+00 -0.67317E+00 -0.15899E+01
 -0.18025E+01 -0.13488E+01 -0.91224E+00 -0.11350E+01 -0.19176E+01 -0.25353E+01
 -0.24352E+01 -0.18233E+01 -0.13900E+01 -0.14408E+01 -0.16016E+01 -0.14531E+01
 -0.12463E+01 -0.15649E+01 -0.23196E+01 -0.25008E+01 -0.13974E+01  0.30709E+00
  0.11564E+01  0.59765E+00 -0.39046E+00 -0.55420E+00  0.10298E+00  0.61934E+00
  0.48321E+00  0.25095E+00  0.50642E+00  0.89247E+00  0.61562E+00 -0.34111E+00
 -0.10540E+01 -0.72618E+00  0.41905E+00  0.13926E+01  0.13186E+01  0.12516E+00
 -0.14255E+01 -0.21827E+01 -0.15730E+01 -0.19056E+00  0.91380E+00  0.15202E+01
  0.23498E+01  0.36020E+01  0.42325E+01  0.32696E+01  0.12454E+01 -0.73751E+00
 -0.26277E+01 -0.46345E+01 -0.50992E+01 -0.11715E+01  0.71387E+01  0.15030E+02
  0.16901E+02  0.12236E+02  0.62282E+01  0.43935E+01  0.73600E+01  0.11010E+02
  0.10817E+02  0.57986E+01 -0.10674E+01 -0.56667E+01 -0.62029E+01 -0.42320E+01
 -0.22784E+01 -0.10150E+01  0.58506E+00  0.27072E+01  0.38643E+01  0.32562E+01
  0.27477E+01  0.49489E+01  0.94719E+01  0.12330E+02  0.96195E+01  0.15074E+01
 -0.74460E+01 -0.11481E+02 -0.75761E+01  0.23286E+01  0.12117E+02  0.15315E+02
  0.97755E+01 -0.60309E+00 -0.90582E+01 -0.11269E+02 -0.79515E+01 -0.27512E+01
  0.13123E+01  0.31400E+01  0.26324E+01  0.20435E+00 -0.24834E+01 -0.29053E+01
 -0.94897E-01  0.37251E+01  0.49384E+01  0.20922E+01 -0.30138E+01 -0.76251E+01
 -0.10286E+02 -0.10515E+02 -0.76388E+01 -0.14556E+01  0.61183E+01  0.11230E+02
  0.10820E+02  0.51405E+01 -0.23521E+01 -0.74471E+01 -0.78371E+01 -0.41195E+01
  0.11850E+01  0.55690E+01  0.77927E+01
