  Time his fp  matched to spectrum:Sclrel_output/sta1.h.freq.tgt                
   4068    5.00000E-03  0  0  0.  0.  0.  0.  0.
  0.89454E+00  0.89338E+00  0.89276E+00  0.89275E+00  0.89336E+00  0.89456E+00
  0.89644E+00  0.89896E+00  0.90222E+00  0.90609E+00  0.91077E+00  0.91638E+00
  0.92307E+00  0.93096E+00  0.93999E+00  0.95073E+00  0.96312E+00  0.97285E+00
  0.97265E+00  0.96442E+00  0.97613E+00  0.10517E+01  0.12066E+01  0.13940E+01
  0.15287E+01  0.15521E+01  0.14663E+01  0.13351E+01  0.12970E+01  0.15499E+01
  0.21814E+01  0.29335E+01  0.32825E+01  0.29255E+01  0.20883E+01  0.12184E+01
  0.62982E+00  0.67773E+00  0.17859E+01  0.37174E+01  0.52386E+01  0.52499E+01
  0.40484E+01  0.29047E+01  0.26119E+01  0.29303E+01  0.32494E+01  0.32852E+01
  0.31432E+01  0.30758E+01  0.32506E+01  0.35690E+01  0.37098E+01  0.35006E+01
  0.32052E+01  0.32641E+01  0.37600E+01  0.43325E+01  0.46630E+01  0.47914E+01
  0.48075E+01  0.45449E+01  0.39124E+01  0.32984E+01  0.32276E+01  0.37195E+01
  0.42992E+01  0.45229E+01  0.42424E+01  0.35276E+01  0.26524E+01  0.20592E+01
  0.20587E+01  0.25216E+01  0.29782E+01  0.30497E+01  0.27656E+01  0.24800E+01
  0.25317E+01  0.29830E+01  0.35567E+01  0.37021E+01  0.28980E+01  0.12066E+01
 -0.49424E+00 -0.11276E+01 -0.30856E+00  0.14529E+01  0.32135E+01  0.40997E+01
  0.37323E+01  0.25493E+01  0.15290E+01  0.12683E+01  0.14096E+01  0.11720E+01
  0.37359E+00 -0.32063E+00 -0.19550E+00  0.75044E+00  0.20246E+01  0.33335E+01
  0.46379E+01  0.56641E+01  0.59077E+01  0.52529E+01  0.42165E+01  0.34372E+01
  0.31441E+01  0.31838E+01  0.33457E+01  0.35375E+01  0.36845E+01  0.35806E+01
  0.30469E+01  0.22343E+01  0.14256E+01  0.52948E+00 -0.73751E+00 -0.20669E+01
 -0.24424E+01 -0.11032E+01  0.15027E+01  0.39068E+01  0.49067E+01  0.46086E+01
  0.38926E+01  0.29659E+01  0.12113E+01 -0.13246E+01 -0.32305E+01 -0.31907E+01
 -0.14971E+01  0.58159E+00  0.23111E+01  0.36511E+01  0.45393E+01  0.48772E+01
  0.48834E+01  0.47689E+01  0.42849E+01  0.30719E+01  0.12606E+01 -0.60404E+00
 -0.20007E+01 -0.25410E+01 -0.19813E+01 -0.52375E+00  0.10417E+01  0.18301E+01
  0.15686E+01  0.84917E+00  0.70038E+00  0.16695E+01  0.31277E+01  0.37409E+01
  0.28445E+01  0.10710E+01 -0.59679E+00 -0.19638E+01 -0.33146E+01 -0.42868E+01
 -0.39058E+01 -0.18990E+01  0.77497E+00  0.29821E+01  0.42836E+01  0.45398E+01
  0.36200E+01  0.19866E+01  0.69375E+00  0.22840E+00 -0.41505E-01 -0.85089E+00
 -0.20119E+01 -0.27570E+01 -0.26985E+01 -0.20618E+01 -0.11996E+01 -0.33788E+00
  0.13760E+00 -0.39845E+00 -0.21784E+01 -0.44874E+01 -0.61823E+01 -0.67469E+01
 -0.64730E+01 -0.57105E+01 -0.45000E+01 -0.29936E+01 -0.16947E+01 -0.10908E+01
 -0.14070E+01 -0.27624E+01 -0.50345E+01 -0.73229E+01 -0.81457E+01 -0.67697E+01
 -0.40580E+01 -0.14826E+01  0.38964E+00  0.18497E+01  0.28135E+01  0.24356E+01
  0.47239E-01 -0.40475E+01 -0.88169E+01 -0.12934E+02 -0.14684E+02 -0.12440E+02
 -0.65931E+01 -0.56102E+00  0.17359E+01 -0.40340E+00 -0.43631E+01 -0.76581E+01
 -0.10199E+02 -0.13034E+02 -0.16049E+02 -0.17699E+02 -0.16796E+02 -0.13942E+02
 -0.10918E+02 -0.90561E+01 -0.86026E+01 -0.92128E+01 -0.10446E+02 -0.11882E+02
 -0.13180E+02 -0.14014E+02 -0.14110E+02 -0.13757E+02 -0.14053E+02 -0.15812E+02
 -0.18320E+02 -0.20124E+02 -0.20946E+02 -0.21501E+02 -0.21238E+02 -0.18057E+02
 -0.11443E+02 -0.44115E+01 -0.50050E+00  0.52891E+00  0.22090E+01  0.69926E+01
  0.14113E+02  0.21492E+02  0.27801E+02  0.32284E+02  0.34069E+02  0.32470E+02
  0.27611E+02  0.20670E+02  0.13608E+02  0.80723E+01  0.40715E+01  0.21141E+00
 -0.44216E+01 -0.93664E+01 -0.13978E+02 -0.18429E+02 -0.22832E+02 -0.26398E+02
 -0.28397E+02 -0.29553E+02 -0.31620E+02 -0.35816E+02 -0.42039E+02 -0.49080E+02
 -0.54540E+02 -0.55141E+02 -0.49171E+02 -0.38873E+02 -0.28558E+02 -0.20060E+02
 -0.12185E+02 -0.44484E+01  0.14305E+01  0.43727E+01  0.58287E+01  0.79358E+01
  0.11051E+02  0.13742E+02  0.14274E+02  0.11788E+02  0.69240E+01  0.17791E+01
 -0.16186E+01 -0.35257E+01 -0.65627E+01 -0.12779E+02 -0.21006E+02 -0.28038E+02
 -0.32137E+02 -0.34388E+02 -0.36595E+02 -0.39003E+02 -0.40689E+02 -0.41638E+02
 -0.43115E+02 -0.45155E+02 -0.44687E+02 -0.38361E+02 -0.27473E+02 -0.17840E+02
 -0.13912E+02 -0.14851E+02 -0.17082E+02 -0.18433E+02 -0.18722E+02 -0.18233E+02
 -0.17441E+02 -0.17600E+02 -0.20385E+02 -0.26521E+02 -0.34920E+02 -0.43356E+02
 -0.50046E+02 -0.54624E+02 -0.57770E+02 -0.59961E+02 -0.60425E+02 -0.57662E+02
 -0.51445E+02 -0.43933E+02 -0.37861E+02 -0.33963E+02 -0.31100E+02 -0.28436E+02
 -0.26220E+02 -0.24507E+02 -0.22247E+02 -0.18022E+02 -0.11159E+02 -0.21489E+01
  0.77039E+01  0.17084E+02  0.25499E+02  0.33057E+02  0.39182E+02  0.42219E+02
  0.41104E+02  0.36598E+02  0.30353E+02  0.23952E+02  0.19386E+02  0.18560E+02
  0.20896E+02  0.23199E+02  0.22972E+02  0.20040E+02  0.14271E+02  0.42911E+01
 -0.99999E+01 -0.25435E+02 -0.37499E+02 -0.43694E+02 -0.44676E+02 -0.42495E+02
 -0.37902E+02 -0.30131E+02 -0.19594E+02 -0.92249E+01 -0.22380E+01 -0.26836E-01
 -0.21460E+01 -0.59022E+01 -0.62791E+01  0.28569E+00  0.11302E+02  0.20447E+02
  0.25066E+02  0.28662E+02  0.34913E+02  0.42381E+02  0.47542E+02  0.50262E+02
  0.52008E+02  0.50055E+02  0.38989E+02  0.18682E+02 -0.37608E+01 -0.20734E+02
 -0.28421E+02 -0.24525E+02 -0.84952E+01  0.13726E+02  0.31421E+02  0.39151E+02
  0.40505E+02  0.39548E+02  0.34583E+02  0.23827E+02  0.11657E+02  0.44965E+01
  0.34712E+01  0.45099E+01  0.41167E+01  0.27676E+01  0.28765E+01  0.49483E+01
  0.69629E+01  0.73659E+01  0.66892E+01  0.54836E+01  0.28072E+01 -0.19364E+01
 -0.73607E+01 -0.11794E+02 -0.15759E+02 -0.21561E+02 -0.30529E+02 -0.41202E+02
 -0.50188E+02 -0.54594E+02 -0.53971E+02 -0.50634E+02 -0.48149E+02 -0.48524E+02
 -0.49820E+02 -0.47206E+02 -0.38218E+02 -0.26625E+02 -0.18543E+02 -0.14903E+02
 -0.11397E+02 -0.58004E+01 -0.73116E+00  0.17027E+01  0.34768E+01  0.73277E+01
  0.13246E+02  0.19904E+02  0.27272E+02  0.35926E+02  0.44268E+02  0.47482E+02
  0.40713E+02  0.24351E+02  0.52831E+01 -0.88741E+01 -0.16309E+02 -0.20225E+02
 -0.22699E+02 -0.22249E+02 -0.17458E+02 -0.98974E+01 -0.26191E+01  0.12551E+01
 -0.20888E+01 -0.15005E+02 -0.34408E+02 -0.53748E+02 -0.69232E+02 -0.79506E+02
 -0.80472E+02 -0.68201E+02 -0.47434E+02 -0.29756E+02 -0.21513E+02 -0.18851E+02
 -0.15506E+02 -0.10496E+02 -0.73069E+01 -0.90539E+01 -0.15119E+02 -0.20814E+02
 -0.21041E+02 -0.15438E+02 -0.86140E+01 -0.47807E+01 -0.39379E+01 -0.37307E+01
 -0.28857E+01 -0.18095E+01 -0.77072E+00  0.15019E+01  0.66157E+01  0.13873E+02
  0.20310E+02  0.24628E+02  0.29376E+02  0.37059E+02  0.45607E+02  0.50603E+02
  0.51446E+02  0.52264E+02  0.56167E+02  0.61173E+02  0.63659E+02  0.63584E+02
  0.62902E+02  0.60661E+02  0.55175E+02  0.50083E+02  0.51315E+02  0.57858E+02
  0.62447E+02  0.61821E+02  0.59736E+02  0.59280E+02  0.58304E+02  0.53558E+02
  0.44959E+02  0.34746E+02  0.25398E+02  0.18883E+02  0.15450E+02  0.13058E+02
  0.10112E+02  0.86741E+01  0.12539E+02  0.21842E+02  0.31777E+02  0.37086E+02
  0.36009E+02  0.29922E+02  0.21290E+02  0.12407E+02  0.49434E+01  0.63288E+00
  0.17501E+01  0.85850E+01  0.17000E+02  0.22035E+02  0.23986E+02  0.27505E+02
  0.34931E+02  0.43936E+02  0.51657E+02  0.57906E+02  0.63723E+02  0.68464E+02
  0.69076E+02  0.62577E+02  0.49924E+02  0.36404E+02  0.26806E+02  0.21539E+02
  0.18785E+02  0.18076E+02  0.19679E+02  0.23056E+02  0.28528E+02  0.38023E+02
  0.51027E+02  0.62084E+02  0.66100E+02  0.64176E+02  0.60121E+02  0.53495E+02
  0.41269E+02  0.24908E+02  0.10723E+02  0.33489E+01  0.13407E+01 -0.12430E+01
 -0.84393E+01 -0.15675E+02 -0.12125E+02  0.64495E+01  0.30234E+02  0.45389E+02
  0.49139E+02  0.49594E+02  0.51792E+02  0.50852E+02  0.42310E+02  0.33310E+02
  0.35444E+02  0.48474E+02  0.59964E+02  0.60430E+02  0.49584E+02  0.28636E+02
 -0.21920E+01 -0.38390E+02 -0.75063E+02 -0.11603E+03 -0.16626E+03 -0.21359E+03
 -0.23237E+03 -0.21198E+03 -0.17171E+03 -0.13935E+03 -0.12266E+03 -0.11001E+03
 -0.93070E+02 -0.76804E+02 -0.68602E+02 -0.68322E+02 -0.71035E+02 -0.72133E+02
 -0.67857E+02 -0.56730E+02 -0.41994E+02 -0.28518E+02 -0.16988E+02 -0.43904E+01
  0.11064E+02  0.29164E+02  0.49688E+02  0.70025E+02  0.82156E+02  0.78418E+02
  0.60813E+02  0.39208E+02  0.19910E+02  0.15741E+01 -0.17050E+02 -0.30962E+02
 -0.32884E+02 -0.21217E+02 -0.26990E+01  0.12906E+02  0.20685E+02  0.22495E+02
  0.21686E+02  0.18948E+02  0.14309E+02  0.10001E+02  0.88608E+01  0.11135E+02
  0.14691E+02  0.17752E+02  0.20111E+02  0.22271E+02  0.24640E+02  0.27370E+02
  0.30010E+02  0.31472E+02  0.31347E+02  0.31178E+02  0.33348E+02  0.38463E+02
  0.45082E+02  0.52272E+02  0.60095E+02  0.66163E+02  0.65121E+02  0.55156E+02
  0.42246E+02  0.33493E+02  0.28424E+02  0.21367E+02  0.10444E+02 -0.15189E+00
 -0.55579E+01 -0.46436E+01  0.26232E+00  0.59277E+01  0.10608E+02  0.14655E+02
  0.18772E+02  0.22335E+02  0.24426E+02  0.25813E+02  0.28276E+02  0.31914E+02
  0.34843E+02  0.35966E+02  0.36219E+02  0.36145E+02  0.34133E+02  0.28717E+02
  0.21241E+02  0.14155E+02  0.79762E+01  0.30257E+01  0.29112E+01  0.11720E+02
  0.27326E+02  0.42052E+02  0.51002E+02  0.55948E+02  0.60453E+02  0.65345E+02
  0.69951E+02  0.73924E+02  0.76025E+02  0.73795E+02  0.66618E+02  0.57773E+02
  0.51523E+02  0.48857E+02  0.47706E+02  0.46829E+02  0.47366E+02  0.50336E+02
  0.54326E+02  0.56335E+02  0.53891E+02  0.46824E+02  0.38510E+02  0.34626E+02
  0.38006E+02  0.44600E+02  0.46750E+02  0.40993E+02  0.31014E+02  0.22190E+02
  0.15327E+02  0.77630E+01 -0.10191E+01 -0.79837E+01 -0.10337E+02 -0.82777E+01
 -0.41133E+01 -0.20789E+00  0.24699E+01  0.45290E+01  0.67394E+01  0.88070E+01
  0.10059E+02  0.10609E+02  0.11236E+02  0.12690E+02  0.15161E+02  0.18032E+02
  0.20572E+02  0.23278E+02  0.27718E+02  0.34522E+02  0.42142E+02  0.48005E+02
  0.50252E+02  0.48423E+02  0.43593E+02  0.37833E+02  0.32432E+02  0.27010E+02
  0.21813E+02  0.19847E+02  0.24181E+02  0.33394E+02  0.42070E+02  0.45590E+02
  0.42680E+02  0.34517E+02  0.23793E+02  0.13613E+02  0.54900E+01 -0.93693E+00
 -0.59150E+01 -0.90453E+01 -0.10819E+02 -0.12779E+02 -0.15892E+02 -0.20185E+02
 -0.25424E+02 -0.30649E+02 -0.33972E+02 -0.34464E+02 -0.33010E+02 -0.29997E+02
 -0.24424E+02 -0.17068E+02 -0.11477E+02 -0.94328E+01 -0.81329E+01 -0.40060E+01
  0.31330E+01  0.11092E+02  0.17890E+02  0.22269E+02  0.23758E+02  0.23230E+02
  0.22316E+02  0.21953E+02  0.22051E+02  0.22091E+02  0.21450E+02  0.19670E+02
  0.17026E+02  0.14642E+02  0.13720E+02  0.14495E+02  0.15356E+02  0.13031E+02
  0.48507E+01 -0.85921E+01 -0.23774E+02 -0.37463E+02 -0.48571E+02 -0.57043E+02
 -0.62841E+02 -0.66749E+02 -0.70190E+02 -0.72525E+02 -0.70006E+02 -0.59915E+02
 -0.45473E+02 -0.34034E+02 -0.29850E+02 -0.30908E+02 -0.33395E+02 -0.36449E+02
 -0.41084E+02 -0.46812E+02 -0.51359E+02 -0.52827E+02 -0.51157E+02 -0.47877E+02
 -0.44799E+02 -0.42760E+02 -0.41482E+02 -0.40442E+02 -0.39410E+02 -0.38280E+02
 -0.37064E+02 -0.36187E+02 -0.36058E+02 -0.36092E+02 -0.34800E+02 -0.31556E+02
 -0.27888E+02 -0.26176E+02 -0.27337E+02 -0.30508E+02 -0.34624E+02 -0.39010E+02
 -0.42601E+02 -0.44265E+02 -0.44135E+02 -0.43084E+02 -0.40729E+02 -0.35849E+02
 -0.29077E+02 -0.22952E+02 -0.19340E+02 -0.19280E+02 -0.24442E+02 -0.34868E+02
 -0.45820E+02 -0.51328E+02 -0.50845E+02 -0.48325E+02 -0.45327E+02 -0.39819E+02
 -0.32234E+02 -0.27437E+02 -0.28940E+02 -0.35302E+02 -0.43698E+02 -0.52892E+02
 -0.61093E+02 -0.65298E+02 -0.65245E+02 -0.64359E+02 -0.64382E+02 -0.62043E+02
 -0.53806E+02 -0.41502E+02 -0.30936E+02 -0.26685E+02 -0.29708E+02 -0.37702E+02
 -0.46062E+02 -0.50392E+02 -0.49579E+02 -0.45514E+02 -0.39501E+02 -0.30764E+02
 -0.18834E+02 -0.54115E+01  0.71729E+01  0.17241E+02  0.22489E+02  0.20193E+02
  0.10922E+02 -0.18994E+00 -0.80717E+01 -0.11998E+02 -0.13830E+02 -0.14422E+02
 -0.13842E+02 -0.13024E+02 -0.12321E+02 -0.94351E+01 -0.16884E+01  0.98660E+01
  0.21122E+02  0.29511E+02  0.35297E+02  0.38505E+02  0.37871E+02  0.33662E+02
  0.28887E+02  0.26237E+02  0.25488E+02  0.25031E+02  0.24539E+02  0.24870E+02
  0.26207E+02  0.27688E+02  0.28821E+02  0.30337E+02  0.33214E+02  0.37409E+02
  0.41961E+02  0.45705E+02  0.47316E+02  0.45739E+02  0.41506E+02  0.36779E+02
  0.33162E+02  0.30509E+02  0.28680E+02  0.28953E+02  0.32236E+02  0.36816E+02
  0.39819E+02  0.40608E+02  0.40968E+02  0.41909E+02  0.42236E+02  0.41074E+02
  0.39850E+02  0.39809E+02  0.38613E+02  0.32260E+02  0.20799E+02  0.92219E+01
  0.14300E+01 -0.36692E+01 -0.81145E+01 -0.10237E+02 -0.72514E+01 -0.30619E+00
  0.63256E+01  0.10038E+02  0.11508E+02  0.12271E+02  0.12564E+02  0.11509E+02
  0.84659E+01  0.39854E+01 -0.52199E+00 -0.41689E+01 -0.70368E+01 -0.85215E+01
 -0.61158E+01  0.23072E+01  0.15100E+02  0.27714E+02  0.37298E+02  0.44207E+02
  0.48279E+02  0.46434E+02  0.36362E+02  0.21083E+02  0.71500E+01 -0.11421E+01
 -0.40098E+01 -0.37625E+01 -0.25449E+01 -0.19750E+01 -0.28079E+01 -0.47779E+01
 -0.76877E+01 -0.12220E+02 -0.18935E+02 -0.27092E+02 -0.35134E+02 -0.42139E+02
 -0.48266E+02 -0.53790E+02 -0.57807E+02 -0.58189E+02 -0.53600E+02 -0.45633E+02
 -0.38074E+02 -0.33526E+02 -0.31413E+02 -0.29885E+02 -0.28830E+02 -0.29938E+02
 -0.33993E+02 -0.39327E+02 -0.43308E+02 -0.44576E+02 -0.43392E+02 -0.40657E+02
 -0.37390E+02 -0.34623E+02 -0.33053E+02 -0.32821E+02 -0.33809E+02 -0.35774E+02
 -0.38163E+02 -0.40467E+02 -0.42888E+02 -0.45893E+02 -0.49051E+02 -0.51113E+02
 -0.51289E+02 -0.49607E+02 -0.46156E+02 -0.41266E+02 -0.36435E+02 -0.33638E+02
 -0.33229E+02 -0.33558E+02 -0.33097E+02 -0.32062E+02 -0.31553E+02 -0.31869E+02
 -0.32238E+02 -0.31915E+02 -0.31248E+02 -0.31624E+02 -0.33974E+02 -0.37044E+02
 -0.37692E+02 -0.33496E+02 -0.24683E+02 -0.13177E+02 -0.69228E+00  0.11766E+02
  0.23632E+02  0.34498E+02  0.43100E+02  0.46832E+02  0.43908E+02  0.35983E+02
  0.26969E+02  0.19219E+02  0.12714E+02  0.82247E+01  0.88243E+01  0.16888E+02
  0.31297E+02  0.48215E+02  0.61978E+02  0.65356E+02  0.54361E+02  0.34632E+02
  0.17641E+02  0.84966E+01  0.26884E+01 -0.36635E+01 -0.67670E+01 -0.16546E+01
  0.92306E+01  0.18009E+02  0.19176E+02  0.12836E+02  0.23893E+01 -0.85524E+01
 -0.18172E+02 -0.26912E+02 -0.35703E+02 -0.43822E+02 -0.49144E+02 -0.50186E+02
 -0.47035E+02 -0.40709E+02 -0.32595E+02 -0.24253E+02 -0.16806E+02 -0.10638E+02
 -0.61773E+01 -0.41436E+01 -0.41359E+01 -0.40290E+01 -0.20336E+01  0.13110E+01
  0.42426E+01  0.61044E+01  0.75696E+01  0.92878E+01  0.11256E+02  0.13134E+02
  0.14262E+02  0.13655E+02  0.10810E+02  0.66616E+01  0.30561E+01  0.10218E+01
 -0.60823E-01 -0.14595E+01 -0.34380E+01 -0.47002E+01 -0.35129E+01  0.53455E+00
  0.59008E+01  0.99115E+01  0.97347E+01  0.31480E+01 -0.10095E+02 -0.26993E+02
 -0.42204E+02 -0.51127E+02 -0.52237E+02 -0.46646E+02 -0.36467E+02 -0.24247E+02
 -0.12904E+02 -0.47920E+01 -0.64627E+00  0.32882E+00 -0.42283E+00 -0.14899E+01
 -0.17798E+01 -0.58194E+00  0.23893E+01  0.69643E+01  0.12790E+02  0.19417E+02
  0.25298E+02  0.27198E+02  0.22716E+02  0.13628E+02  0.44304E+01 -0.27716E+01
 -0.94743E+01 -0.17049E+02 -0.24915E+02 -0.32089E+02 -0.37023E+02 -0.36203E+02
 -0.26922E+02 -0.11766E+02  0.30646E+01  0.13912E+02  0.21240E+02  0.25746E+02
  0.26281E+02  0.22132E+02  0.15379E+02  0.99565E+01  0.83098E+01  0.92815E+01
  0.99073E+01  0.90665E+01  0.83361E+01  0.95255E+01  0.12644E+02  0.16315E+02
  0.19249E+02  0.21084E+02  0.22037E+02  0.21554E+02  0.17832E+02  0.97383E+01
 -0.91356E+00 -0.10236E+02 -0.15710E+02 -0.17967E+02 -0.18999E+02 -0.19901E+02
 -0.20996E+02 -0.23228E+02 -0.28050E+02 -0.35734E+02 -0.44456E+02 -0.51402E+02
 -0.54866E+02 -0.55682E+02 -0.56347E+02 -0.57604E+02 -0.56426E+02 -0.49970E+02
 -0.41220E+02 -0.36681E+02 -0.37501E+02 -0.37437E+02 -0.31802E+02 -0.23836E+02
 -0.18628E+02 -0.14597E+02 -0.59999E+01  0.81886E+01  0.22849E+02  0.33656E+02
  0.41188E+02  0.47631E+02  0.53109E+02  0.56779E+02  0.58989E+02  0.60014E+02
  0.57917E+02  0.49784E+02  0.34995E+02  0.16214E+02 -0.25343E+01 -0.18022E+02
 -0.28844E+02 -0.35168E+02 -0.36934E+02 -0.32639E+02 -0.21804E+02 -0.86975E+01
 -0.61240E+00 -0.11498E+01 -0.76736E+01 -0.15977E+02 -0.24489E+02 -0.32742E+02
 -0.38991E+02 -0.41614E+02 -0.40910E+02 -0.37563E+02 -0.30702E+02 -0.19287E+02
 -0.44958E+01  0.10938E+02  0.24977E+02  0.36258E+02  0.42763E+02  0.42775E+02
  0.37247E+02  0.29387E+02  0.21359E+02  0.12647E+02  0.23455E+01 -0.77696E+01
 -0.13508E+02 -0.11644E+02 -0.20958E+01  0.13953E+02  0.36145E+02  0.62676E+02
  0.87543E+02  0.10321E+03  0.10484E+03  0.90558E+02  0.63152E+02  0.33821E+02
  0.16382E+02  0.12926E+02  0.12406E+02  0.68703E+01  0.11342E+01  0.31311E+01
  0.12529E+02  0.22938E+02  0.29968E+02  0.33543E+02  0.35257E+02  0.36277E+02
  0.36927E+02  0.36887E+02  0.35983E+02  0.35056E+02  0.35402E+02  0.37096E+02
  0.38762E+02  0.39434E+02  0.39775E+02  0.40709E+02  0.41663E+02  0.41110E+02
  0.38433E+02  0.34365E+02  0.29915E+02  0.25799E+02  0.22836E+02  0.21691E+02
  0.21524E+02  0.19619E+02  0.13820E+02  0.52354E+01 -0.27422E+01 -0.86939E+01
 -0.15116E+02 -0.25171E+02 -0.38310E+02 -0.50656E+02 -0.59467E+02 -0.65144E+02
 -0.68137E+02 -0.66645E+02 -0.59767E+02 -0.50806E+02 -0.44480E+02 -0.42149E+02
 -0.41908E+02 -0.41481E+02 -0.39202E+02 -0.34369E+02 -0.28631E+02 -0.25029E+02
 -0.24255E+02 -0.23878E+02 -0.22118E+02 -0.19695E+02 -0.16568E+02 -0.98771E+01
  0.22917E+01  0.17272E+02  0.30947E+02  0.42925E+02  0.55255E+02  0.67289E+02
  0.75997E+02  0.80941E+02  0.84492E+02  0.86720E+02  0.84835E+02  0.78656E+02
  0.72280E+02  0.68460E+02  0.64577E+02  0.56549E+02  0.45207E+02  0.36354E+02
  0.34473E+02  0.37953E+02  0.41213E+02  0.40374E+02  0.36095E+02  0.31667E+02
  0.29033E+02  0.26432E+02  0.20417E+02  0.10303E+02 -0.89307E+00 -0.10504E+02
 -0.18730E+02 -0.25842E+02 -0.29777E+02 -0.29008E+02 -0.25819E+02 -0.24057E+02
 -0.24721E+02 -0.26043E+02 -0.27198E+02 -0.29683E+02 -0.34897E+02 -0.41982E+02
 -0.48865E+02 -0.54630E+02 -0.60151E+02 -0.66679E+02 -0.74086E+02 -0.80168E+02
 -0.81801E+02 -0.77857E+02 -0.71097E+02 -0.65847E+02 -0.63507E+02 -0.61795E+02
 -0.58353E+02 -0.53136E+02 -0.47026E+02 -0.39987E+02 -0.31451E+02 -0.21414E+02
 -0.10449E+02  0.84780E+00  0.11853E+02  0.21420E+02  0.27553E+02  0.28196E+02
  0.23192E+02  0.15520E+02  0.93154E+01  0.62409E+01  0.47341E+01  0.30915E+01
  0.19141E+01  0.29346E+01  0.65786E+01  0.11523E+02  0.16119E+02  0.19635E+02
  0.22255E+02  0.24387E+02  0.26356E+02  0.28533E+02  0.31206E+02  0.34240E+02
  0.37118E+02  0.39494E+02  0.41520E+02  0.43556E+02  0.45678E+02  0.47713E+02
  0.49687E+02  0.51984E+02  0.54702E+02  0.57054E+02  0.57942E+02  0.57117E+02
  0.55410E+02  0.53478E+02  0.50827E+02  0.46329E+02  0.39537E+02  0.31233E+02
  0.22884E+02  0.15704E+02  0.99101E+01  0.46966E+01 -0.49638E+00 -0.43452E+01
 -0.42716E+01  0.25577E+00  0.59707E+01  0.88187E+01  0.80016E+01  0.56165E+01
  0.32201E+01  0.71203E+00 -0.16794E+01 -0.22550E+01  0.42213E+00  0.52241E+01
  0.88246E+01  0.85574E+01  0.44558E+01 -0.17710E+01 -0.86803E+01 -0.14784E+02
 -0.17347E+02 -0.14038E+02 -0.60735E+01  0.27569E+01  0.10773E+02  0.19232E+02
  0.27240E+02  0.29516E+02  0.22589E+02  0.10770E+02  0.19576E+01 -0.72450E+00
  0.73985E+00  0.50775E+01  0.12656E+02  0.21500E+02  0.27194E+02  0.27207E+02
  0.22644E+02  0.16008E+02  0.93041E+01  0.38255E+01 -0.17654E-01 -0.27697E+01
 -0.47461E+01 -0.50141E+01 -0.25123E+01  0.20372E+01  0.64531E+01  0.92080E+01
  0.10347E+02  0.10466E+02  0.98893E+01  0.90690E+01  0.89151E+01  0.10231E+02
  0.13043E+02  0.16275E+02  0.17690E+02  0.15053E+02  0.86868E+01  0.21015E+01
 -0.14616E+01 -0.22924E+01 -0.25010E+01 -0.24006E+01 -0.83366E+00  0.19191E+01
  0.40418E+01  0.46648E+01  0.44435E+01  0.39273E+01  0.32393E+01  0.31933E+01
  0.47858E+01  0.73899E+01  0.90167E+01  0.86701E+01  0.72111E+01  0.57639E+01
  0.44860E+01  0.31833E+01  0.20852E+01  0.12668E+01 -0.26799E+00 -0.39541E+01
 -0.96543E+01 -0.15003E+02 -0.17698E+02 -0.17877E+02 -0.17063E+02 -0.15483E+02
 -0.12178E+02 -0.75872E+01 -0.41592E+01 -0.40750E+01 -0.72980E+01 -0.12106E+02
 -0.16815E+02 -0.20501E+02 -0.22125E+02 -0.20092E+02 -0.13974E+02 -0.60630E+01
  0.66829E+00  0.58284E+01  0.11066E+02  0.16746E+02  0.21194E+02  0.23195E+02
  0.23528E+02  0.23777E+02  0.24694E+02  0.26020E+02  0.27347E+02  0.28714E+02
  0.30185E+02  0.30970E+02  0.29614E+02  0.25657E+02  0.20649E+02  0.16668E+02
  0.14314E+02  0.13164E+02  0.13385E+02  0.15034E+02  0.16133E+02  0.13732E+02
  0.73200E+01 -0.55719E+00 -0.74076E+01 -0.12830E+02 -0.17165E+02 -0.19989E+02
 -0.20826E+02 -0.20160E+02 -0.18901E+02 -0.17450E+02 -0.15723E+02 -0.13696E+02
 -0.11543E+02 -0.95003E+01 -0.78693E+01 -0.72763E+01 -0.86121E+01 -0.12077E+02
 -0.16273E+02 -0.19122E+02 -0.19891E+02 -0.19375E+02 -0.18051E+02 -0.15380E+02
 -0.11277E+02 -0.70408E+01 -0.44793E+01 -0.50427E+01 -0.96816E+01 -0.18294E+02
 -0.29199E+02 -0.40270E+02 -0.50641E+02 -0.60165E+02 -0.66938E+02 -0.67032E+02
 -0.58104E+02 -0.42521E+02 -0.25599E+02 -0.11675E+02 -0.32301E+01 -0.21079E+01
 -0.84228E+01 -0.18505E+02 -0.26662E+02 -0.29186E+02 -0.25343E+02 -0.16115E+02
 -0.40609E+01  0.74373E+01  0.16529E+02  0.22417E+02  0.22465E+02  0.14106E+02
  0.46878E+00 -0.10713E+02 -0.15343E+02 -0.16412E+02 -0.18742E+02 -0.23980E+02
 -0.30920E+02 -0.37852E+02 -0.44319E+02 -0.51301E+02 -0.58292E+02 -0.60620E+02
 -0.53268E+02 -0.37918E+02 -0.22540E+02 -0.12869E+02 -0.70824E+01 -0.10893E+00
  0.90007E+01  0.16044E+02  0.17536E+02  0.14973E+02  0.11409E+02  0.61952E+01
 -0.32463E+01 -0.15706E+02 -0.26270E+02 -0.31968E+02 -0.34168E+02 -0.35501E+02
 -0.37319E+02 -0.39632E+02 -0.40718E+02 -0.37330E+02 -0.27966E+02 -0.15491E+02
 -0.47765E+01  0.76646E+00 -0.61947E+00 -0.87646E+01 -0.19585E+02 -0.27145E+02
 -0.29935E+02 -0.32014E+02 -0.36470E+02 -0.40836E+02 -0.40279E+02 -0.33233E+02
 -0.22816E+02 -0.13545E+02 -0.74202E+01 -0.38242E+01 -0.25587E+01 -0.42542E+01
 -0.70847E+01 -0.65202E+01 -0.42570E+00  0.84216E+01  0.16614E+02  0.23383E+02
  0.27604E+02  0.26296E+02  0.19644E+02  0.13497E+02  0.12895E+02  0.16046E+02
  0.17625E+02  0.15432E+02  0.11611E+02  0.96167E+01  0.11490E+02  0.16535E+02
  0.21842E+02  0.24764E+02  0.24651E+02  0.22214E+02  0.18760E+02  0.16160E+02
  0.15621E+02  0.15877E+02  0.14120E+02  0.88834E+01  0.79268E+00 -0.90637E+01
 -0.19192E+02 -0.25824E+02 -0.24122E+02 -0.13531E+02 -0.79203E-01  0.86974E+01
  0.95056E+01  0.31318E+01 -0.80400E+01 -0.20339E+02 -0.29134E+02 -0.31007E+02
 -0.25739E+02 -0.16758E+02 -0.91906E+01 -0.55388E+01 -0.34578E+01  0.37828E+00
  0.52630E+01  0.74840E+01  0.54949E+01  0.16335E+01 -0.12703E+01 -0.31173E+01
 -0.54208E+01 -0.79080E+01 -0.79347E+01 -0.38368E+01  0.25823E+01  0.83792E+01
  0.13277E+02  0.19172E+02  0.26226E+02  0.31857E+02  0.34202E+02  0.34331E+02
  0.33626E+02  0.30764E+02  0.23623E+02  0.13480E+02  0.48308E+01  0.54738E+00
 -0.48648E+00  0.25469E-01  0.32046E+01  0.11182E+02  0.23342E+02  0.35970E+02
  0.44778E+02  0.47193E+02  0.43370E+02  0.35696E+02  0.26855E+02  0.18554E+02
  0.12065E+02  0.86627E+01  0.80369E+01  0.71481E+01  0.26205E+01 -0.55890E+01
 -0.14559E+02 -0.22100E+02 -0.27972E+02 -0.31925E+02 -0.33674E+02 -0.34780E+02
 -0.37372E+02 -0.41682E+02 -0.48606E+02 -0.63150E+02 -0.88829E+02 -0.11802E+03
 -0.13477E+03 -0.13067E+03 -0.11302E+03 -0.93961E+02 -0.76608E+02 -0.58322E+02
 -0.42001E+02 -0.31994E+02 -0.20124E+02  0.78044E+01  0.47574E+02  0.76653E+02
  0.86044E+02  0.92094E+02  0.10536E+03  0.10930E+03  0.87736E+02  0.55503E+02
  0.40683E+02  0.47458E+02  0.56714E+02  0.56359E+02  0.52326E+02  0.51760E+02
  0.51035E+02  0.43796E+02  0.31436E+02  0.20484E+02  0.13689E+02  0.81897E+01
  0.15910E+01 -0.40887E+01 -0.57457E+01 -0.38894E+01 -0.21263E+01 -0.31572E+01
 -0.66630E+01 -0.10415E+02 -0.12851E+02 -0.15298E+02 -0.21518E+02 -0.34343E+02
 -0.53485E+02 -0.76538E+02 -0.98764E+02 -0.11145E+03 -0.10684E+03 -0.88026E+02
 -0.67892E+02 -0.54295E+02 -0.40571E+02 -0.12974E+02  0.33748E+02  0.83390E+02
  0.10022E+03  0.58732E+02 -0.20817E+02 -0.82505E+02 -0.90829E+02 -0.64141E+02
 -0.44460E+02 -0.49515E+02 -0.66602E+02 -0.80728E+02 -0.90954E+02 -0.10088E+03
 -0.10701E+03 -0.10187E+03 -0.84610E+02 -0.65258E+02 -0.57802E+02 -0.68289E+02
 -0.90394E+02 -0.11233E+03 -0.12640E+03 -0.13275E+03 -0.13658E+03 -0.14068E+03
 -0.14075E+03 -0.13071E+03 -0.11163E+03 -0.91034E+02 -0.75831E+02 -0.69459E+02
 -0.70441E+02 -0.67565E+02 -0.43904E+02  0.37266E+01  0.53429E+02  0.78112E+02
  0.76069E+02  0.69631E+02  0.70668E+02  0.61627E+02  0.22677E+02 -0.31594E+02
 -0.62494E+02 -0.55234E+02 -0.35604E+02 -0.30000E+02 -0.30096E+02 -0.13721E+02
  0.15667E+02  0.32721E+02  0.27291E+02  0.17111E+02  0.21599E+02  0.37856E+02
  0.48312E+02  0.43561E+02  0.31288E+02  0.25242E+02  0.29851E+02  0.37028E+02
  0.36504E+02  0.27033E+02  0.17188E+02  0.16662E+02  0.27130E+02  0.41449E+02
  0.51942E+02  0.57481E+02  0.60011E+02  0.57285E+02  0.44886E+02  0.24554E+02
  0.45060E+01 -0.91485E+01 -0.16490E+02 -0.18974E+02 -0.15869E+02 -0.73952E+01
  0.29168E+01  0.11871E+02  0.19882E+02  0.28323E+02  0.35946E+02  0.40274E+02
  0.40940E+02  0.39676E+02  0.38322E+02  0.38544E+02  0.42238E+02  0.49776E+02
  0.58480E+02  0.64842E+02  0.68110E+02  0.70023E+02  0.71830E+02  0.73456E+02
  0.74904E+02  0.76425E+02  0.77511E+02  0.77205E+02  0.75293E+02  0.71959E+02
  0.66498E+02  0.57742E+02  0.46212E+02  0.34870E+02  0.26954E+02  0.23750E+02
  0.25000E+02  0.30445E+02  0.39586E+02  0.50715E+02  0.61720E+02  0.71561E+02
  0.79892E+02  0.86086E+02  0.89777E+02  0.91782E+02  0.93071E+02  0.93879E+02
  0.94923E+02  0.98165E+02  0.10430E+03  0.11057E+03  0.11368E+03  0.11428E+03
  0.11546E+03  0.11669E+03  0.11306E+03  0.10210E+03  0.87963E+02  0.76538E+02
  0.68992E+02  0.62505E+02  0.55249E+02  0.48183E+02  0.42899E+02  0.39132E+02
  0.34291E+02  0.25503E+02  0.12592E+02 -0.16207E+01 -0.14457E+02 -0.26046E+02
 -0.38414E+02 -0.53164E+02 -0.70668E+02 -0.89867E+02 -0.10716E+03 -0.11737E+03
 -0.11894E+03 -0.11688E+03 -0.11636E+03 -0.11420E+03 -0.10258E+03 -0.81457E+02
 -0.59665E+02 -0.41721E+02 -0.21864E+02  0.42908E+01  0.30734E+02  0.50067E+02
  0.63407E+02  0.72265E+02  0.67843E+02  0.41661E+02  0.40913E+01 -0.21501E+02
 -0.23781E+02 -0.10669E+02  0.78249E+01  0.30623E+02  0.57896E+02  0.84081E+02
  0.10282E+03  0.11366E+03  0.12083E+03  0.12591E+03  0.12370E+03  0.10963E+03
  0.90412E+02  0.79739E+02  0.80858E+02  0.82763E+02  0.77625E+02  0.72529E+02
  0.77621E+02  0.90990E+02  0.10242E+03  0.10557E+03  0.99999E+02  0.87017E+02
  0.69206E+02  0.50471E+02  0.32584E+02  0.14343E+02 -0.43525E+01 -0.20752E+02
 -0.32761E+02 -0.41071E+02 -0.46187E+02 -0.46062E+02 -0.39334E+02 -0.29170E+02
 -0.20989E+02 -0.16752E+02 -0.13791E+02 -0.94413E+01 -0.54094E+01 -0.64135E+01
 -0.14453E+02 -0.25722E+02 -0.34527E+02 -0.39247E+02 -0.42554E+02 -0.46771E+02
 -0.51477E+02 -0.55121E+02 -0.56753E+02 -0.56113E+02 -0.53563E+02 -0.49921E+02
 -0.45554E+02 -0.40056E+02 -0.33322E+02 -0.26126E+02 -0.19107E+02 -0.12128E+02
 -0.52885E+01  0.28706E+00  0.34004E+01  0.40474E+01  0.32491E+01  0.22450E+01
  0.20654E+01  0.32223E+01  0.53386E+01  0.74458E+01  0.88926E+01  0.97114E+01
  0.10067E+02  0.97369E+01  0.81773E+01  0.49691E+01  0.20753E+00 -0.53594E+01
 -0.10657E+02 -0.14959E+02 -0.18203E+02 -0.20590E+02 -0.22239E+02 -0.23513E+02
 -0.25164E+02 -0.27688E+02 -0.30872E+02 -0.34392E+02 -0.38071E+02 -0.40597E+02
 -0.38956E+02 -0.30754E+02 -0.16866E+02 -0.55790E+00  0.15373E+02  0.29599E+02
  0.41669E+02  0.51115E+02  0.55526E+02  0.50350E+02  0.34340E+02  0.14447E+02
  0.17155E+00 -0.69369E+01 -0.13300E+02 -0.23237E+02 -0.33938E+02 -0.40858E+02
 -0.43564E+02 -0.44527E+02 -0.45014E+02 -0.44441E+02 -0.42503E+02 -0.39936E+02
 -0.37325E+02 -0.34655E+02 -0.32272E+02 -0.31274E+02 -0.32516E+02 -0.35715E+02
 -0.39807E+02 -0.43868E+02 -0.47593E+02 -0.51151E+02 -0.54771E+02 -0.58302E+02
 -0.61086E+02 -0.62442E+02 -0.62395E+02 -0.61754E+02 -0.61137E+02 -0.59812E+02
 -0.55991E+02 -0.48575E+02 -0.38208E+02 -0.26204E+02 -0.13240E+02 -0.67310E-01
  0.11311E+02  0.18875E+02  0.22729E+02  0.24104E+02  0.22423E+02  0.16065E+02
  0.64967E+01 -0.16546E+01 -0.60917E+01 -0.94519E+01 -0.14752E+02 -0.21157E+02
 -0.26243E+02 -0.29761E+02 -0.32686E+02 -0.34414E+02 -0.33470E+02 -0.30049E+02
 -0.26043E+02 -0.22968E+02 -0.21079E+02 -0.20245E+02 -0.20738E+02 -0.22996E+02
 -0.26999E+02 -0.31947E+02 -0.36398E+02 -0.38733E+02 -0.37662E+02 -0.32621E+02
 -0.24249E+02 -0.15091E+02 -0.93385E+01 -0.99469E+01 -0.15158E+02 -0.19612E+02
 -0.20032E+02 -0.18049E+02 -0.16556E+02 -0.15769E+02 -0.14394E+02 -0.12467E+02
 -0.11049E+02 -0.10333E+02 -0.95969E+01 -0.83839E+01 -0.67927E+01 -0.50089E+01
 -0.31813E+01 -0.14711E+01  0.17105E+00  0.20862E+01  0.45087E+01  0.72058E+01
  0.97216E+01  0.11901E+02  0.13993E+02  0.16278E+02  0.18765E+02  0.21208E+02
  0.23312E+02  0.24928E+02  0.26015E+02  0.26421E+02  0.25901E+02  0.24565E+02
  0.23071E+02  0.22110E+02  0.21893E+02  0.22208E+02  0.22673E+02  0.22780E+02
  0.22041E+02  0.20291E+02  0.17724E+02  0.14669E+02  0.11535E+02  0.89239E+01
  0.76020E+01  0.82164E+01  0.10867E+02  0.14735E+02  0.18315E+02  0.20392E+02
  0.20817E+02  0.19978E+02  0.17575E+02  0.12566E+02  0.47976E+01 -0.39090E+01
 -0.11168E+02 -0.16183E+02 -0.19544E+02 -0.21255E+02 -0.20365E+02 -0.16499E+02
 -0.10533E+02 -0.37748E+01  0.23766E+01  0.63590E+01  0.73284E+01  0.61009E+01
  0.43706E+01  0.30674E+01  0.18894E+01  0.29175E+00 -0.16131E+01 -0.34395E+01
 -0.53804E+01 -0.76512E+01 -0.91076E+01 -0.79160E+01 -0.40765E+01  0.27564E-01
  0.19148E+01  0.74175E+00 -0.28758E+01 -0.73951E+01 -0.10984E+02 -0.12659E+02
 -0.12540E+02 -0.10831E+02 -0.75813E+01 -0.35875E+01 -0.22982E+00  0.19636E+01
  0.35850E+01  0.49321E+01  0.53224E+01  0.42527E+01  0.24442E+01  0.11657E+01
  0.11469E+01  0.25832E+01  0.54887E+01  0.93972E+01  0.13225E+02  0.15915E+02
  0.16877E+02  0.15841E+02  0.12989E+02  0.92452E+01  0.57143E+01  0.29774E+01
  0.14510E+01  0.18671E+01  0.45891E+01  0.88325E+01  0.13171E+02  0.16416E+02
  0.17749E+02  0.16823E+02  0.14302E+02  0.11707E+02  0.10133E+02  0.93188E+01
  0.83435E+01  0.69480E+01  0.57875E+01  0.54949E+01  0.58422E+01  0.58838E+01
  0.48547E+01  0.30070E+01  0.15592E+01  0.16157E+01  0.31530E+01  0.53132E+01
  0.75109E+01  0.98556E+01  0.12556E+02  0.15348E+02  0.17408E+02  0.17637E+02
  0.15267E+02  0.10559E+02  0.48621E+01 -0.28710E+00 -0.41133E+01 -0.66935E+01
 -0.82788E+01 -0.88282E+01 -0.82611E+01 -0.68582E+01 -0.51541E+01 -0.35122E+01
 -0.20329E+01 -0.81177E+00 -0.91226E-01 -0.80618E-01 -0.70909E+00 -0.16177E+01
 -0.23672E+01 -0.26394E+01 -0.23514E+01 -0.17069E+01 -0.10919E+01 -0.82025E+00
 -0.92214E+00 -0.11805E+01 -0.13205E+01 -0.11760E+01 -0.79020E+00 -0.42788E+00
 -0.42420E+00 -0.92518E+00 -0.17521E+01 -0.25174E+01 -0.28849E+01 -0.27858E+01
 -0.24551E+01 -0.21442E+01 -0.16704E+01 -0.41621E+00  0.19378E+01  0.47907E+01
  0.71360E+01  0.86166E+01  0.94744E+01  0.93711E+01  0.70386E+01  0.17026E+01
 -0.54886E+01 -0.12053E+02 -0.16205E+02 -0.18088E+02 -0.19030E+02 -0.19822E+02
 -0.19955E+02 -0.18574E+02 -0.15809E+02 -0.13036E+02 -0.11970E+02 -0.13424E+02
 -0.16501E+02 -0.19066E+02 -0.19521E+02 -0.18161E+02 -0.16510E+02 -0.15638E+02
 -0.15500E+02 -0.15443E+02 -0.14656E+02 -0.12401E+02 -0.86530E+01 -0.45272E+01
 -0.14577E+01  0.11880E+00  0.84182E+00  0.12964E+01  0.13977E+01  0.97228E+00
  0.43056E+00  0.52715E+00  0.17022E+01  0.38998E+01  0.68411E+01  0.10160E+02
  0.13345E+02  0.15855E+02  0.17421E+02  0.18022E+02  0.17445E+02  0.14993E+02
  0.10128E+02  0.34861E+01 -0.30314E+01 -0.75300E+01 -0.92709E+01 -0.85659E+01
 -0.61921E+01 -0.32223E+01 -0.83367E+00  0.15699E+00 -0.58830E+00 -0.31586E+01
 -0.72075E+01 -0.11697E+02 -0.15487E+02 -0.18149E+02 -0.19673E+02 -0.19699E+02
 -0.17809E+02 -0.14420E+02 -0.10707E+02 -0.76471E+01 -0.56868E+01 -0.53375E+01
 -0.73919E+01 -0.12012E+02 -0.17767E+02 -0.22301E+02 -0.24385E+02 -0.24871E+02
 -0.25086E+02 -0.24756E+02 -0.22509E+02 -0.18279E+02 -0.14038E+02 -0.11735E+02
 -0.11411E+02 -0.11812E+02 -0.12149E+02 -0.12496E+02 -0.12857E+02 -0.12616E+02
 -0.11086E+02 -0.83200E+01 -0.51858E+01 -0.26263E+01 -0.91831E+00  0.24580E+00
  0.95446E+00  0.62417E+00 -0.14219E+01 -0.50246E+01 -0.91155E+01 -0.12568E+02
 -0.14976E+02 -0.16685E+02 -0.18253E+02 -0.19965E+02 -0.21816E+02 -0.23738E+02
 -0.25479E+02 -0.26392E+02 -0.25903E+02 -0.24274E+02 -0.22302E+02 -0.20203E+02
 -0.17356E+02 -0.13285E+02 -0.83961E+01 -0.36736E+01  0.13887E+00  0.31048E+01
  0.58957E+01  0.88943E+01  0.11685E+02  0.13788E+02  0.15479E+02  0.17065E+02
  0.17682E+02  0.15989E+02  0.12092E+02  0.76695E+01  0.40668E+01  0.14179E+01
 -0.31082E+00 -0.73659E+00  0.79551E-01  0.12374E+01  0.19735E+01  0.23784E+01
  0.27964E+01  0.31003E+01  0.29892E+01  0.26454E+01  0.26761E+01  0.35136E+01
  0.50930E+01  0.69481E+01  0.84385E+01  0.90836E+01  0.89403E+01  0.85575E+01
  0.83410E+01  0.80862E+01  0.74048E+01  0.63866E+01  0.53797E+01  0.43218E+01
  0.29578E+01  0.16546E+01  0.11814E+01  0.15411E+01  0.17808E+01  0.12343E+01
  0.32188E+00 -0.24522E+00 -0.52700E+00 -0.10781E+01 -0.18735E+01 -0.21962E+01
 -0.17635E+01 -0.13335E+01 -0.16246E+01 -0.20542E+01 -0.13690E+01  0.66184E+00
  0.30710E+01  0.50784E+01  0.65448E+01  0.70617E+01  0.58218E+01  0.27920E+01
 -0.92864E+00 -0.42687E+01 -0.70387E+01 -0.94636E+01 -0.11467E+02 -0.12610E+02
 -0.12358E+02 -0.10406E+02 -0.69927E+01 -0.28999E+01  0.10117E+01  0.42220E+01
  0.65338E+01  0.78835E+01  0.83595E+01  0.83166E+01  0.82306E+01  0.83083E+01
  0.83873E+01  0.84355E+01  0.89493E+01  0.10331E+02  0.11854E+02  0.11966E+02
  0.99870E+01  0.68991E+01  0.40742E+01  0.18745E+01  0.79185E-01 -0.10274E+01
 -0.92703E+00 -0.29000E-01  0.31275E+00 -0.89845E+00 -0.33921E+01 -0.60665E+01
 -0.80658E+01 -0.94515E+01 -0.10840E+02 -0.12242E+02 -0.12586E+02 -0.10973E+02
 -0.80606E+01 -0.53681E+01 -0.34907E+01 -0.18728E+01 -0.86271E-01  0.15721E+01
  0.27286E+01  0.35148E+01  0.43750E+01  0.55701E+01  0.69489E+01  0.81573E+01
  0.89307E+01  0.89856E+01  0.77939E+01  0.50454E+01  0.14482E+01 -0.14973E+01
 -0.28042E+01 -0.27006E+01 -0.18883E+01 -0.59128E+00  0.14173E+01  0.42694E+01
  0.78577E+01  0.11986E+02  0.16331E+02  0.20341E+02  0.23494E+02  0.25689E+02
  0.27178E+02  0.27939E+02  0.27212E+02  0.24062E+02  0.18670E+02  0.12660E+02
  0.77945E+01  0.45687E+01  0.25066E+01  0.14983E+01  0.20674E+01  0.42813E+01
  0.71986E+01  0.98801E+01  0.12386E+02  0.15145E+02  0.17741E+02  0.19178E+02
  0.19226E+02  0.18665E+02  0.18171E+02  0.17653E+02  0.16840E+02  0.15911E+02
  0.15300E+02  0.15166E+02  0.15340E+02  0.15594E+02  0.15698E+02  0.15206E+02
  0.13495E+02  0.10338E+02  0.64109E+01  0.29603E+01  0.88727E+00  0.23794E+00
  0.52771E+00  0.13177E+01  0.24076E+01  0.36623E+01  0.48746E+01  0.58485E+01
  0.65261E+01  0.69413E+01  0.70704E+01  0.68213E+01  0.62660E+01  0.58501E+01
  0.61973E+01  0.75395E+01  0.94447E+01  0.11273E+02  0.12765E+02  0.13984E+02
  0.14894E+02  0.15302E+02  0.15119E+02  0.14413E+02  0.13228E+02  0.11568E+02
  0.95294E+01  0.72879E+01  0.49554E+01  0.25737E+01  0.28440E+00 -0.16339E+01
 -0.29795E+01 -0.38180E+01 -0.44580E+01 -0.53193E+01 -0.66872E+01 -0.83037E+01
 -0.92492E+01 -0.86270E+01 -0.65143E+01 -0.40408E+01 -0.24531E+01 -0.22217E+01
 -0.29768E+01 -0.40565E+01 -0.50497E+01 -0.59906E+01 -0.71813E+01 -0.87891E+01
 -0.10449E+02 -0.11210E+02 -0.10111E+02 -0.70749E+01 -0.30715E+01  0.75016E+00
  0.37522E+01  0.53470E+01  0.46268E+01  0.13852E+01 -0.29715E+01 -0.66892E+01
 -0.96009E+01 -0.12514E+02 -0.14839E+02 -0.14543E+02 -0.11001E+02 -0.63314E+01
 -0.30378E+01 -0.16214E+01 -0.14485E+01 -0.26649E+01 -0.57281E+01 -0.97045E+01
 -0.12579E+02 -0.13305E+02 -0.12538E+02 -0.11406E+02 -0.10408E+02 -0.95103E+01
 -0.85117E+01 -0.71332E+01 -0.51737E+01 -0.27026E+01  0.50203E-01  0.28123E+01
  0.51038E+01  0.62339E+01  0.57742E+01  0.39451E+01  0.14523E+01 -0.91352E+00
 -0.25865E+01 -0.34510E+01 -0.37614E+01 -0.36230E+01 -0.26936E+01 -0.73037E+00
  0.17057E+01  0.35248E+01  0.40273E+01  0.31618E+01  0.10688E+01 -0.19786E+01
 -0.51418E+01 -0.71994E+01 -0.75155E+01 -0.65549E+01 -0.52629E+01 -0.41512E+01
 -0.30965E+01 -0.18460E+01 -0.63583E+00 -0.34217E+00 -0.17768E+01 -0.44724E+01
 -0.64099E+01 -0.56418E+01 -0.22610E+01  0.17806E+01  0.47698E+01  0.64976E+01
  0.75501E+01  0.83108E+01  0.89522E+01  0.96849E+01  0.10577E+02  0.11404E+02
  0.11899E+02  0.12017E+02  0.11888E+02  0.11616E+02  0.11141E+02  0.10195E+02
  0.84557E+01  0.58647E+01  0.28433E+01  0.12049E+00 -0.17052E+01 -0.24205E+01
 -0.20473E+01 -0.66091E+00  0.14691E+01  0.37889E+01  0.58193E+01  0.73751E+01
  0.80560E+01  0.68961E+01  0.32730E+01 -0.18436E+01 -0.62533E+01 -0.83832E+01
 -0.84325E+01 -0.76444E+01 -0.68942E+01 -0.61438E+01 -0.48845E+01 -0.28142E+01
 -0.12968E+00  0.27046E+01  0.53790E+01  0.78396E+01  0.99893E+01  0.11439E+02
  0.11678E+02  0.10477E+02  0.80798E+01  0.50554E+01  0.21085E+01 -0.55080E-01
 -0.95254E+00 -0.60061E+00  0.51103E+00  0.18738E+01  0.33762E+01  0.51883E+01
  0.72795E+01  0.92226E+01  0.10547E+02  0.11161E+02  0.11265E+02  0.10880E+02
  0.97503E+01  0.78156E+01  0.55285E+01  0.33665E+01  0.12013E+01 -0.14508E+01
 -0.46140E+01 -0.76823E+01 -0.10099E+02 -0.11854E+02 -0.13170E+02 -0.13987E+02
 -0.13980E+02 -0.12970E+02 -0.11195E+02 -0.93448E+01 -0.83359E+01 -0.87794E+01
 -0.10467E+02 -0.12544E+02 -0.14160E+02 -0.14670E+02 -0.13495E+02 -0.10546E+02
 -0.68147E+01 -0.37556E+01 -0.18901E+01 -0.58188E+00  0.76162E+00  0.18366E+01
  0.18581E+01  0.41139E+00 -0.21302E+01 -0.47926E+01 -0.66721E+01 -0.75635E+01
 -0.78543E+01 -0.78643E+01 -0.76152E+01 -0.72515E+01 -0.72441E+01 -0.79641E+01
 -0.93479E+01 -0.11194E+02 -0.13445E+02 -0.15874E+02 -0.17883E+02 -0.19055E+02
 -0.19721E+02 -0.20332E+02 -0.20310E+02 -0.18264E+02 -0.13637E+02 -0.75315E+01
 -0.15912E+01  0.33553E+01  0.72161E+01  0.98913E+01  0.11277E+02  0.11711E+02
  0.11729E+02  0.11307E+02  0.98335E+01  0.70076E+01  0.33439E+01 -0.47885E+00
 -0.42583E+01 -0.77840E+01 -0.10215E+02 -0.10593E+02 -0.88316E+01 -0.58556E+01
 -0.29329E+01 -0.96830E+00 -0.97650E-01  0.16603E+00  0.27860E+00  0.24579E+00
 -0.44971E-01 -0.39996E+00 -0.55270E+00 -0.62893E+00 -0.10203E+01 -0.18500E+01
 -0.28270E+01 -0.35966E+01 -0.39861E+01 -0.39124E+01 -0.33279E+01 -0.23820E+01
 -0.14286E+01 -0.69148E+00 -0.52967E-01  0.65930E+00  0.12654E+01  0.12666E+01
  0.28863E+00 -0.15216E+01 -0.35049E+01 -0.48772E+01 -0.51867E+01 -0.45097E+01
 -0.33286E+01 -0.22706E+01 -0.17993E+01 -0.19429E+01 -0.23171E+01 -0.25323E+01
 -0.25552E+01 -0.25808E+01 -0.26436E+01 -0.25487E+01 -0.21729E+01 -0.16525E+01
 -0.12226E+01 -0.98125E+00 -0.84966E+00 -0.66355E+00 -0.27103E+00  0.38417E+00
  0.12472E+01  0.22770E+01  0.35213E+01  0.48918E+01  0.59507E+01  0.61903E+01
  0.54723E+01  0.39159E+01  0.15720E+01 -0.13775E+01 -0.42945E+01 -0.64461E+01
 -0.76604E+01 -0.83081E+01 -0.87197E+01 -0.88728E+01 -0.85975E+01 -0.78862E+01
 -0.69356E+01 -0.59207E+01 -0.48273E+01 -0.36247E+01 -0.25404E+01 -0.19505E+01
 -0.19646E+01 -0.23330E+01 -0.27893E+01 -0.32388E+01 -0.35506E+01 -0.34416E+01
 -0.27586E+01 -0.17351E+01 -0.78466E+00 -0.79896E-01  0.53639E+00  0.12383E+01
  0.19233E+01  0.22457E+01  0.18921E+01  0.86380E+00 -0.43112E+00 -0.14355E+01
 -0.19168E+01 -0.21652E+01 -0.26359E+01 -0.34726E+01 -0.45253E+01 -0.57513E+01
 -0.72773E+01 -0.89097E+01 -0.99014E+01 -0.96076E+01 -0.82970E+01 -0.69126E+01
 -0.60445E+01 -0.55114E+01 -0.49355E+01 -0.42534E+01 -0.35431E+01 -0.27570E+01
 -0.18895E+01 -0.11731E+01 -0.82759E+00 -0.69735E+00 -0.37391E+00  0.31445E+00
  0.10950E+01  0.15663E+01  0.16080E+01  0.14154E+01  0.12373E+01  0.12258E+01
  0.15326E+01  0.23641E+01  0.37499E+01  0.52843E+01  0.62848E+01  0.62995E+01
  0.53954E+01  0.39874E+01  0.25257E+01  0.13415E+01  0.59336E+00  0.23021E+00
  0.53739E-01 -0.11971E+00 -0.36112E+00 -0.66652E+00 -0.10007E+01 -0.12541E+01
 -0.11855E+01 -0.51046E+00  0.85056E+00  0.25655E+01  0.39823E+01  0.45304E+01
  0.41188E+01  0.31719E+01  0.22385E+01  0.14762E+01  0.51562E+00 -0.10549E+01
 -0.30758E+01 -0.48449E+01 -0.57368E+01 -0.55260E+01 -0.41437E+01 -0.16384E+01
  0.14048E+01  0.38994E+01  0.51077E+01  0.52227E+01  0.48861E+01  0.44088E+01
  0.37178E+01  0.28443E+01  0.21160E+01  0.18790E+01  0.21997E+01  0.29018E+01
  0.38438E+01  0.51351E+01  0.69941E+01  0.93183E+01  0.11488E+02  0.12758E+02
  0.12825E+02  0.11886E+02  0.10243E+02  0.80462E+01  0.54255E+01  0.26382E+01
 -0.41011E-01 -0.25018E+01 -0.46759E+01 -0.61981E+01 -0.63396E+01 -0.45119E+01
 -0.91924E+00  0.33723E+01  0.70891E+01  0.94836E+01  0.10527E+02  0.10539E+02
  0.97106E+01  0.80738E+01  0.59383E+01  0.39967E+01  0.26851E+01  0.18012E+01
  0.12690E+01  0.18617E+01  0.42521E+01  0.75438E+01  0.98780E+01  0.10637E+02
  0.10911E+02  0.11582E+02  0.12115E+02  0.11678E+02  0.10363E+02  0.87765E+01
  0.71816E+01  0.55757E+01  0.41103E+01  0.30144E+01  0.23311E+01  0.19706E+01
  0.19167E+01  0.22597E+01  0.30432E+01  0.40688E+01  0.48128E+01  0.46588E+01
  0.33946E+01  0.14649E+01 -0.39598E+00 -0.17534E+01 -0.26198E+01 -0.31635E+01
 -0.35109E+01 -0.38479E+01 -0.44733E+01 -0.55978E+01 -0.70983E+01 -0.85250E+01
 -0.93857E+01 -0.95264E+01 -0.92103E+01 -0.86358E+01 -0.74450E+01 -0.51127E+01
 -0.18697E+01  0.12175E+01  0.32313E+01  0.40893E+01  0.41757E+01  0.37856E+01
  0.31735E+01  0.27376E+01  0.27411E+01  0.30177E+01  0.32532E+01  0.34109E+01
  0.35856E+01  0.36153E+01  0.32139E+01  0.24271E+01  0.16441E+01  0.11889E+01
  0.11114E+01  0.12699E+01  0.14064E+01  0.12565E+01  0.80264E+00  0.32498E+00
  0.47163E-01 -0.11731E+00 -0.29529E+00 -0.28384E+00  0.30547E+00  0.15365E+01
  0.29949E+01  0.42218E+01  0.51083E+01  0.56786E+01  0.56930E+01  0.48681E+01
  0.34785E+01  0.23063E+01  0.18356E+01  0.18657E+01  0.20589E+01  0.23562E+01
  0.25497E+01  0.20120E+01  0.43452E+00 -0.15030E+01 -0.27543E+01 -0.30322E+01
 -0.28932E+01 -0.28628E+01 -0.28998E+01 -0.26845E+01 -0.20854E+01 -0.12676E+01
 -0.51209E+00  0.11386E-01  0.38976E+00  0.91203E+00  0.17838E+01  0.28717E+01
  0.38085E+01  0.43481E+01  0.44913E+01  0.42999E+01  0.38270E+01  0.32830E+01
  0.30115E+01  0.31742E+01  0.35831E+01  0.38934E+01  0.38484E+01  0.33465E+01
  0.24050E+01  0.11247E+01 -0.34549E+00 -0.18308E+01 -0.31344E+01 -0.40714E+01
 -0.45773E+01 -0.48158E+01 -0.50589E+01 -0.53329E+01 -0.52421E+01 -0.43723E+01
 -0.28897E+01 -0.15011E+01 -0.72429E+00 -0.39061E+00  0.31960E-01  0.81873E+00
  0.18304E+01  0.28197E+01  0.36608E+01  0.42369E+01  0.43091E+01  0.37336E+01
  0.28001E+01  0.20925E+01  0.19092E+01  0.20000E+01  0.19744E+01  0.17480E+01
  0.14305E+01  0.97397E+00  0.22981E+00 -0.67952E+00 -0.13315E+01 -0.14753E+01
 -0.13701E+01 -0.15096E+01 -0.20890E+01 -0.28352E+01 -0.32974E+01 -0.32367E+01
 -0.27792E+01 -0.22461E+01 -0.18796E+01 -0.18160E+01 -0.22677E+01 -0.34440E+01
 -0.51413E+01 -0.66846E+01 -0.75993E+01 -0.81157E+01 -0.85585E+01 -0.84123E+01
 -0.67274E+01 -0.36063E+01 -0.54957E+00  0.11026E+01  0.14432E+01  0.12457E+01
  0.60649E+00 -0.95136E+00 -0.34269E+01 -0.60675E+01 -0.79227E+01 -0.82261E+01
 -0.66371E+01 -0.37074E+01 -0.80512E+00  0.93783E+00  0.12702E+01  0.17960E+00
 -0.25223E+01 -0.63449E+01 -0.97434E+01 -0.11511E+02 -0.12017E+02 -0.12386E+02
 -0.13008E+02 -0.13479E+02 -0.13510E+02 -0.13252E+02 -0.12955E+02 -0.12758E+02
 -0.12590E+02 -0.12021E+02 -0.10508E+02 -0.81017E+01 -0.56711E+01 -0.41776E+01
 -0.38471E+01 -0.41933E+01 -0.45969E+01 -0.46811E+01 -0.42967E+01 -0.34558E+01
 -0.23854E+01 -0.15477E+01 -0.14059E+01 -0.20600E+01 -0.31436E+01 -0.41489E+01
 -0.48070E+01 -0.51203E+01 -0.51248E+01 -0.47643E+01 -0.39771E+01 -0.28395E+01
 -0.16328E+01 -0.76417E+00 -0.49979E+00 -0.74593E+00 -0.11734E+01 -0.15274E+01
 -0.17272E+01 -0.17388E+01 -0.15235E+01 -0.11091E+01 -0.59022E+00 -0.12447E-01
  0.66532E+00  0.14894E+01  0.24562E+01  0.35524E+01  0.47638E+01  0.59912E+01
  0.69662E+01  0.73108E+01  0.68184E+01  0.57600E+01  0.48087E+01  0.44748E+01
  0.46815E+01  0.50523E+01  0.55067E+01  0.62742E+01  0.73217E+01  0.81179E+01
  0.81324E+01  0.73477E+01  0.61284E+01  0.48230E+01  0.37034E+01  0.30892E+01
  0.31884E+01  0.38058E+01  0.44804E+01  0.50190E+01  0.57079E+01  0.68571E+01
  0.83043E+01  0.95311E+01  0.10157E+02  0.10124E+02  0.95211E+01  0.85112E+01
  0.74248E+01  0.66574E+01  0.63508E+01  0.63401E+01  0.64810E+01  0.68296E+01
  0.73491E+01  0.75991E+01  0.70080E+01  0.54790E+01  0.35305E+01  0.17597E+01
  0.34047E+00 -0.86529E+00 -0.19110E+01 -0.26902E+01 -0.31782E+01 -0.35355E+01
 -0.39066E+01 -0.42484E+01 -0.44254E+01 -0.43511E+01 -0.39444E+01 -0.30907E+01
 -0.18091E+01 -0.36133E+00  0.95658E+00  0.20661E+01  0.30369E+01  0.38440E+01
  0.43276E+01  0.43489E+01  0.39175E+01  0.32295E+01  0.26454E+01  0.24700E+01
  0.26261E+01  0.26848E+01  0.23545E+01  0.17724E+01  0.11887E+01  0.59719E+00
 -0.14894E+00 -0.10692E+01 -0.20497E+01 -0.28925E+01 -0.32850E+01 -0.30015E+01
 -0.22618E+01 -0.16478E+01 -0.15407E+01 -0.18127E+01 -0.21325E+01 -0.23668E+01
 -0.25667E+01 -0.26941E+01 -0.25336E+01 -0.19131E+01 -0.94851E+00 -0.11876E-01
  0.55741E+00  0.69544E+00  0.61151E+00  0.60154E+00  0.88396E+00  0.15218E+01
  0.23716E+01  0.30923E+01  0.33508E+01  0.31136E+01  0.26567E+01  0.22359E+01
  0.18537E+01  0.14263E+01  0.10358E+01  0.85921E+00  0.95176E+00  0.12699E+01
  0.18065E+01  0.24493E+01  0.27397E+01  0.21307E+01  0.70398E+00 -0.57783E+00
 -0.64460E+00  0.64700E+00  0.24314E+01  0.37547E+01  0.43628E+01  0.46046E+01
  0.48683E+01  0.52291E+01  0.54387E+01  0.51353E+01  0.42216E+01  0.30838E+01
  0.22810E+01  0.20063E+01  0.20333E+01  0.21196E+01  0.22045E+01  0.22065E+01
  0.19418E+01  0.13926E+01  0.88051E+00  0.80781E+00  0.12799E+01  0.20501E+01
  0.27443E+01  0.30186E+01  0.25649E+01  0.12188E+01 -0.75498E+00 -0.26314E+01
 -0.37517E+01 -0.40446E+01 -0.38035E+01 -0.30578E+01 -0.15453E+01  0.67303E+00
  0.29374E+01  0.44903E+01  0.50927E+01  0.50236E+01  0.45743E+01  0.37200E+01
  0.23633E+01  0.77050E+00 -0.45699E+00 -0.84352E+00 -0.30427E+00  0.98200E+00
  0.27091E+01  0.44441E+01  0.57295E+01  0.62959E+01  0.61467E+01  0.54564E+01
  0.44336E+01  0.32712E+01  0.21711E+01  0.13564E+01  0.10165E+01  0.12437E+01
  0.19998E+01  0.30538E+01  0.39368E+01  0.41074E+01  0.33081E+01  0.17862E+01
  0.11222E+00 -0.12328E+01 -0.20927E+01 -0.25313E+01 -0.26579E+01 -0.26102E+01
 -0.25768E+01 -0.27089E+01 -0.30237E+01 -0.34286E+01 -0.37996E+01 -0.40370E+01
 -0.40965E+01 -0.40068E+01 -0.38573E+01 -0.37740E+01 -0.38649E+01 -0.41405E+01
 -0.44841E+01 -0.47320E+01 -0.48195E+01 -0.48686E+01 -0.51047E+01 -0.56166E+01
 -0.61914E+01 -0.64934E+01 -0.64248E+01 -0.61932E+01 -0.60230E+01 -0.59882E+01
 -0.61645E+01 -0.66853E+01 -0.74457E+01 -0.78963E+01 -0.74188E+01 -0.59455E+01
 -0.40744E+01 -0.25653E+01 -0.18683E+01 -0.20713E+01 -0.30143E+01 -0.43311E+01
 -0.55549E+01 -0.63403E+01 -0.66110E+01 -0.65192E+01 -0.63020E+01 -0.61189E+01
 -0.59654E+01 -0.57586E+01 -0.55016E+01 -0.52843E+01 -0.51156E+01 -0.48475E+01
 -0.43345E+01 -0.36494E+01 -0.30802E+01 -0.29059E+01 -0.32189E+01 -0.39494E+01
 -0.49603E+01 -0.60769E+01 -0.70868E+01 -0.77519E+01 -0.78430E+01 -0.72763E+01
 -0.62906E+01 -0.54047E+01 -0.50484E+01 -0.52357E+01 -0.56429E+01 -0.59101E+01
 -0.57474E+01 -0.49191E+01 -0.34740E+01 -0.20001E+01 -0.12817E+01 -0.15698E+01
 -0.23929E+01 -0.31031E+01 -0.33778E+01 -0.32162E+01 -0.27446E+01 -0.21454E+01
 -0.16220E+01 -0.12613E+01 -0.95001E+00 -0.52977E+00 -0.34062E-01  0.37798E+00
  0.73669E+00  0.12806E+01  0.20315E+01  0.25776E+01  0.25154E+01  0.19810E+01
  0.15010E+01  0.13618E+01  0.13261E+01  0.96923E+00  0.14269E+00 -0.90814E+00
 -0.17961E+01 -0.22992E+01 -0.24196E+01 -0.22307E+01 -0.17952E+01 -0.12450E+01
 -0.77637E+00 -0.46557E+00 -0.20346E+00  0.95077E-01  0.33868E+00  0.40811E+00
  0.32488E+00  0.17497E+00  0.33304E-01  0.64699E-01  0.46513E+00  0.10931E+01
  0.13666E+01  0.82113E+00 -0.29182E+00 -0.11812E+01 -0.12715E+01 -0.62427E+00
  0.35080E+00  0.13691E+01  0.23165E+01  0.29713E+01  0.30023E+01  0.23940E+01
  0.16610E+01  0.13975E+01  0.17048E+01  0.22334E+01  0.26542E+01  0.28829E+01
  0.29651E+01  0.29707E+01  0.29691E+01  0.29734E+01  0.29452E+01  0.29051E+01
  0.29221E+01  0.29382E+01  0.27422E+01  0.22156E+01  0.15047E+01  0.88876E+00
  0.55727E+00  0.53578E+00  0.72076E+00  0.94632E+00  0.10966E+01  0.11887E+01
  0.13146E+01  0.15030E+01  0.16757E+01  0.17530E+01  0.17837E+01  0.19277E+01
  0.22687E+01  0.26481E+01  0.27531E+01  0.23990E+01  0.16882E+01  0.87999E+00
  0.16348E+00 -0.41188E+00 -0.85409E+00 -0.11692E+01 -0.13844E+01 -0.15587E+01
 -0.17405E+01 -0.19374E+01 -0.21297E+01 -0.22769E+01 -0.23215E+01 -0.22405E+01
 -0.21129E+01 -0.20893E+01 -0.22675E+01 -0.26075E+01 -0.29779E+01 -0.32501E+01
 -0.33251E+01 -0.31317E+01 -0.26730E+01 -0.20622E+01 -0.14763E+01 -0.10593E+01
 -0.87321E+00 -0.88891E+00 -0.99687E+00 -0.10472E+01 -0.91336E+00 -0.53041E+00
  0.74344E-01  0.72931E+00  0.11737E+01  0.13079E+01  0.13551E+01  0.16145E+01
  0.20684E+01  0.24114E+01  0.24582E+01  0.23052E+01  0.20306E+01  0.14737E+01
  0.50184E+00 -0.65806E+00 -0.16029E+01 -0.22040E+01 -0.26438E+01 -0.30447E+01
 -0.33128E+01 -0.33855E+01 -0.34044E+01 -0.35423E+01 -0.37784E+01 -0.39256E+01
 -0.38045E+01 -0.33436E+01 -0.25999E+01 -0.17423E+01 -0.95817E+00 -0.31205E+00
  0.26601E+00  0.81593E+00  0.12437E+01  0.14694E+01  0.16191E+01  0.19262E+01
  0.24182E+01  0.28193E+01  0.28142E+01  0.23555E+01  0.17115E+01  0.12392E+01
  0.10967E+01  0.12307E+01  0.16954E+01  0.27866E+01  0.45580E+01  0.63261E+01
  0.70654E+01  0.63650E+01  0.47554E+01  0.31197E+01  0.20018E+01  0.14605E+01
  0.13881E+01  0.18426E+01  0.29359E+01  0.43980E+01  0.55594E+01  0.59987E+01
  0.59704E+01  0.59816E+01  0.61624E+01  0.62541E+01  0.59852E+01  0.52769E+01
  0.42742E+01  0.33274E+01  0.27695E+01  0.25973E+01  0.25029E+01  0.22592E+01
  0.19073E+01  0.15497E+01  0.12012E+01  0.90701E+00  0.77003E+00  0.75619E+00
  0.68592E+00  0.54475E+00  0.61808E+00  0.11582E+01  0.20307E+01  0.28609E+01
  0.34744E+01  0.39956E+01  0.45130E+01  0.48669E+01  0.48626E+01  0.45359E+01
  0.40988E+01  0.37112E+01  0.33884E+01  0.30812E+01  0.27728E+01  0.24891E+01
  0.22362E+01  0.19878E+01  0.17760E+01  0.17541E+01  0.20747E+01  0.27021E+01
  0.33960E+01  0.38572E+01  0.38519E+01  0.32986E+01  0.23810E+01  0.15180E+01
  0.10620E+01  0.10240E+01  0.11645E+01  0.12986E+01  0.14145E+01  0.15409E+01
  0.16144E+01  0.15176E+01  0.12391E+01  0.10121E+01  0.12369E+01  0.21463E+01
  0.35324E+01  0.49125E+01  0.59624E+01  0.66513E+01  0.69552E+01  0.66654E+01
  0.56306E+01  0.40925E+01  0.26291E+01  0.17545E+01  0.16004E+01  0.19267E+01
  0.23597E+01  0.26487E+01  0.27692E+01  0.28086E+01  0.27728E+01  0.25752E+01
  0.22385E+01  0.20013E+01  0.20998E+01  0.24836E+01  0.28887E+01  0.31832E+01
  0.34712E+01  0.38556E+01  0.42764E+01  0.46284E+01  0.48489E+01  0.48462E+01
  0.45295E+01  0.40091E+01  0.35929E+01  0.34657E+01  0.34625E+01  0.32425E+01
  0.26114E+01  0.16336E+01  0.54907E+00 -0.35970E+00 -0.93218E+00 -0.12314E+01
 -0.14185E+01 -0.15091E+01 -0.13405E+01 -0.82396E+00 -0.16358E+00  0.26237E+00
  0.25237E+00 -0.51267E-01 -0.38453E+00 -0.65549E+00 -0.90623E+00 -0.10673E+01
 -0.95106E+00 -0.52715E+00 -0.59752E-01  0.10295E+00 -0.18781E+00 -0.82940E+00
 -0.16150E+01 -0.23626E+01 -0.29314E+01 -0.32285E+01 -0.32857E+01 -0.32825E+01
 -0.33738E+01 -0.35026E+01 -0.35114E+01 -0.34295E+01 -0.34581E+01 -0.36386E+01
 -0.37491E+01 -0.36227E+01 -0.33558E+01 -0.31070E+01 -0.29325E+01 -0.29608E+01
 -0.34592E+01 -0.44911E+01 -0.56828E+01 -0.65688E+01 -0.70656E+01 -0.73833E+01
 -0.75434E+01 -0.72204E+01 -0.61185E+01 -0.43695E+01 -0.24881E+01 -0.10291E+01
 -0.32944E+00 -0.43699E+00 -0.11347E+01 -0.20536E+01 -0.28801E+01 -0.34780E+01
 -0.38082E+01 -0.38172E+01 -0.34547E+01 -0.27147E+01 -0.16440E+01 -0.39414E+00
  0.74117E+00  0.14759E+01  0.17512E+01  0.17433E+01  0.16435E+01  0.14645E+01
  0.10641E+01  0.35631E+00 -0.50954E+00 -0.12276E+01 -0.15999E+01 -0.16663E+01
 -0.15660E+01 -0.13585E+01 -0.10394E+01 -0.66665E+00 -0.37954E+00 -0.27389E+00
 -0.30343E+00 -0.33774E+00 -0.29349E+00 -0.16597E+00  0.35171E-01  0.29836E+00
  0.56040E+00  0.72420E+00  0.74834E+00  0.67935E+00  0.59614E+00  0.55834E+00
  0.59410E+00  0.69170E+00  0.80403E+00  0.89376E+00  0.97137E+00  0.10583E+01
  0.11236E+01  0.11003E+01  0.97193E+00  0.79702E+00  0.63047E+00  0.46016E+00
  0.25479E+00  0.46598E-01 -0.80018E-01 -0.80921E-01  0.11948E-02  0.85949E-01
  0.12127E+00  0.91068E-01 -0.78093E-02 -0.15893E+00 -0.30640E+00 -0.38298E+00
 -0.36988E+00 -0.30313E+00 -0.21648E+00 -0.11355E+00 -0.46768E-02  0.70681E-01
  0.83806E-01  0.53493E-01  0.21122E-01  0.56331E-02 -0.97702E-03 -0.82250E-02
 -0.16253E-01 -0.24943E-01 -0.39369E-01 -0.64199E-01 -0.98905E-01 -0.13761E+00
 -0.17059E+00 -0.18910E+00 -0.19249E+00 -0.18861E+00 -0.18481E+00 -0.18126E+00
 -0.17498E+00 -0.16730E+00 -0.16355E+00 -0.16603E+00 -0.17096E+00 -0.17283E+00
 -0.16970E+00 -0.16336E+00 -0.15638E+00 -0.15016E+00 -0.14495E+00 -0.14046E+00
 -0.13628E+00 -0.13215E+00 -0.12798E+00 -0.12366E+00 -0.11919E+00 -0.11470E+00
 -0.11044E+00 -0.10633E+00 -0.10198E+00 -0.97241E-01 -0.92538E-01 -0.88471E-01
 -0.85166E-01 -0.82327E-01 -0.79659E-01 -0.77161E-01 -0.74895E-01 -0.72773E-01
 -0.70591E-01 -0.68290E-01 -0.65996E-01 -0.63787E-01 -0.61651E-01 -0.59533E-01
 -0.57420E-01 -0.55318E-01 -0.53258E-01 -0.51250E-01 -0.49287E-01 -0.47349E-01
 -0.45425E-01 -0.43497E-01 -0.41533E-01 -0.39594E-01 -0.37648E-01 -0.35736E-01
 -0.33829E-01 -0.31929E-01 -0.30036E-01 -0.28163E-01 -0.26323E-01 -0.24486E-01
 -0.22663E-01 -0.20865E-01 -0.19085E-01 -0.17312E-01 -0.15559E-01 -0.13823E-01
 -0.12090E-01 -0.10375E-01 -0.86797E-02 -0.69933E-02 -0.53132E-02 -0.36571E-02
 -0.20174E-02 -0.38112E-03  0.12410E-02  0.28348E-02  0.44286E-02  0.60111E-02
  0.75753E-02  0.91203E-02  0.10667E-01  0.12189E-01  0.13708E-01  0.15205E-01
  0.16695E-01  0.18162E-01  0.19632E-01  0.21072E-01  0.22506E-01  0.23924E-01
  0.25341E-01  0.26733E-01  0.28115E-01  0.29485E-01  0.30843E-01  0.32184E-01
  0.33521E-01  0.34844E-01  0.36146E-01  0.37436E-01  0.38720E-01  0.39987E-01
  0.41242E-01  0.42483E-01  0.43719E-01  0.44930E-01  0.46125E-01  0.47313E-01
