  Time his fn  matched to spectrum:Sclrel_output/sta3.h.freq.tgt                
   3804    5.00000E-03  0  0  0.  0.  0.  0.  0.
 -0.63960E+00 -0.63872E+00 -0.63828E+00 -0.63832E+00 -0.63888E+00 -0.63992E+00
 -0.64156E+00 -0.64381E+00 -0.64671E+00 -0.65029E+00 -0.65450E+00 -0.65953E+00
 -0.66537E+00 -0.67165E+00 -0.67856E+00 -0.68371E+00 -0.67498E+00 -0.63660E+00
 -0.59059E+00 -0.63676E+00 -0.90713E+00 -0.14326E+01 -0.20349E+01 -0.23134E+01
 -0.18273E+01 -0.67668E+00 -0.32944E-01 -0.11797E+01 -0.31602E+01 -0.26070E+01
  0.21820E+01  0.81392E+01  0.11088E+02  0.11206E+02  0.11184E+02  0.10308E+02
  0.55468E+01 -0.14736E+01 -0.40675E+01  0.99313E+00  0.82082E+01  0.90271E+01
  0.10140E+01 -0.10659E+02 -0.19792E+02 -0.24368E+02 -0.24423E+02 -0.18643E+02
 -0.78135E+01  0.50194E+00 -0.16807E+01 -0.10679E+02 -0.12961E+02 -0.19375E+01
  0.13864E+02  0.22570E+02  0.22076E+02  0.17832E+02  0.14244E+02  0.12906E+02
  0.14263E+02  0.16578E+02  0.16230E+02  0.11681E+02  0.53703E+01  0.62424E+00
 -0.18674E+01 -0.36797E+01 -0.50024E+01 -0.28193E+01  0.46817E+01  0.12596E+02
  0.12883E+02  0.42001E+01 -0.68485E+01 -0.14991E+02 -0.20338E+02 -0.21520E+02
 -0.14018E+02 -0.14093E+01  0.13031E+01 -0.12324E+02 -0.23176E+02 -0.64248E+01
  0.31627E+02  0.54562E+02  0.39919E+02  0.57375E+01 -0.16973E+02 -0.22243E+02
 -0.24380E+02 -0.28462E+02 -0.26285E+02 -0.16252E+02 -0.75703E+01 -0.44654E+01
 -0.12849E+01  0.55232E+01  0.11951E+02  0.12938E+02  0.63336E+01 -0.71078E+01
 -0.21803E+02 -0.30291E+02 -0.31946E+02 -0.31227E+02 -0.25792E+02 -0.83771E+01
  0.16808E+02  0.33267E+02  0.32425E+02  0.22705E+02  0.15162E+02  0.11556E+02
  0.10322E+02  0.13674E+02  0.22093E+02  0.28028E+02  0.23118E+02  0.10382E+02
  0.12969E+01 -0.66466E+00 -0.41699E+01 -0.13263E+02 -0.17991E+02 -0.10846E+02
 -0.18046E+01 -0.43692E+01 -0.14361E+02 -0.15935E+02 -0.45375E+01  0.74388E+01
  0.63010E+01 -0.88588E+01 -0.26117E+02 -0.31248E+02 -0.20763E+02 -0.51407E+01
  0.37604E+01  0.52439E+01  0.53756E+01  0.72627E+01  0.13474E+02  0.28954E+02
  0.49868E+02  0.58445E+02  0.42947E+02  0.15550E+02 -0.32343E+01 -0.95956E+01
 -0.11619E+02 -0.91942E+01  0.30837E+01  0.19016E+02  0.25226E+02  0.20609E+02
  0.15375E+02  0.11276E+02 -0.54324E+00 -0.18791E+02 -0.26700E+02 -0.16552E+02
 -0.38268E+01 -0.28991E+01 -0.23902E+01  0.15131E+02  0.38207E+02  0.37079E+02
  0.84280E+01 -0.17048E+02 -0.18072E+02 -0.90099E+01 -0.10717E+02 -0.17560E+02
 -0.12310E+02  0.13885E+01  0.36234E+01 -0.97128E+01 -0.18255E+02 -0.35603E+01
  0.26343E+02  0.44463E+02  0.35582E+02  0.15532E+02  0.13517E+02  0.35101E+02
  0.54502E+02  0.49563E+02  0.30298E+02  0.19760E+02  0.18671E+02  0.88135E+01
 -0.12444E+02 -0.22944E+02 -0.74423E+01  0.18022E+02  0.25922E+02  0.11732E+02
 -0.55883E+01 -0.12567E+02 -0.14327E+02 -0.17929E+02 -0.18849E+02 -0.11326E+02
 -0.11017E+01  0.77855E+00 -0.90000E+01 -0.24177E+02 -0.35225E+02 -0.35413E+02
 -0.25440E+02 -0.11973E+02  0.13732E+01  0.17113E+02  0.33918E+02  0.41639E+02
  0.34147E+02  0.20432E+02  0.13457E+02  0.12512E+02  0.62367E+01 -0.91634E+01
 -0.23054E+02 -0.21496E+02 -0.47858E+00  0.30102E+02  0.52373E+02  0.53835E+02
  0.38347E+02  0.20850E+02  0.99971E+01  0.20573E+01 -0.78361E+01 -0.19568E+02
 -0.35652E+02 -0.59149E+02 -0.76777E+02 -0.63130E+02 -0.16449E+02  0.26571E+02
  0.31019E+02  0.69183E+01 -0.69410E+01  0.67483E+01  0.28465E+02  0.32668E+02
  0.17275E+02 -0.58902E+00 -0.85907E+01 -0.10663E+02 -0.14742E+02 -0.18137E+02
 -0.13503E+02 -0.46421E+01 -0.43706E+01 -0.15377E+02 -0.22649E+02 -0.10142E+02
  0.18016E+02  0.37819E+02  0.30580E+02  0.58124E+01 -0.97022E+01 -0.54800E+01
  0.47228E+01  0.99130E+01  0.15235E+02  0.22352E+02  0.21595E+02  0.13619E+02
  0.13673E+02  0.22501E+02  0.17663E+02 -0.12232E+02 -0.45909E+02 -0.56215E+02
 -0.41783E+02 -0.20352E+02 -0.60034E+01 -0.43219E+01 -0.16005E+02 -0.32342E+02
 -0.36849E+02 -0.23411E+02 -0.61009E+01 -0.60383E+00 -0.27711E+01  0.20315E+01
  0.13942E+02  0.18798E+02  0.12367E+02  0.79323E+01  0.15442E+02  0.26510E+02
  0.26894E+02  0.14298E+02 -0.30165E+01 -0.17685E+02 -0.26524E+02 -0.28018E+02
 -0.23542E+02 -0.18020E+02 -0.14034E+02 -0.75845E+01  0.49312E+01  0.16572E+02
  0.12699E+02 -0.12671E+02 -0.45293E+02 -0.60038E+02 -0.44420E+02 -0.10882E+02
  0.17034E+02  0.27791E+02  0.27312E+02  0.25139E+02  0.22368E+02  0.13873E+02
 -0.16108E+01 -0.15512E+02 -0.15008E+02  0.19530E+01  0.18490E+02  0.12789E+02
 -0.17702E+02 -0.51828E+02 -0.66081E+02 -0.55105E+02 -0.30524E+02 -0.68399E+01
  0.80237E+01  0.13523E+02  0.14270E+02  0.17380E+02  0.27333E+02  0.39723E+02
  0.42805E+02  0.30664E+02  0.12747E+02  0.33263E+01  0.35681E+01  0.30234E+01
 -0.23298E+01 -0.33274E+01  0.96732E+01  0.33329E+02  0.52669E+02  0.55194E+02
  0.43042E+02  0.28733E+02  0.19926E+02  0.13889E+02  0.59834E+01 -0.34924E+01
 -0.10667E+02 -0.11229E+02 -0.43911E+01  0.23622E+01 -0.28942E+01 -0.22239E+02
 -0.40274E+02 -0.37585E+02 -0.13549E+02  0.96315E+01  0.10818E+02 -0.57792E+01
 -0.17219E+02 -0.10363E+02  0.55387E+01  0.15165E+02  0.15377E+02  0.11948E+02
  0.83163E+01  0.62388E+01  0.90368E+01  0.14909E+02  0.16118E+02  0.13551E+02
  0.20529E+02  0.41727E+02  0.60034E+02  0.56249E+02  0.32190E+02  0.40171E+01
 -0.17304E+02 -0.28395E+02 -0.27658E+02 -0.20064E+02 -0.18835E+02 -0.29143E+02
 -0.35995E+02 -0.18846E+02  0.23957E+02  0.69024E+02  0.84987E+02  0.60363E+02
  0.18318E+02 -0.53089E+01 -0.35588E+01 -0.43282E+01 -0.27490E+02 -0.54478E+02
 -0.55198E+02 -0.29092E+02 -0.72833E+00  0.12896E+02  0.11708E+02  0.56636E+00
 -0.11686E+02 -0.90428E+01  0.16116E+02  0.47676E+02  0.60728E+02  0.49143E+02
  0.28338E+02  0.15697E+02  0.16816E+02  0.25447E+02  0.29648E+02  0.22843E+02
  0.12881E+02  0.13683E+02  0.25565E+02  0.33056E+02  0.26266E+02  0.14351E+02
  0.10755E+02  0.13503E+02  0.92419E+01 -0.75441E+01 -0.27007E+02 -0.34098E+02
 -0.22593E+02 -0.91432E+00  0.14313E+02  0.13030E+02  0.94060E+00 -0.79618E+01
 -0.67601E+01  0.21285E+00  0.67523E+01  0.12159E+02  0.18421E+02  0.24835E+02
  0.27258E+02  0.21193E+02  0.66525E+01 -0.86404E+01 -0.13509E+02 -0.35143E+01
  0.13923E+02  0.25436E+02  0.22245E+02  0.71283E+01 -0.65556E+01 -0.66595E+01
  0.21772E+01 -0.20855E+00 -0.24725E+02 -0.53746E+02 -0.57240E+02 -0.27533E+02
  0.11172E+02  0.28648E+02  0.15800E+02 -0.14160E+02 -0.40112E+02 -0.43814E+02
 -0.18997E+02  0.18598E+02  0.38803E+02  0.27942E+02  0.56547E+01 -0.16886E+01
  0.43339E+01  0.12488E+01 -0.21570E+02 -0.53696E+02 -0.77948E+02 -0.77981E+02
 -0.44830E+02  0.44917E+01  0.28715E+02  0.51550E+01 -0.39733E+02 -0.61865E+02
 -0.49645E+02 -0.24515E+02 -0.52877E+01  0.59680E+01  0.10084E+02  0.42193E+01
 -0.91861E+01 -0.19363E+02 -0.17526E+02 -0.71192E+01 -0.23844E+01 -0.14495E+02
 -0.36388E+02 -0.46146E+02 -0.32116E+02 -0.94477E+01 -0.22623E+01 -0.13796E+02
 -0.25285E+02 -0.22396E+02 -0.11959E+02 -0.10665E+02 -0.24241E+02 -0.41388E+02
 -0.45628E+02 -0.29825E+02 -0.15843E+00  0.29641E+02  0.46571E+02  0.46347E+02
  0.37088E+02  0.30824E+02  0.27831E+02  0.15732E+02 -0.10411E+02 -0.35047E+02
 -0.38250E+02 -0.19442E+02  0.42612E+01  0.19468E+02  0.26828E+02  0.32620E+02
  0.40316E+02  0.50728E+02  0.60530E+02  0.58977E+02  0.36723E+02  0.15161E+01
 -0.24923E+02 -0.29526E+02 -0.18493E+02 -0.45187E+01  0.40913E+01  0.29279E-01
 -0.20524E+02 -0.44592E+02 -0.46858E+02 -0.19094E+02  0.15986E+02  0.31748E+02
  0.28156E+02  0.23507E+02  0.27691E+02  0.39918E+02  0.62016E+02  0.93112E+02
  0.11739E+03  0.11639E+03  0.88623E+02  0.44675E+02 -0.48223E+01 -0.47710E+02
 -0.78243E+02 -0.11205E+03 -0.16320E+03 -0.20358E+03 -0.18472E+03 -0.10597E+03
 -0.23198E+02  0.16812E+02  0.17390E+02  0.29776E+01 -0.19503E+02 -0.55639E+02
 -0.97396E+02 -0.12070E+03 -0.10932E+03 -0.73073E+02 -0.38863E+02 -0.24563E+02
 -0.21926E+02 -0.78361E+01  0.25449E+02  0.58675E+02  0.70318E+02  0.61369E+02
  0.44230E+02  0.20315E+02 -0.14521E+02 -0.51823E+02 -0.75698E+02 -0.82135E+02
 -0.81653E+02 -0.87492E+02 -0.10878E+03 -0.14661E+03 -0.18426E+03 -0.18793E+03
 -0.13402E+03 -0.38969E+02  0.49224E+02  0.93457E+02  0.94812E+02  0.78722E+02
  0.64342E+02  0.51081E+02  0.30923E+02  0.10641E+02  0.13805E+02  0.48371E+02
  0.79441E+02  0.60298E+02 -0.69777E+01 -0.69379E+02 -0.88398E+02 -0.80227E+02
 -0.79419E+02 -0.86635E+02 -0.69484E+02 -0.68991E+01  0.74998E+02  0.11477E+03
  0.77590E+02  0.77152E+01 -0.95771E+01  0.49606E+02  0.12164E+03  0.15103E+03
  0.16009E+03  0.18571E+03  0.20207E+03  0.16395E+03  0.83424E+02  0.27903E+01
 -0.72930E+02 -0.15543E+03 -0.21594E+03 -0.21177E+03 -0.15279E+03 -0.88122E+02
 -0.39651E+02  0.20803E+01  0.28589E+02  0.14281E+02 -0.33116E+02 -0.70298E+02
 -0.72746E+02 -0.55453E+02 -0.39235E+02 -0.30424E+02 -0.32354E+02 -0.47263E+02
 -0.68939E+02 -0.92288E+02 -0.11694E+03 -0.12644E+03 -0.89078E+02 -0.37413E+01
  0.76173E+02  0.93257E+02  0.51045E+02  0.51775E+01 -0.67917E+01 -0.25399E+01
 -0.15254E+02 -0.42317E+02 -0.56807E+02 -0.52297E+02 -0.44509E+02 -0.38722E+02
 -0.29737E+02 -0.28890E+02 -0.56301E+02 -0.10359E+03 -0.13247E+03 -0.11711E+03
 -0.70064E+02 -0.21920E+02  0.10648E+02  0.31880E+02  0.53655E+02  0.83467E+02
  0.12064E+03  0.15798E+03  0.18728E+03  0.20206E+03  0.19119E+03  0.14107E+03
  0.60097E+02 -0.11246E+02 -0.40002E+02 -0.43392E+02 -0.67117E+02 -0.12249E+03
 -0.16518E+03 -0.14326E+03 -0.60496E+02  0.16590E+02  0.26328E+02 -0.14684E+02
 -0.31280E+02  0.84994E+01  0.52899E+02  0.53743E+02  0.37221E+02  0.35123E+02
  0.11533E+02 -0.58401E+02 -0.98260E+02 -0.29390E+02  0.84624E+02  0.11479E+03
  0.54633E+02 -0.11009E+01 -0.39167E+02 -0.12761E+03 -0.22763E+03 -0.19141E+03
 -0.84358E+01  0.12835E+03  0.10531E+03  0.55524E+02  0.10203E+03  0.12010E+03
 -0.44811E+02 -0.27686E+03 -0.33654E+03 -0.20271E+03 -0.57172E+02 -0.57558E+01
  0.42003E+01  0.29124E+02  0.41076E+02  0.55397E+01 -0.42207E+02 -0.35870E+02
  0.34662E+02  0.10344E+03  0.99490E+02  0.22055E+02 -0.67626E+02 -0.11283E+03
 -0.97019E+02 -0.33316E+02  0.42829E+02  0.76876E+02  0.33319E+02 -0.56697E+02
 -0.11172E+03 -0.83222E+02 -0.13727E+02  0.72698E+01 -0.50204E+02 -0.11232E+03
 -0.84072E+02  0.34415E+02  0.14876E+03  0.18755E+03  0.17041E+03  0.14259E+03
  0.10259E+03  0.39633E+02 -0.65689E+01  0.11302E+02  0.70934E+02  0.10775E+03
  0.10781E+03  0.11171E+03  0.12552E+03  0.94413E+02 -0.90037E+01 -0.12443E+03
 -0.17252E+03 -0.14593E+03 -0.92022E+02 -0.42349E+02 -0.83510E+01 -0.12092E+02
 -0.56951E+02 -0.87343E+02 -0.43454E+02  0.51977E+02  0.12115E+03  0.13615E+03
  0.13433E+03  0.13540E+03  0.11161E+03  0.52573E+02  0.12870E+01  0.11102E+01
  0.42205E+02  0.78202E+02  0.72817E+02  0.23832E+02 -0.35538E+02 -0.56139E+02
 -0.17510E+02  0.42575E+02  0.61554E+02  0.14347E+02 -0.71982E+02 -0.15210E+03
 -0.19062E+03 -0.17297E+03 -0.11441E+03 -0.51451E+02 -0.10233E+02  0.10522E+02
  0.20855E+02  0.20428E+02  0.14181E+02  0.35307E+02  0.11574E+03  0.21871E+03
  0.24385E+03  0.14801E+03  0.31777E+02  0.36913E+02  0.16544E+03  0.27442E+03
  0.25742E+03  0.15676E+03  0.74613E+02  0.45531E+02  0.36408E+02  0.16882E+02
 -0.17635E+02 -0.60797E+02 -0.98530E+02 -0.11775E+03 -0.12501E+03 -0.13235E+03
 -0.12914E+03 -0.10529E+03 -0.90708E+02 -0.12053E+03 -0.16449E+03 -0.14183E+03
 -0.17692E+02  0.14409E+03  0.23866E+03  0.22161E+03  0.14070E+03  0.67449E+02
  0.23771E+02 -0.56257E+01 -0.20257E+02 -0.27818E+01  0.40579E+02  0.68408E+02
  0.37718E+02 -0.50512E+02 -0.13358E+03 -0.13054E+03 -0.25831E+02  0.10384E+03
  0.17167E+03  0.16945E+03  0.13789E+03  0.80370E+02 -0.22309E+02 -0.12411E+03
 -0.13021E+03 -0.15619E+02  0.13934E+03  0.23622E+03  0.22826E+03  0.12168E+03
 -0.31379E+02 -0.14941E+03 -0.17662E+03 -0.12556E+03 -0.54970E+02 -0.18201E+02
 -0.31612E+02 -0.73797E+02 -0.10798E+03 -0.10775E+03 -0.68859E+02 -0.12630E+02
  0.23504E+02  0.25711E+02  0.32859E+02  0.88429E+02  0.16419E+03  0.18267E+03
  0.12532E+03  0.65015E+02  0.67974E+02  0.10655E+03  0.10234E+03  0.33225E+02
 -0.35602E+02 -0.31292E+02  0.33475E+02  0.71628E+02  0.30750E+02 -0.43934E+02
 -0.79730E+02 -0.69332E+02 -0.51132E+02 -0.33559E+02  0.42566E+01  0.55098E+02
  0.80553E+02  0.63802E+02  0.29750E+02  0.90008E+01  0.29564E+01 -0.74840E+01
 -0.25660E+02 -0.24954E+02  0.17074E+02  0.80718E+02  0.12210E+03  0.12060E+03
  0.85493E+02  0.29760E+02 -0.35770E+02 -0.95477E+02 -0.13924E+03 -0.16480E+03
 -0.15772E+03 -0.97653E+02 -0.24467E+01  0.68321E+02  0.82051E+02  0.78078E+02
  0.10859E+03  0.15304E+03  0.13868E+03  0.48891E+02 -0.39096E+02 -0.51540E+02
 -0.12516E+02 -0.62903E+00 -0.36566E+02 -0.61876E+02 -0.28496E+02  0.32627E+02
  0.53761E+02  0.16002E+02 -0.39719E+02 -0.75464E+02 -0.92384E+02 -0.10393E+03
 -0.10874E+03 -0.10077E+03 -0.83581E+02 -0.63625E+02 -0.41451E+02 -0.18100E+02
 -0.43798E+01 -0.10877E+02 -0.23617E+02 -0.49201E+01  0.62548E+02  0.14095E+03
  0.16894E+03  0.12574E+03  0.46021E+02 -0.21338E+02 -0.48675E+02 -0.33647E+02
  0.25923E+01  0.23158E+02  0.95460E+01 -0.11400E+02 -0.25626E+01  0.22110E+02
  0.65025E+01 -0.68314E+02 -0.14935E+03 -0.17645E+03 -0.14964E+03 -0.10254E+03
 -0.41166E+02  0.42702E+02  0.11615E+03  0.12328E+03  0.62166E+02 -0.78284E+01
 -0.44217E+02 -0.58985E+02 -0.70205E+02 -0.69438E+02 -0.56363E+02 -0.57670E+02
 -0.82480E+02 -0.92899E+02 -0.50425E+02  0.27122E+02  0.81866E+02  0.80978E+02
  0.45626E+02  0.18850E+02  0.22727E+02  0.46530E+02  0.58705E+02  0.28919E+02
 -0.41031E+02 -0.10372E+03 -0.10754E+03 -0.61633E+02 -0.32740E+02 -0.56273E+02
 -0.76639E+02 -0.17847E+02  0.94735E+02  0.14065E+03  0.55697E+02 -0.74966E+02
 -0.11911E+03 -0.54151E+02  0.32186E+02  0.73422E+02  0.95773E+02  0.15329E+03
  0.23611E+03  0.27107E+03  0.20529E+03  0.67317E+02 -0.66269E+02 -0.15254E+03
 -0.20456E+03 -0.23710E+03 -0.23537E+03 -0.19527E+03 -0.14840E+03 -0.11722E+03
 -0.87332E+02 -0.54671E+02 -0.53399E+02 -0.99416E+02 -0.14799E+03 -0.14738E+03
 -0.10162E+03 -0.44966E+02  0.14814E+02  0.89254E+02  0.16451E+03  0.20065E+03
  0.17499E+03  0.10709E+03  0.39181E+02  0.40969E+01  0.15631E+02  0.70107E+02
  0.13346E+03  0.14199E+03  0.61542E+02 -0.51393E+02 -0.98983E+02 -0.63480E+02
 -0.23138E+02 -0.29841E+02 -0.39290E+02 -0.14581E+01  0.45984E+02  0.39213E+02
 -0.35216E+00  0.80985E+01  0.82760E+02  0.15232E+03  0.15625E+03  0.11616E+03
  0.89825E+02  0.93143E+02  0.90489E+02  0.44812E+02 -0.35362E+02 -0.95158E+02
 -0.86668E+02 -0.27036E+02  0.19864E+02  0.27453E+02  0.32085E+02  0.56786E+02
  0.63338E+02  0.18734E+02 -0.40467E+02 -0.59788E+02 -0.43440E+02 -0.28023E+02
 -0.12231E+02  0.28490E+02  0.72871E+02  0.60804E+02 -0.19159E+02 -0.90213E+02
 -0.61476E+02  0.66564E+02  0.19018E+03  0.20965E+03  0.13785E+03  0.73216E+02
  0.72750E+02  0.10187E+03  0.11445E+03  0.11949E+03  0.14254E+03  0.17257E+03
  0.18028E+03  0.15610E+03  0.10789E+03  0.46728E+02 -0.10105E+02 -0.41716E+02
 -0.39488E+02 -0.14154E+02  0.11666E+02  0.19672E+02  0.16411E+02  0.30956E+02
  0.73908E+02  0.10878E+03  0.86721E+02  0.39874E+01 -0.89080E+02 -0.13202E+03
 -0.10770E+03 -0.58396E+02 -0.35269E+02 -0.27721E+02  0.20305E+02  0.10923E+03
  0.15348E+03  0.90379E+02 -0.28822E+02 -0.10508E+03 -0.11040E+03 -0.88632E+02
 -0.65441E+02 -0.15863E+02  0.75923E+02  0.16490E+03  0.18000E+03  0.10430E+03
 -0.62677E+01 -0.90808E+02 -0.13590E+03 -0.14467E+03 -0.10261E+03 -0.12413E+02
  0.74668E+02  0.10411E+03  0.78459E+02  0.50309E+02  0.67971E+02  0.13272E+03
  0.19257E+03  0.17975E+03  0.74960E+02 -0.65779E+02 -0.16229E+03 -0.18154E+03
 -0.14563E+03 -0.87405E+02 -0.26385E+02  0.19925E+02  0.32187E+02  0.21956E+01
 -0.60990E+02 -0.12862E+03 -0.15012E+03 -0.84071E+02  0.46244E+02  0.15642E+03
  0.18713E+03  0.16365E+03  0.14709E+03  0.15323E+03  0.15209E+03  0.13019E+03
  0.11103E+03  0.10764E+03  0.93447E+02  0.45198E+02 -0.97800E+01 -0.20995E+02
  0.19330E+02  0.64844E+02  0.72087E+02  0.50605E+02  0.42249E+02  0.54720E+02
  0.40563E+02 -0.35017E+02 -0.12053E+03 -0.11612E+03  0.74944E+00  0.12644E+03
  0.14235E+03  0.50462E+02 -0.41757E+02 -0.58499E+02 -0.34261E+02 -0.51110E+02
 -0.13146E+03 -0.21485E+03 -0.22828E+03 -0.15528E+03 -0.37883E+02  0.62425E+02
  0.10379E+03  0.95290E+02  0.91561E+02  0.12484E+03  0.14929E+03  0.93734E+02
 -0.38933E+02 -0.16977E+03 -0.23296E+03 -0.22120E+03 -0.15325E+03 -0.52123E+02
  0.38997E+02  0.67452E+02  0.18300E+02 -0.68318E+02 -0.13231E+03 -0.13779E+03
 -0.94477E+02 -0.50808E+02 -0.55685E+02 -0.11154E+03 -0.16766E+03 -0.16618E+03
 -0.94670E+02  0.29910E+01  0.61991E+02  0.47158E+02 -0.21105E+02 -0.87855E+02
 -0.11496E+03 -0.11230E+03 -0.11131E+03 -0.11146E+03 -0.77564E+02  0.67807E+00
  0.77820E+02  0.10661E+03  0.96879E+02  0.88767E+02  0.87342E+02  0.62056E+02
  0.31821E+01 -0.61329E+02 -0.11298E+03 -0.17070E+03 -0.24688E+03 -0.30115E+03
 -0.27725E+03 -0.17962E+03 -0.73350E+02 -0.48621E+01  0.33897E+02  0.51807E+02
  0.22232E+02 -0.65346E+02 -0.15896E+03 -0.19318E+03 -0.15834E+03 -0.85834E+02
  0.14431E+01  0.80053E+02  0.10614E+03  0.65149E+02  0.15077E+02  0.20801E+02
  0.63745E+02  0.70274E+02  0.16419E+02 -0.44044E+02 -0.54147E+02 -0.19066E+02
  0.11460E+02  0.54730E+01 -0.21077E+02 -0.32647E+02 -0.18906E+02 -0.26834E+01
 -0.10126E+02 -0.47206E+02 -0.10553E+03 -0.17046E+03 -0.21098E+03 -0.18734E+03
 -0.10069E+03 -0.19264E+02 -0.15155E+02 -0.78653E+02 -0.12833E+03 -0.10507E+03
 -0.30003E+02  0.30533E+02  0.36768E+02  0.83015E+01 -0.43650E+01  0.23429E+02
  0.63331E+02  0.67833E+02  0.27641E+02 -0.18569E+02 -0.33842E+02 -0.25046E+02
 -0.24298E+02 -0.41102E+02 -0.49679E+02 -0.23690E+02  0.27832E+02  0.65761E+02
  0.57750E+02  0.29841E+01 -0.74607E+02 -0.14302E+03 -0.17260E+03 -0.14909E+03
 -0.87644E+02 -0.26708E+02  0.75668E+00 -0.87320E+01 -0.30697E+02 -0.34427E+02
 -0.67112E+01  0.39521E+02  0.79094E+02  0.99772E+02  0.11190E+03  0.12545E+03
  0.12102E+03  0.68223E+02 -0.18514E+02 -0.79552E+02 -0.92079E+02 -0.10682E+03
 -0.15501E+03 -0.17022E+03 -0.81867E+02  0.50735E+02  0.97185E+02  0.37031E+02
 -0.16009E+02  0.22170E+02  0.10583E+03  0.14730E+03  0.13379E+03  0.11305E+03
  0.10792E+03  0.98588E+02  0.67405E+02  0.10742E+02 -0.74961E+02 -0.16802E+03
 -0.20720E+03 -0.16295E+03 -0.99491E+02 -0.10068E+03 -0.15430E+03 -0.17484E+03
 -0.12613E+03 -0.57064E+02 -0.17648E+02  0.30653E+01  0.37381E+02  0.72601E+02
  0.56452E+02 -0.28786E+02 -0.11855E+03 -0.12074E+03 -0.19794E+02  0.10735E+03
  0.18729E+03  0.21403E+03  0.20311E+03  0.15118E+03  0.77370E+02  0.35263E+02
  0.34138E+02  0.88319E+01 -0.79155E+02 -0.16372E+03 -0.15605E+03 -0.66745E+02
  0.12717E+02  0.29206E+02  0.12607E+02  0.87646E+01  0.21226E+02  0.30335E+02
  0.28942E+02  0.20097E+02  0.58654E+01 -0.66037E+01 -0.92278E+01 -0.14516E+02
 -0.51682E+02 -0.12628E+03 -0.19844E+03 -0.21802E+03 -0.17414E+03 -0.94225E+02
  0.20523E-02  0.10682E+03  0.20534E+03  0.23742E+03  0.16733E+03  0.44370E+02
 -0.38822E+02 -0.51327E+02 -0.45699E+02 -0.68213E+02 -0.93839E+02 -0.71963E+02
  0.77005E+00  0.81290E+02  0.12973E+03  0.13468E+03  0.10571E+03  0.62130E+02
  0.22924E+02 -0.62932E+01 -0.34775E+02 -0.66756E+02 -0.82753E+02 -0.52355E+02
  0.29822E+02  0.12725E+03  0.18577E+03  0.17378E+03  0.10237E+03  0.13158E+02
 -0.54744E+02 -0.90999E+02 -0.10684E+03 -0.10668E+03 -0.83065E+02 -0.40468E+02
 -0.14962E+01  0.20030E+02  0.34537E+02  0.55291E+02  0.74674E+02  0.73207E+02
  0.46069E+02  0.82279E+01 -0.29676E+02 -0.76461E+02 -0.13517E+03 -0.17224E+03
 -0.14171E+03 -0.48218E+02  0.39115E+02  0.52508E+02 -0.74690E+01 -0.81830E+02
 -0.11756E+03 -0.10876E+03 -0.82648E+02 -0.62773E+02 -0.49266E+02 -0.27294E+02
  0.10834E+02  0.52558E+02  0.74847E+02  0.67723E+02  0.47488E+02  0.45096E+02
  0.76793E+02  0.12289E+03  0.14059E+03  0.10049E+03  0.46910E+01 -0.12012E+03
 -0.22382E+03 -0.24381E+03 -0.15936E+03 -0.29860E+02  0.62521E+02  0.10158E+03
  0.13037E+03  0.16761E+03  0.17420E+03  0.10600E+03 -0.27299E+02 -0.16380E+03
 -0.23932E+03 -0.23229E+03 -0.16568E+03 -0.75695E+02  0.13407E+02  0.89479E+02
  0.14264E+03  0.16545E+03  0.16169E+03  0.14441E+03  0.11539E+03  0.56499E+02
 -0.37841E+02 -0.12623E+03 -0.14861E+03 -0.91069E+02  0.14997E+01  0.72020E+02
  0.86964E+02  0.41873E+02 -0.30706E+02 -0.67794E+02 -0.31717E+02  0.38482E+02
  0.64050E+02  0.15974E+02 -0.61380E+02 -0.11046E+03 -0.10835E+03 -0.59160E+02
  0.17374E+02  0.82645E+02  0.97685E+02  0.54185E+02 -0.27003E+02 -0.11783E+03
 -0.18963E+03 -0.21703E+03 -0.19224E+03 -0.12722E+03 -0.46620E+02  0.85666E+01
 -0.50615E+00 -0.54300E+02 -0.69517E+02  0.48435E+00  0.87125E+02  0.88395E+02
  0.11887E+02 -0.32539E+02  0.17388E+02  0.10386E+03  0.14337E+03  0.12854E+03
  0.10215E+03  0.81724E+02  0.55168E+02  0.23385E+02  0.63916E+01  0.14365E+02
  0.33262E+02  0.34090E+02 -0.77993E+01 -0.89235E+02 -0.17068E+03 -0.20240E+03
 -0.16292E+03 -0.74560E+02  0.69643E+01  0.23619E+02 -0.37454E+02 -0.12778E+03
 -0.19481E+03 -0.24282E+03 -0.29607E+03 -0.31696E+03 -0.22809E+03 -0.30003E+02
  0.16174E+03  0.22974E+03  0.17057E+03  0.75836E+02  0.32124E+02  0.63338E+02
  0.14021E+03  0.21227E+03  0.23540E+03  0.18928E+03  0.82886E+02 -0.44796E+02
 -0.13197E+03 -0.12720E+03 -0.35964E+02  0.75523E+02  0.13603E+03  0.12258E+03
  0.61165E+02  0.15274E+01 -0.53903E+01  0.55786E+02  0.13222E+03  0.13957E+03
  0.55488E+02 -0.46705E+02 -0.80427E+02 -0.40077E+02  0.13212E+02  0.38662E+02
  0.48662E+02  0.62346E+02  0.73821E+02  0.76264E+02  0.73686E+02  0.51372E+02
 -0.18842E+02 -0.11525E+03 -0.15471E+03 -0.87339E+02  0.30626E+02  0.10083E+03
  0.93032E+02  0.53322E+02  0.30017E+02  0.34065E+02  0.52525E+02  0.60875E+02
  0.36948E+02 -0.93741E+01 -0.39974E+02 -0.35782E+02 -0.81571E+01  0.37733E+02
  0.98328E+02  0.13253E+03  0.96263E+02  0.21935E+02 -0.89110E+01  0.18188E+02
  0.36472E+02  0.14989E+02  0.96675E+01  0.61824E+02  0.11641E+03  0.10006E+03
  0.37653E+02  0.25367E+02  0.99822E+02  0.18914E+03  0.20208E+03  0.12860E+03
  0.38789E+02  0.46818E+01  0.36846E+02  0.86518E+02  0.99646E+02  0.69985E+02
  0.37882E+02  0.35214E+02  0.45948E+02  0.37165E+02  0.14071E+02  0.14087E+02
  0.49656E+02  0.87056E+02  0.91501E+02  0.74308E+02  0.78041E+02  0.11614E+03
  0.14413E+03  0.11004E+03  0.31284E+02 -0.79620E+01  0.46635E+02  0.14838E+03
  0.20174E+03  0.16898E+03  0.93513E+02  0.31229E+02 -0.29571E+01 -0.22744E+02
 -0.41091E+02 -0.63690E+02 -0.91456E+02 -0.11704E+03 -0.12135E+03 -0.78979E+02
  0.21232E+02  0.14960E+03  0.24064E+03  0.24570E+03  0.17680E+03  0.84238E+02
  0.41932E+01 -0.54013E+02 -0.85716E+02 -0.81332E+02 -0.37941E+02  0.27874E+02
  0.76820E+02  0.66711E+02 -0.22945E+01 -0.68459E+02 -0.62707E+02  0.18406E+02
  0.11345E+03  0.16174E+03  0.14985E+03  0.10297E+03  0.50703E+02  0.59708E+01
 -0.29221E+02 -0.46524E+02 -0.30219E+02  0.23166E+02  0.95017E+02  0.16727E+03
  0.24332E+03  0.32234E+03  0.36642E+03  0.33401E+03  0.24136E+03  0.14222E+03
  0.46736E+02 -0.83808E+02 -0.24567E+03 -0.34932E+03 -0.30878E+03 -0.15046E+03
  0.57982E+01  0.70757E+02  0.60248E+02  0.42149E+02  0.40906E+02  0.23503E+02
 -0.26551E+02 -0.61410E+02 -0.31473E+02  0.16808E+02 -0.30942E+02 -0.19253E+03
 -0.30833E+03 -0.20859E+03  0.57174E+02  0.25793E+03  0.25942E+03  0.15530E+03
  0.83474E+02  0.37880E+02 -0.52942E+02 -0.16703E+03 -0.22482E+03 -0.22102E+03
 -0.21075E+03 -0.19673E+03 -0.13225E+03 -0.28369E+02  0.34968E+02  0.27332E+02
  0.22537E+02  0.89871E+02  0.17767E+03  0.16811E+03  0.39541E+02 -0.90546E+02
 -0.11184E+03 -0.53420E+02 -0.17331E+02 -0.26248E+02 -0.10776E+02  0.68478E+02
  0.15358E+03  0.15824E+03  0.74162E+02 -0.12618E+02 -0.20262E+02  0.22889E+02
  0.73356E+01 -0.10947E+03 -0.23020E+03 -0.22673E+03 -0.85072E+02  0.94870E+02
  0.21233E+03  0.24133E+03  0.21473E+03  0.17224E+03  0.12807E+03  0.73693E+02
  0.48438E+01 -0.67348E+02 -0.14194E+03 -0.23714E+03 -0.33940E+03 -0.37388E+03
 -0.28698E+03 -0.14299E+03 -0.70180E+02 -0.11212E+03 -0.19586E+03 -0.24025E+03
 -0.22533E+03 -0.15396E+03 -0.20031E+02  0.15408E+03  0.29034E+03  0.30730E+03
  0.19894E+03  0.40836E+02 -0.87488E+02 -0.16527E+03 -0.20372E+03 -0.18990E+03
 -0.10235E+03  0.26059E+02  0.11058E+03  0.97294E+02  0.16850E+02 -0.54938E+02
 -0.66337E+02 -0.14872E+02  0.62400E+02  0.10707E+03  0.77580E+02 -0.55648E+01
 -0.70815E+02 -0.73690E+02 -0.44961E+02 -0.36770E+02 -0.44873E+02 -0.26537E+02
  0.16980E+02  0.31485E+02 -0.54843E+01 -0.46032E+02 -0.48820E+02 -0.46798E+02
 -0.93146E+02 -0.17349E+03 -0.21694E+03 -0.17376E+03 -0.55573E+02  0.75886E+02
  0.14438E+03  0.11529E+03  0.32605E+02 -0.20149E+02 -0.25789E+01  0.48795E+02
  0.63652E+02  0.80815E+01 -0.78343E+02 -0.11403E+03 -0.58760E+02  0.34168E+02
  0.69555E+02  0.16126E+02 -0.66032E+02 -0.11282E+03 -0.13098E+03 -0.15274E+03
 -0.15455E+03 -0.84401E+02  0.41819E+02  0.13892E+03  0.15536E+03  0.11869E+03
  0.67638E+02  0.21073E+01 -0.75469E+02 -0.12703E+03 -0.12843E+03 -0.11843E+03
 -0.15552E+03 -0.23311E+03 -0.26919E+03 -0.19192E+03 -0.21885E+02  0.14293E+03
  0.21410E+03  0.17589E+03  0.78568E+02 -0.10572E+02 -0.54498E+02 -0.55902E+02
 -0.23861E+02  0.49225E+02  0.15638E+03  0.24485E+03  0.25989E+03  0.21330E+03
  0.16559E+03  0.14419E+03  0.12823E+03  0.11503E+03  0.14096E+03  0.20989E+03
  0.24884E+03  0.18219E+03  0.33265E+02 -0.90490E+02 -0.11170E+03 -0.44951E+02
  0.51827E+02  0.13502E+03  0.17105E+03  0.13392E+03  0.47274E+02 -0.11063E+02
  0.59254E+01  0.47171E+02  0.29034E+02 -0.47216E+02 -0.10128E+03 -0.95053E+02
 -0.79519E+02 -0.10082E+03 -0.12653E+03 -0.10359E+03 -0.37491E+02  0.26598E+02
  0.62692E+02  0.69892E+02  0.50476E+02  0.11868E+02 -0.27470E+02 -0.52919E+02
 -0.64875E+02 -0.68543E+02 -0.62640E+02 -0.43542E+02 -0.15094E+02  0.98402E+01
  0.17801E+02  0.54737E+01 -0.17153E+02 -0.34061E+02 -0.33860E+02 -0.17374E+02
 -0.48070E+00 -0.41859E+01 -0.27117E+02 -0.30149E+02  0.27376E+02  0.12684E+03
  0.18953E+03  0.15606E+03  0.54137E+02 -0.32619E+02 -0.59053E+02 -0.58818E+02
 -0.82376E+02 -0.11863E+03 -0.10777E+03 -0.26197E+02  0.76930E+02  0.13966E+03
  0.15210E+03  0.14135E+03  0.12056E+03  0.80490E+02  0.16483E+02 -0.52892E+02
 -0.85578E+02 -0.42251E+02  0.62181E+02  0.14595E+03  0.13989E+03  0.78356E+02
  0.64637E+02  0.13118E+03  0.18149E+03  0.11096E+03 -0.49880E+02 -0.17509E+03
 -0.20829E+03 -0.20220E+03 -0.18742E+03 -0.10949E+03  0.50362E+02  0.18832E+03
  0.19492E+03  0.94308E+02 -0.10960E+02 -0.77756E+02 -0.12523E+03 -0.14873E+03
 -0.12247E+03 -0.69434E+02 -0.47264E+02 -0.64290E+02 -0.72974E+02 -0.47871E+02
 -0.11653E+02  0.16216E+02  0.37476E+02  0.41366E+02  0.10996E+02 -0.37540E+02
 -0.77817E+02 -0.12224E+03 -0.18142E+03 -0.19459E+03 -0.92122E+02  0.75817E+02
  0.17254E+03  0.15078E+03  0.10007E+03  0.95481E+02  0.97972E+02  0.56308E+02
  0.19877E+02  0.59854E+02  0.12836E+03  0.10871E+03 -0.30024E+01 -0.85303E+02
 -0.78034E+02 -0.54383E+02 -0.64174E+02 -0.40131E+02  0.64972E+02  0.16634E+03
  0.16227E+03  0.69848E+02 -0.31601E+02 -0.10841E+03 -0.15590E+03 -0.14405E+03
 -0.47791E+02  0.10090E+03  0.22874E+03  0.27512E+03  0.22811E+03  0.13155E+03
  0.52772E+02  0.22108E+02  0.11102E+02 -0.21701E+02 -0.84425E+02 -0.15729E+03
 -0.21328E+03 -0.22000E+03 -0.15166E+03 -0.26425E+02  0.80725E+02  0.93095E+02
  0.95006E+01 -0.90282E+02 -0.12978E+03 -0.11118E+03 -0.89925E+02 -0.93984E+02
 -0.10670E+03 -0.12075E+03 -0.15172E+03 -0.18055E+03 -0.14245E+03 -0.17572E+02
  0.10763E+03  0.12101E+03  0.11128E+02 -0.12084E+03 -0.16722E+03 -0.10974E+03
 -0.16744E+02  0.31926E+02  0.92137E+01 -0.52361E+02 -0.98609E+02 -0.10141E+03
 -0.81833E+02 -0.84724E+02 -0.12598E+03 -0.17191E+03 -0.17303E+03 -0.10983E+03
 -0.63399E+01  0.87592E+02  0.12511E+03  0.90376E+02  0.10663E+02 -0.65301E+02
 -0.11137E+03 -0.14372E+03 -0.18846E+03 -0.23622E+03 -0.24462E+03 -0.18659E+03
 -0.83349E+02  0.11741E+02  0.53857E+02  0.35094E+02 -0.20509E+02 -0.89210E+02
 -0.16108E+03 -0.20923E+03 -0.17975E+03 -0.55092E+02  0.95734E+02  0.17682E+03
  0.16311E+03  0.10850E+03  0.75697E+02  0.81279E+02  0.95562E+02  0.85102E+02
  0.56915E+02  0.42914E+02  0.35640E+02 -0.14583E+02 -0.11437E+03 -0.19112E+03
 -0.17963E+03 -0.99070E+02 -0.94824E+01  0.60924E+02  0.10999E+03  0.12918E+03
  0.11562E+03  0.89128E+02  0.73332E+02  0.77535E+02  0.10082E+03  0.12846E+03
  0.12611E+03  0.74928E+02  0.16797E+02  0.15909E+02  0.57133E+02  0.43658E+02
 -0.64374E+02 -0.17052E+03 -0.16068E+03 -0.52653E+02  0.37351E+02  0.42535E+02
 -0.40001E+01 -0.45009E+02 -0.61413E+02 -0.59521E+02 -0.48166E+02 -0.39730E+02
 -0.37906E+02 -0.19715E+02  0.35172E+02  0.96623E+02  0.10640E+03  0.54114E+02
 -0.57077E+01 -0.18289E+02  0.19178E+02  0.71609E+02  0.10586E+03  0.11354E+03
  0.10836E+03  0.99778E+02  0.72482E+02  0.10942E+02 -0.60253E+02 -0.93927E+02
 -0.83086E+02 -0.73122E+02 -0.98743E+02 -0.13415E+03 -0.12288E+03 -0.45558E+02
  0.55281E+02  0.11580E+03  0.10865E+03  0.58040E+02  0.51548E+01 -0.27673E+02
 -0.36564E+02 -0.19969E+02  0.15836E+02  0.43718E+02  0.38256E+02  0.15853E+02
  0.21572E+02  0.64607E+02  0.96912E+02  0.71861E+02 -0.17529E+01 -0.77233E+02
 -0.11526E+03 -0.98721E+02 -0.31156E+02  0.55961E+02  0.11074E+03  0.10093E+03
  0.42908E+02 -0.25419E+02 -0.88707E+02 -0.14237E+03 -0.14950E+03 -0.64980E+02
  0.81302E+02  0.17970E+03  0.15798E+03  0.64892E+02 -0.58692E+01 -0.38120E+02
 -0.79745E+02 -0.13048E+03 -0.12382E+03 -0.36357E+02  0.52403E+02  0.49242E+02
 -0.42072E+02 -0.13705E+03 -0.17226E+03 -0.15224E+03 -0.10872E+03 -0.58757E+02
 -0.10916E+02  0.26127E+02  0.61204E+02  0.11598E+03  0.18139E+03  0.21035E+03
  0.17637E+03  0.10571E+03  0.33566E+02 -0.31161E+02 -0.82511E+02 -0.10483E+03
 -0.96703E+02 -0.68953E+02 -0.21362E+02  0.37229E+02  0.59473E+02  0.21851E+01
 -0.10748E+03 -0.19496E+03 -0.22462E+03 -0.21989E+03 -0.19817E+03 -0.13510E+03
 -0.19123E+02  0.93026E+02  0.12195E+03  0.61141E+02 -0.18825E+02 -0.67588E+02
 -0.10313E+03 -0.14156E+03 -0.13844E+03 -0.49497E+02  0.85292E+02  0.17086E+03
  0.16224E+03  0.10537E+03  0.71246E+02  0.75573E+02  0.81475E+02  0.69320E+02
  0.69010E+02  0.10625E+03  0.14572E+03  0.12681E+03  0.50368E+02 -0.95035E+01
  0.46874E+01  0.58060E+02  0.62655E+02 -0.15000E+02 -0.11183E+03 -0.14225E+03
 -0.93009E+02 -0.23357E+02  0.14892E+02  0.24181E+02  0.26897E+02  0.21997E+02
 -0.16158E+01 -0.32156E+02 -0.45819E+02 -0.43167E+02 -0.49550E+02 -0.76259E+02
 -0.98062E+02 -0.81114E+02 -0.29662E+02  0.71120E+01 -0.16193E+02 -0.86251E+02
 -0.13440E+03 -0.10550E+03 -0.21863E+02  0.37063E+02  0.25857E+02 -0.15594E+02
 -0.21806E+02  0.91527E+01  0.27554E+02  0.18967E+02  0.16765E+02  0.23964E+02
 -0.40234E+01 -0.74188E+02 -0.12191E+03 -0.96493E+02 -0.24842E+02  0.40321E+02
  0.85575E+02  0.11999E+03  0.13362E+03  0.10843E+03  0.54434E+02  0.78679E+01
 -0.76369E+01 -0.44337E+01 -0.86763E+01 -0.23682E+02 -0.29874E+02 -0.18378E+02
 -0.62854E+01 -0.14361E+02 -0.46149E+02 -0.93801E+02 -0.14584E+03 -0.17994E+03
 -0.16639E+03 -0.96024E+02  0.25173E+01  0.85373E+02  0.12738E+03  0.12731E+03
  0.94891E+02  0.48796E+02  0.15211E+02  0.86692E+01  0.20983E+02  0.41245E+02
  0.70639E+02  0.10196E+03  0.10748E+03  0.74311E+02  0.34634E+02  0.29298E+02
  0.49656E+02  0.48532E+02  0.11885E+02 -0.12665E+02  0.20691E+02  0.82390E+02
  0.88937E+02  0.35009E+01 -0.11030E+03 -0.15766E+03 -0.12292E+03 -0.77403E+02
 -0.74834E+02 -0.80819E+02 -0.35589E+02  0.46380E+02  0.91277E+02  0.69917E+02
  0.30170E+02  0.18400E+02  0.20941E+02  0.31211E+01 -0.36221E+02 -0.74678E+02
 -0.10199E+03 -0.11938E+03 -0.11699E+03 -0.77644E+02 -0.83502E+01  0.50284E+02
  0.62578E+02  0.37989E+02  0.15252E+02  0.15224E+02  0.32024E+02  0.59611E+02
  0.92622E+02  0.10448E+03  0.64948E+02 -0.11924E+02 -0.71118E+02 -0.80865E+02
 -0.65482E+02 -0.60905E+02 -0.65798E+02 -0.58759E+02 -0.41475E+02 -0.33208E+02
 -0.32003E+02 -0.15061E+02  0.19930E+02  0.44004E+02  0.38700E+02  0.26553E+02
  0.43814E+02  0.93206E+02  0.13853E+03  0.14533E+03  0.11611E+03  0.80139E+02
  0.58130E+02  0.48907E+02  0.41803E+02  0.24983E+02 -0.99003E+01 -0.50904E+02
 -0.63165E+02 -0.27113E+02  0.28244E+02  0.56420E+02  0.53451E+02  0.58584E+02
  0.92420E+02  0.12353E+03  0.11119E+03  0.60462E+02  0.13672E+02 -0.22764E+01
 -0.35114E-02 -0.61023E+01 -0.30078E+02 -0.62841E+02 -0.90775E+02 -0.99506E+02
 -0.71952E+02 -0.99109E+00  0.91370E+02  0.16052E+03  0.17367E+03  0.13324E+03
  0.67833E+02  0.99373E+01 -0.20749E+02 -0.22680E+02 -0.13357E+01  0.44126E+02
  0.11046E+03  0.17204E+03  0.19335E+03  0.15985E+03  0.84751E+02 -0.69926E+01
 -0.90533E+02 -0.14554E+03 -0.15761E+03 -0.11529E+03 -0.16762E+02  0.10725E+03
  0.19030E+03  0.17875E+03  0.89105E+02 -0.57671E+01 -0.57761E+02 -0.83825E+02
 -0.10568E+03 -0.85702E+02  0.23822E+02  0.17776E+03  0.25012E+03  0.17365E+03
  0.22072E+02 -0.76146E+02 -0.68968E+02 -0.14146E+00  0.59608E+02  0.64844E+02
  0.12458E+02 -0.53746E+02 -0.69916E+02 -0.12038E+02  0.71999E+02  0.10565E+03
  0.64594E+02  0.17233E+01 -0.24226E+02 -0.25995E+02 -0.53636E+02 -0.95708E+02
 -0.79320E+02  0.15148E+02  0.10051E+03  0.83777E+02 -0.17303E+02 -0.10059E+03
 -0.98291E+02 -0.30670E+02  0.40347E+02  0.71920E+02  0.61161E+02  0.34496E+02
  0.19187E+02  0.17807E+02  0.14313E+02  0.20873E+01 -0.57934E+01  0.68483E+01
  0.38311E+02  0.60615E+02  0.36800E+02 -0.35047E+02 -0.10055E+03 -0.10118E+03
 -0.44908E+02  0.10706E+02  0.40132E+02  0.67365E+02  0.10105E+03  0.10650E+03
  0.60081E+02 -0.72231E+01 -0.40503E+02 -0.14737E+02  0.49542E+02  0.10766E+03
  0.12468E+03  0.10011E+03  0.60130E+02  0.24932E+02 -0.29465E+01 -0.17190E+02
 -0.55156E-01  0.50779E+02  0.10616E+03  0.13033E+03  0.11143E+03  0.59951E+02
 -0.10150E+02 -0.84740E+02 -0.14047E+03 -0.15053E+03 -0.10681E+03 -0.30995E+02
  0.40472E+02  0.80626E+02  0.83579E+02  0.59000E+02  0.19943E+02 -0.23699E+02
 -0.63100E+02 -0.88555E+02 -0.93439E+02 -0.76179E+02 -0.36977E+02  0.17408E+02
  0.62499E+02  0.66875E+02  0.27605E+02 -0.18084E+02 -0.31216E+02 -0.10250E+02
  0.20438E+02  0.45411E+02  0.61161E+02  0.53881E+02  0.89949E+00 -0.93820E+02
 -0.17637E+03 -0.17693E+03 -0.80640E+02  0.45061E+02  0.11150E+03  0.91937E+02
  0.27190E+02 -0.38517E+02 -0.90681E+02 -0.11306E+03 -0.73059E+02  0.28842E+02
  0.12616E+03  0.14517E+03  0.85211E+02  0.84195E+01 -0.38044E+02 -0.55229E+02
 -0.57638E+02 -0.46580E+02 -0.25697E+02 -0.11952E+02 -0.13542E+02 -0.14728E+02
 -0.21091E+01  0.70148E+01 -0.11421E+02 -0.43004E+02 -0.47603E+02 -0.19873E+02
  0.61942E+00 -0.98344E+01 -0.28577E+02 -0.35258E+02 -0.48931E+02 -0.87231E+02
 -0.12409E+03 -0.12395E+03 -0.96143E+02 -0.84175E+02 -0.11034E+03 -0.15149E+03
 -0.16601E+03 -0.13319E+03 -0.66329E+02  0.38728E+01  0.51410E+02  0.65219E+02
  0.51639E+02  0.29413E+02  0.10795E+02 -0.10632E+02 -0.40249E+02 -0.59975E+02
 -0.49324E+02 -0.21980E+02 -0.13908E+02 -0.36920E+02 -0.68104E+02 -0.83598E+02
 -0.79978E+02 -0.62839E+02 -0.35886E+02 -0.42179E+01  0.25646E+02  0.47443E+02
  0.48698E+02  0.17188E+02 -0.31915E+02 -0.56707E+02 -0.38815E+02 -0.10989E+02
 -0.86529E+01 -0.19322E+02 -0.14132E+02 -0.58845E+01 -0.30811E+02 -0.81756E+02
 -0.10531E+03 -0.74095E+02 -0.27231E+02 -0.19554E+02 -0.51612E+02 -0.72776E+02
 -0.46537E+02  0.70039E+01  0.37701E+02  0.22966E+02 -0.11960E+02 -0.29643E+02
 -0.21896E+02 -0.62629E+01  0.55330E+01  0.14883E+02  0.16758E+02 -0.14609E+01
 -0.34215E+02 -0.51176E+02 -0.29868E+02  0.16775E+02  0.57254E+02  0.76230E+02
  0.78812E+02  0.68048E+02  0.38675E+02 -0.48345E+01 -0.42299E+02 -0.58636E+02
 -0.59671E+02 -0.58698E+02 -0.54606E+02 -0.34144E+02  0.42320E+01  0.38636E+02
  0.44294E+02  0.23423E+02  0.57453E+01  0.16522E+02  0.49222E+02  0.73478E+02
  0.67134E+02  0.33493E+02 -0.13885E+02 -0.68413E+02 -0.11923E+03 -0.13818E+03
 -0.10329E+03 -0.30175E+02  0.39628E+02  0.74646E+02  0.65079E+02  0.19052E+02
 -0.29471E+02 -0.30797E+02  0.28317E+02  0.93825E+02  0.98873E+02  0.42950E+02
 -0.15252E+02 -0.38462E+02 -0.43365E+02 -0.46288E+02 -0.23916E+02  0.39991E+02
  0.10197E+03  0.99988E+02  0.37836E+02 -0.13946E+02 -0.45828E+01  0.43026E+02
  0.70843E+02  0.48950E+02 -0.86465E+01 -0.67056E+02 -0.94552E+02 -0.75803E+02
 -0.16036E+02  0.63597E+02  0.13328E+03  0.16136E+03  0.12879E+03  0.47738E+02
 -0.41133E+02 -0.99469E+02 -0.11380E+03 -0.86380E+02 -0.23098E+02  0.57346E+02
  0.12037E+03  0.14009E+03  0.11880E+03  0.74239E+02  0.22401E+02 -0.19421E+02
 -0.33360E+02 -0.21160E+02 -0.80681E+01 -0.93861E+01 -0.68412E+01  0.22734E+02
  0.66377E+02  0.85186E+02  0.62281E+02  0.20124E+02 -0.11520E+02 -0.26461E+02
 -0.35117E+02 -0.42183E+02 -0.41451E+02 -0.26338E+02  0.44052E+00  0.26515E+02
  0.40763E+02  0.45337E+02  0.50150E+02  0.54900E+02  0.48240E+02  0.27632E+02
  0.75138E+01  0.25347E+01  0.11771E+02  0.22650E+02  0.24350E+02  0.17726E+02
  0.15355E+02  0.26051E+02  0.37765E+02  0.28457E+02 -0.32866E+01 -0.34354E+02
 -0.46916E+02 -0.43985E+02 -0.32172E+02 -0.98444E+01  0.19778E+02  0.40850E+02
  0.40961E+02  0.25406E+02  0.69697E+01 -0.11068E+02 -0.31041E+02 -0.44181E+02
 -0.33388E+02  0.22939E+01  0.38191E+02  0.48260E+02  0.33231E+02  0.17849E+02
  0.24539E+02  0.55608E+02  0.96086E+02  0.12399E+03  0.11967E+03  0.78408E+02
  0.18903E+02 -0.30811E+02 -0.60411E+02 -0.79482E+02 -0.89004E+02 -0.68763E+02
 -0.71659E+01  0.68050E+02  0.10675E+03  0.84220E+02  0.23399E+02 -0.30729E+02
 -0.51695E+02 -0.44406E+02 -0.27296E+02 -0.13824E+02 -0.99066E+01 -0.16089E+02
 -0.24624E+02 -0.18813E+02  0.15334E+02  0.69612E+02  0.11026E+03  0.10707E+03
  0.66380E+02  0.22569E+02 -0.88955E+00 -0.63315E+01 -0.24565E+01  0.10254E+02
  0.32347E+02  0.54170E+02  0.55610E+02  0.22052E+02 -0.33008E+02 -0.71453E+02
 -0.70056E+02 -0.47204E+02 -0.36096E+02 -0.41553E+02 -0.40442E+02 -0.19237E+02
  0.55173E+01  0.55366E+01 -0.28485E+02 -0.73118E+02 -0.86108E+02 -0.43491E+02
  0.29928E+02  0.78113E+02  0.71153E+02  0.34323E+02  0.12449E+02  0.20114E+02
  0.37902E+02  0.42166E+02  0.23318E+02 -0.13203E+02 -0.47339E+02 -0.53448E+02
 -0.24064E+02  0.18993E+02  0.46691E+02  0.49437E+02  0.33958E+02  0.52623E+01
 -0.33611E+02 -0.70551E+02 -0.89080E+02 -0.85015E+02 -0.67042E+02 -0.39150E+02
  0.41189E+01  0.56448E+02  0.86276E+02  0.65052E+02  0.10668E+02 -0.17488E+02
  0.17497E+02  0.80468E+02  0.99805E+02  0.53502E+02 -0.49122E+01 -0.16200E+02
  0.15829E+02  0.42716E+02  0.32230E+02 -0.10720E+02 -0.62607E+02 -0.10142E+03
 -0.12032E+03 -0.12531E+03 -0.10971E+03 -0.48800E+02  0.54377E+02  0.13918E+03
  0.14207E+03  0.73428E+02  0.84252E+01  0.26870E+01  0.38826E+02  0.58912E+02
  0.35108E+02 -0.24621E+01 -0.75476E+01  0.24530E+02  0.55415E+02  0.55990E+02
  0.37388E+02  0.22128E+02  0.84167E+01 -0.16848E+02 -0.46612E+02 -0.60793E+02
 -0.58209E+02 -0.57527E+02 -0.65063E+02 -0.61227E+02 -0.26751E+02  0.29915E+02
  0.79890E+02  0.10035E+03  0.86104E+02  0.43353E+02 -0.13648E+02 -0.59046E+02
 -0.63475E+02 -0.19507E+02  0.43686E+02  0.82903E+02  0.80443E+02  0.54599E+02
  0.32024E+02  0.19413E+02  0.48811E+01 -0.22301E+02 -0.60982E+02 -0.10178E+03
 -0.13002E+03 -0.12520E+03 -0.73635E+02  0.76891E+01  0.72067E+02  0.84506E+02
  0.56969E+02  0.30427E+02  0.29701E+02  0.48136E+02  0.66402E+02  0.69649E+02
  0.51131E+02  0.14651E+02 -0.23133E+02 -0.39094E+02 -0.20339E+02  0.17555E+02
  0.33827E+02  0.12198E+01 -0.57772E+02 -0.92206E+02 -0.81313E+02 -0.51201E+02
 -0.32040E+02 -0.25029E+02 -0.20321E+02 -0.21107E+02 -0.30422E+02 -0.33145E+02
 -0.15836E+02  0.60974E+01  0.62085E+01 -0.13350E+02 -0.24903E+02 -0.16826E+02
 -0.73596E+01 -0.13634E+02 -0.29810E+02 -0.41833E+02 -0.42935E+02 -0.27757E+02
  0.84485E+01  0.54580E+02  0.83812E+02  0.80141E+02  0.55543E+02  0.33780E+02
  0.24840E+02  0.20316E+02  0.80201E+01 -0.13600E+02 -0.33411E+02 -0.38995E+02
 -0.31784E+02 -0.28886E+02 -0.45919E+02 -0.79192E+02 -0.10750E+03 -0.10896E+03
 -0.76676E+02 -0.27894E+02 -0.99045E-01 -0.21278E+02 -0.73269E+02 -0.10013E+03
 -0.68195E+02 -0.65513E+01  0.25918E+02  0.29614E+01 -0.51252E+02 -0.94356E+02
 -0.10159E+03 -0.75928E+02 -0.35881E+02  0.21265E+01  0.30358E+02  0.46033E+02
  0.51293E+02  0.55552E+02  0.66413E+02  0.78078E+02  0.78758E+02  0.67759E+02
  0.53902E+02  0.38931E+02  0.15641E+02 -0.17187E+02 -0.51014E+02 -0.80750E+02
 -0.10707E+03 -0.12032E+03 -0.99090E+02 -0.37935E+02  0.35388E+02  0.83070E+02
  0.87524E+02  0.51596E+02 -0.12033E+02 -0.77798E+02 -0.11087E+03 -0.89844E+02
 -0.19742E+02  0.74629E+02  0.15102E+03  0.15689E+03  0.70672E+02 -0.59547E+02
 -0.14945E+03 -0.15987E+03 -0.12227E+03 -0.81811E+02 -0.46749E+02 -0.48491E+01
  0.40665E+02  0.73953E+02  0.88900E+02  0.87950E+02  0.66901E+02  0.20111E+02
 -0.39126E+02 -0.78640E+02 -0.73743E+02 -0.27467E+02  0.34618E+02  0.80947E+02
  0.88929E+02  0.59310E+02  0.18412E+02 -0.75031E+01 -0.22390E+02 -0.49587E+02
 -0.87485E+02 -0.97714E+02 -0.53800E+02  0.14631E+02  0.52132E+02  0.46055E+02
  0.34467E+02  0.40953E+02  0.36724E+02 -0.90608E+01 -0.68331E+02 -0.80580E+02
 -0.30492E+02  0.35760E+02  0.69081E+02  0.59958E+02  0.24686E+02 -0.15552E+02
 -0.37050E+02 -0.25848E+02  0.34168E+01  0.21474E+02  0.20384E+02  0.16259E+02
  0.16378E+02  0.83960E+01 -0.10320E+02 -0.17467E+02  0.18717E+01  0.25227E+02
  0.19597E+02 -0.10399E+02 -0.27613E+02 -0.13989E+02  0.94879E+01  0.19657E+02
  0.21722E+02  0.28150E+02  0.29476E+02  0.11683E+02 -0.94153E+01 -0.23610E+01
  0.30922E+02  0.49977E+02  0.29277E+02 -0.75742E+01 -0.21658E+02 -0.87382E+01
  0.15769E+01 -0.11511E+02 -0.32940E+02 -0.30220E+02  0.63837E+01  0.49845E+02
  0.67437E+02  0.58405E+02  0.47651E+02  0.45875E+02  0.35791E+02  0.27293E+01
 -0.39797E+02 -0.66032E+02 -0.66839E+02 -0.52878E+02 -0.38740E+02 -0.31610E+02
 -0.27833E+02 -0.15483E+02  0.12783E+02  0.46117E+02  0.63061E+02  0.57893E+02
  0.51381E+02  0.66612E+02  0.98881E+02  0.11850E+03  0.10088E+03  0.48217E+02
 -0.12636E+02 -0.48130E+02 -0.43182E+02 -0.16121E+02 -0.59984E+00 -0.92956E+01
 -0.26939E+02 -0.39545E+02 -0.52289E+02 -0.72346E+02 -0.90004E+02 -0.86104E+02
 -0.50357E+02  0.97072E+01  0.67334E+02  0.86281E+02  0.51431E+02 -0.65917E+01
 -0.37300E+02 -0.27377E+02 -0.12924E+02 -0.27774E+02 -0.59318E+02 -0.67156E+02
 -0.31072E+02  0.29761E+02  0.74344E+02  0.70951E+02  0.23372E+02 -0.29402E+02
 -0.51034E+02 -0.45288E+02 -0.42551E+02 -0.53201E+02 -0.54884E+02 -0.28813E+02
  0.11322E+02  0.37939E+02  0.43901E+02  0.42935E+02  0.41992E+02  0.30932E+02
  0.13725E+01 -0.39299E+02 -0.77873E+02 -0.10737E+03 -0.12349E+03 -0.11833E+03
 -0.84673E+02 -0.25647E+02  0.39536E+02  0.79854E+02  0.72489E+02  0.24959E+02
 -0.30228E+02 -0.67401E+02 -0.84844E+02 -0.87902E+02 -0.72776E+02 -0.39550E+02
 -0.75498E+01  0.76719E+00 -0.13045E+02 -0.26990E+02 -0.28050E+02 -0.24591E+02
 -0.26897E+02 -0.27449E+02 -0.96437E+01  0.27173E+02  0.59478E+02  0.61584E+02
  0.35249E+02  0.92829E+01  0.48459E+01  0.11730E+02  0.96372E+01  0.15755E+01
  0.80893E+01  0.32240E+02  0.48631E+02  0.32023E+02 -0.13073E+02 -0.56334E+02
 -0.70560E+02 -0.54644E+02 -0.31333E+02 -0.24397E+02 -0.37325E+02 -0.53174E+02
 -0.52625E+02 -0.30553E+02  0.10677E+01  0.22565E+02  0.22765E+02  0.99504E+01
  0.27486E+01  0.83538E+01  0.17388E+02  0.21354E+02  0.21915E+02  0.18777E+02
  0.58711E+01 -0.10229E+02 -0.72118E+01  0.20065E+02  0.39945E+02  0.21198E+02
 -0.20328E+02 -0.39720E+02 -0.24738E+02 -0.10548E+02 -0.25857E+02 -0.51047E+02
 -0.47210E+02 -0.91825E+01  0.31244E+02  0.46525E+02  0.38329E+02  0.23403E+02
  0.11276E+02  0.10260E+01 -0.90920E+01 -0.15021E+02 -0.82873E+01  0.15944E+02
  0.49369E+02  0.71180E+02  0.64765E+02  0.35749E+02  0.82769E+01 -0.77824E+00
 -0.56214E+00 -0.13577E+02 -0.45562E+02 -0.75254E+02 -0.76952E+02 -0.48115E+02
 -0.10417E+02  0.13553E+02  0.19021E+02  0.15132E+02  0.98089E+01  0.43740E+01
 -0.24608E+00 -0.39705E+00  0.50134E+01  0.11360E+02  0.13914E+02  0.13743E+02
  0.13990E+02  0.11644E+02 -0.16037E+01 -0.27662E+02 -0.54034E+02 -0.61102E+02
 -0.38734E+02  0.30807E+01  0.39522E+02  0.50120E+02  0.36297E+02  0.18626E+02
  0.15471E+02  0.27536E+02  0.43534E+02  0.53854E+02  0.55311E+02  0.48802E+02
  0.37231E+02  0.22982E+02  0.56123E+01 -0.14773E+02 -0.30547E+02 -0.27867E+02
 -0.98925E+00  0.35304E+02  0.55022E+02  0.46450E+02  0.21980E+02 -0.18399E+01
 -0.23017E+02 -0.41830E+02 -0.43355E+02 -0.13881E+02  0.31169E+02  0.58497E+02
  0.55940E+02  0.42134E+02  0.37028E+02  0.38554E+02  0.31091E+02  0.63745E+01
 -0.27768E+02 -0.53712E+02 -0.55657E+02 -0.28428E+02  0.17603E+02  0.57154E+02
  0.64111E+02  0.35217E+02 -0.37682E+01 -0.23610E+02 -0.19225E+02 -0.56675E+01
  0.57614E+01  0.16201E+02  0.26751E+02  0.30647E+02  0.24443E+02  0.18202E+02
  0.23401E+02  0.34630E+02  0.35013E+02  0.18479E+02 -0.44307E+01 -0.21980E+02
 -0.30765E+02 -0.29740E+02 -0.17118E+02  0.33375E+01  0.20834E+02  0.25237E+02
  0.13723E+02 -0.76049E+01 -0.26753E+02 -0.35174E+02 -0.34794E+02 -0.30841E+02
 -0.21488E+02 -0.36501E+01  0.15319E+02  0.23158E+02  0.17409E+02  0.60854E+01
 -0.23157E+01 -0.37243E+01  0.63457E-02 -0.54732E+00 -0.14546E+02 -0.35859E+02
 -0.43837E+02 -0.26727E+02  0.69516E+00  0.12080E+02  0.15726E+01 -0.83128E+01
  0.51371E+01  0.36889E+02  0.62261E+02  0.66307E+02  0.53459E+02  0.31599E+02
  0.18986E+01 -0.31514E+02 -0.53913E+02 -0.51143E+02 -0.24591E+02  0.10317E+02
  0.37718E+02  0.48960E+02  0.40265E+02  0.11607E+02 -0.28325E+02 -0.60732E+02
 -0.66619E+02 -0.40482E+02  0.43901E+01  0.42491E+02  0.51129E+02  0.27509E+02
 -0.51534E+01 -0.14675E+02  0.80186E+01  0.35349E+02  0.32034E+02 -0.93905E+00
 -0.25229E+02 -0.14467E+02  0.12326E+02  0.21645E+02  0.13311E+02  0.12146E+02
  0.20754E+02  0.13190E+02 -0.19193E+02 -0.45541E+02 -0.35463E+02 -0.90719E+00
  0.20730E+02  0.13079E+02 -0.63907E+01 -0.12685E+02  0.13989E+01  0.22892E+02
  0.32776E+02  0.24411E+02  0.10997E+02  0.10579E+02  0.23276E+02  0.30779E+02
  0.19582E+02 -0.35792E+01 -0.22822E+02 -0.31976E+02 -0.35367E+02 -0.34143E+02
 -0.22513E+02 -0.56554E+00  0.18827E+02  0.24571E+02  0.22112E+02  0.21793E+02
  0.17993E+02 -0.33481E+01 -0.37300E+02 -0.58229E+02 -0.50275E+02 -0.25814E+02
 -0.85961E+01 -0.89987E+01 -0.19140E+02 -0.22734E+02 -0.76460E+01  0.22021E+02
  0.44916E+02  0.41969E+02  0.16656E+02 -0.11699E+02 -0.30088E+02 -0.37001E+02
 -0.31907E+02 -0.14468E+02  0.71043E+01  0.19561E+02  0.17610E+02  0.53483E+01
 -0.12952E+02 -0.34085E+02 -0.49580E+02 -0.47712E+02 -0.23525E+02  0.16006E+02
  0.52974E+02  0.63312E+02  0.30613E+02 -0.35731E+02 -0.99306E+02 -0.12018E+03
 -0.84408E+02 -0.15620E+02  0.41392E+02  0.55512E+02  0.33173E+02  0.64536E+01
 -0.13614E+01  0.65801E+01  0.14698E+02  0.16605E+02  0.18635E+02  0.27712E+02
  0.42101E+02  0.52648E+02  0.48791E+02  0.25735E+02 -0.79651E+01 -0.31270E+02
 -0.26713E+02  0.16758E+01  0.30360E+02  0.38627E+02  0.27047E+02  0.12206E+02
  0.59612E+01  0.50616E+01  0.18343E+01 -0.24381E+01 -0.14750E+01  0.35532E+01
  0.55154E+01  0.41437E+01  0.62767E+01  0.10573E+02  0.39909E+01 -0.17773E+02
 -0.34886E+02 -0.22045E+02  0.17443E+02  0.48515E+02  0.42267E+02  0.84384E+01
 -0.20220E+02 -0.28134E+02 -0.25512E+02 -0.20947E+02 -0.69524E+01  0.19631E+02
  0.38419E+02  0.23354E+02 -0.21095E+02 -0.55338E+02 -0.44863E+02  0.85351E+00
  0.38933E+02  0.39556E+02  0.12033E+02 -0.14361E+02 -0.22108E+02 -0.11522E+02
  0.12462E+02  0.43560E+02  0.67020E+02  0.66411E+02  0.41989E+02  0.10074E+02
 -0.18372E+02 -0.44295E+02 -0.62815E+02 -0.57291E+02 -0.21402E+02  0.25050E+02
  0.52623E+02  0.48679E+02  0.23562E+02 -0.21492E+01 -0.13123E+02 -0.82449E+01
  0.19869E+01  0.90983E+01  0.16274E+02  0.29871E+02  0.45321E+02  0.51458E+02
  0.47513E+02  0.42862E+02  0.38850E+02  0.25451E+02 -0.63143E+00 -0.29817E+02
 -0.55510E+02 -0.77538E+02 -0.83519E+02 -0.50575E+02  0.17962E+02  0.77099E+02
  0.83572E+02  0.43583E+02 -0.21432E+01 -0.29515E+02 -0.43161E+02 -0.46137E+02
 -0.29707E+02  0.20711E+01  0.24881E+02  0.21549E+02 -0.13032E+01 -0.29686E+02
 -0.57761E+02 -0.80914E+02 -0.88021E+02 -0.69483E+02 -0.28964E+02  0.15832E+02
  0.44330E+02  0.48554E+02  0.39067E+02  0.32939E+02  0.36470E+02  0.43106E+02
  0.45251E+02  0.41403E+02  0.33399E+02  0.24180E+02  0.18183E+02  0.18078E+02
  0.21885E+02  0.27185E+02  0.33906E+02  0.38157E+02  0.30053E+02  0.57078E+01
 -0.23013E+02 -0.37883E+02 -0.32079E+02 -0.16028E+02 -0.70881E+01 -0.13213E+02
 -0.26438E+02 -0.34601E+02 -0.35669E+02 -0.32704E+02 -0.20671E+02  0.58725E+01
  0.33839E+02  0.39768E+02  0.21100E+02  0.17020E+01 -0.30897E+00  0.57021E+01
  0.20499E+01 -0.10201E+02 -0.15139E+02 -0.52170E+01  0.10429E+02  0.18264E+02
  0.12952E+02 -0.14170E+01 -0.15867E+02 -0.21118E+02 -0.13598E+02 -0.11858E+01
 -0.22925E+00 -0.20058E+02 -0.48508E+02 -0.59620E+02 -0.41935E+02 -0.14184E+02
 -0.49668E+01 -0.19662E+02 -0.36615E+02 -0.35155E+02 -0.17400E+02 -0.94048E-01
  0.63903E+01  0.55105E+01  0.53641E+01  0.75516E+01  0.60989E+01 -0.41974E+01
 -0.21188E+02 -0.38326E+02 -0.50709E+02 -0.55219E+02 -0.48493E+02 -0.29877E+02
 -0.51704E+01  0.16100E+02  0.26696E+02  0.24392E+02  0.11764E+02 -0.46523E+01
 -0.16911E+02 -0.19863E+02 -0.13474E+02 -0.15222E+01  0.11142E+02  0.20167E+02
  0.22159E+02  0.15822E+02  0.39718E+01 -0.65504E+01 -0.94259E+01 -0.45002E+01
  0.21027E+01  0.42964E+01  0.17543E+01 -0.10397E+01 -0.54442E+00  0.19105E+01
  0.23222E+01 -0.33263E+00 -0.24850E+01 -0.92864E+00  0.27286E+01  0.45480E+01
  0.36347E+01  0.26236E+01  0.34648E+01  0.50405E+01  0.52668E+01  0.38720E+01
  0.22264E+01  0.12637E+01  0.56183E+00 -0.54744E+00 -0.16515E+01 -0.15984E+01
 -0.52186E-01  0.18990E+01  0.29228E+01  0.27628E+01  0.20693E+01  0.13672E+01
  0.71117E+00  0.15897E+00 -0.20068E-01  0.23924E+00  0.55426E+00  0.54302E+00
  0.32224E+00  0.29555E+00  0.57076E+00  0.85069E+00  0.85136E+00  0.60583E+00
  0.34696E+00  0.24179E+00  0.28247E+00  0.36128E+00  0.40147E+00  0.41143E+00
  0.42259E+00  0.41740E+00  0.36176E+00  0.28362E+00  0.25243E+00  0.28097E+00
  0.30627E+00  0.28252E+00  0.23905E+00  0.22430E+00  0.23681E+00  0.24346E+00
  0.23502E+00  0.22969E+00  0.23707E+00  0.24603E+00  0.24446E+00  0.23334E+00
  0.21993E+00  0.20785E+00  0.19720E+00  0.18948E+00  0.18737E+00  0.19036E+00
  0.19399E+00  0.19455E+00  0.19235E+00  0.18971E+00  0.18748E+00  0.18506E+00
  0.18248E+00  0.18063E+00  0.18000E+00  0.18016E+00  0.18050E+00  0.18085E+00
  0.18122E+00  0.18156E+00  0.18182E+00  0.18213E+00  0.18250E+00  0.18297E+00
  0.18353E+00  0.18423E+00  0.18505E+00  0.18599E+00  0.18692E+00  0.18793E+00
  0.18895E+00  0.19004E+00  0.19114E+00  0.19232E+00  0.19354E+00  0.19481E+00
  0.19611E+00  0.19744E+00  0.19880E+00  0.20017E+00  0.20160E+00  0.20305E+00
  0.20450E+00  0.20599E+00  0.20749E+00  0.20900E+00  0.21055E+00  0.21210E+00
  0.21366E+00  0.21521E+00  0.21678E+00  0.21838E+00  0.21993E+00  0.22152E+00
  0.22308E+00  0.22468E+00  0.22627E+00  0.22786E+00  0.22942E+00  0.23098E+00
  0.23255E+00  0.23411E+00  0.23565E+00  0.23718E+00  0.23875E+00  0.24025E+00
