  Time his fp  matched to spectrum:Sclrel_output/sm09.h.freq.tgt                
   3906    1.00000E-02  0  0  0.  0.  0.  0.  0.
  0.41895E+00  0.80442E+00  0.67140E+00  0.73054E+00  0.69914E+00  0.72410E+00
  0.70269E+00  0.73383E+00  0.72495E+00  0.76706E+00  0.77869E+00  0.83338E+00
  0.80967E+00  0.70687E+00  0.54473E+00  0.46385E+00  0.62310E+00  0.72466E+00
  0.24230E+00  0.10362E+01  0.18579E+01  0.28984E+01  0.49816E+01  0.65308E+01
  0.54488E+01  0.22663E+00 -0.30426E+01 -0.15267E+01 -0.49505E+01 -0.11451E+02
 -0.10933E+02 -0.14468E+01  0.16855E+02  0.26000E+02  0.11425E+02 -0.93315E+01
 -0.18384E+02 -0.12779E+02 -0.11336E+02 -0.25022E+02 -0.36462E+02 -0.35333E+02
 -0.26082E+02 -0.20455E+02 -0.22706E+02 -0.19790E+02 -0.97471E+01  0.21053E+01
  0.16098E+02  0.31393E+02  0.37252E+02  0.30572E+02  0.17196E+02  0.57935E+01
  0.77475E+01  0.15259E+02  0.21821E+02  0.29111E+02  0.35691E+02  0.32874E+02
  0.20253E+02  0.30146E+01 -0.19530E+02 -0.48700E+02 -0.77718E+02 -0.91248E+02
 -0.84163E+02 -0.48964E+02  0.19679E+01  0.48252E+02  0.86118E+02  0.11354E+03
  0.12413E+03  0.10113E+03  0.52843E+02 -0.10733E+02 -0.74723E+02 -0.11996E+03
 -0.13845E+03 -0.12240E+03 -0.83703E+02 -0.38448E+02  0.14873E+02  0.68426E+02
  0.96178E+02  0.10269E+03  0.97274E+02  0.64784E+02  0.19158E+02 -0.18835E+02
 -0.53673E+02 -0.75018E+02 -0.64022E+02 -0.37946E+02 -0.13667E+02  0.60988E+01
  0.20389E+02  0.34657E+02  0.36942E+02  0.66744E+01 -0.39524E+02 -0.70916E+02
 -0.84409E+02 -0.90141E+02 -0.66551E+02 -0.12185E+02  0.40252E+02  0.89670E+02
  0.12239E+03  0.12563E+03  0.11320E+03  0.92431E+02  0.46438E+02 -0.48593E+02
 -0.12765E+03 -0.13342E+03 -0.10494E+03 -0.60045E+02  0.41785E+00  0.52189E+02
  0.73490E+02  0.66091E+02  0.42238E+02  0.56053E+01 -0.35460E+02 -0.76618E+02
 -0.83089E+02 -0.47594E+02 -0.44386E+01  0.39440E+02  0.62370E+02  0.64498E+02
  0.64253E+02  0.49715E+02  0.30597E+02  0.94442E+01 -0.28129E+02 -0.62836E+02
 -0.69290E+02 -0.51454E+02 -0.30938E+02 -0.61413E+01  0.14872E+02  0.20652E+02
  0.22339E+02  0.32451E+02  0.53516E+02  0.67835E+02  0.61350E+02  0.35377E+02
  0.43628E+01 -0.19559E+02 -0.58912E+02 -0.10351E+03 -0.10421E+03 -0.64832E+02
 -0.21599E+02  0.17864E+02  0.41153E+02  0.34567E+02  0.17789E+02  0.13675E+01
 -0.12942E+02 -0.22948E+02 -0.18641E+02 -0.87073E+01  0.16619E+01  0.35556E+02
  0.60048E+02  0.41945E+02  0.28185E+01 -0.33510E+02 -0.54065E+02 -0.56704E+02
 -0.41423E+02 -0.17575E+02  0.59513E+01  0.33704E+02  0.66231E+02  0.84851E+02
  0.77547E+02  0.45578E+02 -0.43788E+01 -0.51804E+02 -0.70904E+02 -0.53704E+02
 -0.29075E+02 -0.12957E+02  0.46429E+01  0.23648E+02  0.39892E+02  0.53727E+02
  0.51315E+02  0.30951E+02  0.13942E+02  0.38182E+00 -0.15780E+02 -0.23777E+02
 -0.82027E+01  0.12333E+02  0.76015E+01  0.18229E+01  0.60896E+01  0.19097E+02
  0.33095E+02  0.14339E+02 -0.22007E+02 -0.49421E+02 -0.55191E+02 -0.34920E+02
 -0.12601E+02  0.21080E+01  0.21971E+02  0.36441E+02  0.40381E+02  0.43812E+02
  0.41770E+02  0.31518E+02  0.84858E+01 -0.26222E+02 -0.51202E+02 -0.46176E+02
 -0.24524E+02  0.35994E+00  0.32813E+02  0.64464E+02  0.66584E+02  0.30590E+02
 -0.69947E+01 -0.20068E+02 -0.22128E+02 -0.18785E+02 -0.19106E+02 -0.27884E+02
 -0.30480E+02 -0.21915E+02 -0.56614E+01  0.62685E+01  0.15491E+02  0.29858E+02
  0.25715E+02  0.52395E+00 -0.14530E+02 -0.21122E+02 -0.26376E+02 -0.15698E+02
  0.71792E+01  0.36993E+02  0.51707E+02  0.34200E+02  0.63732E+01 -0.15634E+02
 -0.29142E+02 -0.39001E+02 -0.40929E+02 -0.29842E+02 -0.11552E+02  0.85765E+01
  0.22880E+02  0.22829E+02  0.11883E+02  0.80052E+01  0.10908E+02 -0.14934E+01
 -0.20259E+02 -0.17452E+02  0.35468E+01  0.10927E+02  0.56851E+01  0.73503E+01
 -0.44201E+01 -0.28051E+02 -0.34889E+02 -0.27875E+02 -0.18523E+02  0.87824E+00
  0.20155E+02  0.23367E+02  0.12013E+02  0.43232E+00  0.33340E+01  0.11907E+02
  0.89992E+01 -0.31403E+01 -0.17363E+02 -0.30879E+02 -0.30084E+02 -0.17949E+02
 -0.18473E+02 -0.21980E+02 -0.16915E+02 -0.21946E+02 -0.17395E+02  0.12749E+02
  0.32416E+02  0.35981E+02  0.46967E+02  0.56027E+02  0.57328E+02  0.48535E+02
  0.26373E+02  0.69371E+01 -0.12366E+02 -0.40964E+02 -0.65494E+02 -0.75743E+02
 -0.60122E+02 -0.28604E+02 -0.76039E+01  0.12609E+02  0.32162E+02  0.44149E+02
  0.45449E+02  0.19813E+02 -0.12286E+02 -0.27727E+02 -0.34203E+02 -0.32148E+02
 -0.20809E+02 -0.21664E+02 -0.26155E+02 -0.92060E+01  0.18618E+01  0.13246E+01
  0.94502E+01  0.91283E+01  0.54319E+01  0.13644E+02  0.13024E+02  0.15768E+01
 -0.97649E+01 -0.42243E+01  0.17402E+02  0.23345E+02  0.15289E+02  0.98422E+01
 -0.14199E+00 -0.15288E+02 -0.36120E+02 -0.57943E+02 -0.59993E+02 -0.42550E+02
 -0.12407E+02  0.19683E+02  0.35693E+02  0.40941E+02  0.43307E+02  0.40546E+02
  0.35897E+02  0.23912E+02  0.31083E+01 -0.24925E+01  0.11026E+02  0.10029E+02
 -0.41953E+01 -0.82456E+01 -0.58733E+01 -0.76266E+01 -0.18479E+02 -0.32808E+02
 -0.32636E+02 -0.16275E+02  0.16480E+01  0.45920E+01  0.63405E+01  0.23151E+02
  0.26971E+02  0.19752E+02  0.14011E+02 -0.31685E+00 -0.88407E+01 -0.10345E+02
 -0.11986E+02 -0.12727E+00  0.95686E+01  0.47825E+01 -0.64919E+00 -0.63777E+01
 -0.10150E+02  0.39379E+01  0.26873E+02  0.28444E+02  0.23487E+02  0.27654E+02
  0.20132E+02  0.11727E+02  0.10460E+02  0.81332E+01  0.12710E+02  0.30633E+01
 -0.22058E+02 -0.37258E+02 -0.44923E+02 -0.41240E+02 -0.23679E+02 -0.21075E+01
  0.20334E+02  0.37460E+02  0.45253E+02  0.54236E+02  0.53487E+02  0.31067E+02
  0.46490E+01 -0.15564E+02 -0.27345E+02 -0.42598E+02 -0.54187E+02 -0.32492E+02
 -0.48171E+01  0.13997E+02  0.35495E+02  0.31897E+02  0.14206E+02  0.11873E+02
  0.86916E+01  0.29952E+01  0.12199E+01  0.15365E+01  0.15192E+02  0.28433E+02
  0.13919E+02 -0.13197E+02 -0.26344E+02 -0.29384E+02 -0.34311E+02 -0.39014E+02
 -0.33959E+02 -0.12846E+02  0.14503E+02  0.32953E+02  0.40695E+02  0.29444E+02
  0.35392E+01 -0.14128E+02 -0.14987E+02 -0.58105E+01 -0.76167E+01 -0.12955E+02
 -0.35089E+01  0.85883E+01  0.12385E+02  0.53201E+01 -0.13508E+02 -0.33595E+02
 -0.24254E+02 -0.30411E+01 -0.37774E+01 -0.87208E+01 -0.10807E+02 -0.47603E+01
  0.13112E+02  0.23990E+02  0.17221E+02  0.37880E+01  0.14503E+01 -0.37926E+01
 -0.23360E+02 -0.42660E+02 -0.45041E+02 -0.32535E+02 -0.78539E+01  0.21333E+02
  0.35642E+02  0.39426E+02  0.39148E+02  0.27609E+02 -0.14614E+01 -0.28230E+02
 -0.45280E+02 -0.62170E+02 -0.54882E+02 -0.20511E+02  0.14627E+02  0.35820E+02
  0.45277E+02  0.49519E+02  0.41667E+02  0.23307E+02 -0.37930E+01 -0.29673E+02
 -0.32000E+02 -0.10509E+02 -0.50013E+01 -0.20600E+02 -0.26229E+02 -0.27071E+02
 -0.21987E+02 -0.42562E+01  0.15274E+02  0.30305E+02  0.30880E+02  0.19777E+02
  0.10022E+02  0.48945E+01 -0.43235E+01 -0.19358E+02 -0.23829E+02 -0.90945E+01
  0.11207E+02  0.20464E+02  0.35701E+02  0.50028E+02  0.37007E+02  0.96619E+01
 -0.25180E+02 -0.56666E+02 -0.70356E+02 -0.54122E+02 -0.20600E+02 -0.15893E+01
  0.16477E+02  0.47341E+02  0.72161E+02  0.67222E+02  0.25095E+02 -0.16071E+02
 -0.37380E+02 -0.43667E+02 -0.36129E+02 -0.19650E+02 -0.24720E+00  0.48691E+01
 -0.38573E+01 -0.15025E+02 -0.25166E+02 -0.18932E+02 -0.19213E+01  0.60275E+01
  0.11512E+02  0.22459E+02  0.33555E+02  0.36601E+02  0.33807E+02  0.36609E+02
  0.37771E+02  0.15909E+02 -0.15911E+02 -0.34324E+02 -0.42481E+02 -0.39426E+02
 -0.24968E+02 -0.93988E+01  0.40768E+01  0.12744E+02  0.20669E+02  0.19797E+02
  0.98715E+01  0.11100E+02  0.20752E+02  0.26183E+02  0.18736E+02 -0.22915E+01
 -0.17818E+02 -0.29984E+02 -0.46991E+02 -0.41077E+02 -0.20365E+02  0.17188E+01
  0.19201E+02  0.24146E+02  0.23226E+02  0.21275E+02  0.20539E+02  0.42897E+01
 -0.20160E+02 -0.24107E+02 -0.13889E+02 -0.13331E+02 -0.10937E+02 -0.20635E+01
 -0.13189E+01 -0.90585E+01 -0.62645E+01  0.12198E+02  0.16217E+02  0.98505E+01
  0.10182E+02  0.13657E+02  0.15223E+02  0.40343E+01 -0.12744E+02 -0.16079E+02
 -0.79655E+01  0.21843E+01  0.22564E+01 -0.68942E+00  0.73925E+01  0.18228E+02
  0.21321E+02  0.19548E+02  0.16875E+02  0.10044E+02 -0.97489E+00 -0.46570E+01
 -0.55167E+01 -0.14962E+02 -0.28660E+02 -0.34209E+02 -0.25797E+02 -0.10180E+02
  0.66908E+00  0.83830E+01  0.13292E+02  0.89906E+01  0.65414E+01  0.10243E+02
  0.13958E+02  0.57905E+01 -0.51334E+00  0.51676E+01  0.17804E+02  0.20429E+02
  0.80348E+01 -0.82116E+01 -0.32583E+02 -0.26829E+02  0.77940E+01  0.18596E+02
  0.17480E+02  0.86819E+01 -0.25102E+01  0.56314E+01  0.57509E+01 -0.11612E+02
 -0.21248E+02 -0.64086E+01  0.24910E+02  0.46171E+02  0.39585E+02  0.91568E+01
 -0.23642E+02 -0.41217E+02 -0.45402E+02 -0.45759E+02 -0.47605E+02 -0.42783E+02
 -0.20393E+02  0.70973E+01  0.31766E+02  0.49709E+02  0.48893E+02  0.29401E+02
 -0.14293E+01 -0.28937E+02 -0.40709E+02 -0.35386E+02 -0.17325E+02  0.19631E+01
  0.11398E+02  0.18829E+02  0.19705E+02  0.59264E+01 -0.83216E+01 -0.24013E+02
 -0.33158E+02 -0.18913E+02  0.40760E+01  0.12680E+02  0.91562E+01 -0.36420E-01
 -0.72517E+01 -0.69756E+01 -0.59454E+01 -0.12963E+02 -0.27750E+02 -0.35488E+02
 -0.21221E+02  0.83220E+01  0.42964E+02  0.68210E+02  0.57406E+02  0.31265E+02
  0.19584E+02  0.14420E+02 -0.35716E+01 -0.34505E+02 -0.60030E+02 -0.64468E+02
 -0.38030E+02 -0.80445E+01  0.33433E+01  0.94247E+01  0.16631E+02  0.25433E+02
  0.33736E+02  0.33073E+02  0.28194E+02  0.16763E+02  0.25481E+01 -0.14595E+01
  0.11724E+01  0.61122E+01  0.15816E+02  0.32936E+02  0.31681E+02  0.94533E+01
 -0.78143E+01 -0.23365E+02 -0.30470E+02 -0.19293E+02 -0.12459E+01  0.17065E+02
  0.35432E+02  0.42086E+02  0.37009E+02  0.28738E+02  0.16865E+02 -0.14687E+01
 -0.22959E+02 -0.32376E+02 -0.20815E+02 -0.99665E+01 -0.15661E+02 -0.24264E+02
 -0.25941E+02 -0.18349E+02 -0.95936E+01 -0.43937E+01 -0.40963E+00 -0.76482E+01
 -0.15058E+02 -0.96365E+01 -0.65570E+01 -0.11621E+02 -0.10939E+02 -0.60323E+01
 -0.45389E+01 -0.84963E+01 -0.11196E+02 -0.17207E+02 -0.15115E+02  0.80115E+00
 -0.22743E+01 -0.14822E+02 -0.82994E+01  0.13430E+02  0.37383E+02  0.42202E+02
  0.30357E+02  0.36057E+02  0.40459E+02  0.12819E+02 -0.17817E+02 -0.30857E+02
 -0.38525E+02 -0.47018E+02 -0.32260E+02 -0.79615E+01  0.37618E+00  0.83550E+01
  0.19922E+02  0.20942E+02  0.74649E+01  0.11447E+01  0.64156E+00 -0.87881E+01
 -0.61879E+01  0.14410E+02  0.30896E+02  0.28946E+02  0.18076E+02  0.46914E+01
 -0.73642E+01 -0.16002E+02 -0.28921E+02 -0.25039E+02 -0.77973E+00  0.24441E+02
  0.26792E+02  0.49682E+01 -0.11716E+02 -0.15452E+02 -0.13658E+02 -0.49140E+01
 -0.52675E+01 -0.14179E+02 -0.10864E+02 -0.55225E+01  0.15132E+01  0.87278E+01
  0.49312E+01 -0.41862E+00  0.36479E+01  0.20689E+02  0.23056E+02  0.81268E+01
 -0.35207E+01 -0.12600E+02 -0.43013E+01  0.35653E+01 -0.63017E+01 -0.77166E+01
 -0.85934E+01 -0.16604E+02 -0.17393E+02 -0.92917E+01  0.79682E+01  0.24038E+02
  0.23042E+02  0.14309E+02  0.19064E+02  0.24611E+02  0.24484E+02  0.22444E+02
  0.29441E+01 -0.14730E+02 -0.87992E+01 -0.97646E+01 -0.25592E+02 -0.27517E+02
 -0.22768E+02 -0.14539E+02  0.33233E+01  0.67406E+01 -0.54581E+01 -0.60175E+01
 -0.24692E+01  0.93876E+01  0.30406E+02  0.33831E+02  0.28427E+02  0.22449E+02
  0.15774E+02  0.99119E+01 -0.78009E+01 -0.33612E+02 -0.46067E+02 -0.31425E+02
 -0.33870E+01  0.11429E+02  0.11105E+02  0.14230E+02  0.14911E+02  0.52962E+01
 -0.31155E+01 -0.66502E+01 -0.11205E+02 -0.23108E+02 -0.36716E+02 -0.32744E+02
 -0.18042E+02 -0.15901E+02 -0.30440E+02 -0.37511E+02 -0.19696E+02 -0.23893E+01
  0.11653E+02  0.21910E+02  0.20596E+02  0.20343E+02  0.27057E+02  0.42489E+02
  0.63302E+02  0.66510E+02  0.44618E+02  0.10864E+02 -0.31330E+02 -0.64014E+02
 -0.56441E+02 -0.37287E+02 -0.27345E+02 -0.58061E+01  0.19198E+02  0.37663E+02
  0.42781E+02  0.40309E+02  0.43849E+02  0.39225E+02  0.18533E+02 -0.32188E+01
 -0.18818E+02 -0.34245E+02 -0.46469E+02 -0.41021E+02 -0.20786E+02  0.64829E+01
  0.28446E+02  0.22213E+02  0.44060E+01  0.56146E+00 -0.30561E+01 -0.84906E+01
 -0.22049E+01  0.11124E+02  0.18451E+02  0.14759E+02  0.79295E+01  0.22535E+01
  0.10995E+01 -0.46550E+01 -0.87320E+01 -0.73255E+00  0.17430E+01 -0.67877E+01
 -0.92461E+01 -0.38831E+01 -0.11259E+02 -0.34518E+02 -0.51251E+02 -0.44843E+02
 -0.31699E+02 -0.92551E+01  0.15104E+02  0.23787E+02  0.33297E+02  0.43682E+02
  0.46560E+02  0.36118E+02  0.78202E+01 -0.24924E+02 -0.40212E+02 -0.32402E+02
 -0.14425E+02 -0.18429E+02 -0.28951E+02 -0.23419E+02 -0.27633E+02 -0.25274E+02
 -0.98076E+01  0.32909E+00  0.10677E+02  0.18491E+02  0.27775E+02  0.36449E+02
  0.26146E+02  0.72840E+01 -0.98501E+01 -0.19059E+02 -0.20416E+02 -0.21288E+02
 -0.16746E+02 -0.11516E+02 -0.14841E+02 -0.85426E+01  0.96146E-01 -0.60932E+01
 -0.11130E+02 -0.16392E+02 -0.15468E+02  0.17034E+01  0.30371E+02  0.42609E+02
  0.34663E+02  0.31566E+02  0.26774E+02 -0.22275E+00 -0.27653E+02 -0.31472E+02
 -0.21571E+02 -0.78478E+01  0.11590E+02  0.24566E+02  0.31131E+02  0.38677E+02
  0.38348E+02  0.40054E+02  0.38344E+02  0.26764E+02  0.72093E+01 -0.21606E+02
 -0.45260E+02 -0.60407E+02 -0.56892E+02 -0.32062E+02 -0.11422E+02 -0.16698E+02
 -0.26363E+02 -0.10641E+02  0.95145E+01  0.18528E+02  0.14511E+02  0.37944E+01
  0.87300E+01  0.30624E+02  0.37838E+02  0.29982E+02  0.27574E+02  0.15432E+02
 -0.26476E+01 -0.10666E+02 -0.20549E+02 -0.32902E+02 -0.33493E+02 -0.22189E+02
 -0.11670E+02 -0.98924E+01 -0.51871E+01 -0.13364E+01 -0.12590E+02 -0.19780E+02
 -0.10770E+02  0.44633E+01  0.13001E+02  0.12335E+02  0.19246E+02  0.30859E+02
  0.30823E+02  0.20862E+02  0.18557E+02  0.15146E+02  0.29361E+01 -0.11324E+02
 -0.25041E+02 -0.19375E+02  0.30370E+01  0.13997E+02  0.16210E+02  0.16135E+02
  0.21733E+02  0.33352E+02  0.25071E+02  0.41585E+01 -0.97209E+01 -0.18352E+02
 -0.15491E+02 -0.43147E+01  0.43982E+01  0.14699E+02  0.14168E+02  0.62324E+01
  0.51366E+01 -0.48079E+01 -0.18875E+02 -0.18045E+02 -0.23558E+02 -0.32014E+02
 -0.30949E+02 -0.14896E+02  0.27474E+02  0.63177E+02  0.63075E+02  0.41856E+02
  0.17627E+02 -0.63449E+01 -0.29996E+02 -0.51244E+02 -0.67121E+02 -0.77795E+02
 -0.62442E+02 -0.11345E+02  0.46967E+02  0.68210E+02  0.48480E+02  0.27563E+02
  0.22356E+02  0.93691E+01 -0.21923E+02 -0.43013E+02 -0.33445E+02 -0.12079E+02
 -0.34033E+01  0.20508E+00  0.75592E+00 -0.30490E+01 -0.91074E+00  0.40647E+01
  0.16853E+02  0.23639E+02  0.13761E+02 -0.39605E+01 -0.30015E+02 -0.48514E+02
 -0.51151E+02 -0.40711E+02 -0.17370E+02  0.11714E+02  0.33605E+02  0.44035E+02
  0.48090E+02  0.46714E+02  0.40449E+02  0.20239E+02 -0.10655E+02 -0.33358E+02
 -0.35181E+02 -0.30691E+02 -0.37564E+02 -0.31903E+02  0.27712E+01  0.32762E+02
  0.39130E+02  0.23119E+02 -0.11432E+02 -0.25227E+02  0.41804E+01  0.19655E+02
 -0.14602E+01 -0.19410E+02 -0.30466E+02 -0.32891E+02 -0.23541E+02 -0.17741E+01
  0.20777E+02  0.21686E+02  0.18374E+02  0.19293E+02  0.86519E+01  0.37709E+01
  0.15436E+02  0.24276E+02  0.20261E+02  0.16874E+02  0.62288E+01 -0.15601E+02
 -0.20481E+02 -0.11179E+02 -0.48950E+01 -0.78737E+01 -0.23704E+02 -0.36411E+02
 -0.33395E+02 -0.10028E+02  0.12725E+02  0.11081E+02  0.79649E+01  0.24199E+02
  0.41274E+02  0.39916E+02  0.28250E+02  0.17384E+02  0.96746E+01  0.79323E+01
 -0.59659E+01 -0.38578E+02 -0.57295E+02 -0.54114E+02 -0.44425E+02 -0.32330E+02
 -0.71538E+01  0.28422E+02  0.45026E+02  0.39252E+02  0.32895E+02  0.31062E+02
  0.22530E+02  0.40304E+01 -0.12563E+02 -0.20106E+02 -0.25085E+02 -0.28273E+02
 -0.27022E+02 -0.25808E+02 -0.19228E+02  0.77407E+00  0.22415E+02  0.33785E+02
  0.47807E+02  0.67430E+02  0.56878E+02  0.25107E+02  0.75048E+01 -0.14399E+02
 -0.30481E+02 -0.34940E+02 -0.42800E+02 -0.41168E+02 -0.36792E+02 -0.24580E+02
  0.41121E+01  0.21335E+02  0.19135E+02  0.13480E+02 -0.45602E+00 -0.13075E+02
 -0.18754E+02 -0.30152E+02 -0.37114E+02 -0.33732E+02 -0.13938E+02  0.76665E+01
  0.23557E+01 -0.55586E+01  0.96263E+01  0.29340E+02  0.35573E+02  0.24449E+02
  0.51209E+01 -0.14854E+02 -0.26874E+02 -0.13043E+02 -0.11368E+01 -0.14038E+01
  0.74798E+01  0.11975E+02  0.10618E+02  0.12490E+02  0.14116E+02  0.14398E+02
  0.59602E+01 -0.37243E+01  0.53529E+00  0.60808E+01 -0.53813E+01 -0.24200E+02
 -0.31113E+02 -0.20679E+02 -0.38706E+01  0.14543E+02  0.26415E+02  0.23718E+02
  0.19711E+02  0.83941E+01 -0.10590E+02 -0.96683E+01  0.41203E+01  0.40609E+01
 -0.10738E+02 -0.16548E+02 -0.14679E+02 -0.24095E+02 -0.32856E+02 -0.15756E+02
  0.34788E+00 -0.48380E+01 -0.57344E+01 -0.46021E+01 -0.27687E+01  0.51676E+01
  0.14321E+02  0.22603E+02  0.26731E+02  0.27390E+02  0.29322E+02  0.28006E+02
  0.21759E+02  0.19365E+02 -0.17459E+01 -0.31986E+02 -0.26690E+02 -0.49763E+01
  0.60742E+00  0.10652E+02  0.18239E+02  0.64815E+01 -0.24629E+01 -0.17009E+01
  0.28899E+01  0.63067E+01  0.12975E+02  0.18981E+02  0.13203E+02  0.60212E+01
  0.17925E+01  0.44414E+01  0.11526E+01 -0.11716E+02 -0.13876E+02 -0.11328E+02
 -0.30761E+00  0.10442E+02  0.24664E+01  0.19481E+01  0.85468E+01  0.15007E+01
 -0.39078E+01 -0.41139E+01 -0.45424E+01  0.26927E+01  0.20149E+02  0.31936E+02
  0.28482E+02  0.29556E+02  0.39446E+02  0.29649E+02  0.23430E+00 -0.15206E+02
 -0.23044E+02 -0.33320E+02 -0.29353E+02 -0.14616E+02 -0.11120E+02 -0.14582E+02
 -0.13239E+02 -0.12319E+02 -0.18256E+02 -0.14632E+02  0.50954E+01  0.10463E+02
 -0.42142E+00 -0.23610E+01 -0.23886E+01 -0.76481E+01 -0.77640E+01 -0.24384E+01
 -0.14298E+01 -0.18505E+01 -0.51449E+01 -0.26615E+02 -0.49191E+02 -0.46965E+02
 -0.33013E+02 -0.28715E+02 -0.13547E+02  0.15815E+02  0.17502E+02  0.77676E+01
  0.15673E+02  0.21094E+02  0.12115E+02 -0.15145E+02 -0.49401E+02 -0.46216E+02
 -0.26727E+02 -0.37724E+02 -0.44777E+02 -0.36279E+02 -0.16138E+02  0.10502E+02
  0.26209E+02  0.31859E+02  0.34726E+02  0.44404E+02  0.53661E+02  0.46841E+02
  0.32735E+02  0.25905E+02  0.14648E+02 -0.96046E+01 -0.36443E+02 -0.35447E+02
 -0.35773E+01  0.19516E+01 -0.82004E+01  0.10203E+01  0.18745E+01  0.33976E+01
  0.21523E+02  0.23019E+02  0.12718E+02  0.20632E+02  0.36099E+02  0.39953E+02
  0.27567E+02  0.10360E+02 -0.17254E+01 -0.78630E+01 -0.38332E+01 -0.26726E+01
 -0.18180E+01  0.26283E+01  0.63696E+01  0.11418E+02  0.37479E+01 -0.11387E+02
 -0.18076E+02 -0.39066E+01  0.21962E+02  0.36691E+02  0.33704E+02  0.26873E+02
  0.21405E+02  0.84945E+01 -0.16296E+02 -0.44103E+02 -0.52538E+02 -0.49551E+02
 -0.43344E+02 -0.26183E+02  0.40453E+01  0.36280E+02  0.48875E+02  0.37071E+02
  0.10665E+02 -0.21678E+02 -0.44334E+02 -0.47270E+02 -0.41630E+02 -0.28735E+02
 -0.26331E+02 -0.38424E+02 -0.26811E+02 -0.10670E+01  0.55119E+01 -0.10127E+02
 -0.39435E+02 -0.51004E+02 -0.24574E+02  0.41943E+01  0.16923E+02  0.15328E+02
  0.10995E+02  0.17868E+02  0.11261E+02 -0.95891E+01 -0.27679E+02 -0.25167E+02
  0.69105E+01  0.23852E+02  0.15074E+02  0.22961E+02  0.47763E+02  0.69900E+02
  0.84192E+02  0.90402E+02  0.90790E+02  0.84280E+02  0.78754E+02  0.75318E+02
  0.80108E+02  0.81770E+02  0.60062E+02  0.36706E+02  0.35808E+02  0.47277E+02
  0.55493E+02  0.58278E+02  0.57149E+02  0.61420E+02  0.67775E+02  0.67522E+02
  0.64587E+02  0.63014E+02  0.67885E+02  0.73689E+02  0.64037E+02  0.51528E+02
  0.42380E+02  0.88976E+01 -0.61189E+02 -0.15849E+03 -0.25784E+03 -0.34683E+03
 -0.41481E+03 -0.44385E+03 -0.42536E+03 -0.35017E+03 -0.16670E+03  0.69516E+02
  0.24940E+03  0.37664E+03  0.42446E+03  0.38455E+03  0.24284E+03 -0.18810E+01
 -0.25418E+03 -0.46762E+03 -0.60463E+03 -0.63876E+03 -0.58568E+03 -0.37842E+03
 -0.11389E+03  0.72252E+02  0.25178E+03  0.43944E+03  0.56134E+03  0.58655E+03
  0.47748E+03  0.28089E+03  0.11621E+03 -0.35708E+01 -0.10102E+03 -0.19155E+03
 -0.30405E+03 -0.41137E+03 -0.47490E+03 -0.51301E+03 -0.52007E+03 -0.48762E+03
 -0.38336E+03 -0.21002E+03 -0.49773E+02  0.10685E+03  0.26213E+03  0.35003E+03
  0.37317E+03  0.39047E+03  0.42641E+03  0.42604E+03  0.40012E+03  0.39162E+03
  0.37824E+03  0.36634E+03  0.39435E+03  0.43966E+03  0.46398E+03  0.42180E+03
  0.32178E+03  0.12778E+03 -0.13096E+03 -0.33065E+03 -0.41633E+03 -0.41025E+03
 -0.31573E+03 -0.18897E+03 -0.74430E+02  0.61504E+02  0.14836E+03  0.16925E+03
  0.14080E+03  0.44254E+02 -0.13788E+03 -0.30975E+03 -0.36295E+03 -0.35360E+03
 -0.33058E+03 -0.28440E+03 -0.25870E+03 -0.26528E+03 -0.26327E+03 -0.19429E+03
 -0.61944E+02  0.10407E+03  0.21808E+03  0.23045E+03  0.20619E+03  0.16666E+03
  0.12400E+03  0.81576E+02 -0.10087E+02 -0.11957E+03 -0.18182E+03 -0.20924E+03
 -0.18293E+03 -0.98351E+02  0.25597E+02  0.17264E+03  0.26591E+03  0.28101E+03
  0.23178E+03  0.13947E+03  0.27118E+02 -0.11908E+03 -0.24645E+03 -0.28904E+03
 -0.27563E+03 -0.18980E+03 -0.26561E+02  0.13301E+03  0.22723E+03  0.24319E+03
  0.21304E+03  0.17750E+03  0.13060E+03  0.65980E+02 -0.12452E+02 -0.66302E+02
 -0.63720E+02 -0.45586E+02 -0.28175E+02  0.25081E+02  0.96039E+02  0.12410E+03
  0.99527E+02  0.46799E+02 -0.78202E+01 -0.51938E+02 -0.80361E+02 -0.10331E+03
 -0.12060E+03 -0.10408E+03 -0.67772E+02 -0.38222E+02 -0.21661E+02 -0.14677E+02
 -0.45785E+01  0.24536E+02  0.86216E+02  0.16092E+03  0.21549E+03  0.22931E+03
  0.21987E+03  0.22109E+03  0.21750E+03  0.18536E+03  0.14127E+03  0.77106E+02
 -0.48282E+02 -0.16107E+03 -0.20824E+03 -0.24877E+03 -0.25952E+03 -0.22634E+03
 -0.14751E+03 -0.23808E+02  0.55996E+02  0.79313E+02  0.13804E+02 -0.93028E+02
 -0.13176E+03 -0.15340E+03 -0.18631E+03 -0.21133E+03 -0.20115E+03 -0.15501E+03
 -0.76155E+02  0.19120E+02  0.10127E+03  0.15158E+03  0.17801E+03  0.20878E+03
  0.23097E+03  0.22444E+03  0.19578E+03  0.13866E+03  0.49239E+02 -0.54610E+02
 -0.11498E+03 -0.10845E+03 -0.77262E+02 -0.44947E+02 -0.13229E+01  0.18926E+02
 -0.24627E+02 -0.98475E+02 -0.15349E+03 -0.19333E+03 -0.21015E+03 -0.15184E+03
 -0.58115E+02  0.67586E+01  0.70320E+02  0.11893E+03  0.12093E+03  0.97533E+02
  0.51245E+02 -0.39300E+02 -0.12612E+03 -0.14690E+03 -0.10103E+03 -0.50705E+02
 -0.24236E+02  0.33778E+01  0.71934E+01 -0.35776E+02 -0.83974E+02 -0.11950E+03
 -0.14319E+03 -0.11424E+03 -0.58562E+02  0.38410E+02  0.20475E+03  0.34020E+03
  0.39627E+03  0.38892E+03  0.32183E+03  0.24464E+03  0.16874E+03  0.51582E+02
 -0.33561E+02 -0.71623E+02 -0.98417E+02 -0.94269E+02 -0.68462E+02 -0.48796E+02
 -0.61963E+02 -0.52598E+02 -0.50135E+01  0.47836E+02  0.16945E+03  0.29580E+03
  0.32705E+03  0.27476E+03  0.11323E+03 -0.90668E+02 -0.20340E+03 -0.23646E+03
 -0.22556E+03 -0.18278E+03 -0.15628E+03 -0.14732E+03 -0.11648E+03 -0.54263E+02
 -0.16819E+02 -0.32690E+02 -0.78998E+02 -0.12129E+03 -0.15745E+03 -0.19927E+03
 -0.20077E+03 -0.18429E+03 -0.19844E+03 -0.18475E+03 -0.11781E+03 -0.50387E+02
 -0.13917E+02  0.15549E+00 -0.10692E+02 -0.91913E+02 -0.15069E+03 -0.93479E+02
 -0.19884E+02  0.20746E+02  0.97722E+02  0.19101E+03  0.22299E+03  0.23466E+03
  0.25655E+03  0.28100E+03  0.27977E+03  0.23113E+03  0.16754E+03  0.59758E+02
 -0.52549E+02 -0.10391E+03 -0.15011E+03 -0.18723E+03 -0.16428E+03 -0.11711E+03
 -0.14480E+02  0.97736E+02  0.13578E+03  0.15266E+03  0.15281E+03  0.11822E+03
  0.75233E+02  0.48386E+02  0.36175E+02  0.33587E+02  0.54815E+02  0.83495E+02
  0.87559E+02  0.11068E+03  0.16376E+03  0.19979E+03  0.15898E+03  0.19863E+02
 -0.11624E+03 -0.21821E+03 -0.28258E+03 -0.28088E+03 -0.18120E+03 -0.33092E+01
  0.16957E+03  0.26555E+03  0.29316E+03  0.24227E+03  0.74897E+02 -0.13744E+03
 -0.28295E+03 -0.30718E+03 -0.23255E+03 -0.14384E+03 -0.12143E+03 -0.14267E+03
 -0.17820E+03 -0.20187E+03 -0.16085E+03 -0.66776E+02  0.16484E+02  0.59913E+02
  0.76781E+02  0.93635E+02  0.13007E+03  0.18490E+03  0.21153E+03  0.19963E+03
  0.15458E+03  0.18830E+02 -0.14927E+03 -0.23166E+03 -0.25558E+03 -0.25707E+03
 -0.21995E+03 -0.14911E+03 -0.43607E+02  0.68344E+02  0.13424E+03  0.15690E+03
  0.14082E+03  0.11531E+03  0.10029E+03  0.78485E+02  0.61339E+02  0.43281E+02
  0.20492E+01 -0.35913E+02 -0.45866E+02 -0.25892E+02  0.16157E+02  0.59892E+02
  0.99073E+02  0.10479E+03  0.51571E+02 -0.17171E+02 -0.59529E+02 -0.72186E+02
 -0.56081E+02 -0.50593E+01  0.46390E+02  0.68406E+02  0.82676E+02  0.82272E+02
  0.28497E+02 -0.55132E+02 -0.89624E+02 -0.91007E+02 -0.10507E+03 -0.12242E+03
 -0.13264E+03 -0.11701E+03 -0.54791E+02  0.24185E+02  0.75879E+02  0.10008E+03
  0.10485E+03  0.81416E+02  0.38641E+02  0.23537E+02  0.46880E+01 -0.41584E+02
 -0.57387E+02 -0.15913E+02  0.38529E+02  0.58615E+02  0.49408E+02  0.31143E+02
  0.42185E+02  0.76274E+02  0.99633E+02  0.90037E+02  0.32875E+02 -0.27665E+02
 -0.51907E+02 -0.63700E+02 -0.75188E+02 -0.59482E+02 -0.27016E+02 -0.18267E+02
 -0.28342E+02 -0.43259E+02 -0.54061E+02 -0.58047E+02 -0.73105E+02 -0.85356E+02
 -0.95133E+02 -0.11750E+03 -0.11570E+03 -0.72569E+02 -0.33388E+02 -0.11891E+02
  0.14031E+02  0.46797E+02  0.77997E+02  0.10032E+03  0.95995E+02  0.60475E+02
  0.79878E+01 -0.45775E+02 -0.71681E+02 -0.67209E+02 -0.61909E+02 -0.38698E+02
  0.10691E+02  0.56656E+02  0.10058E+03  0.14295E+03  0.15261E+03  0.11575E+03
  0.49148E+02 -0.43166E+02 -0.14731E+03 -0.19568E+03 -0.17918E+03 -0.12319E+03
  0.12442E+02  0.15332E+03  0.22006E+03  0.24524E+03  0.22963E+03  0.17789E+03
  0.87645E+02 -0.32286E+02 -0.13685E+03 -0.20034E+03 -0.17880E+03 -0.73859E+02
  0.12970E+02  0.66155E+02  0.10728E+03  0.12389E+03  0.57281E+02 -0.76854E+02
 -0.16235E+03 -0.21340E+03 -0.21879E+03 -0.10273E+03  0.35205E+02  0.10736E+03
  0.16028E+03  0.17355E+03  0.13638E+03  0.79624E+02  0.18970E+02 -0.52755E+02
 -0.13478E+03 -0.14777E+03 -0.66778E+02  0.99886E+01  0.54897E+02  0.76354E+02
  0.58764E+02  0.19354E+02 -0.59821E+01 -0.42525E+01 -0.29062E+01 -0.13316E+02
 -0.31583E+02 -0.22819E+02  0.30754E+02  0.89163E+02  0.11843E+03  0.11880E+03
  0.62962E+02 -0.66376E+02 -0.16362E+03 -0.19587E+03 -0.19698E+03 -0.10704E+03
  0.44214E+02  0.97745E+02  0.79817E+02  0.78605E+02  0.83498E+02  0.10553E+03
  0.11969E+03  0.83485E+02  0.19505E+02 -0.36738E+02 -0.68655E+02 -0.65731E+02
 -0.61431E+02 -0.87193E+02 -0.87273E+02 -0.26069E+02  0.40311E+02  0.73766E+02
  0.66266E+02  0.43863E+02  0.50094E+02  0.73772E+02  0.72420E+02  0.27821E+02
 -0.25114E+02 -0.66771E+02 -0.89084E+02 -0.71565E+02 -0.47957E+02 -0.41296E+02
 -0.46134E+02 -0.52901E+02 -0.41280E+02 -0.43928E+02 -0.75144E+02 -0.93967E+02
 -0.85228E+02 -0.65747E+02 -0.30942E+02  0.22610E+02  0.70557E+02  0.89589E+02
  0.78738E+02  0.59572E+02  0.45113E+02  0.29896E+02  0.26378E+02  0.35448E+02
  0.36406E+02  0.36717E+02  0.50213E+02  0.70909E+02  0.96878E+02  0.12963E+03
  0.14566E+03  0.13462E+03  0.10149E+03  0.61207E+02  0.43353E+01 -0.80877E+02
 -0.15428E+03 -0.18609E+03 -0.15834E+03 -0.11035E+03 -0.93139E+02 -0.78289E+02
 -0.57141E+02 -0.37211E+02 -0.32343E+01  0.31437E+02  0.29507E+02  0.21957E+02
  0.49190E+02  0.84580E+02  0.93650E+02  0.73318E+02  0.41446E+02  0.10947E+02
 -0.21526E+02 -0.51841E+02 -0.75977E+02 -0.82630E+02 -0.47716E+02  0.64177E+01
  0.32523E+02  0.17615E+02 -0.12470E+02 -0.33500E+02 -0.34033E+02 -0.12064E+02
  0.69735E+01  0.43876E+01 -0.10471E+02 -0.15454E+02 -0.36111E+02 -0.82697E+02
 -0.11871E+03 -0.11914E+03 -0.10475E+03 -0.91792E+02 -0.59642E+02 -0.16333E+02
  0.29110E+02  0.73981E+02  0.97702E+02  0.10053E+03  0.86486E+02  0.68952E+02
  0.46680E+02  0.30116E+02  0.43025E+02  0.53039E+02  0.39423E+02  0.70753E+01
 -0.22078E+02 -0.34794E+02 -0.54558E+02 -0.65625E+02 -0.41888E+02  0.61031E+01
  0.67099E+02  0.11602E+03  0.13103E+03  0.11784E+03  0.62455E+02 -0.14912E+02
 -0.58215E+02 -0.61996E+02 -0.30101E+02  0.13587E+02  0.34020E+02  0.37588E+02
  0.19988E+02 -0.18776E+02 -0.56992E+02 -0.75264E+02 -0.57353E+02 -0.17675E+02
  0.11932E+02  0.18412E+02  0.74628E+01 -0.15370E+02 -0.41156E+02 -0.48608E+02
 -0.20297E+02  0.56286E+01 -0.57493E+01 -0.16452E+02  0.12821E+02  0.63152E+02
  0.91748E+02  0.84426E+02  0.71193E+02  0.60759E+02  0.33762E+02  0.35419E+01
 -0.22288E+02 -0.44785E+02 -0.58897E+02 -0.54584E+02 -0.26328E+02 -0.20256E+01
 -0.37144E+01 -0.46552E+02 -0.12101E+03 -0.13833E+03 -0.63242E+02  0.36701E+02
  0.91669E+02  0.10525E+03  0.85855E+02  0.43990E+02  0.63032E+01  0.79412E+00
  0.11533E+02 -0.25469E-01 -0.16922E+02 -0.23681E+02 -0.30221E+02 -0.75385E+01
  0.42863E+02  0.52591E+02  0.23583E+02  0.62936E+00 -0.11097E+02 -0.15457E+02
 -0.61879E+01 -0.58817E+01 -0.34574E+02 -0.56970E+02 -0.33706E+02  0.96583E+01
  0.31917E+02  0.11883E+02 -0.31858E+02 -0.62986E+02 -0.45068E+02  0.78129E+01
  0.54719E+02  0.72717E+02  0.41652E+02 -0.54794E+01 -0.16104E+02 -0.13270E+02
 -0.33528E+02 -0.63464E+02 -0.84853E+02 -0.71104E+02 -0.34368E+02 -0.30533E+01
  0.27612E+02  0.47322E+02  0.43913E+02  0.49122E+02  0.67127E+02  0.62895E+02
  0.36585E+02  0.43388E+01 -0.17057E+02 -0.18919E+02 -0.25683E+02 -0.35277E+02
 -0.13935E+02  0.14219E+02  0.90835E+01 -0.14844E+02 -0.16338E+02 -0.17027E+01
 -0.54196E+01 -0.28367E+02 -0.43501E+02 -0.38511E+02 -0.41320E+02 -0.34510E+02
 -0.13745E+02 -0.10213E+02 -0.61731E+01  0.16736E+02  0.22519E+02  0.37834E+01
  0.16192E+01  0.24106E+02  0.35804E+02  0.18849E+02  0.60012E+01  0.15061E+02
  0.29766E+02  0.45835E+02  0.56578E+02  0.49484E+02  0.27178E+02 -0.12543E+01
 -0.23780E+02 -0.36457E+02 -0.33329E+02 -0.11302E+02 -0.10617E+02 -0.33643E+02
 -0.38023E+02 -0.34613E+02 -0.27883E+02 -0.26800E+01  0.25138E+02  0.49401E+02
  0.67723E+02  0.53044E+02  0.81091E+01 -0.35739E+02 -0.56993E+02 -0.46433E+02
 -0.26429E+02  0.45022E+01  0.57190E+02  0.91971E+02  0.88784E+02  0.66303E+02
  0.17773E+02 -0.37547E+02 -0.54306E+02 -0.44873E+02 -0.30912E+02 -0.20150E+02
 -0.32229E+02 -0.57554E+02 -0.59753E+02 -0.17131E+02  0.45016E+02  0.76745E+02
  0.56365E+02  0.17068E+02 -0.58324E+01 -0.52630E+01 -0.35143E+01  0.16603E+01
  0.21388E+02  0.10667E+02 -0.31710E+01  0.31080E+02  0.64499E+02  0.48877E+02
  0.13315E+02  0.52969E+01  0.55705E+01 -0.10319E+02 -0.15384E+02 -0.18153E+02
 -0.42520E+02 -0.41283E+02 -0.14717E+02 -0.12934E+02 -0.19281E+02 -0.25393E+02
 -0.55903E+02 -0.75200E+02 -0.72840E+02 -0.87577E+02 -0.65023E+02 -0.69910E+01
  0.36120E+02  0.82606E+02  0.11095E+03  0.98168E+02  0.52904E+02  0.78786E+00
 -0.35292E+02 -0.57940E+02 -0.68527E+02 -0.51337E+02 -0.13415E+02  0.11231E+02
  0.25755E+02  0.44481E+02  0.59753E+02  0.60224E+02  0.40594E+02  0.31226E+01
 -0.23533E+02 -0.19477E+02 -0.55420E+01  0.35787E+01  0.18385E+02  0.32257E+02
  0.26238E+02  0.45420E+01 -0.23880E+02 -0.42004E+02 -0.32266E+02 -0.17282E+02
 -0.52266E+01  0.22999E+02  0.37775E+02  0.17529E+02 -0.14986E+02 -0.47510E+02
 -0.64960E+02 -0.39716E+02 -0.57212E+01  0.86621E+01  0.41676E+02  0.61410E+02
  0.28791E+02  0.98988E+01  0.19127E+02  0.56568E+01 -0.11754E+02 -0.11440E+02
 -0.21641E+02 -0.30070E+02  0.16893E+01  0.43888E+02  0.45651E+02  0.19945E+02
 -0.18389E+02 -0.63969E+02 -0.77110E+02 -0.51704E+02 -0.52290E+02 -0.64834E+02
 -0.34047E+02  0.14399E+02  0.47400E+02  0.49161E+02  0.24502E+02 -0.35970E+01
 -0.26108E+02 -0.26732E+02 -0.14658E+02 -0.17106E+02  0.15847E+01  0.51989E+02
  0.91459E+02  0.98508E+02  0.59324E+02 -0.43559E+01 -0.46670E+02 -0.54304E+02
 -0.40630E+02 -0.37607E+02 -0.45108E+02 -0.22843E+02  0.34497E+02  0.92789E+02
  0.11422E+03  0.82004E+02  0.40592E+02 -0.56667E+01 -0.92936E+02 -0.12666E+03
 -0.71419E+02 -0.21297E+02  0.20612E+01  0.33608E+02  0.72696E+02  0.84857E+02
  0.56417E+02  0.22088E+02 -0.12962E+02 -0.65057E+02 -0.11089E+03 -0.13693E+03
 -0.10961E+03 -0.62939E+01  0.81945E+02  0.94877E+02  0.80399E+02  0.77404E+02
  0.73314E+02  0.52860E+02  0.31419E+02  0.38474E+01 -0.36899E+02 -0.55648E+02
 -0.42081E+02 -0.29553E+02 -0.17169E+02 -0.16610E+01  0.17946E+01 -0.10308E+02
 -0.17833E+02 -0.10988E+02 -0.91845E+01 -0.17458E+02 -0.35953E+02 -0.50206E+02
 -0.23372E+02  0.17384E+02  0.26929E+02  0.15860E+02 -0.82442E+01 -0.25261E+02
 -0.44378E+01  0.21989E+02  0.14144E+02 -0.95766E+01 -0.44302E+02 -0.61350E+02
 -0.17396E+02  0.41427E+02  0.70230E+02  0.71465E+02  0.61779E+02  0.45034E+02
  0.28235E+02  0.26148E+02  0.24509E+02  0.11386E+02 -0.90936E+01 -0.15821E+02
 -0.13715E+00  0.20339E+02  0.34896E+02  0.26509E+02 -0.11167E+01 -0.17636E+02
 -0.23677E+02 -0.48010E+02 -0.77093E+02 -0.74446E+02 -0.53935E+02 -0.32512E+02
 -0.86466E+01  0.10653E+02  0.26826E+02  0.33346E+02  0.24202E+02  0.61405E+01
 -0.17874E+02 -0.37391E+02 -0.16995E+02  0.15184E+02  0.17235E+02  0.28013E+02
  0.46406E+02  0.39165E+02  0.27759E+02  0.45021E+01 -0.32627E+02 -0.64398E+02
 -0.70250E+02 -0.50206E+02 -0.27673E+02  0.88982E+01  0.42864E+02  0.66163E+02
  0.82336E+02  0.63208E+02  0.21669E+02 -0.15852E+02 -0.34867E+02 -0.36461E+02
 -0.40646E+02 -0.53556E+02 -0.49692E+02 -0.10080E+02  0.36388E+02  0.65441E+02
  0.76524E+02  0.66105E+02  0.27396E+02 -0.24602E+02 -0.63734E+02 -0.70010E+02
 -0.45666E+02 -0.12351E+02  0.91309E+01  0.44555E+01 -0.80137E+01 -0.87037E+01
 -0.15460E+02 -0.19825E+02  0.53839E+01  0.31756E+02  0.27596E+02  0.11926E+02
  0.12714E+02  0.34056E+02  0.49257E+02  0.37182E+02  0.43845E+01 -0.22393E+02
 -0.24102E+02 -0.25500E+02 -0.51752E+02 -0.57189E+02 -0.12741E+02  0.25020E+02
  0.31038E+02  0.25527E+02  0.95862E+01 -0.88183E+01 -0.25659E+02 -0.49069E+02
 -0.65533E+02 -0.58095E+02 -0.23929E+02  0.77390E+01  0.23924E+02  0.50604E+02
  0.81603E+02  0.62273E+02 -0.38071E+01 -0.41406E+02 -0.24876E+02 -0.16016E+01
  0.13831E+02  0.25027E+02  0.15874E+02 -0.33722E+01 -0.10788E+02 -0.45623E+01
  0.40779E+01  0.60330E+01  0.34980E+01  0.62073E+01  0.16424E+02  0.31187E+01
 -0.31269E+02 -0.49378E+02 -0.53543E+02 -0.43377E+02 -0.22677E+01  0.46449E+02
  0.63321E+02  0.43510E+02  0.15306E+02 -0.40990E+00  0.56413E+01  0.25055E+02
  0.30604E+02  0.74742E+00 -0.57065E+02 -0.98473E+02 -0.80686E+02 -0.28206E+02
  0.15553E+02  0.28424E+02  0.24572E+02  0.30300E+02  0.35473E+02  0.47195E+02
  0.66713E+02  0.67889E+02  0.51436E+02  0.32273E+02  0.13240E+02  0.18994E+01
 -0.16429E+02 -0.39075E+02 -0.28646E+02 -0.28086E+01  0.22810E+02  0.31818E+02
  0.19403E+01 -0.29405E+02 -0.36608E+02 -0.32245E+02 -0.37294E+02 -0.65276E+02
 -0.63346E+02 -0.14350E+02  0.30296E+02  0.61811E+02  0.73815E+02  0.46010E+02
 -0.21008E+01 -0.43767E+02 -0.62374E+02 -0.70305E+02 -0.63156E+02 -0.28502E+02
 -0.37861E+01  0.11706E+02  0.48582E+02  0.75932E+02  0.72612E+02  0.62521E+02
  0.34527E+02 -0.95233E+01 -0.45692E+02 -0.49248E+02 -0.35882E+02 -0.42195E+02
 -0.42044E+02 -0.10539E+02  0.27129E+02  0.49568E+02  0.39983E+02  0.87893E+01
 -0.13194E+02 -0.26978E+02 -0.23109E+02  0.53175E+01  0.34131E+02  0.35701E+02
  0.69551E+01 -0.74970E+01  0.44811E+01  0.10889E+02 -0.65379E+01 -0.45413E+02
 -0.59929E+02 -0.35554E+02 -0.24534E+02 -0.37735E+02 -0.32970E+02 -0.65577E+01
  0.12393E+02  0.27326E+02  0.38327E+02  0.29294E+02  0.10724E+02  0.41053E+01
  0.13999E+02  0.31152E+02  0.39595E+02  0.42394E+02  0.38590E+02  0.19777E+02
 -0.15333E+02 -0.48585E+02 -0.59314E+02 -0.57874E+02 -0.42952E+02 -0.21692E+02
 -0.13200E+02 -0.41606E+01  0.36671E+01  0.19194E+02  0.41381E+02  0.34717E+02
  0.16009E+02  0.23723E+02  0.22114E+02  0.14121E+01  0.80556E+01  0.19619E+02
  0.10793E+02  0.21899E+01  0.33264E-01 -0.46131E+01 -0.53577E+01 -0.29691E+01
  0.10829E+02  0.33787E+02  0.29749E+02  0.42412E+01 -0.31844E+02 -0.60009E+02
 -0.52088E+02 -0.27527E+02 -0.85185E+01 -0.23469E+01  0.69386E+01  0.31290E+02
  0.52694E+02  0.63058E+02  0.56687E+02  0.39364E+02  0.25761E+02  0.64417E+01
 -0.17417E+02 -0.15137E+02  0.31537E+01 -0.22542E+01 -0.20253E+02 -0.41072E+02
 -0.72165E+02 -0.90177E+02 -0.89148E+02 -0.78376E+02 -0.48429E+02  0.27578E+00
  0.51014E+02  0.78938E+02  0.72605E+02  0.37694E+02  0.54485E+01 -0.15717E+02
 -0.38785E+02 -0.48679E+02 -0.42146E+02 -0.31295E+02 -0.16613E+02  0.12042E+02
  0.41174E+02  0.44604E+02  0.34138E+02  0.14296E+02 -0.64990E+01 -0.12184E+02
 -0.20119E+02 -0.28425E+02 -0.24139E+02 -0.11480E+02 -0.32697E+01  0.78859E+01
  0.28461E+02  0.34031E+02  0.25292E+02  0.20997E+02  0.10217E+02  0.11344E+02
  0.40184E+02  0.46084E+02  0.11259E+02 -0.27604E+02 -0.55898E+02 -0.78129E+02
 -0.79172E+02 -0.37761E+02  0.10397E+02  0.31722E+02  0.44185E+02  0.37364E+02
  0.26775E+02  0.33851E+02  0.11226E+02 -0.18705E+02  0.54199E+01  0.25382E+02
 -0.31056E+01 -0.28185E+02 -0.88678E+01  0.19178E+02  0.21832E+02  0.22803E+02
  0.14445E+02 -0.12877E+02 -0.31333E+02 -0.37354E+02 -0.37831E+02 -0.27278E+02
 -0.21865E+02 -0.20187E+02 -0.13682E+02 -0.99030E+01 -0.23740E+01  0.17586E+01
  0.16870E+02  0.48322E+02  0.53555E+02  0.26348E+02  0.95297E+01  0.13804E+02
  0.21584E+02  0.32849E+02  0.42169E+02  0.45171E+02  0.52040E+02  0.50207E+02
  0.34412E+02  0.13419E+02 -0.35631E+01 -0.14317E+02 -0.35499E+02 -0.70507E+02
 -0.98623E+02 -0.10172E+03 -0.78000E+02 -0.32486E+02  0.21109E+02  0.65584E+02
  0.83403E+02  0.77991E+02  0.53930E+02  0.24407E+02  0.30124E+01 -0.19456E+02
 -0.36316E+02 -0.27293E+02 -0.29981E+01  0.14457E+02  0.24761E+02  0.22709E+02
  0.85194E+01  0.38960E+01  0.58663E+01  0.16815E+01 -0.18939E+02 -0.35386E+02
 -0.18227E+02 -0.55935E+00 -0.15570E+02 -0.20678E+02 -0.26263E+01  0.80312E+00
  0.24182E+00  0.23066E+01 -0.17704E+02 -0.59693E+02 -0.82879E+02 -0.61060E+02
 -0.36968E+02 -0.29671E+02 -0.22229E+02 -0.13698E+02 -0.35087E+01  0.15788E+02
  0.42433E+02  0.45736E+02  0.19675E+02  0.83611E+01  0.88260E+01 -0.99020E+01
 -0.31997E+02 -0.39961E+02 -0.37272E+02 -0.19374E+02  0.60811E+01  0.21371E+02
  0.36472E+02  0.45651E+02  0.48592E+02  0.50075E+02  0.34023E+02  0.49306E+01
 -0.25868E+02 -0.44587E+02 -0.26288E+02  0.53245E+01  0.67939E+01 -0.40227E+01
 -0.13354E+02 -0.12308E+02  0.82350E+01  0.36730E+02  0.57274E+02  0.57059E+02
  0.37438E+02 -0.55492E+01 -0.53644E+02 -0.72678E+02 -0.55036E+02 -0.24304E+02
 -0.51733E+00  0.32450E+02  0.68439E+02  0.76692E+02  0.83521E+02  0.90982E+02
  0.58256E+02 -0.89298E+01 -0.60033E+02 -0.86336E+02 -0.83511E+02 -0.59844E+02
 -0.41948E+02 -0.19026E+02  0.36953E+01  0.10876E+02  0.75172E+01  0.18875E+01
 -0.17627E+02 -0.45881E+02 -0.42116E+02 -0.14687E+02  0.17462E+02  0.49828E+02
  0.60571E+02  0.53387E+02  0.37348E+02  0.22091E+02  0.60602E+01 -0.16644E+02
 -0.32018E+02 -0.31289E+02 -0.93844E+01  0.16509E+02  0.15741E+02 -0.12692E+01
 -0.18868E+02 -0.20763E+02 -0.28511E+01  0.62882E+01  0.16406E+02  0.27743E+02
  0.23673E+02  0.11109E+02 -0.44696E+01 -0.49646E+01  0.22088E+02  0.46959E+02
  0.36180E+02  0.76230E+01 -0.13004E+02 -0.25994E+02 -0.24677E+02 -0.13056E+02
 -0.82015E+01 -0.19766E+02 -0.33969E+02 -0.26941E+02 -0.15355E+02 -0.14464E+02
 -0.12813E+02 -0.14735E+02 -0.16681E+02  0.18356E+01  0.15297E+02  0.36133E+01
 -0.26094E+00 -0.16295E+01 -0.19381E+00  0.27782E+02  0.36324E+02  0.11683E+01
 -0.30079E+02 -0.26111E+02 -0.11636E+02  0.42625E+01  0.29720E+02  0.43275E+02
  0.31755E+02  0.12322E+02 -0.56063E+01 -0.32480E+02 -0.47097E+02 -0.33670E+02
 -0.52289E+01  0.23778E+02  0.34512E+02  0.30077E+02  0.27965E+02  0.23336E+02
  0.10072E+02 -0.63726E+01 -0.23806E+02 -0.50405E+02 -0.68669E+02 -0.54213E+02
 -0.26686E+02 -0.29614E+01  0.15903E+02  0.30476E+02  0.32200E+02  0.29003E+02
  0.35149E+02  0.35680E+02  0.21123E+02  0.60519E+01 -0.67379E+01 -0.23342E+02
 -0.31800E+02 -0.33034E+02 -0.34390E+02 -0.34272E+02 -0.21613E+02  0.50466E+01
  0.20362E+02  0.28284E+02  0.28477E+02  0.14751E+02  0.34775E+01 -0.25407E+01
  0.70159E+01  0.15848E+02  0.47938E+01  0.34528E+01  0.18691E+02  0.21972E+02
  0.11332E+02  0.27811E+01 -0.23526E+01 -0.10137E+02 -0.21516E+02 -0.35519E+02
 -0.38201E+02 -0.10177E+02  0.23217E+02  0.26609E+02  0.10779E+02  0.23886E+01
  0.78390E+01  0.23227E+02  0.37296E+02  0.32661E+02  0.26316E+02  0.16806E+02
 -0.60960E+01 -0.23100E+02 -0.31181E+02 -0.30751E+02 -0.13883E+02 -0.57269E+01
 -0.84551E+01 -0.12976E+02 -0.25727E+02 -0.32666E+02 -0.21771E+02  0.18759E+01
  0.10180E+02  0.18068E+02  0.39252E+02  0.34187E+02  0.22119E+02  0.33824E+02
  0.30871E+02  0.60838E+01 -0.39462E+01 -0.62580E+01 -0.25808E+02 -0.26852E+02
  0.36607E+01  0.16538E+02  0.15756E+02  0.63700E+01 -0.20084E+02 -0.52562E+02
 -0.70475E+02 -0.59555E+02 -0.38609E+02 -0.13862E+02  0.50982E+01  0.15104E+02
  0.24819E+02  0.32244E+02  0.30869E+02  0.21492E+02  0.92525E+01 -0.12422E+02
 -0.38216E+02 -0.64343E+02 -0.77591E+02 -0.50112E+02 -0.63222E+01  0.22129E+02
  0.39179E+02  0.55495E+02  0.59274E+02  0.42851E+02  0.24318E+02  0.11615E+02
 -0.67747E+01 -0.26381E+02 -0.36381E+02 -0.30280E+02  0.23596E+01  0.23728E+02
  0.18065E+02  0.16647E+02  0.23354E+02  0.24755E+02  0.77502E+01 -0.23100E+02
 -0.36844E+02 -0.36784E+02 -0.27254E+02  0.50191E+01  0.17973E+02  0.11434E+02
  0.28969E+02  0.39692E+02  0.16779E+02 -0.96321E+00 -0.39973E+01 -0.87264E+01
 -0.71510E+01 -0.39237E+01 -0.62093E+01 -0.78913E+01 -0.10459E+02 -0.20304E+02
 -0.19446E+02  0.11830E+01  0.19700E+02  0.23415E+02  0.21455E+02  0.14886E+02
 -0.94802E+01 -0.29225E+02 -0.24588E+02 -0.12065E+02  0.60295E+01  0.21927E+02
  0.25350E+02  0.33069E+02  0.39972E+02  0.30357E+02  0.25530E+02  0.32686E+02
  0.22477E+02  0.21206E+01 -0.55733E+01 -0.10111E+02 -0.18716E+02 -0.33814E+02
 -0.48840E+02 -0.52122E+02 -0.35350E+02 -0.14406E+02  0.25789E+01  0.73827E+01
 -0.57800E+01 -0.77683E+01  0.77556E+01  0.13019E+02 -0.38226E+01 -0.15220E+02
 -0.22917E+02 -0.38182E+02 -0.22543E+02  0.63905E+01  0.14441E+02  0.18717E+02
  0.16227E+02  0.41741E+01  0.55204E+01  0.85192E+01  0.98797E+00  0.28504E+01
  0.82688E+01  0.61787E+01  0.19380E+02  0.52872E+02  0.75416E+02  0.62850E+02
  0.22779E+02 -0.17414E+02 -0.47684E+02 -0.64391E+02 -0.48360E+02 -0.12733E+02
  0.21492E+02  0.36850E+02  0.22019E+02 -0.63817E+01 -0.28967E+02 -0.22035E+02
 -0.19149E+01  0.50207E+01  0.10740E+02  0.17175E+02  0.10988E+02 -0.55393E+01
 -0.27652E+02 -0.43024E+02 -0.42196E+02 -0.28546E+02 -0.46096E+01  0.23689E+02
  0.40181E+02  0.55361E+02  0.58263E+02  0.40288E+02  0.18188E+02 -0.98401E+00
 -0.15901E+02 -0.26551E+02 -0.37501E+02 -0.36564E+02 -0.85722E+01  0.16881E+02
  0.21815E+02  0.14115E+02 -0.13195E+01 -0.25986E+02 -0.51642E+02 -0.67634E+02
 -0.61633E+02 -0.42622E+02 -0.21166E+02  0.52257E+01  0.28444E+02  0.36739E+02
  0.33201E+02  0.29403E+02  0.18226E+02  0.26123E+01  0.14890E+02  0.25824E+02
  0.12885E+02  0.10866E+02  0.11653E+02  0.55699E+01 -0.89562E+01 -0.91433E+01
  0.13179E+02  0.15794E+02 -0.44266E+00 -0.96428E+01 -0.11590E+02 -0.11809E+02
 -0.17593E+02 -0.16449E+02 -0.63760E+01 -0.69367E+01 -0.36699E+01  0.52694E+01
  0.33913E+01  0.31311E+01  0.19184E+01 -0.13394E+02 -0.90912E+01  0.16660E+02
  0.29814E+02  0.15846E+02 -0.27693E+01  0.49293E+01  0.15635E+02  0.88537E+01
 -0.75795E+01 -0.23144E+02 -0.27280E+02 -0.22529E+02 -0.76071E+01  0.96873E+01
  0.20850E+02  0.23995E+02  0.21034E+02  0.16099E+02  0.31125E+01 -0.15217E+02
 -0.31706E+02 -0.39887E+02 -0.45513E+02 -0.43654E+02 -0.21225E+02  0.10042E+01
  0.92077E+01  0.17004E+02  0.29066E+02  0.43895E+02  0.52739E+02  0.53473E+02
  0.54077E+02  0.24050E+02 -0.24889E+02 -0.38483E+02 -0.39453E+02 -0.47393E+02
 -0.39058E+02 -0.18526E+02 -0.72153E-01  0.79507E+01  0.58089E+01  0.16070E+02
  0.23869E+02  0.45644E+01 -0.13470E+02 -0.21154E+02 -0.24593E+02 -0.19051E+02
 -0.66510E+01  0.85878E+01  0.24221E+02  0.40411E+02  0.42522E+02  0.29267E+02
  0.92581E+01 -0.74451E+01 -0.19328E+02 -0.27817E+02 -0.36364E+02 -0.50197E+02
 -0.53470E+02 -0.20636E+02  0.18420E+02  0.27340E+02  0.25982E+02  0.19458E+02
  0.71290E+01  0.64911E+00 -0.16603E+02 -0.47428E+02 -0.47518E+02 -0.69402E+01
  0.32755E+02  0.43734E+02  0.22664E+02  0.43855E+01  0.40656E+00  0.23030E+01
  0.74776E+01  0.14904E+02  0.32796E+02  0.43062E+02  0.31404E+02  0.12998E+02
 -0.95650E+01 -0.25020E+02 -0.17999E+02 -0.13102E+02 -0.14604E+02 -0.15256E+02
 -0.79670E+01  0.14418E+02  0.25849E+02  0.33806E+02  0.40868E+02  0.20442E+02
 -0.51725E+01 -0.82887E+01 -0.12034E+02 -0.24988E+02 -0.14308E+02  0.12337E+02
  0.15578E+02 -0.30158E+01 -0.17280E+02 -0.28863E+02 -0.29552E+02 -0.92068E+01
  0.10071E+02  0.20129E+02  0.22750E+02  0.30354E+02  0.45422E+02  0.42091E+02
  0.20522E+02 -0.84050E+01 -0.36668E+02 -0.45599E+02 -0.29902E+02 -0.19875E+02
 -0.28364E+02 -0.36016E+02 -0.38549E+02 -0.23625E+02  0.24713E+01  0.98242E+01
  0.44122E+01  0.13795E+01 -0.66996E+00  0.18441E+01  0.62432E+01  0.61706E+00
 -0.11175E+02 -0.11710E+02 -0.32316E+00  0.28885E+01  0.96640E+00  0.41950E+01
  0.10942E+02  0.19631E+02  0.29164E+02  0.27958E+02  0.10676E+02 -0.15515E+02
 -0.29356E+02 -0.19903E+02 -0.16825E+02 -0.18329E+02 -0.57114E+01  0.57096E+01
  0.10174E+02  0.10286E+02 -0.63496E+01 -0.77688E+01  0.16618E+02  0.17996E+02
 -0.73518E+00 -0.51507E+01  0.19051E+01  0.17422E+01 -0.43464E+01  0.58838E+01
  0.26759E+02  0.21669E+02 -0.71850E+01 -0.24889E+02 -0.24063E+02 -0.21740E+02
 -0.79507E+01  0.17017E+02  0.18745E+02  0.10461E+02  0.12843E+02  0.92376E+01
 -0.27138E+00 -0.80438E+01 -0.16628E+02 -0.19769E+02 -0.15923E+02 -0.72346E+01
  0.34413E+01 -0.30140E+01 -0.21239E+02 -0.10984E+02  0.12880E+02  0.18144E+02
  0.18208E+02  0.25516E+02  0.33472E+02  0.36821E+02  0.41914E+02  0.38304E+02
  0.26921E+02  0.18702E+02  0.21486E+01 -0.17592E+02 -0.11400E+02 -0.50261E+01
 -0.21682E+02 -0.38136E+02 -0.44751E+02 -0.39561E+02 -0.33707E+02 -0.26128E+02
 -0.92902E+01  0.89518E+01  0.21935E+02  0.16624E+02  0.65446E+01  0.11242E+02
  0.20935E+02  0.23771E+02  0.12607E+02 -0.31491E+01 -0.87207E+00  0.78258E+01
  0.52803E+01  0.71856E+01  0.17295E+02  0.22199E+02  0.10752E+02 -0.55246E+01
 -0.18002E+02 -0.26779E+02 -0.38072E+02 -0.46933E+02 -0.34330E+02 -0.14439E+02
  0.97033E+01  0.29593E+02  0.21588E+02  0.84065E+01  0.69040E+01  0.34401E+01
 -0.51507E+01 -0.12194E+02 -0.16091E+02 -0.16398E+02 -0.17830E+02 -0.21748E+02
 -0.73249E+01  0.17469E+02  0.26958E+02  0.25253E+02  0.22284E+02  0.14664E+02
  0.58860E+01  0.51120E+01  0.63024E+01  0.13859E+01 -0.58703E-01 -0.85208E+00
  0.70413E+00  0.12635E+02  0.17262E+02  0.12158E+02  0.94031E+01  0.51739E+01
  0.49782E+00 -0.12120E+01 -0.64346E+01 -0.11386E+02 -0.12404E+02 -0.11013E+02
 -0.41523E+01 -0.16213E+01 -0.13973E+01  0.43211E+01  0.75923E+01  0.94321E+01
  0.11876E+02  0.91012E+01 -0.28298E+01 -0.20618E+02 -0.25296E+02 -0.10747E+02
  0.59033E+01  0.13454E+02  0.11695E+02  0.84152E+00 -0.17526E+02 -0.32367E+02
 -0.34112E+02 -0.29050E+02 -0.24873E+02 -0.18510E+02 -0.49328E+01  0.18506E+02
  0.40495E+02  0.52071E+02  0.43878E+02  0.17351E+02 -0.26976E+01 -0.16361E+02
 -0.23301E+02 -0.14441E+02 -0.98661E+01 -0.15329E+02 -0.22675E+02 -0.27193E+02
 -0.20892E+02 -0.11697E+02 -0.55881E+01  0.66522E+01  0.15705E+02  0.88603E+01
 -0.76520E+01 -0.22194E+02 -0.22212E+02 -0.85923E+01 -0.48847E+00  0.68645E+01
  0.18599E+02  0.31151E+02  0.47007E+02  0.48223E+02  0.27139E+02  0.13950E+01
 -0.23424E+02 -0.42373E+02 -0.46568E+02 -0.34305E+02 -0.14805E+02 -0.20082E+01
  0.42510E+01  0.15671E+02  0.26958E+02  0.25833E+02  0.20295E+02  0.12496E+02
 -0.30678E+01 -0.16995E+02 -0.20899E+02 -0.16410E+02 -0.11537E+02 -0.89909E+01
 -0.25423E+01  0.63251E+01  0.12742E+02  0.20640E+02  0.23653E+02  0.12790E+02
  0.96831E+00 -0.70287E+00  0.32986E+01  0.59842E+01  0.43819E+01  0.23362E+01
  0.33178E+01  0.39209E+01  0.83654E+00 -0.20902E+01 -0.68032E+01 -0.11350E+02
 -0.85717E+01 -0.82743E+01 -0.78365E+01  0.18173E+01  0.80481E+01  0.12543E+02
  0.18424E+02  0.91051E+01 -0.87489E+01 -0.18806E+02 -0.23503E+02 -0.21034E+02
 -0.10999E+02 -0.61829E+00  0.13456E+02  0.26139E+02  0.22018E+02  0.67117E+01
 -0.76636E+01 -0.14598E+02 -0.92722E+01  0.22199E+01  0.10742E+02  0.98717E+01
  0.86122E+01  0.16292E+02  0.20558E+02  0.14637E+02  0.10179E+02  0.74158E+01
 -0.39969E+01 -0.16623E+02 -0.22851E+02 -0.23243E+02 -0.16266E+02 -0.10053E+02
 -0.42647E+01  0.79027E+00  0.37854E+01  0.10160E+02  0.13492E+02  0.12067E+02
  0.81778E+01  0.48673E+01  0.51268E+01  0.60869E+01  0.15916E+01 -0.52464E+01
 -0.15725E+02 -0.25945E+02 -0.18184E+02 -0.27132E+00  0.92166E+01  0.90870E+01
  0.41535E+01  0.22849E+01  0.24071E+01  0.13962E+01 -0.79598E+00 -0.52404E+01
 -0.84580E+01 -0.55804E+01  0.24451E+01  0.64808E+01  0.86514E+01  0.13938E+02
  0.12330E+02  0.99579E+01  0.90385E+01  0.19470E+01 -0.42001E+01 -0.62800E+01
 -0.72357E+01 -0.37028E+01  0.53465E+00 -0.14406E+01 -0.55400E+01 -0.78510E+01
 -0.61160E+01 -0.21374E+01 -0.14100E+01 -0.58177E+01 -0.54619E+01  0.43807E+01
  0.98943E+01  0.11105E+02  0.12517E+02  0.27634E+01 -0.10110E+02 -0.12947E+02
 -0.12582E+02 -0.12018E+02 -0.83998E+01 -0.18181E+01  0.63156E+01  0.93634E+01
  0.81737E+01  0.61069E+01 -0.70144E+00 -0.39292E+01  0.36770E+00  0.42097E+01
  0.64584E+01  0.66604E+01 -0.22279E-01 -0.59110E+01 -0.21904E+01  0.20152E+01
 -0.81409E+00 -0.50570E+01 -0.41623E+01 -0.26298E+01 -0.21338E+01 -0.16172E+00
  0.11305E-02  0.65342E+00  0.11508E+01 -0.45341E+01 -0.11190E+02 -0.14178E+02
 -0.14443E+02 -0.10113E+02 -0.16616E+01  0.11972E+02  0.21311E+02  0.18340E+02
  0.77165E+01 -0.33510E+01 -0.64830E+01 -0.57450E+01 -0.78684E+01 -0.83994E+01
 -0.49747E+01 -0.14836E+01  0.11661E+01  0.49610E+01  0.72720E+01  0.68129E+01
  0.76126E+01  0.73151E+01  0.30924E+01 -0.29529E+00 -0.81148E+00 -0.30407E-01
  0.80368E+00  0.10122E+01  0.12966E+01  0.33926E+01  0.16791E+01 -0.10848E+01
 -0.10889E+00 -0.46230E+00 -0.14780E+01 -0.99179E+00  0.53556E+00  0.41429E+00
 -0.32314E+01 -0.64640E+01 -0.51443E+01 -0.11892E+01  0.25157E+01  0.52544E+01
  0.30344E+01 -0.91598E+00 -0.13138E+01 -0.23936E+01 -0.51834E+01 -0.69219E+01
 -0.59118E+01 -0.15751E+01  0.30823E+01  0.46453E+01  0.50136E+01  0.54068E+01
  0.37168E+01  0.25870E+01  0.12498E+01 -0.23198E+01 -0.31773E+01 -0.12167E+01
 -0.62636E+00 -0.10583E+01 -0.11290E+01  0.79365E+00  0.33344E+01  0.38107E+01
  0.34746E+01  0.12485E+01 -0.14759E+01 -0.22624E+01 -0.21999E+01 -0.20775E+00
  0.87880E+00 -0.11336E+01 -0.32204E+01 -0.54393E+01 -0.74328E+01 -0.57023E+01
 -0.38566E+01 -0.26854E+01  0.94062E-02  0.13322E+01  0.28564E+01  0.48559E+01
  0.53059E+01  0.49323E+01  0.39251E+01  0.26356E+01  0.16878E+00 -0.26078E+01
 -0.27151E+01 -0.11550E+01 -0.10312E+01 -0.14974E+01 -0.11550E+01  0.34380E+00
  0.20022E+01  0.28979E+01  0.25372E+01  0.86114E+00 -0.93935E+00 -0.74987E+00
 -0.29542E+00 -0.13306E+01 -0.23506E+01 -0.27035E+01 -0.95511E+00  0.14586E+01
  0.24715E+01  0.21476E+01  0.20589E+01  0.26421E+01  0.26289E+01  0.15139E+01
 -0.25275E+00 -0.16942E+01 -0.19124E+01 -0.11421E+01 -0.38143E+00  0.60222E+00
  0.12487E+01  0.10793E+01  0.51414E+00 -0.32934E+00 -0.93808E+00 -0.16621E+01
 -0.22866E+01 -0.16159E+01 -0.58196E+00  0.46560E+00  0.14173E+01  0.15804E+01
  0.15129E+01  0.14110E+01  0.11404E+01  0.70220E+00  0.66256E-01 -0.26581E+00
 -0.64130E+00 -0.11514E+01 -0.10843E+01 -0.54814E+00  0.39852E-01  0.19568E+00
  0.26969E-01 -0.34520E-01 -0.26138E+00 -0.45130E+00 -0.42756E+00 -0.23366E+00
 -0.25123E-01  0.13303E+00  0.19958E+00  0.59211E-01 -0.15501E+00 -0.18330E+00
 -0.96391E-01  0.93967E-01  0.19475E+00  0.19302E+00  0.72036E-01 -0.11130E+00
 -0.23493E+00 -0.24864E+00 -0.21802E+00 -0.11282E+00 -0.11118E-01  0.42758E-01
  0.94244E-01  0.14184E+00  0.86975E-01  0.21615E-01 -0.17906E-01 -0.13435E-01
 -0.41011E-03  0.34910E-01  0.35490E-01  0.74880E-02 -0.25749E-01 -0.13407E-01
  0.20685E-02  0.10587E-01 -0.50335E-02  0.76199E-02  0.11813E-01  0.19421E-01
  0.32448E-02 -0.75795E-02 -0.24482E-01 -0.21684E-01 -0.18580E-01 -0.24247E-03
 -0.55552E-02 -0.68136E-02 -0.13296E-01  0.17308E-02  0.96034E-02  0.22477E-01
  0.15053E-01  0.12524E-01 -0.27751E-02 -0.94300E-03 -0.77452E-02 -0.42987E-03
 -0.61028E-02 -0.11762E-03 -0.39888E-02  0.41248E-02 -0.15310E-02  0.33948E-02
 -0.24886E-02  0.35492E-02 -0.25609E-02  0.31934E-02 -0.33171E-02  0.21640E-02
 -0.32791E-02  0.30414E-02 -0.23945E-02  0.36091E-02 -0.21555E-02  0.36593E-02
 -0.22301E-02  0.34977E-02 -0.24102E-02  0.33826E-02 -0.25155E-02  0.32099E-02
 -0.27274E-02  0.30593E-02 -0.27604E-02  0.30954E-02 -0.26239E-02  0.31655E-02
 -0.26110E-02  0.31377E-02 -0.26772E-02  0.30935E-02 -0.26784E-02  0.30997E-02
 -0.26723E-02  0.30838E-02 -0.26992E-02  0.30560E-02 -0.27115E-02  0.30262E-02
 -0.27151E-02  0.30191E-02 -0.27221E-02  0.29913E-02 -0.27249E-02  0.29944E-02
 -0.27188E-02  0.29577E-02 -0.27506E-02  0.29332E-02 -0.27568E-02  0.29160E-02
 -0.27948E-02  0.28853E-02 -0.28364E-02  0.28610E-02 -0.28143E-02  0.28511E-02
 -0.28119E-02  0.28662E-02 -0.27948E-02  0.28376E-02 -0.28119E-02  0.28168E-02
