  Time his fn  matched to spectrum:Sclrel_output/sm10.h.freq.tgt                
   3325    1.00000E-02  0  0  0.  0.  0.  0.  0.
  0.27434E-03 -0.15611E-01 -0.25605E-02 -0.15158E-01 -0.19778E-02 -0.15444E-01
  0.43202E-03 -0.13859E-01  0.58612E-02  0.21326E-01  0.81482E-01  0.12166E+00
  0.10886E+00 -0.90236E-01 -0.92099E-01 -0.63428E-02 -0.17934E+00 -0.76293E+00
  0.56703E+00  0.10726E+01 -0.43403E+01 -0.70719E+01 -0.53485E+01 -0.46092E+01
  0.11403E+01 -0.40191E+01 -0.13359E+02 -0.11315E+02 -0.10681E+02 -0.38544E+01
  0.68106E+01  0.11516E+02  0.71267E+01  0.89689E+01  0.33264E+02  0.30962E+02
  0.36013E+01  0.68956E+01  0.77421E+01 -0.13791E+02 -0.24145E+02 -0.16166E+02
 -0.24431E+01  0.97879E+01 -0.39143E+01 -0.18832E+02  0.62243E+01  0.15569E+02
  0.78411E+01  0.16363E+02  0.15553E+02  0.50679E+01 -0.19728E+01 -0.47047E+01
  0.69863E+00 -0.76207E+01 -0.16046E+02 -0.10229E+02 -0.12639E+02 -0.23056E+02
 -0.31202E+02 -0.16076E+02 -0.43070E+01  0.85165E+01  0.20077E+02  0.16864E+01
 -0.28680E+01  0.67161E+01  0.13588E+02  0.19095E+02  0.19448E+02  0.19747E+02
  0.11491E+02 -0.70021E-01  0.96107E+01  0.28636E+02  0.19974E+02  0.44682E+01
 -0.14813E+02 -0.34899E+02 -0.80691E+01  0.18377E+02 -0.33781E+01 -0.22525E+02
 -0.12459E+02 -0.14716E+02 -0.28641E+02 -0.15934E+02  0.73681E+01  0.16606E+02
  0.10890E+02  0.50431E+01  0.15634E+01 -0.88099E+00  0.33321E+01  0.10256E+02
  0.24641E+02  0.19042E+02 -0.15804E+02 -0.26054E+02  0.45850E+01  0.17475E+02
  0.66703E+01  0.64643E+01  0.46600E+00 -0.17770E+02 -0.15115E+02 -0.11492E+01
  0.21843E+00 -0.16258E+02 -0.18947E+02  0.46105E+00  0.75299E+01 -0.82450E+00
 -0.49328E+01  0.73603E+01  0.16668E+02 -0.52036E+01 -0.37090E+02 -0.41851E+02
 -0.34343E+02 -0.13737E+02  0.25039E+01 -0.57134E+01 -0.88536E+01 -0.31201E+01
  0.12848E+01  0.43466E+01  0.38735E+01  0.40407E+01  0.13243E+02  0.26034E+02
  0.24089E+02  0.15273E+02  0.11924E+01 -0.37047E+01  0.72314E+01  0.41218E+01
 -0.47752E+01 -0.64534E+01 -0.25292E+01  0.17593E+01 -0.91815E+00 -0.28129E+01
 -0.18748E+02 -0.37040E+02 -0.22966E+02 -0.35838E+01  0.11094E+01  0.55608E+01
  0.12541E+02  0.23284E+02  0.14406E+02 -0.88668E+01  0.25878E+01  0.24549E+02
  0.22951E+02  0.74892E+01 -0.10632E+02 -0.11539E+02  0.15960E+01  0.11150E+02
  0.17673E+02  0.26743E+02  0.12898E+02 -0.19187E+02 -0.23229E+02 -0.14098E+02
 -0.20425E+01  0.10741E+02  0.97673E+01  0.16155E+02  0.19468E+02 -0.13231E+02
 -0.29953E+02 -0.13676E+02 -0.24960E+01 -0.16241E+01 -0.15628E+02 -0.30111E+02
 -0.37006E+02 -0.27972E+02  0.50905E+01  0.21198E+02  0.16699E+02  0.22931E+02
  0.29067E+02  0.23363E+02  0.16206E+02 -0.55733E+01 -0.30922E+02 -0.10737E+02
  0.26551E+02  0.36505E+02  0.27084E+02  0.59224E+01 -0.67810E+01  0.10839E+02
  0.16164E+02  0.38926E+01  0.89040E+01  0.24325E+00 -0.23371E+02 -0.23989E+02
 -0.68300E+01 -0.76261E+01  0.23554E+01  0.22340E+02  0.11821E+02  0.35235E+01
 -0.51576E+01 -0.13444E+02 -0.62088E+01 -0.10383E+01  0.25980E+01  0.38317E+01
  0.11385E+02  0.89576E+01 -0.14927E+01  0.46380E+01  0.36248E+01 -0.63809E+01
 -0.14955E+02 -0.21864E+02 -0.10779E+02  0.70666E+01  0.13429E+02  0.11209E+02
  0.13511E+02  0.20052E+02  0.62235E+01  0.39217E+01  0.10781E+02 -0.64861E+01
 -0.13377E+02 -0.10790E+02 -0.18941E+02 -0.15959E+02  0.46471E+01  0.16203E+02
  0.92551E+01 -0.65004E+01 -0.18226E+02 -0.22238E+01  0.10984E+02 -0.22083E+02
 -0.17993E+02  0.25648E+02  0.32058E+02  0.14667E+02 -0.58271E+01 -0.65765E+01
  0.16306E+00 -0.19832E+02 -0.18190E+02  0.75816E+01 -0.48573E+01 -0.11260E+02
  0.12500E+02  0.20310E+02  0.18218E+02  0.25389E+02  0.13223E+02 -0.14369E+02
 -0.19864E+02 -0.97404E+01  0.70163E+01  0.24170E+01 -0.60861E+01  0.72330E+01
  0.29153E+01 -0.68558E+01  0.51123E+00 -0.11652E+02 -0.16986E+02  0.10579E+02
  0.10887E+02 -0.32605E+00 -0.13108E+01 -0.69601E+01 -0.14988E+01  0.14816E+02
  0.10109E+02 -0.95155E+01 -0.15076E+02 -0.28507E+02 -0.24414E+02 -0.47872E+01
  0.13499E+02  0.32337E+02  0.15760E+02 -0.71774E+01 -0.56194E+00  0.71609E+01
 -0.21200E+01 -0.37759E+01 -0.26351E+01  0.32866E+01 -0.11398E+01 -0.20658E+02
 -0.19298E+02 -0.21523E+02 -0.28218E+02 -0.17324E+02 -0.13236E+02 -0.81749E+01
  0.28364E+01  0.99115E+00 -0.84603E+00 -0.21998E+01  0.54448E+00  0.12652E+02
  0.30065E+01  0.41542E+01  0.18067E+02  0.88234E+01  0.61243E+01  0.69445E+00
 -0.66595E+01 -0.58052E+00  0.12299E+02  0.11634E+02 -0.66231E+01  0.98882E+00
  0.88538E+01 -0.10594E+02 -0.11742E+02 -0.54602E+01 -0.39299E+01  0.65336E+00
  0.92701E+00 -0.12459E-01 -0.12952E+02 -0.24623E+02 -0.70248E+01  0.72661E+01
 -0.84724E+01 -0.10947E+02 -0.49596E+01 -0.93212E+01  0.46760E+01  0.12309E+02
  0.13470E+02  0.32991E+02  0.19923E+02 -0.59787E+01 -0.56168E+01 -0.11989E+02
 -0.98550E+00  0.24889E+02  0.17174E+02 -0.11618E+01 -0.45972E+01 -0.41056E+01
 -0.11948E+02 -0.17491E+02 -0.76083E+01  0.90364E+01  0.13669E+02  0.17650E+01
  0.45538E+01  0.20012E+02  0.99060E+01  0.33385E+01 -0.22850E+01 -0.24163E+02
 -0.15409E+02  0.29699E+01  0.35199E+01  0.16980E+01 -0.19460E+01 -0.51683E+01
 -0.12656E+02 -0.13299E+02  0.97044E+00  0.83206E+01  0.72148E+00 -0.15772E+01
  0.14014E+01  0.43667E+01  0.55476E+01  0.72631E+01  0.86522E+01  0.14815E+01
 -0.82003E+00 -0.97411E+00 -0.30372E+01 -0.13541E+02 -0.21386E+02  0.23969E+01
  0.14496E+02  0.13807E+02  0.18474E+02  0.39815E+01 -0.22815E+01 -0.85128E+00
 -0.12587E+01  0.11372E+02  0.17613E+02  0.96934E+01  0.76621E+01  0.21089E+02
  0.23195E+02  0.11672E+02 -0.68907E+01 -0.25773E+02 -0.19529E+02 -0.19165E+02
 -0.64949E+01  0.17783E+02  0.19340E+02  0.24624E+02  0.24440E+02  0.13482E+02
  0.11131E+02  0.13491E+02 -0.56264E+00 -0.12131E+02  0.22704E+01  0.16596E+01
 -0.59625E+01  0.49194E+01  0.88644E+01 -0.50101E+01 -0.24793E+02 -0.28649E+02
 -0.16639E+02 -0.10576E+02  0.61086E+01  0.17760E+02 -0.61065E+00 -0.63795E+01
  0.33448E+00 -0.10940E+02 -0.33870E+01  0.20181E+02  0.17327E+02  0.84694E+01
  0.67865E+01  0.68277E+01  0.78651E+01  0.74031E+01  0.11643E+02 -0.36486E+00
 -0.28016E+02 -0.30340E+02 -0.16175E+02 -0.13036E+02 -0.37328E+01 -0.39562E+01
 -0.16616E+02 -0.41005E+01  0.11215E+02  0.88582E+01  0.56275E+01  0.59759E+01
  0.84305E+01  0.70791E+01  0.28048E+01 -0.77922E+00 -0.55960E+01 -0.14607E+02
 -0.23808E+02 -0.67934E+01  0.83245E+01  0.13320E+01  0.73813E+01  0.18951E+02
  0.20573E+02  0.70851E+01 -0.39157E+01  0.22069E+01 -0.36317E+01 -0.13693E+02
 -0.80220E+01 -0.14004E+02 -0.12104E+02 -0.79584E+00 -0.16767E+02 -0.26686E+02
 -0.20426E+02 -0.23220E+02 -0.14165E+02  0.26579E+01  0.11865E+01  0.65252E+01
  0.20693E+02  0.17403E+02  0.82935E+01  0.50966E+01 -0.11197E+02 -0.22869E+02
 -0.10862E+02  0.11729E+01  0.68890E+01  0.73999E+01  0.48117E+01  0.91980E+00
 -0.68652E+01 -0.97840E+01 -0.55960E+00  0.36317E+01 -0.23758E+01  0.17001E+01
  0.72529E+01  0.15753E+01 -0.17056E+01  0.41003E+01 -0.37552E+01 -0.24235E+02
 -0.44866E+01  0.26717E+02  0.20600E+02  0.52727E+01 -0.73994E+01 -0.57752E+01
  0.11887E+02  0.14361E+02  0.99126E+01  0.32599E+00 -0.22512E+01  0.14044E+02
  0.30533E+01 -0.13405E+02 -0.72010E+01 -0.99785E+01 -0.10244E+02 -0.18102E+01
 -0.14802E+01  0.39282E+01  0.14510E+02  0.22973E+02  0.11341E+02 -0.16528E+02
 -0.20021E+02 -0.68704E+01 -0.97110E+01 -0.76583E+01  0.29287E+01  0.48044E+01
  0.82497E+01  0.59739E+01  0.24884E+01  0.46861E+01 -0.63396E+01 -0.19821E+02
 -0.15561E+02 -0.93797E+01  0.20379E+00  0.96026E+01  0.77776E+01  0.59606E+01
  0.34597E+01  0.27037E+01  0.25442E+01  0.45675E+01  0.39577E+01 -0.17598E+01
  0.17210E+01  0.10961E+02  0.79846E+01  0.84640E+00 -0.28837E+01  0.55048E+01
  0.41845E+01 -0.20594E+02 -0.21077E+02 -0.18671E+02 -0.95388E+00  0.28313E+02
  0.58573E+01 -0.76240E+01  0.77704E+01  0.38445E+01 -0.40277E+01  0.34876E+01
  0.93838E+01 -0.90179E+01 -0.17493E+02 -0.17147E+01 -0.62876E+00 -0.94281E+01
 -0.21949E+01  0.13820E+02  0.19676E+02  0.93815E+01  0.11577E+01 -0.37386E+01
 -0.11645E+01  0.14945E+02  0.92884E+01  0.95785E+00 -0.27480E+01 -0.10863E+02
 -0.45853E+01 -0.36140E+01 -0.45545E+01  0.62180E+01  0.14644E+01 -0.10298E+02
 -0.64489E+00  0.18898E+02  0.19278E+02  0.42127E+01  0.34769E+01  0.79544E+01
  0.16934E+02  0.96737E+01 -0.10584E+02 -0.69770E+01 -0.68886E+01  0.17805E+01
  0.78649E+01 -0.72643E+01 -0.97871E+01  0.51399E+01  0.16802E+02  0.17649E+02
  0.16539E+02  0.75643E+01  0.29519E+01  0.11906E+02 -0.21444E+01 -0.27223E+02
 -0.28906E+02 -0.19692E+02 -0.12699E+02  0.56817E+00  0.21460E+02  0.64488E+01
 -0.18837E+02 -0.99076E+01  0.55064E+01  0.12243E+02  0.93296E+01  0.71308E+01
  0.11415E+02  0.60825E+01 -0.13577E+01  0.52819E+01  0.20081E+02  0.13743E+02
 -0.15009E+02 -0.14545E+02 -0.94146E+01 -0.21912E+02 -0.12806E+02 -0.12212E+01
  0.14237E+02  0.28165E+02  0.52185E+01 -0.50143E+01 -0.21581E+01 -0.11117E+02
 -0.24711E+02 -0.27325E+02 -0.11361E+02 -0.75236E+01 -0.47703E+01 -0.51234E+01
 -0.44088E+01  0.66525E+01  0.92687E+01  0.19717E+02  0.12312E+02 -0.25781E+01
  0.14936E+02  0.18935E+02  0.81020E+01  0.27923E+01 -0.73002E+01 -0.19209E+02
 -0.19868E+02 -0.13349E+02 -0.11329E+02 -0.12004E+02 -0.15519E+02 -0.13303E+02
 -0.38792E+01 -0.70074E+01 -0.70452E+01  0.13051E+02  0.17027E+02  0.60784E+01
  0.85751E+01 -0.10581E+02 -0.17904E+02 -0.55349E+01 -0.80778E+01 -0.13017E+01
 -0.12381E+01  0.97328E+01  0.23424E+02  0.13119E+02  0.11574E+02  0.97898E+01
 -0.42220E+01 -0.69482E+01 -0.21882E+01 -0.17851E+00  0.59041E+01  0.15499E+02
 -0.83897E+00 -0.12746E+02 -0.96035E+01 -0.28704E+02 -0.15829E+02  0.21613E+02
  0.25155E+02  0.37528E+01 -0.93500E+01 -0.13591E+01  0.57870E+01  0.17307E+02
  0.27250E+02  0.22024E+02  0.12855E+02  0.10035E+01 -0.22941E+02 -0.36183E+02
 -0.87103E+01  0.11002E+02 -0.37838E+01 -0.83687E+01 -0.94413E+01 -0.18684E+02
 -0.14137E+02 -0.97552E+01 -0.11283E+02 -0.20578E+02 -0.11848E+02  0.18075E+02
  0.63286E+01 -0.23421E+02 -0.70244E+01  0.17292E+02  0.15761E+02  0.15457E+02
  0.13045E+02  0.27457E+01 -0.93100E+01 -0.49420E+01  0.15617E+01 -0.35127E+01
 -0.77348E+01  0.18805E+00  0.16638E+02  0.11725E+02 -0.14175E+01  0.53733E+00
  0.36159E+01  0.11200E+02  0.82803E+01 -0.72758E+01 -0.81225E+01 -0.12347E+02
 -0.21289E+02 -0.84377E+01  0.60522E+01  0.24399E+01  0.91571E+01  0.16275E+02
  0.92225E+01  0.23512E+01 -0.16468E+02 -0.29419E+02 -0.10302E+02  0.10264E+02
  0.10718E+02  0.15342E+02  0.38772E+01 -0.10124E+02 -0.33948E+01 -0.62171E+00
  0.96617E+01  0.14128E+02  0.70699E+01  0.10946E+01 -0.79008E+01 -0.56667E+01
 -0.10426E+02 -0.56878E+01  0.81220E+01  0.12074E+01 -0.13258E+01 -0.19363E+02
 -0.35910E+02 -0.71486E+01  0.34516E+02  0.52444E+02  0.31324E+02  0.15501E+02
  0.12810E+02 -0.37110E+00 -0.24664E+01 -0.65296E+01 -0.16618E+02 -0.63055E+01
  0.58146E+01  0.57991E-01 -0.41274E+01 -0.16808E+01  0.39206E+01  0.70727E+01
 -0.23356E+00 -0.21927E+02 -0.20365E+02  0.55667E+01  0.19008E+02  0.17580E+02
  0.13350E+01 -0.38728E+01  0.32652E+01  0.70527E+00  0.90640E+01  0.12586E+02
 -0.87279E+01 -0.13466E+02  0.34869E+01  0.12656E+02  0.34548E+01 -0.11872E+02
 -0.17251E+02 -0.12394E+02 -0.95848E+01 -0.13769E+02 -0.54595E+01  0.16384E+01
  0.89023E+00  0.18991E+02  0.24945E+02  0.58239E+01  0.11749E+02  0.25278E+02
  0.23547E+02  0.21083E+02  0.89873E+01 -0.16068E+02 -0.32699E+02 -0.25567E+02
 -0.10978E+02 -0.10992E+02 -0.89460E+01  0.11534E+01 -0.46337E+00 -0.54324E+01
 -0.34938E+01 -0.57325E+01 -0.27347E+02 -0.32014E+02 -0.14261E+02 -0.19551E+01
  0.64766E+01  0.14472E+02  0.31917E+02  0.40624E+02  0.22545E+02 -0.47242E+01
 -0.18394E+02 -0.17195E+02 -0.52121E+01 -0.18944E+01 -0.15239E+02 -0.14561E+02
 -0.10302E+02 -0.13637E+02 -0.32236E+01  0.12847E+02  0.24182E+02  0.14361E+02
  0.34383E+01  0.13150E+02  0.79712E+01 -0.48522E+01  0.27096E+00  0.68955E+01
  0.62484E+01 -0.35287E+01 -0.44642E+01  0.10213E+02  0.15680E+02  0.60952E+01
 -0.29084E+01  0.22249E+01 -0.97421E+01 -0.34290E+02 -0.32274E+02 -0.21014E+02
 -0.93366E+01  0.53474E+01  0.51119E+01  0.19917E+01  0.94326E+01  0.48586E+01
 -0.48035E+01  0.76460E+01  0.33333E+01 -0.23558E+02 -0.25256E+02 -0.13484E+02
 -0.86753E+01  0.43003E+01  0.19687E+02  0.12577E+02 -0.20540E+02 -0.30581E+02
 -0.16225E+02 -0.22418E+02 -0.18544E+02  0.11059E+02  0.33339E+02  0.26614E+02
  0.17238E+02  0.19889E+02  0.14140E+02 -0.16356E+01 -0.11487E+02 -0.15800E+02
 -0.15690E+02 -0.10972E+02 -0.36791E+01  0.88245E+01  0.12140E+02 -0.53754E+01
 -0.11693E+02 -0.10246E+01  0.58230E+01  0.10671E+02  0.78425E+01 -0.40805E+01
 -0.15364E+02 -0.17311E+02 -0.75602E+01  0.88961E+00  0.33529E+01  0.14445E+02
  0.28093E+02  0.19399E+02  0.14517E+01  0.62133E+00 -0.88689E+01 -0.22154E+02
 -0.17284E+02 -0.89484E+01 -0.46025E+01 -0.10405E+02 -0.10138E+01  0.27314E+02
  0.39777E+02  0.23163E+02 -0.60373E+01 -0.20049E+02 -0.15756E+02 -0.10381E+02
 -0.62614E+01  0.16743E+02  0.23083E+02  0.61964E+01 -0.27054E+01  0.35526E+01
  0.26194E+02  0.37077E+02  0.19226E+02 -0.50134E+01 -0.11473E+02 -0.18077E+02
 -0.98296E+01  0.97045E+01  0.12383E+02  0.10874E+02 -0.24409E+00  0.26827E+01
  0.19590E+02 -0.12642E+02 -0.42592E+02 -0.20000E+02 -0.69634E+01 -0.81026E+01
 -0.38805E+01  0.48599E+01  0.66600E+01  0.44909E+01  0.10013E+02  0.11285E+02
  0.51941E+01 -0.13469E+02 -0.13545E+02  0.16365E+02  0.30689E+02  0.25967E+02
  0.51746E+01 -0.24479E+02 -0.27588E+02 -0.94933E+01 -0.87040E-01 -0.21442E+01
 -0.42922E+00  0.17234E+02  0.37393E+02  0.38882E+02  0.26954E+02  0.15554E+01
 -0.87292E+01 -0.73702E+01 -0.62536E+01 -0.79118E+00  0.81154E+00  0.10532E+02
  0.15989E+02  0.15509E+02  0.16966E+02  0.81408E+01 -0.14083E+02 -0.26348E+02
 -0.32944E+02 -0.20286E+02  0.92368E+01  0.28127E+02  0.22666E+02 -0.23472E+02
 -0.22205E+02  0.92506E+01 -0.99688E+00 -0.16865E+02 -0.21498E+02 -0.26256E+02
 -0.20956E+02  0.81681E+01  0.19955E+02  0.12080E+02  0.14476E+02  0.92558E+01
 -0.22897E+01 -0.89244E+01 -0.89362E+01 -0.75811E+01 -0.13937E+02 -0.17960E+02
 -0.81413E+01 -0.38966E+01 -0.57897E+01 -0.34493E+01  0.80689E+01  0.26674E+02
  0.24551E+02  0.68454E+01  0.34575E+01 -0.94366E+00 -0.59910E+01 -0.11314E+01
 -0.61320E+01 -0.15155E+02 -0.22743E+02 -0.32683E+02 -0.24739E+02 -0.83723E+00
  0.21832E+02  0.40807E+02  0.43119E+02  0.28933E+02  0.21129E+02  0.49788E+01
 -0.67855E+01  0.72316E+01  0.10628E+02 -0.39068E+01 -0.18176E+02 -0.32401E+02
 -0.19699E+02  0.64074E+01 -0.60237E+01 -0.95751E+01  0.79699E+01 -0.12933E+02
 -0.19579E+02 -0.26552E+01 -0.23004E+02 -0.36338E+02 -0.21139E+02 -0.95416E+01
  0.37642E+01  0.11630E+02  0.16896E+02  0.29686E+02  0.19362E+02 -0.37038E+01
  0.34645E+01  0.13740E+02  0.85218E+01  0.50503E+01 -0.53210E+01 -0.99303E+01
 -0.46188E+01 -0.25959E+01 -0.50206E+00  0.10051E+02  0.15831E+02 -0.13106E+02
 -0.33490E+02 -0.13012E+02  0.25814E+01 -0.13135E+02 -0.21610E+02 -0.12028E+02
 -0.17343E+02 -0.22793E+02 -0.16179E+01  0.17667E+02  0.21184E+02  0.97441E+01
  0.29371E+01  0.18019E+02  0.16954E+02  0.69634E+01  0.15474E+02  0.19654E+02
 -0.16603E+01 -0.27786E+02 -0.27548E+02 -0.28798E+02 -0.29492E+02  0.29029E+01
  0.19355E+02 -0.94366E+01 -0.22442E+02 -0.37045E+01  0.13046E+02  0.28378E+02
  0.32882E+02  0.27779E+02  0.17252E+02  0.13272E+02  0.23346E+02  0.18844E+02
 -0.84975E+01 -0.22495E+02 -0.27971E+02 -0.24265E+02  0.62981E+01  0.17275E+02
  0.40051E+01 -0.42595E+01  0.90674E+01  0.18418E+02  0.41005E+01 -0.54694E+01
 -0.32647E+01 -0.29073E+01 -0.19129E+01  0.37500E+01  0.16171E+02  0.14106E+02
 -0.47447E+01 -0.12743E+02 -0.12135E+02 -0.32760E+01 -0.50226E+01 -0.17260E+02
 -0.44406E+01  0.10637E+02  0.18485E+02  0.23947E+02  0.82197E+01 -0.45082E+01
 -0.51979E+01 -0.32921E+02 -0.37350E+02  0.17113E+01  0.19208E+02  0.22315E+02
  0.17915E+02  0.46181E+01 -0.67557E+01 -0.12689E+02 -0.64817E+01 -0.39954E+01
 -0.76297E+01 -0.12831E+02 -0.11824E+02 -0.59643E+01  0.21756E+01  0.12700E+02
  0.90920E+01  0.37098E+01 -0.81029E+01 -0.36656E+02 -0.36105E+02 -0.16220E+02
  0.12166E+02  0.30973E+02  0.18803E+02  0.14562E+02  0.19452E+02  0.20543E+02
  0.27894E+02  0.30853E+02  0.26546E+02  0.31986E+02  0.24584E+02  0.60396E+01
  0.29706E+01 -0.13548E+01 -0.80763E+01 -0.10630E+02 -0.81309E+01  0.12476E+02
  0.35782E+02  0.20784E+02  0.52336E+01  0.25518E+02  0.30276E+02  0.14903E+02
 -0.38497E+01 -0.11507E+02 -0.44223E+01  0.60313E+01  0.13055E+02 -0.29545E+01
 -0.14328E+02  0.59014E+01  0.96101E+01 -0.26681E+01 -0.10495E+02 -0.40113E+02
 -0.57810E+02 -0.24054E+02  0.42423E+02  0.73388E+02  0.57713E+02  0.40226E+02
  0.19899E+02  0.53331E+01 -0.20871E+01 -0.16920E+02 -0.27184E+02 -0.30957E+02
 -0.25318E+02 -0.80561E+01  0.63061E+01  0.48691E+01 -0.70227E+01  0.95008E+01
  0.24048E+02 -0.16125E+01 -0.46661E+01  0.87192E+01  0.46107E+01  0.80681E+01
  0.10695E+02  0.12515E+00 -0.30611E+01  0.37483E+00 -0.48827E+01 -0.15361E+02
 -0.15420E+02 -0.61900E+01 -0.15770E+02 -0.21495E+02 -0.92417E+01 -0.11966E+02
 -0.21882E+02 -0.28126E+02 -0.24279E+02 -0.12741E+02 -0.18221E+02 -0.31808E+02
 -0.19129E+02 -0.13555E+01  0.22034E+01  0.25351E+01  0.24501E+01  0.94066E+01
  0.13377E+02  0.16229E+02  0.15789E+02  0.93197E+01  0.10772E+02  0.61702E+01
 -0.26609E+01 -0.46118E+01 -0.71205E+01 -0.16624E+02 -0.20983E+02 -0.16613E+02
 -0.14527E+02 -0.13893E+02 -0.11219E+02  0.74974E+00  0.20539E+02  0.23499E+02
 -0.10054E+02 -0.31087E+02 -0.11645E+02  0.10389E+02  0.14256E+02  0.24511E+02
  0.27203E+02  0.38573E+01 -0.47378E+00  0.31614E+01  0.18491E+01  0.42416E+01
 -0.82976E+01 -0.40387E+02 -0.67542E+02 -0.74815E+02 -0.78371E+02 -0.76317E+02
 -0.76117E+02 -0.81816E+02 -0.81870E+02 -0.84692E+02 -0.80813E+02 -0.51343E+02
 -0.18491E+02  0.18265E+02  0.57651E+02  0.73450E+02  0.73672E+02  0.68256E+02
  0.33376E+02 -0.25428E+02 -0.96995E+02 -0.18696E+03 -0.26141E+03 -0.29737E+03
 -0.29849E+03 -0.28081E+03 -0.23414E+03 -0.15764E+03 -0.92299E+02 -0.58988E+02
 -0.22896E+02  0.14771E+02  0.35186E+02  0.62529E+02  0.91574E+02  0.14109E+03
  0.22979E+03  0.30895E+03  0.36103E+03  0.38535E+03  0.33217E+03  0.23839E+03
  0.13147E+03 -0.71411E+01 -0.79465E+02 -0.78170E+02 -0.64997E+02 -0.44187E+02
  0.62795E+01  0.10049E+03  0.15442E+03  0.15684E+03  0.14971E+03  0.12992E+03
  0.10420E+03  0.72012E+02  0.28341E+02 -0.11044E+02  0.89447E+00  0.55161E+02
  0.88084E+02  0.12135E+03  0.19196E+03  0.30027E+03  0.42043E+03  0.47648E+03
  0.42132E+03  0.25665E+03  0.85547E+00 -0.26256E+03 -0.43532E+03 -0.49552E+03
 -0.48930E+03 -0.38532E+03 -0.11004E+03  0.14264E+03  0.25836E+03  0.29323E+03
  0.29609E+03  0.30736E+03  0.29179E+03  0.26485E+03  0.20609E+03  0.95144E+02
 -0.77145E+01 -0.13422E+03 -0.20371E+03 -0.17496E+03 -0.16451E+03 -0.12776E+03
 -0.55897E+02 -0.29146E+02 -0.61812E+02 -0.15913E+03 -0.28503E+03 -0.35936E+03
 -0.42291E+03 -0.43388E+03 -0.35926E+03 -0.37156E+03 -0.42407E+03 -0.39592E+03
 -0.37812E+03 -0.33857E+03 -0.18791E+03 -0.25018E+02  0.83426E+02  0.14729E+03
  0.13641E+03  0.54483E+02 -0.27823E+02 -0.56776E+02 -0.59565E+02 -0.23814E+02
  0.75263E+02  0.17125E+03  0.21622E+03  0.23561E+03  0.22998E+03  0.18696E+03
  0.13101E+03  0.51508E+02 -0.50623E+02 -0.13211E+03 -0.14304E+03 -0.10221E+03
 -0.94222E+02 -0.90124E+02 -0.25071E+02  0.64832E+02  0.15075E+03  0.19091E+03
  0.16316E+03  0.12777E+03  0.77999E+02  0.15599E+02  0.20223E+02  0.93557E+02
  0.20284E+03  0.26655E+03  0.25055E+03  0.20082E+03  0.11276E+03  0.31560E+02
  0.44583E+02  0.74816E+02  0.29441E+02 -0.83896E+02 -0.22449E+03 -0.27498E+03
 -0.24743E+03 -0.24424E+03 -0.21506E+03 -0.10673E+03  0.27513E+02  0.12181E+03
  0.14584E+03  0.10787E+03  0.48048E+02 -0.16760E+01 -0.57063E+02 -0.76445E+02
 -0.66169E+02 -0.58489E+02 -0.33347E+01  0.92759E+02  0.19882E+03  0.28009E+03
  0.30021E+03  0.22722E+03  0.29941E+02 -0.17355E+03 -0.26759E+03 -0.27698E+03
 -0.22936E+03 -0.13393E+03 -0.14385E+02  0.65444E+02  0.75556E+02  0.78719E+02
  0.81480E+02  0.64870E+02  0.51541E+02  0.23944E+02 -0.17046E+02 -0.57540E+02
 -0.69233E+02 -0.60585E+02 -0.56207E+02 -0.68450E+02 -0.10399E+03 -0.12352E+03
 -0.98719E+02 -0.43788E+02  0.20933E+02  0.11880E+03  0.20054E+03  0.19660E+03
  0.17067E+03  0.16722E+03  0.14438E+03  0.68435E+02  0.57084E+01 -0.31337E+01
  0.23660E+01  0.91592E+01  0.24271E+02  0.16996E+02 -0.31795E+02 -0.79612E+02
 -0.10090E+03 -0.83102E+02 -0.59396E+01  0.98799E+02  0.14778E+03  0.13135E+03
  0.93390E+02  0.49666E+02  0.30695E+00 -0.63311E+02 -0.12349E+03 -0.15113E+03
 -0.15426E+03 -0.15449E+03 -0.15253E+03 -0.13279E+03 -0.39129E+02  0.72061E+02
  0.77650E+02  0.40728E+02  0.27333E+02  0.39322E+02  0.64007E+02  0.66397E+02
  0.53951E+02  0.60087E+02  0.68727E+02  0.53047E+02  0.27076E+02 -0.22730E+02
 -0.78419E+02 -0.87530E+02 -0.12628E+03 -0.22473E+03 -0.25999E+03 -0.21121E+03
 -0.14215E+03 -0.95604E+02 -0.74010E+02 -0.37326E+02  0.16621E+02  0.51083E+02
  0.57436E+02  0.76434E+02  0.99852E+02  0.92311E+02  0.74011E+02  0.57579E+02
  0.44338E+02  0.48615E+02  0.58969E+02  0.67255E+02  0.49727E+02  0.15801E+02
  0.16350E+02  0.27455E+02  0.18214E+02 -0.16736E+02 -0.78202E+02 -0.10992E+03
 -0.70630E+02 -0.27591E+01  0.73328E+02  0.13685E+03  0.14603E+03  0.13793E+03
  0.94185E+02 -0.18517E+02 -0.83372E+02 -0.55185E+02 -0.27939E+02 -0.40393E+02
 -0.77137E+02 -0.94098E+02 -0.56292E+02 -0.12183E+02 -0.88147E+01 -0.68723E+01
 -0.81119E+01 -0.17619E+02  0.27207E+02  0.87689E+02  0.96608E+02  0.85241E+02
  0.81948E+02  0.69611E+02  0.48563E+02  0.17347E+02  0.52184E+01  0.45830E+02
  0.92637E+02  0.99999E+02  0.57686E+02 -0.91885E+01 -0.26038E+02  0.34235E+02
  0.68535E+02  0.49687E+02  0.38810E+02  0.19057E+02 -0.61999E+01 -0.63006E+02
 -0.16498E+03 -0.22879E+03 -0.21570E+03 -0.12882E+03 -0.21473E+02  0.40664E+02
  0.67892E+02  0.73833E+02  0.45642E+02 -0.15332E+02 -0.55828E+02 -0.57386E+02
 -0.62136E+02 -0.50486E+02  0.14812E+02  0.86734E+02  0.10343E+03  0.94130E+02
  0.10411E+03  0.88265E+02  0.69366E+01 -0.76078E+02 -0.93256E+02 -0.55999E+02
  0.29271E+00  0.36157E+02  0.14408E+02 -0.36205E+00  0.16303E+02 -0.41068E+01
 -0.73484E+02 -0.14669E+03 -0.15155E+03 -0.11679E+03 -0.67714E+02 -0.18733E+02
 -0.29866E+02 -0.31608E+02  0.17555E+02  0.70508E+02  0.95489E+02  0.11480E+03
  0.12839E+03  0.81064E+02 -0.44648E+01 -0.81568E+02 -0.10320E+03 -0.87602E+02
 -0.68981E+02 -0.45031E+02 -0.62662E+02 -0.86437E+02 -0.48701E+02  0.20318E+02
  0.67257E+02  0.85150E+02  0.80697E+02  0.47180E+02  0.41779E-01 -0.25369E+02
 -0.49249E+01  0.27436E+02  0.44268E+02  0.58493E+02  0.53677E+02  0.25838E+02
 -0.19714E+02 -0.31995E+02  0.23655E+02  0.64536E+02  0.66034E+02  0.66519E+02
  0.74609E+02  0.10102E+03  0.11074E+03  0.88774E+02  0.44591E+02  0.48445E+01
  0.46801E+02  0.10844E+03  0.12211E+03  0.11176E+03  0.47957E+02 -0.37738E+02
 -0.78946E+02 -0.97888E+02 -0.11662E+03 -0.12295E+03 -0.14494E+03 -0.18724E+03
 -0.21888E+03 -0.21070E+03 -0.11312E+03 -0.41670E+01  0.40054E+02  0.76885E+02
  0.92943E+02  0.59864E+02  0.57518E+01 -0.54954E+02 -0.70932E+02 -0.56735E+02
 -0.54671E+02 -0.27352E+02  0.35911E+01  0.16477E+00 -0.31598E+02 -0.72500E+02
 -0.94815E+02 -0.86168E+02 -0.68615E+02 -0.60179E+02 -0.49789E+02 -0.10168E+02
  0.51296E+02  0.81410E+02  0.86799E+02  0.77579E+02  0.41310E+02  0.24824E+02
  0.29600E+02  0.11713E+02  0.16748E+02  0.72300E+02  0.10778E+03  0.91589E+02
  0.50032E+02  0.15108E+02 -0.14073E+02 -0.33779E+02 -0.23338E+02 -0.98055E+01
  0.18864E+02  0.62191E+02  0.76375E+02  0.65423E+02  0.36355E+02  0.43832E-01
 -0.42496E+02 -0.68502E+02 -0.50482E+02 -0.20529E+02  0.30377E+01  0.31093E+02
  0.31469E+02 -0.17921E+02 -0.37260E+02 -0.13238E+02  0.11102E+02  0.16536E+02
  0.11443E+02  0.36695E+02  0.85180E+02  0.10188E+03  0.62404E+02  0.11157E+02
 -0.69056E+01  0.88565E+01  0.16510E+02  0.18375E+02  0.26471E+02  0.32770E+02
  0.25939E+02  0.87702E-01 -0.29131E+02 -0.46093E+02 -0.58785E+02 -0.87475E+02
 -0.67713E+02 -0.12325E+01  0.31820E+02  0.74097E+01 -0.32331E+02 -0.36158E+02
 -0.13533E+02  0.33428E+02  0.68915E+02  0.67418E+02  0.35946E+02 -0.11553E+02
 -0.53812E+02 -0.83461E+02 -0.75476E+02 -0.70689E+02 -0.71836E+02 -0.49987E+02
 -0.20485E+02  0.24595E+02  0.56038E+02  0.67445E+02  0.48389E+02 -0.12916E+02
 -0.20208E+02  0.39484E+01 -0.87585E+01 -0.10287E+02  0.24310E+02  0.42058E+02
 -0.32849E+02 -0.76697E+02 -0.11053E+02  0.49475E+02  0.73256E+02  0.73897E+02
  0.39047E+02  0.51852E+01  0.83325E+01  0.62593E+01 -0.22205E+02 -0.43685E+02
 -0.55472E+02 -0.95063E+02 -0.99175E+02 -0.46559E+02  0.37995E+02  0.14060E+03
  0.13907E+03  0.60465E+02  0.18805E+02 -0.33585E+02 -0.54410E+02 -0.28368E+02
 -0.14786E+02 -0.16896E+02 -0.46967E+02 -0.65333E+02 -0.37574E+02  0.14573E+02
  0.27832E+02  0.93253E+01  0.43668E+02  0.71135E+02  0.36136E+02 -0.41720E+02
 -0.12329E+03 -0.12526E+03 -0.83918E+02 -0.30605E+02  0.24287E+02  0.54225E+02
  0.66644E+02  0.49135E+02  0.11276E+02 -0.22268E+02 -0.33809E+02 -0.29870E+02
 -0.31702E+02 -0.36224E+02 -0.24921E+02  0.10082E+02  0.26461E+02  0.16708E+02
  0.38920E+02  0.58930E+02  0.22257E+02  0.78479E-01  0.90204E+01  0.59178E+01
 -0.13776E+02 -0.54864E+02 -0.60607E+02 -0.26891E+02 -0.12641E+02  0.18130E+01
  0.12753E+02 -0.11517E+02 -0.29647E+02 -0.11973E+02  0.10235E+02  0.82739E+01
  0.12724E+02  0.32859E+02  0.30223E+02  0.34841E+02  0.58954E+02  0.67755E+02
  0.50054E+02  0.13997E+02 -0.96626E+01 -0.20998E+02 -0.18434E+02 -0.10332E+02
 -0.12145E+02  0.10468E+02  0.30273E+02  0.51516E+02  0.53758E+02 -0.31070E+01
 -0.11872E+02  0.35822E+02  0.49973E+02  0.43778E+02  0.94221E+01 -0.52598E+02
 -0.76013E+02 -0.53652E+02 -0.32180E+02 -0.18511E+02 -0.11177E+02  0.12339E+02
  0.65691E+02  0.92308E+02  0.74731E+02  0.42899E+02 -0.73292E+01 -0.86776E+02
 -0.14518E+03 -0.12520E+03 -0.80217E+02 -0.75967E+02 -0.70568E+02 -0.13317E+02
  0.61291E+02  0.95078E+02  0.10114E+03  0.88534E+02  0.21966E+02 -0.59170E+02
 -0.93407E+02 -0.55760E+02  0.22359E+02  0.74753E+02  0.67919E+02  0.29365E+02
 -0.71347E+01 -0.49476E+02 -0.73442E+02 -0.72503E+02 -0.62701E+02 -0.30751E+02
  0.21551E+02  0.51004E+02  0.27263E+02 -0.10487E+02 -0.60528E+01  0.12314E+02
  0.12708E+02  0.28990E+00 -0.21124E+02 -0.79149E+01  0.46829E+02  0.84642E+02
  0.57114E+02  0.24588E+02  0.13877E+02 -0.74433E+01 -0.22479E+01 -0.13191E+02
 -0.16691E+02  0.13562E+02 -0.13212E+02 -0.39043E+02 -0.24462E+02 -0.27661E+02
 -0.32425E+02 -0.24475E+02  0.20535E+02  0.84805E+02  0.90364E+02  0.42322E+02
  0.28242E+02  0.53618E+02  0.50067E+02  0.44399E+02  0.35717E+02 -0.94611E+01
 -0.25758E+02 -0.24032E+02 -0.33063E+02  0.45771E+01  0.31881E+02  0.18896E+01
  0.36289E+01  0.13150E+02 -0.23583E+02 -0.34534E+02 -0.54478E+02 -0.72488E+02
 -0.28283E+02  0.15442E+02  0.25756E+02  0.25349E+02  0.16797E+02  0.10037E+02
  0.79123E+00 -0.33805E+02 -0.51453E+02 -0.40132E+02 -0.50403E+02 -0.94886E+02
 -0.11540E+03 -0.78531E+02 -0.18860E+02  0.14973E+02  0.36902E+02  0.54729E+02
  0.50084E+02  0.40783E+02  0.18276E+02  0.72288E+01 -0.12398E+02 -0.62709E+02
 -0.10376E+03 -0.90009E+02 -0.35674E+02 -0.74473E+00  0.29588E+02  0.71578E+02
  0.94561E+02  0.72448E+02  0.42033E+02  0.27400E+02  0.15595E+02 -0.54595E+01
 -0.14894E+02  0.36973E+02  0.55992E+02 -0.82393E+01 -0.21513E+02  0.40702E+00
 -0.70088E+01 -0.81409E+01 -0.25040E+02 -0.32970E+02  0.33939E+01  0.36584E+02
  0.28018E+02  0.19125E+02  0.37707E+02  0.40702E+02  0.34396E+02  0.37896E+02
  0.32122E+02  0.11693E+02 -0.76202E+01  0.31212E+01  0.29621E+02  0.37449E+01
 -0.50763E+02 -0.23827E+02  0.27482E+02  0.19308E+02 -0.58775E+01 -0.18773E+02
 -0.25759E+02 -0.26308E+02 -0.12084E+02 -0.19655E+02 -0.56033E+02 -0.60473E+02
 -0.27814E+02  0.12527E+02  0.42470E+02  0.26415E+02 -0.74826E+01  0.62600E+01
  0.41547E+02  0.43583E+02  0.36437E+01 -0.63782E+02 -0.90474E+02 -0.45745E+02
 -0.16524E+02 -0.10386E+02 -0.18113E+02 -0.29665E+02 -0.18456E+02 -0.12483E+02
 -0.15705E+02 -0.79875E+01  0.20520E+01 -0.68469E+01  0.17516E+02  0.48778E+02
  0.13405E+02 -0.11017E+02 -0.18994E+02 -0.23219E+02  0.19714E+02  0.35747E+02
  0.10426E+02 -0.53139E+01 -0.33397E+01  0.11585E+02  0.93981E+01 -0.14506E+02
 -0.39363E+02 -0.37353E+02 -0.12616E+02 -0.11952E+02 -0.94081E+01  0.13118E+02
  0.33901E+02  0.53542E+02  0.43472E+02  0.22255E+02  0.30233E+02  0.50961E+02
  0.65089E+02  0.36985E+02 -0.35136E+02 -0.70811E+02 -0.49923E+02 -0.27407E+02
 -0.20992E+02 -0.39614E+02 -0.48150E+02 -0.38077E+01  0.18634E+02  0.26100E+01
  0.11489E+02  0.19999E+02  0.11313E+01  0.10543E+01  0.50202E+01 -0.28395E+01
  0.16978E+01  0.14821E+02  0.26071E+02  0.38273E+02  0.53071E+02  0.19998E+02
 -0.31463E+02 -0.61344E+02 -0.66605E+02  0.13541E+01  0.68703E+02  0.64201E+02
  0.40360E+02  0.26450E+02  0.14559E+01 -0.35326E+02 -0.83388E+02 -0.10860E+03
 -0.47182E+02  0.21194E+02  0.50974E+02  0.69724E+02  0.65088E+02  0.30179E+02
 -0.18697E+02 -0.20111E+02  0.39591E+01 -0.70088E+01 -0.31323E+02 -0.24379E+02
  0.25295E+02  0.67500E+02  0.80173E+02  0.85508E+02  0.46120E+02 -0.42196E+02
 -0.92019E+02 -0.71014E+02 -0.89425E+01  0.45535E+02  0.52136E+02  0.73065E+01
 -0.39825E+02 -0.25939E+02  0.17672E+02  0.42878E+02  0.47788E+02  0.46816E+02
  0.38350E+02  0.36041E+01 -0.26812E+02 -0.25695E+02 -0.23069E+02 -0.74237E+01
  0.95716E+01 -0.17517E+02 -0.35323E+02 -0.29021E+02 -0.17789E+02 -0.46883E+00
  0.85574E+01  0.39718E+01 -0.18942E+02 -0.34114E+02 -0.35802E+02 -0.67165E-01
  0.49160E+02  0.50104E+02  0.16428E+02 -0.31217E+02 -0.66375E+02 -0.85304E+02
 -0.64712E+02 -0.17944E+02 -0.13959E+02 -0.22489E+02  0.36501E+01  0.24987E+02
  0.25007E+02  0.35248E+02  0.36988E+02  0.17777E+02  0.86448E+01  0.22198E+02
  0.21407E+02 -0.22038E+02 -0.54577E+02 -0.41275E+02 -0.37404E+01  0.16993E+02
  0.33259E+02  0.35078E+02 -0.14897E+02 -0.37442E+02 -0.23754E+02 -0.26664E+02
 -0.53217E+01  0.31152E+02  0.40907E+02  0.97871E+01 -0.40436E+02 -0.11683E+02
  0.47612E+02  0.43760E+02  0.16489E+02 -0.27132E+02 -0.57203E+02 -0.36864E+02
  0.10990E+02  0.53582E+02  0.34537E+02 -0.32124E+01 -0.89580E+01 -0.87328E+01
 -0.17364E+02 -0.27055E+02 -0.29132E+02 -0.27050E+02 -0.12095E+02  0.17097E+02
  0.58821E+02  0.63513E+02 -0.88361E+01 -0.38144E+02 -0.59915E+01  0.16907E+02
  0.29406E+02 -0.10125E+02 -0.51853E+02 -0.38138E+02 -0.17165E+02  0.40252E+01
  0.24872E+02  0.97302E+01 -0.42248E+02 -0.49590E+02 -0.85538E+01  0.53203E+01
  0.39143E+02  0.66416E+02  0.33459E+02  0.27702E+02  0.21680E+02 -0.34206E+02
 -0.78953E+02 -0.72225E+02 -0.45623E+02 -0.33054E+02 -0.10947E+02  0.18620E+02
  0.34846E+02  0.50700E+02  0.51096E+02  0.29440E+02  0.16831E+02  0.14652E+02
  0.62192E+01 -0.45115E+01  0.11215E+01  0.22464E+02  0.31174E+02  0.99221E+01
 -0.16201E+02 -0.12359E+02  0.24610E+00  0.33795E-01 -0.73864E+01 -0.13454E+02
 -0.11725E+02 -0.12992E+02 -0.15710E+02 -0.21151E+02 -0.23994E+02 -0.93097E+01
  0.11605E+02  0.40666E+01 -0.32544E+02 -0.26673E+02  0.22043E+02  0.57542E+02
  0.64568E+02  0.28184E+02 -0.13329E+01  0.81932E+01  0.23513E+02  0.38528E+02
  0.46053E+02  0.35041E+02  0.24523E+02  0.26797E+02  0.14795E+02  0.72429E+01
 -0.58551E+00 -0.35243E+02 -0.36042E+02 -0.27180E+02 -0.39582E+02 -0.30006E+02
 -0.15231E+02 -0.64432E+01 -0.15150E+02 -0.34698E+02 -0.30386E+02 -0.29096E+01
  0.30123E+02  0.25570E+02  0.50768E+00 -0.15078E+02 -0.99327E+01  0.14911E+02
  0.18501E+02  0.11870E+02  0.10415E+01 -0.21421E+02 -0.20866E+02 -0.23977E+02
 -0.44349E+02 -0.45266E+02 -0.42247E+02 -0.31237E+02 -0.83127E+01  0.10019E+02
  0.30626E+02  0.54213E+02  0.54627E+02  0.44331E+02  0.30703E+02  0.76926E+01
 -0.17885E+02 -0.38071E+02 -0.17851E+02  0.10947E+02  0.11211E+02 -0.69996E+01
 -0.35759E+02 -0.48120E+02 -0.36440E+02 -0.64569E+01  0.21494E+02  0.38677E+02
  0.15610E+02 -0.10771E+02  0.17012E+02  0.32184E+02  0.25893E+02  0.22123E+02
  0.62014E+01  0.83157E+00  0.10032E+02  0.20870E+02  0.29820E+02  0.29635E+02
  0.13359E+02  0.60557E+01  0.19292E+02 -0.21168E+02 -0.70656E+02 -0.33989E+02
  0.11707E+02  0.82307E+01 -0.10542E+02  0.34450E+01  0.44521E+02  0.63817E+02
  0.31967E+02 -0.17474E+02 -0.27038E+02 -0.23260E+02 -0.33240E+02 -0.40568E+02
 -0.13485E+02  0.16183E+02  0.16121E+02  0.67894E+01 -0.25332E+02 -0.27955E+02
  0.60396E+01  0.48331E+01  0.27716E+00  0.18390E+02  0.18953E+02  0.63570E+00
  0.23356E+01  0.25421E+02  0.25589E+02 -0.54660E+01 -0.12646E+02 -0.50742E+01
 -0.60147E+01 -0.16456E+02 -0.33769E+02 -0.28322E+02 -0.36596E+02 -0.35832E+02
  0.49783E+00 -0.41331E+01 -0.10001E+02  0.23052E+01  0.62138E+01  0.16836E+02
  0.14295E+02 -0.53005E-01  0.45375E+01  0.22605E+02  0.14161E+02  0.10891E+02
  0.91096E+01 -0.22961E+02 -0.28178E+02 -0.27480E+02 -0.40551E+02 -0.23965E+02
 -0.13375E+02 -0.13403E+02  0.18369E+02  0.49157E+02  0.51340E+02  0.29862E+02
 -0.23257E+01  0.73043E+00  0.13901E+02 -0.12294E+02 -0.18847E+02 -0.38466E+01
 -0.25949E+02 -0.37261E+02 -0.19044E+02 -0.96661E+00  0.12249E+02  0.25232E+02
  0.33097E+02  0.20989E+02  0.73185E+01 -0.11631E+02 -0.28141E+02 -0.15889E+02
 -0.36321E+01 -0.13099E+02 -0.31309E+02 -0.18033E+02  0.46108E+01 -0.11193E+01
 -0.86818E+00  0.10673E+02  0.30474E+02  0.36721E+02  0.73676E+01 -0.17359E+02
 -0.86439E+00  0.17532E+02  0.15252E+02  0.19677E+02  0.14552E+02  0.51540E+01
  0.18707E+02 -0.24549E+01 -0.39473E+02 -0.19185E+02  0.39096E+01  0.12169E+02
  0.46676E+02  0.78589E+02  0.51313E+02 -0.12405E+02 -0.31555E+02 -0.15584E+02
 -0.27110E+02 -0.40616E+02 -0.20963E+02  0.33189E+01  0.11296E+02  0.58270E+01
 -0.51718E+01 -0.19877E+01  0.12584E+01 -0.40303E+01 -0.86659E+01 -0.92914E+01
  0.11763E+02  0.32368E+02  0.26956E+02 -0.17501E+01 -0.36861E+02 -0.39664E+02
 -0.26644E+02 -0.14425E+02  0.14081E+02  0.40329E+02  0.47286E+02  0.38445E+02
  0.79437E+01 -0.14277E+02 -0.25136E+02 -0.48021E+02 -0.54525E+02 -0.54362E+02
 -0.39355E+02 -0.10357E+02  0.12408E+02  0.32461E+02  0.33798E+02  0.19970E+02
 -0.33517E+01 -0.46669E+01  0.37632E+02  0.54413E+02  0.11844E+02 -0.12927E+02
  0.63001E+00 -0.12971E+02 -0.42146E+02 -0.13150E+02  0.29326E+02  0.37440E+02
  0.91308E+01 -0.40783E+02 -0.26888E+02  0.22359E+02  0.58527E+02  0.57706E+02
  0.77209E+00 -0.25011E+02 -0.13003E+02 -0.28685E+02 -0.25950E+02 -0.32245E+00
 -0.16250E+02 -0.44817E+02 -0.47503E+02 -0.22163E+02  0.21907E+02  0.36659E+02
  0.23421E+02  0.28589E+02  0.34188E+02  0.83554E+01 -0.15938E+02 -0.11853E+02
 -0.15178E+01  0.60805E+01 -0.22727E+01 -0.23853E+02 -0.19172E+02 -0.66115E+01
 -0.24533E+02 -0.17345E+02  0.19038E+02  0.19039E+02  0.27768E+02  0.68476E+02
  0.74424E+02  0.35218E+02  0.12090E+02  0.71071E+01 -0.13128E+02 -0.25342E+02
 -0.33220E+02 -0.40739E+02 -0.25708E+02 -0.12681E+02 -0.28112E+02 -0.37475E+02
 -0.20170E+02 -0.11731E+02 -0.35043E+02 -0.45462E+02 -0.35983E+02 -0.28559E+02
 -0.17887E+00  0.23381E+02  0.15934E+02 -0.88542E+01 -0.16713E+02  0.55678E+01
  0.17253E+02  0.17589E+02  0.26769E+02  0.28616E+02  0.36364E+02  0.52501E+02
  0.35460E+02  0.48027E+01 -0.13703E+02 -0.27656E+02 -0.17965E+02  0.76148E+01
 -0.48642E+01 -0.18303E+02  0.11748E+02  0.22791E+02 -0.64903E+01 -0.14231E+02
 -0.15711E+02 -0.46486E+02 -0.54194E+02 -0.41914E+02 -0.31949E+02 -0.22938E+02
  0.17239E+01  0.31666E+02  0.17922E+02  0.10063E+02  0.45583E+02  0.57856E+02
  0.35476E+02  0.42055E+02  0.55758E+02  0.24007E+02 -0.10537E+02 -0.26803E+02
 -0.36304E+02 -0.84733E+01  0.35466E+02  0.50955E+02  0.56486E+02  0.24651E+02
 -0.60238E+02 -0.91412E+02 -0.34356E+02  0.19266E+02  0.17212E+02  0.15266E+02
  0.28203E+02  0.22964E+02  0.68491E+01  0.13357E+02  0.32344E+02  0.23458E+02
 -0.71490E+00 -0.27386E+02 -0.40440E+02 -0.29186E+02 -0.13036E+02 -0.43110E+01
 -0.13067E+02 -0.36340E+02 -0.29624E+02  0.52527E+01  0.30144E+02  0.41130E+02
  0.19069E+02 -0.91310E+01 -0.50631E+00  0.17798E+01 -0.33807E+01  0.17234E+02
  0.40175E+02  0.30603E+02 -0.11014E+02 -0.35106E+02 -0.35209E+02 -0.35822E+02
 -0.26031E+02 -0.69414E+01  0.99559E+00 -0.33381E+02 -0.49611E+02 -0.13170E+02
  0.77824E+01  0.19396E+02  0.38151E+02  0.47963E+02  0.41844E+02  0.94540E+01
 -0.27017E+02 -0.21793E+02  0.32654E+01 -0.35914E+00 -0.12730E+02 -0.12180E+02
 -0.20874E+02 -0.33878E+02 -0.45699E+02 -0.35508E+02 -0.15191E+02 -0.31983E+01
  0.11756E+02  0.18597E+02  0.24315E+02  0.21383E+02  0.15670E+02  0.24196E+02
  0.11157E+02 -0.32169E+02 -0.34681E+02  0.18279E+01  0.12401E+02  0.66124E+01
  0.13481E+02  0.23513E+02  0.24009E+02  0.18810E+02  0.66208E+01  0.99826E+01
  0.21237E+02  0.27538E+02  0.51566E+02  0.72007E+02  0.54576E+02  0.47370E+01
 -0.60007E+02 -0.95774E+02 -0.68746E+02 -0.30017E+02 -0.47043E+01  0.29494E+01
 -0.11688E+01  0.12502E+02  0.18555E+02  0.67554E+01  0.13219E+02  0.23843E+02
  0.29514E+01 -0.40529E+02 -0.73053E+02 -0.47185E+02 -0.73219E+01 -0.81140E+00
  0.26213E+02  0.51640E+02  0.40687E+02  0.32884E+02  0.15640E+02 -0.42822E+01
 -0.14096E+02 -0.17560E+02 -0.15182E+02 -0.11913E+02  0.22135E+01 -0.58174E+01
 -0.14141E+02  0.17654E+02  0.16750E+02 -0.84327E+01 -0.56717E+01 -0.22662E+02
 -0.39549E+02 -0.23324E+02 -0.13158E+02 -0.21438E+02 -0.28460E+02 -0.11469E+02
  0.20270E+02  0.30721E+02  0.28832E+02  0.32981E+02  0.12325E+02 -0.13674E+02
 -0.10748E+02  0.41938E+01  0.19145E+01 -0.12496E+02 -0.13306E+02 -0.18109E+02
 -0.34266E+02 -0.31516E+02  0.75250E+00  0.20887E+02  0.20571E+02  0.34521E+02
  0.34998E+02  0.10419E+02  0.18883E+02  0.34611E+02  0.50827E+01 -0.25395E+02
 -0.10700E+02  0.20742E+02  0.26426E+02  0.22024E+02  0.31461E+02  0.24694E+02
 -0.17591E+02 -0.51972E+02 -0.43517E+02 -0.25940E+02 -0.88042E+01 -0.44409E+00
 -0.17239E+02 -0.99248E+01  0.11381E+02  0.16975E+02  0.15133E+02  0.10541E+02
  0.48908E+01 -0.11766E+01  0.56548E+01  0.76545E+01 -0.60146E+01  0.29456E+01
  0.31241E+02  0.38599E+02  0.31514E+02  0.70910E+01 -0.27805E+02 -0.50355E+02
 -0.54118E+02 -0.37520E+02 -0.13318E+02  0.15413E+02  0.34454E+02  0.20632E+02
  0.77922E-01 -0.20957E+02 -0.34884E+02 -0.20784E+02 -0.88109E+01  0.91573E+00
  0.17922E+02  0.22195E+02  0.11122E+02  0.58011E+01  0.14907E+02  0.20468E+02
  0.27077E+02  0.15164E+02  0.20372E+01  0.21878E+01 -0.83445E+01 -0.11329E+02
 -0.16392E+02 -0.26006E+02 -0.14407E+02  0.26474E+01  0.54599E+01  0.14843E+02
  0.17024E+02  0.19244E+02  0.14003E+02 -0.15607E+01  0.32301E+01  0.93763E+00
 -0.77511E+01  0.63629E+01  0.12015E+02 -0.19766E+02 -0.31805E+02 -0.13784E+02
 -0.11512E+01  0.33092E+00 -0.18155E+02 -0.14934E+02 -0.46086E+01 -0.60676E+01
  0.63249E+01  0.61469E+01 -0.84722E+01 -0.37878E+01  0.71490E-01 -0.13936E+02
 -0.98337E+01  0.92247E+01  0.18270E+02  0.21869E+02  0.12359E+02  0.37814E+01
 -0.94085E+00 -0.17615E+02 -0.19841E+02 -0.64901E+01  0.90474E+01  0.14053E+02
  0.53408E+00 -0.19846E+02 -0.21546E+02 -0.17862E+02 -0.14742E+02  0.15964E+02
  0.34557E+02  0.30203E+02  0.21044E+02  0.44929E+01  0.12073E+02  0.19206E+02
  0.94485E+00 -0.89858E+01 -0.25053E+00  0.38130E+01 -0.96517E+01 -0.10258E+02
  0.97517E+01  0.85906E+01 -0.89580E+01 -0.14690E+02 -0.10091E+02  0.40610E+00
 -0.55140E+00 -0.20966E+02 -0.22689E+02 -0.92621E+01 -0.43743E+01  0.62370E+01
  0.94146E+01  0.65994E+01  0.13430E+02  0.13772E+02  0.19371E+02  0.14071E+02
 -0.96919E+01 -0.50756E+01 -0.22019E+01 -0.79115E+01 -0.35879E+01 -0.11762E+02
 -0.18971E+02 -0.16716E+02 -0.13763E+02 -0.71886E+01 -0.28025E+01 -0.16618E+00
  0.44928E+01  0.16777E+02  0.32373E+02  0.33023E+02  0.18443E+02 -0.61904E+01
 -0.19222E+02 -0.15681E+02 -0.23404E+02 -0.17314E+02  0.10146E+02  0.21915E+02
  0.22589E+02  0.15377E+02 -0.39474E+01 -0.75873E+01 -0.18268E+01  0.33163E+01
  0.73258E+01 -0.18180E+01 -0.46101E+01  0.50305E+01  0.41119E+01 -0.50537E+01
 -0.11814E+02 -0.16270E+02 -0.77969E+01  0.63480E+01  0.14507E+02  0.20080E+02
  0.11675E+02 -0.38841E+01 -0.12796E+02 -0.14503E+02 -0.44701E+01 -0.62812E+01
 -0.21768E+02 -0.22268E+02 -0.47213E+01  0.11508E+02  0.12481E+02  0.11319E+02
  0.99640E+01  0.15019E+01 -0.63852E+01 -0.76082E+01  0.63923E+00  0.41635E+01
 -0.13237E+01  0.99355E+01  0.19721E+02  0.12287E+02  0.88767E+01  0.67889E+01
  0.60714E+01  0.39875E+01  0.55745E+01  0.11048E+02  0.67813E+01  0.14138E+01
  0.21969E+01 -0.41982E+01 -0.17680E+02 -0.13332E+02 -0.65729E+01 -0.13835E+02
 -0.80946E+01 -0.50837E+01 -0.10469E+02 -0.13908E+01  0.45266E+01 -0.11215E+01
 -0.86004E+01 -0.95245E+01 -0.60840E+01 -0.21151E+01  0.68308E+01  0.93060E+01
 -0.63210E+01 -0.12454E+02 -0.24281E+01 -0.19594E+01 -0.93793E+01 -0.34976E+01
  0.72937E+01  0.64673E+01  0.52039E+01  0.40497E+01  0.77811E+01  0.16447E+02
  0.13616E+02  0.63568E+00 -0.13155E+02 -0.18981E+02 -0.13733E+02 -0.29251E+01
  0.34991E+01  0.71226E+01  0.11519E+02  0.77553E+01 -0.79818E+01 -0.16608E+02
 -0.11059E+02 -0.83421E+01 -0.65201E+01  0.74323E-01  0.90551E+01  0.10897E+02
  0.60119E+01  0.57836E+01  0.37216E+01 -0.29304E+01 -0.45219E+01  0.13629E+01
  0.11520E+02  0.12685E+02  0.27562E+01 -0.27721E+01 -0.41051E+01 -0.70904E+01
 -0.37250E+01  0.50347E+00 -0.50013E+00  0.34027E+01  0.15007E+01 -0.49186E+01
 -0.51301E+01 -0.77420E+01 -0.66301E+01 -0.11087E+01  0.47051E+01  0.11225E+02
  0.10769E+02  0.25187E+00 -0.78248E+01 -0.22130E+01  0.84009E+01  0.72268E+01
 -0.96817E+00 -0.29766E+01 -0.43880E+01 -0.17994E+01  0.63739E+01  0.87284E+01
  0.70000E+00 -0.32117E+01  0.38522E+01  0.22380E+01 -0.27927E+01  0.35514E+01
  0.65738E+01  0.47705E+01  0.41187E+01  0.38073E+01  0.14364E+01 -0.31107E+01
 -0.22861E+01  0.13484E+01  0.33782E+01  0.22901E+01 -0.78701E+00  0.19749E+00
 -0.15196E+01 -0.50811E+01 -0.49717E+01 -0.86017E+01 -0.66343E+01 -0.83856E+00
  0.34860E+01  0.10934E+02  0.10369E+02  0.38678E+00 -0.63903E+01 -0.71206E+01
 -0.99990E+01 -0.13043E+02 -0.98269E+01 -0.13318E+01  0.58365E+01  0.90023E+01
  0.84160E+01  0.74679E+01  0.46581E+01  0.98987E+00  0.52417E+00 -0.47262E+01
 -0.93967E+01 -0.79346E+01 -0.46322E+01  0.13874E+01  0.52666E+01  0.17922E+01
 -0.27861E+01 -0.19153E+01  0.24584E+01  0.37426E+01 -0.11122E+01 -0.27113E+01
 -0.10617E+01 -0.18143E+01 -0.26414E+01 -0.12522E+01  0.78715E+00  0.15224E+01
  0.83346E+00 -0.25291E+00  0.13148E+01  0.31089E+01  0.42462E+01  0.19438E+01
 -0.22969E+01 -0.95799E+00  0.12343E+01  0.55482E+00  0.15343E-01  0.12303E+01
  0.13152E+01  0.11543E+01  0.37960E+01  0.53075E+01  0.42890E+01  0.11242E-01
 -0.51609E+01 -0.33123E+01 -0.44109E+00 -0.27454E+01 -0.39814E+01 -0.41446E+01
 -0.29337E+01  0.53153E+00  0.95777E+00 -0.78029E+00 -0.12678E+01 -0.25753E+00
 -0.18406E+00 -0.63640E+00 -0.44873E+00 -0.69651E-01  0.13997E+01  0.20111E+01
  0.15052E+01  0.11551E+00 -0.21609E+01 -0.11983E+01  0.50572E+00 -0.60486E+00
 -0.18937E+01 -0.80960E+00  0.15448E+01  0.30734E+01  0.25829E+01  0.20910E+01
  0.25354E+01  0.16327E+01 -0.61551E+00 -0.26753E+01 -0.25552E+01 -0.61510E+00
 -0.79694E+00 -0.16587E+01 -0.61199E+00  0.66768E+00  0.18156E+01  0.26295E+01
  0.15167E+01 -0.35116E+00 -0.63732E+00 -0.33375E+00 -0.34155E+00  0.92476E-02
  0.59029E-01  0.23704E+00  0.45847E+00  0.24015E+00  0.72832E-01  0.12258E+00
 -0.18347E+00 -0.69710E+00 -0.10109E+01 -0.98656E+00 -0.68140E+00 -0.23639E+00
 -0.54174E-01 -0.13084E+00 -0.34004E-01  0.99346E-01  0.10030E+00  0.16520E+00
  0.11482E+00  0.12974E+00  0.19886E+00  0.22217E+00  0.14966E+00  0.28119E-01
  0.31617E-01  0.97128E-01 -0.54654E-02 -0.63583E-01 -0.51953E-01 -0.74224E-01
 -0.11796E+00 -0.19626E-01  0.72588E-01  0.64366E-01  0.42640E-01  0.42542E-01
 -0.83660E-02 -0.12858E-01 -0.20508E-01 -0.18844E-01 -0.13786E-01  0.15048E-01
  0.15751E-01  0.17114E-01  0.33600E-02  0.16141E-01  0.11454E-01  0.71665E-02
 -0.54199E-02 -0.98250E-05 -0.77461E-02  0.29093E-02 -0.34553E-03  0.50995E-02
 -0.69329E-02 -0.24572E-02 -0.67644E-02  0.30382E-02 -0.29645E-02  0.52579E-02
 -0.72274E-03  0.60693E-02 -0.95926E-03  0.49320E-02 -0.25402E-02  0.39084E-02
 -0.28392E-02  0.38213E-02 -0.28646E-02  0.37190E-02 -0.27853E-02  0.37894E-02
 -0.28636E-02  0.36837E-02 -0.27819E-02  0.36854E-02 -0.28529E-02  0.35950E-02
 -0.28893E-02  0.35109E-02 -0.28923E-02  0.34439E-02 -0.29292E-02  0.34074E-02
 -0.29113E-02  0.33631E-02 -0.29510E-02  0.32893E-02 -0.29475E-02  0.32734E-02
 -0.29507E-02  0.32392E-02 -0.29384E-02  0.31927E-02 -0.29478E-02  0.31416E-02
 -0.29578E-02  0.31085E-02 -0.29593E-02  0.30800E-02 -0.29579E-02  0.30722E-02
 -0.29416E-02  0.30192E-02 -0.29453E-02  0.29851E-02 -0.29485E-02  0.29527E-02
 -0.29207E-02  0.29182E-02 -0.29222E-02  0.29047E-02 -0.29038E-02  0.28873E-02
 -0.29003E-02
