        2.87600
        2.92100
       -3.56100
       -1.51600
        2.80600
        1.16300
       -1.96900
        1.23200
        2.01200
       -1.78900
         .33600
        -.10000
        -.55500
       -1.59300
         .48200
        -.31800
        2.06900
        1.49800
         .93900
        2.78400
       -3.79300
        -.92700
        4.09700
       -1.51700
        -.49000
        -.25500
         .89300
       -1.40600
        2.82300
       -2.69500
         .15500
       -2.26500
        -.36800
        3.35000
         .39200
       -3.39700
       -1.17900
        2.64300
         .14600
       -2.53400
       -1.24100
         .53500
        3.01300
         .22500
        1.50900
        -.31300
       -2.80100
        2.33700
        -.07900
       -2.13800
         .88200
        2.41100
        1.96300
        -.17700
       -1.34000
        1.37300
         .45300
       -2.22200
        2.87200
        -.61600
       -3.27400
        1.05600
         .12800
        1.31400
        -.77200
       -2.16500
         .44300
        3.15800
        1.30700
       -2.52300
        3.72900
        2.95900
        1.10200
       -2.61200
        -.95900
        1.52400
        2.65700
       -4.00200
        5.08800
        5.21700
       -1.08300
        3.13900
         .75500
       -3.26600
         .41100
       -1.01000
       -1.92200
        -.65700
        -.39700
       -5.13900
        -.41200
        8.32400
        -.53600
       -1.69100
        7.72800
        2.57700
      -10.75000
        1.80600
        6.25400
        5.45900
        4.48900
         .92000
       -2.87200
       -4.11400
        1.13600
        2.30000
        6.08800
        6.82100
        1.67200
       -1.15000
       10.36500
       -6.06500
       -5.56300
       -4.97500
         .27400
        3.48500
        -.97000
        8.90400
        9.23300
       20.51500
        -.97100
       -9.18600
        4.86500
       21.67700
       -1.22000
       16.81600
       -4.71200
      -10.01800
         .38100
       15.30600
       34.09100
        -.63500
      -28.40800
       43.58000
       33.90200
       23.23900
       -7.55600
        6.28700
       62.57900
      -18.14400
       13.88500
       24.19600
       17.03500
       -6.25400
      -24.35500
       66.49600
       12.65200
      -48.17100
       20.66100
       13.82800
       -3.04000
       -1.84900
        6.62500
       29.66600
      -48.74800
        1.13800
       95.48900
      -25.16700
      -30.92500
       -8.96300
        1.72500
       39.86700
       24.99400
       74.08900
      -49.13700
      -34.78700
       60.33000
       49.07300
        5.11000
      -27.16400
       45.33800
      -38.65600
      -37.85400
       86.42200
       14.61200
      -89.75500
      -52.53400
       22.14100
       65.95200
      -34.15700
      -84.44500
       56.10400
       36.09700
        -.72400
       27.78100
       58.32100
      -29.32300
      -42.97900
       98.42500
       82.00100
      -22.35900
      -42.01900
      -20.34900
       79.10200
       39.22000
      -75.36600
      -48.15400
      -55.30300
       29.56500
      110.16200
       61.53400
       -8.34900
      -69.29800
        1.22600
       98.64800
       46.43700
       32.54700
        7.77400
      -86.14100
       61.20900
      138.81500
       14.11000
        2.02600
       -2.40400
      -23.92500
      -17.89400
       64.15400
      120.90600
      121.63400
      -14.14100
       33.52300
       78.00100
       75.55100
       19.76400
       37.77500
       53.15500
      113.12400
       46.52400
       21.02300
       51.50000
       53.84800
       27.74000
       26.81900
       43.75100
       58.97700
       41.91200
       20.35600
       41.03700
       25.14500
       26.49600
       44.94200
       61.14900
       62.59000
        2.05600
      -24.96700
       45.37300
       68.85400
       15.52200
       59.33100
       58.69100
       15.53100
       38.50800
       53.23300
      -16.26400
      -42.92800
      -50.76100
      -39.03800
      -46.92800
      -90.42100
     -107.26500
     -129.40200
     -169.33900
     -196.84700
     -197.96100
     -146.73200
     -130.82500
     -162.77900
     -199.61000
     -152.73400
      -53.04200
       60.97400
      125.34900
      179.27800
      257.91900
      330.81900
      306.24900
      182.69500
     -284.43200
     -539.77900
     -455.65700
     -328.64300
     -148.79100
       17.64000
      -35.85600
     -240.42600
     -288.13600
     -162.71300
      -71.62800
        2.26900
       43.81600
       63.13500
       -8.05200
     -161.19700
     -164.43900
      -82.09300
     -118.69000
     -136.04400
     -154.86900
     -176.38400
     -112.03300
      -37.87000
      -87.85400
     -151.69900
      -97.32200
      -84.89600
     -111.51900
     -111.38000
      -51.44500
        6.25300
        6.95100
       69.95900
      117.26900
      110.01100
      113.89200
       84.90400
       72.13300
      113.72000
      157.74400
      228.86700
      287.77300
      293.15200
      264.46300
      160.27600
       55.43700
       44.39900
        1.11500
      -15.20300
      -44.25300
      -59.89100
      -76.62000
     -130.07700
     -158.79400
     -176.15500
     -172.71400
     -158.90100
     -167.66800
     -138.97800
      -63.20700
       34.57200
      110.49400
      155.63700
      168.52800
      177.11700
       87.95900
      -38.21200
      -22.75200
      -30.51700
      -22.35200
       -5.71600
      -44.90800
      -60.49000
      -69.65200
      -87.15400
      -69.89900
         .05500
       91.21000
      120.31300
      168.64800
      214.76400
      205.18700
      172.37200
       65.94100
      -37.38400
      -62.73000
      -83.82900
      -20.23400
       99.61800
      109.28400
      116.53500
      143.77400
      158.52500
      182.70900
      180.53300
      134.22000
       98.82600
       80.12700
       67.77200
       78.72300
       76.21600
       14.73800
     -116.36200
     -211.27800
     -177.26500
     -194.30100
     -269.57100
     -297.74300
     -277.17000
     -267.63200
     -173.06500
      -35.46800
       55.01700
      136.27000
      233.67400
      268.10000
      244.42400
      170.92800
         .44400
     -115.64000
     -135.77200
     -139.83800
     -128.44600
     -109.66600
      -87.92700
     -108.54300
     -123.68600
     -125.39100
     -143.76200
     -169.46500
     -200.46400
     -200.84000
     -178.89100
     -154.33100
     -141.04800
     -146.70200
     -117.08000
      -61.19600
         .17300
       22.24800
       11.66200
        6.83100
        9.00200
       19.80900
       26.64200
       35.00800
       58.35200
      110.98500
      159.92500
      185.03600
      150.76500
       34.61200
      -49.59500
      -48.66600
      -53.73500
      -54.29300
        -.70600
       28.77700
       19.42800
       26.26200
       33.72300
       39.04000
       37.63700
       45.94100
       61.56400
       57.07900
      -10.38400
      -71.43200
      -82.69700
      -89.83200
      -76.79500
      -16.12400
       56.91000
       76.71600
       87.54600
       96.83700
       40.08200
      -55.04100
      -82.99500
      -58.06100
      -47.17000
      -47.49700
      -36.55700
         .51600
       49.90400
       74.14500
       64.17200
       87.69700
      109.62100
       82.25500
       61.82800
       42.10400
       13.30100
      -21.83600
      -58.76100
      -40.12500
        7.54100
       25.71500
       33.18400
       36.25700
       18.56500
       10.08300
        2.23400
       25.49200
       20.91700
      -11.40200
      -15.19100
         .93100
       44.41400
       99.67600
      128.94200
      130.14500
      127.68700
      131.07300
      129.96300
      111.08500
       54.50000
       13.87700
       49.86100
       75.59600
       68.91800
       84.92000
       86.96400
       94.70100
      106.28000
      112.96500
      121.62000
      113.23300
       79.20400
         .63100
      -68.29000
      -79.77200
      -58.22900
       -5.02000
       31.56600
        5.99500
      -12.51600
      -42.89600
      -75.07700
      -73.75800
      -76.50000
      -92.78600
      -85.02800
      -56.78200
      -26.40600
       12.88700
       75.80700
      113.28100
       97.16900
       36.14100
       17.69200
       32.05400
       34.23800
       39.98900
       50.08200
       28.84100
       23.15600
       54.71800
       42.59300
       -5.14300
      -16.33000
       -8.80400
      -16.11200
      -18.96900
      -34.32100
      -42.92000
      -29.03900
      -16.21800
       -5.37700
      -10.57500
      -19.25000
       -6.05600
       10.13100
        9.70500
       11.57100
       40.13100
       37.87500
        3.11600
      -14.49800
      -15.58700
      -10.58100
        7.11400
       17.87700
        -.52800
      -18.72300
       -8.54300
       -6.52200
       -5.19000
        1.64600
      -10.47400
       -4.99500
       14.05300
       39.18200
       38.95000
       -1.21100
      -19.29600
      -11.85200
        7.11700
       16.33200
      -11.84200
      -35.98800
       -9.91700
        -.82300
      -17.82400
       -9.33700
       -7.51900
      -25.17900
      -13.76100
       22.25400
       32.19300
       28.87300
       44.82300
       36.61100
       21.55600
       35.92900
       27.26600
      -14.17000
      -12.97000
       15.74500
       26.14500
       26.55000
       13.47300
        6.92700
       -4.14300
       -5.91200
       22.47000
        6.35400
      -27.35500
      -15.29100
       -3.22700
        3.50600
       23.58800
       16.41700
      -13.10100
      -30.72000
      -19.73500
      -17.30500
      -21.06600
       -8.84600
       -6.47800
      -14.27500
      -12.05400
      -14.97600
        7.58500
       28.64100
       10.55300
       27.87500
       54.15200
       63.98400
       85.67200
       87.54600
       66.03900
       58.29400
       65.59200
       69.54700
       65.31400
       55.93600
       43.74600
       28.80700
       10.42900
        7.84400
       13.84300
        4.29400
        6.71700
       23.79900
       25.23000
        8.11800
       -4.54200
       -3.59100
       -7.47000
      -16.60700
      -22.53400
      -30.91400
      -34.83100
      -31.20000
      -36.65900
      -59.45200
      -75.63400
      -80.32000
      -84.89000
      -84.64800
      -73.00500
      -61.17500
      -56.44100
      -56.82100
      -57.90600
      -61.32000
      -59.83900
      -56.72600
      -61.36700
      -67.43700
      -67.25000
      -60.40200
      -47.86400
      -40.91800
      -43.88700
      -49.81300
      -47.82200
      -41.08000
      -34.50700
      -28.52600
      -23.75600
      -21.05500
      -24.13500
      -29.36700
      -33.81400
      -35.74900
      -39.28500
      -42.23900
      -38.24200
      -26.82200
      -15.38700
      -11.68700
      -10.73300
      -12.63200
      -20.78100
      -28.99900
      -30.69000
      -29.06400
      -28.44600
      -23.86200
      -17.13700
      -10.36200
      -14.22400
      -27.36200
      -35.84900
      -32.78300
      -29.18300
      -24.83000
      -22.73100
      -19.08400
      -14.86900
       -9.86500
       -7.80200
       -8.07900
         .50500
       10.24000
       12.44900
       11.01600
       11.39500
       12.28500
        6.43100
       -6.95800
      -13.31200
      -12.20800
       -7.80800
      -13.02700
      -19.59800
      -19.25100
      -14.92100
      -15.67900
      -28.95000
      -33.70500
      -25.39800
      -17.19900
       -3.68000
       11.11400
       17.29700
       16.67000
       12.20200
        6.50400
        5.34200
        9.95900
        9.07300
        4.18200
        5.07100
       11.98400
       14.17200
       15.68700
       15.01900
        8.32500
        8.02100
       15.79900
       21.74700
       25.04600
       24.36400
       20.32400
       15.20000
       12.56500
       14.69700
       10.85100
        4.32700
        2.66400
         .13800
       -5.14700
      -10.68500
      -10.46700
       -7.34400
       -2.37900
       -1.66800
       -7.30600
       -6.34800
       -1.47300
       -2.01100
       -3.86500
         .38100
       12.08200
       28.35200
       36.24500
       35.56900
       33.50300
       29.81700
       26.45400
       25.29500
       20.02500
       17.46200
       18.52600
       24.11800
       27.62400
       26.85700
       25.21800
       21.13100
       17.88700
        7.08500
       -6.53400
       -3.22500
        3.48200
        6.34500
        7.83900
        4.63500
        4.05000
        8.67900
       13.27400
       14.33500
       17.96000
       22.23900
       20.08100
       19.35500
       22.17100
       15.44200
        2.78500
       -5.00700
      -11.14200
      -15.02200
       -8.11500
       -3.49500
       -2.48100
         .26100
        6.03600
        8.76300
       14.51300
       20.93000
       14.47100
        7.25700
       16.99700
       21.18900
        9.15000
       14.66900
       26.65000
       17.40500
        5.35000
       -1.31500
       -6.46100
      -14.78200
      -19.99500
      -23.73200
      -30.64000
      -31.30500
      -27.50200
      -21.10600
      -19.43500
      -22.72100
      -18.58700
      -12.41300
      -10.28400
      -13.41300
      -19.87100
      -18.51000
       -9.41100
       -6.39600
       -2.10400
       -4.46000
       -7.02900
        -.01200
       -3.73600
       -8.59400
       -2.51200
        4.96700
       12.82900
       11.53400
        5.11200
        6.63600
       11.22400
       15.60700
       20.40300
       18.77300
       13.87200
       11.85900
       11.56600
       12.16900
       12.39900
        8.42200
        2.41500
        -.92700
        4.71100
       17.74500
       25.73500
       21.00900
       11.76400
       14.00700
       27.52800
       30.21900
       27.94300
       33.46300
       37.83000
       39.66200
       41.28200
       35.69200
       21.97700
       11.42100
        9.60400
        6.60900
        2.19300
        1.46700
        5.48200
        9.46300
        7.18000
        5.16400
         .22400
       -1.93700
        5.14000
        4.53300
       -4.56900
       -4.61700
       -5.31100
      -12.63200
      -13.99100
      -15.13300
      -25.38900
      -34.02200
      -32.96900
      -26.21000
      -19.54900
      -16.11500
      -15.78700
      -11.25000
       -6.16900
        2.32800
       10.28900
        6.68900
        -.61800
       -4.06200
       -3.11700
        2.10800
        5.56300
        2.35400
       -3.64600
       -4.89600
       -2.05100
        4.36000
        5.65200
        1.76000
       -3.72700
       -7.17700
         .48400
       10.50400
       10.86900
        8.00600
        -.69400
       -7.75700
       -8.27000
       -3.62500
        4.80800
        8.25300
        7.41500
       13.00000
       23.51100
       28.02700
       30.55500
       25.53100
       20.19800
       20.94700
       21.97300
       19.44800
       12.81600
        1.66800
        -.78400
        6.58900
       15.83400
       15.19200
       12.58900
       16.31900
       17.02100
       11.96300
        4.07100
      -13.84000
      -23.76600
      -18.78200
      -20.41600
      -27.24100
      -26.07500
      -26.76800
      -18.47200
       -1.64100
        3.21000
        8.06100
       13.37000
       10.52900
       10.38700
        9.47100
        3.67300
         .58600
       -1.46600
       -3.13000
        -.71500
        1.05600
        2.28000
       -2.66200
        -.03400
        6.82200
       12.86700
       13.54500
        7.67800
        5.02500
        3.97700
        5.16800
       -2.28800
      -12.53100
       -9.61000
       -6.45100
      -11.99400
      -17.07900
      -13.82400
      -12.59000
      -15.21900
      -19.31300
      -17.39200
      -14.10200
      -12.86900
      -13.68500
      -16.15400
      -13.55300
       -7.87700
      -10.13000
      -16.35600
      -15.54500
      -14.57800
      -12.01400
       -7.06600
      -13.03000
      -20.20400
      -12.67300
       -8.05700
       -9.36100
      -14.04100
      -19.69600
      -19.78100
      -11.69400
       -7.02800
      -11.13700
      -14.84100
      -10.57500
       -6.18600
       -5.43000
       -6.29200
       -1.75700
        3.94500
       -3.83600
      -19.14000
      -29.41700
      -27.96600
      -23.66000
      -21.46400
      -19.57500
      -16.99000
       -2.05300
        8.98300
        9.88000
        7.23800
        1.43700
        6.17700
       13.14300
       13.37900
        5.45300
       -6.88200
       -9.22700
       -9.45200
      -14.05800
      -15.53100
      -14.88600
      -20.78800
      -23.21200
      -19.55500
      -18.31000
      -15.16500
       -5.57500
       -1.22300
       -1.95400
       -1.37900
       -5.69000
       -4.19900
       -1.84600
       -6.10700
       -6.60400
       -3.56100
       -2.56200
       -3.01400
       -3.61400
       -5.60600
       -1.81100
        6.41100
       11.40200
       12.83700
       15.47900
       14.52900
        8.36500
        4.43700
        3.44900
        2.40300
        1.03000
        4.14000
        5.54800
        -.15300
       -3.55700
       -4.59700
       -2.82800
        2.28400
        1.52700
       -4.08000
       -8.83500
       -6.08800
       -2.35100
       -2.70300
        2.55200
       18.79800
       25.82900
       24.84100
       18.14500
        2.91200
      -12.71000
       -8.02500
        -.75300
      -12.17500
      -15.37100
      -10.77400
       -1.97100
        8.50900
        -.52600
      -18.71800
      -22.75100
      -12.35800
       -1.74400
       -1.05300
       -3.76300
         .60400
       10.73900
       15.13100
        9.31000
        -.03300
        1.08300
        5.12900
        7.25500
       10.64500
       10.02200
        4.13200
        3.07100
        5.23400
        3.62100
        -.37700
       -2.27600
        3.47400
       11.43200
       13.36500
       15.87100
       17.12900
       10.56300
        5.30700
        1.18100
       -4.67400
       -3.32400
         .11000
       -1.02800
        2.06100
        4.37300
        4.94900
        9.86400
       15.83800
       18.43100
       20.46800
       19.18900
       16.68600
       16.96500
       17.96900
       15.49100
       10.88400
        9.06300
       12.73800
       13.61000
       13.60300
        9.83500
        3.14900
       -1.22900
        2.31000
        7.27400
        2.94100
       -1.34800
       -3.03600
       -2.05100
       -1.03400
       -7.08400
      -11.66600
       -5.62600
       -1.18800
       -6.36600
       -5.68400
       -5.34100
      -16.13800
      -22.94500
      -19.68400
      -13.68600
      -10.87400
       -9.15400
       -9.19000
      -12.77000
       -6.49100
        1.86500
         .22500
       -2.93900
        -.22900
         .32200
       -1.86900
       -3.25800
       -6.62300
       -7.33500
        2.10200
        8.50400
        3.05500
       -1.95400
       -1.27800
        -.03500
       -5.05100
       -8.16000
       -4.09800
        2.56300
        8.09000
       12.27900
       12.62700
        5.74500
       -1.47400
       -7.09600
       -4.49300
       -1.60600
       -1.29900
       -1.60700
        -.95600
        5.51100
        8.46800
       10.02800
       11.04700
       13.33600
       20.33500
       21.18500
       17.55300
       13.78600
       11.99500
       15.08100
       17.61300
       12.55600
        6.61700
        3.55400
        3.91200
        3.58900
         .15500
       -2.03800
         .45500
        3.71200
        3.01500
        -.68400
       -1.91800
        1.04000
        5.71700
        7.74800
        7.28600
        4.33000
        1.91700
        1.14100
       -1.38200
        -.44900
        2.77500
        6.05800
        9.44300
        8.09300
        3.99500
        3.84900
         .66200
       -6.62600
       -7.74300
       -3.70900
       -5.96200
      -12.80100
      -13.77300
      -10.23900
       -9.56900
       -9.74800
       -8.36200
       -8.47000
      -10.30900
       -8.94700
       -5.68700
       -5.11600
       -8.52800
      -10.12200
       -8.62000
        -.33100
        6.82400
        7.77600
       10.63800
       13.67600
        8.95400
        1.38300
       -2.57400
       -6.74100
       -9.02500
       -7.45900
       -6.65000
       -2.53200
        3.04700
        2.17600
       -2.67100
       -1.71300
        3.10200
         .99300
       -1.56800
        -.24600
        1.41600
        4.51500
        7.44000
        7.07300
        8.91200
        8.86600
        7.54000
       10.93400
       12.94800
       10.05000
        8.18000
        7.91400
       11.81900
       12.04900
       10.46800
       12.47800
       11.02100
        6.89200
        1.92000
       -3.87000
       -7.84900
       -5.83000
       -4.28300
       -3.37500
       -3.04000
       -4.57000
       -5.54300
       -6.54400
       -6.22400
       -3.66400
        -.13000
         .16400
       -1.39800
       -1.24200
        -.50000
        -.02600
        2.09500
        5.21100
        6.52300
        6.45800
        6.54600
        8.12500
        7.80900
        2.20500
        1.92900
        2.85900
        1.71600
        3.94500
        5.41700
        3.62100
        4.29700
        4.10600
        6.41000
        7.10200
         .60400
       -1.24200
        1.54900
        3.27300
         .73900
       -5.97800
      -11.25800
      -11.05700
      -10.07200
      -10.44500
      -11.69400
      -16.27000
      -13.20200
       -5.83500
       -5.33100
       -5.52800
       -7.77200
       -7.99000
       -4.82200
       -3.41300
       -8.68500
       -9.91300
       -4.90300
        1.28800
        1.75500
       -2.52500
       -2.74000
       -2.04400
       -4.21700
       -3.16500
       -2.10300
       -6.94500
       -8.13600
       -6.43200
      -10.00800
      -10.40300
      -11.11600
      -15.22800
      -14.95900
       -9.31300
       -4.46400
       -3.76800
       -5.41000
       -6.62300
       -6.47500
       -6.64000
       -6.28700
       -7.86100
      -11.08200
       -9.71400
       -4.58300
       -2.29200
       -2.26800
       -2.24000
       -3.47800
       -2.03900
       -1.33600
       -2.94000
       -3.28000
       -3.84600
       -2.88200
       -1.41400
        3.10300
        4.90600
        4.27200
        6.39600
       10.10400
       11.30300
        9.41000
        4.39300
        -.37100
       -2.26100
       -3.78900
       -5.31700
       -9.59400
       -7.96700
       -4.51100
       -6.78800
       -7.14300
       -2.45100
        -.39100
         .31600
        4.28300
        5.34000
        7.98900
       13.98000
        9.51600
        6.73000
        6.84700
        1.13100
       -1.26000
        1.20600
         .93700
        -.24600
        2.07500
         .55600
        1.70500
        5.65600
        5.40900
        2.49600
       -2.15900
       -4.49900
       -1.13900
       -4.01100
       -5.86600
       -4.98800
       -5.78500
       -6.44100
       -6.62100
      -15.44200
      -19.48400
      -14.14000
      -10.48700
       -8.60200
      -10.07600
      -12.07200
      -12.54800
      -13.09500
      -11.46700
       -8.22000
       -4.42400
        1.28200
        5.94300
        2.41100
        1.99800
        1.73700
       -2.93100
       -1.41600
        -.63800
       -2.88000
       -8.22500
      -12.84600
       -9.01600
       -5.25800
       -3.64000
       -2.14100
        -.79600
        6.73400
       12.61900
       12.29900
        7.58800
        4.63200
        7.60000
       10.63600
       12.13200
        9.48400
        7.33300
        7.31500
        4.70800
        5.54300
        6.89600
        6.26200
        6.85100
        7.07600
        8.20800
        9.37100
        7.41900
        6.07600
        8.09300
       11.62100
       13.42900
       11.78800
       10.83000
       13.53000
       13.80400
       10.70300
       11.21900
       10.91400
        8.83700
       12.64500
       13.40000
        9.32000
        9.61200
       12.16400
       11.38300
        7.72600
        5.03900
        6.73400
        6.35800
        4.91900
        4.11400
        2.61200
        1.93800
        4.23300
        4.15200
        4.46800
       -2.84900
      -15.19200
      -13.48700
       -5.40700
        2.12300
        2.67500
      -12.82600
      -20.93600
      -12.45900
        4.30400
       19.24800
        4.33700
      -12.54700
        3.17600
       18.88800
       17.47800
        4.15900
      -18.08200
       -8.75500
       18.39600
       13.50100
       -3.73800
       -5.16500
       -1.44200
        8.00800
       17.49800
        8.88700
       -3.40300
        -.46400
        8.97900
       12.05900
        6.16400
       -2.50600
        -.68100
        6.57600
       12.32600
        9.06100
       -1.04500
        -.06000
        6.95700
        5.35100
        3.91600
        -.31500
       -2.25100
        2.81000
       -1.54100
       -5.02700
       -3.59600
      -11.97300
      -12.48500
       -6.48100
       -5.97300
       -9.52200
       -9.92900
       -4.19000
       -1.24100
       -5.25400
       -6.88400
       -6.24900
       -3.06400
        3.10200
        2.49200
       -3.17200
       -2.97200
         .63400
         .03200
       -2.99800
       -5.28900
       -1.19200
        3.71500
        2.77400
        1.39900
         .02800
       -4.10300
       -3.91600
       -5.08900
       -8.89600
       -7.07200
       -5.89800
       -3.31100
       -1.35200
       -1.31900
        -.16500
       -2.76200
       -3.88300
       -3.45100
       -5.47800
       -1.85500
        -.72200
       -7.08500
       -5.60200
       -3.86800
       -6.26400
       -5.85900
       -6.78400
       -5.71400
       -4.25600
       -6.62300
       -4.45300
       -1.76500
        -.25800
        5.16800
        3.89400
       -1.41600
       -1.06800
       -2.32700
       -1.66600
        -.47600
       -3.47300
       -3.07300
       -3.26200
       -5.87800
       -5.89600
       -6.64600
       -4.88900
       -2.61000
       -7.00900
       -5.18900
       -1.61500
       -1.33600
       -1.11900
        -.65800
         .71300
         .01200
        1.45600
        -.35600
       -1.08400
         .24300
        1.36700
        4.04000
        5.06700
        5.68000
        6.30700
        6.66500
        5.38900
        3.14200
       -3.80200
       -6.93700
       -2.32800
        -.63400
        1.56300
        -.34400
       -6.69900
       -4.44700
        -.42900
        3.15900
        -.42400
       -6.92300
       -3.98400
       -1.35800
        -.47700
       -4.28800
      -10.30500
       -8.07800
       -1.92900
       -2.49000
       -2.51800
       -2.83300
         .20400
        5.15000
        5.16300
        4.24300
        3.41700
        2.77200
        2.82400
        2.09300
        2.86000
         .03400
       -2.83700
       -3.33100
       -4.26400
       -5.26600
       -4.78600
       -5.55800
       -6.08300
       -5.47300
       -5.85200
       -7.64500
      -10.74100
      -10.74800
       -8.95800
       -9.78400
      -10.61600
      -12.17600
      -11.88400
       -9.10400
       -5.92400
       -7.46300
       -9.83500
       -6.64500
       -3.38900
       -3.32700
       -2.51300
       -1.29000
       -1.78300
       -1.23900
        1.64200
        2.01700
        4.42100
        6.32300
        5.40100
        5.21400
        3.43400
       -1.90400
       -2.72800
       -1.13600
        1.33500
        5.42800
        7.56300
        6.14100
        5.06300
        4.81800
        4.84600
        6.24100
        4.39500
        2.20100
        5.69500
        9.50000
        7.26200
        5.16400
        6.98600
        8.94200
        9.00800
        7.91900
        7.54500
        3.04600
        1.85200
        3.03500
        -.53200
       -3.02900
       -2.48900
       -2.48700
       -3.66600
       -4.14000
       -4.30400
       -6.32700
       -6.85400
       -2.81900
       -2.17400
       -2.65100
        -.79600
        -.80000
        4.52300
        9.56500
        6.79200
        6.45400
       10.46700
        9.69000
        7.31100
        4.52500
        3.78500
        8.08400
        7.83900
       10.13600
       12.28800
       11.05300
       10.70700
        8.75700
        8.82500
        8.41100
        6.15900
        8.51200
       11.40100
        9.68000
       10.99300
       13.58000
       10.46400
       10.54500
        9.46400
        4.32900
        2.96800
        5.04400
        7.36000
        7.61900
        5.10800
        1.98000
        1.70500
        -.26600
        -.77100
         .20200
        -.51500
       -3.13100
       -2.14900
       -1.49600
        1.45500
       -4.43700
       -6.78300
       -1.10400
         .59900
       -3.09600
       -1.04700
        2.62600
        4.99900
        5.02700
        5.25700
        2.90100
        1.64000
        1.60500
        1.57700
         .31600
        -.55200
        -.50500
        1.21100
       -1.14500
       -2.07600
        1.75100
        3.85800
        1.93900
       -1.34500
       -3.26200
       -2.91000
       -4.60900
       -6.15800
       -6.60100
       -8.39700
       -8.74300
       -9.57200
       -8.66600
       -8.59400
       -5.62300
       -4.10000
       -2.90000
         .09000
        -.90400
       -2.10200
        -.01600
        2.39200
         .41800
       -2.18300
        -.02000
       -1.28200
        1.02200
         .34600
         .56600
        4.32300
        6.31400
        8.98700
       12.54900
       12.91800
       14.87600
       12.77600
        9.14200
        8.79800
        8.29100
        8.38100
        5.76000
        2.22300
        1.50000
        5.16600
        4.44000
       -2.51700
       -3.02000
        1.50500
        3.74900
        4.28100
        4.02100
        4.09200
        3.75700
        6.12600
        4.62100
       -4.48700
       -8.39300
       -2.98700
       -6.17200
       -8.31500
       -5.84400
      -10.35900
      -13.36500
      -10.81100
       -7.55800
       -7.40400
       -6.44800
       -4.67300
       -3.20700
         .73100
        1.15500
       -1.06100
       -3.22000
       -2.09400
        -.66200
       -4.83400
       -7.43500
       -8.47400
       -7.24700
       -1.84400
       -2.00500
       -1.53200
        -.27400
        -.06400
        1.15300
        1.06700
        -.00700
        -.46400
        2.00900
        3.73600
        1.30400
        8.41000
       17.45200
        2.54200
      -40.82200
      -50.27300
        2.22200
       26.42200
      -14.29500
      -13.78300
       -9.05200
        7.97000
       25.93500
      -13.51600
      -28.30900
       -6.31100
       -7.06100
       11.60300
       15.40900
      -15.69700
      -12.87300
       -1.33800
        4.74700
       -2.69800
      -23.31500
      -11.36800
       -4.51000
       -7.08000
        3.44600
         .77200
        -.97600
       10.39800
       13.16800
       15.44600
