  Time his fp  matched to spectrum:Sclrel_output/petr.h.freq.tgt                
   3000    2.00000E-02  0  0  0.  0.  0.  0.  0.
  0.16431E+01  0.16444E+01  0.16506E+01  0.16570E+01  0.16575E+01  0.16406E+01
  0.16004E+01  0.15323E+01  0.14405E+01  0.13241E+01  0.11871E+01  0.10312E+01
  0.85984E+00  0.61186E+00  0.27110E+00 -0.22500E+00 -0.92426E+00 -0.14031E+01
 -0.21619E+01 -0.36564E+01 -0.37881E+01 -0.22402E+01 -0.33515E+01 -0.97772E+01
 -0.11336E+02 -0.85181E+01 -0.34500E+01 -0.62258E+01 -0.16064E+02  0.95587E+01
  0.17233E+02 -0.66818E+01 -0.70590E+01 -0.37052E+00 -0.33851E+01  0.11399E+01
 -0.31593E+01 -0.17762E+02 -0.12367E+02 -0.18534E+02 -0.22742E+02 -0.27274E+02
 -0.38328E+02 -0.43703E+02 -0.40328E+02 -0.25932E+02 -0.14768E+02 -0.19534E+02
 -0.14652E+02  0.27280E+01  0.29190E+01  0.47991E+01  0.60934E+01  0.32775E+01
  0.41790E+01  0.22551E+02  0.29949E+02  0.14566E+02  0.42844E+01  0.16725E+02
  0.26553E+02 -0.44820E+01  0.55161E+00  0.36586E+01 -0.11678E+02  0.21252E+02
  0.78652E+01 -0.10633E+02 -0.59510E+01 -0.13394E+02 -0.14559E+02 -0.48469E+01
  0.20405E+02  0.27592E+02  0.49283E+02  0.73086E+02  0.52822E+02  0.50463E+02
  0.53207E+02  0.24633E+02  0.23468E+02  0.15386E+02 -0.96272E+01 -0.11278E+02
 -0.90425E+01  0.55338E+01  0.16313E+02  0.12850E+02  0.15551E+02 -0.26396E+01
 -0.11171E+02  0.86769E+01  0.72224E+01  0.23526E+01 -0.11806E+02 -0.51900E+02
 -0.29955E+02  0.26970E+02  0.44987E+02  0.38250E+02  0.27833E+02  0.56009E+02
  0.97459E+02  0.10407E+03  0.10287E+03  0.94230E+02  0.63152E+02  0.47705E+02
  0.45067E+02  0.27546E+02  0.14124E+02  0.18296E+02  0.28027E+02  0.33305E+02
  0.31550E+02  0.62249E+02  0.88475E+02  0.73823E+02  0.75140E+02  0.70249E+02
  0.57852E+02  0.56718E+02  0.32123E+02  0.30155E+02  0.26087E+02  0.94145E+01
  0.19475E+02  0.32339E+02  0.24526E+02 -0.11376E+02 -0.63538E+02 -0.11174E+03
 -0.14864E+03 -0.18249E+03 -0.21011E+03 -0.25167E+03 -0.28906E+03 -0.31805E+03
 -0.35756E+03 -0.36776E+03 -0.33357E+03 -0.33692E+03 -0.32956E+03 -0.27473E+03
 -0.22519E+03 -0.14064E+03 -0.60988E+02 -0.24176E+02  0.35595E+02  0.75264E+02
 -0.14383E+02 -0.41479E+02  0.94985E+02  0.12895E+03  0.12970E+03  0.18311E+03
  0.20652E+03  0.22970E+03  0.24139E+03  0.27947E+03  0.30664E+03  0.32189E+03
  0.28873E+03  0.25583E+03  0.22147E+03  0.21546E+03  0.13101E+03  0.97065E+02
  0.16561E+02 -0.13214E+03 -0.21968E+03 -0.25858E+03 -0.36736E+03 -0.39275E+03
 -0.40251E+03 -0.44982E+03 -0.41004E+03 -0.38671E+03 -0.30761E+03 -0.21682E+03
 -0.18728E+03 -0.19004E+03 -0.16479E+03 -0.88516E+02  0.17315E+03  0.19818E+03
  0.23196E+03  0.44543E+03  0.47622E+03  0.39343E+03  0.36717E+03  0.40173E+03
  0.42611E+03  0.36598E+03  0.30496E+03  0.23161E+03  0.15146E+03  0.13319E+03
  0.34776E+02  0.16876E+03  0.25377E+03  0.13895E+02 -0.78558E+01  0.20329E+02
 -0.73553E+02 -0.14357E+03 -0.19196E+03 -0.23885E+03 -0.30294E+03 -0.33130E+03
 -0.21135E+03 -0.10452E+03 -0.15046E+03 -0.11692E+03 -0.57933E+02 -0.48719E+02
  0.34542E+02 -0.60721E+02 -0.13164E+03  0.84496E+00  0.40123E+02  0.13177E+03
  0.22936E+03  0.35500E+03  0.25307E+03 -0.92784E+02  0.93803E+02  0.23591E+03
  0.11512E+03  0.12843E+03  0.97553E+02  0.10596E+03  0.13807E+03  0.81899E+02
  0.46132E+02  0.54855E+02 -0.19396E+02 -0.13178E+03 -0.24585E+03 -0.29146E+03
 -0.18054E+03 -0.14166E+03 -0.20187E+03 -0.20035E+03 -0.23051E+03 -0.27613E+03
 -0.26959E+03 -0.93651E+02  0.30384E+02 -0.10758E+02  0.61620E+02  0.17443E+03
  0.17961E+03  0.22327E+03  0.19448E+03  0.23561E+02  0.36016E+02  0.10185E+03
  0.10205E+03  0.99437E+02  0.40971E+02  0.63497E+01 -0.69860E+02 -0.61526E+01
  0.93949E+02 -0.28964E+02 -0.52915E+02 -0.63293E+02 -0.13972E+03 -0.13324E+03
 -0.12047E+03 -0.92094E+02 -0.25837E+02 -0.61042E+02 -0.94557E+02 -0.52878E+02
 -0.37533E+02 -0.31961E+02 -0.13414E+02  0.68836E+01 -0.72861E-01 -0.43440E+02
 -0.80708E+02 -0.10502E+03 -0.37485E+02  0.34505E+02 -0.38472E+02 -0.67102E+02
 -0.51098E+02 -0.35163E+02 -0.43663E+01 -0.74804E+01  0.34832E+01  0.39053E+02
  0.53176E+02  0.86241E+02  0.15932E+03  0.12475E+03  0.63051E+02  0.32996E+02
 -0.96719E+02 -0.15647E+03 -0.11328E+03 -0.46048E+02  0.75093E+01  0.29373E+02
 -0.14148E+02 -0.80484E+02 -0.15754E+02  0.22776E+02  0.71702E+02  0.14625E+03
  0.16636E+03  0.22495E+03  0.24778E+03  0.22794E+03  0.18334E+03  0.12864E+03
  0.80323E+02  0.16507E+02 -0.22147E+02 -0.51622E+02 -0.10509E+03 -0.13907E+03
 -0.11666E+03 -0.17451E+02  0.51152E+02  0.82555E+02  0.24259E+03  0.24344E+03
  0.17457E+03  0.29285E+03  0.32785E+03  0.18394E+03  0.22668E+02 -0.25541E+02
 -0.52810E+02 -0.55642E+01  0.67106E+01 -0.48769E+02 -0.38684E+02 -0.41434E+02
 -0.12727E+02  0.16288E+02  0.44898E+02  0.82055E+02  0.57719E+02  0.63812E+02
  0.95921E+02  0.25375E+02 -0.68746E+02 -0.10025E+03 -0.46747E+02  0.52732E+02
  0.48872E+02  0.14623E+01 -0.77984E+02 -0.13283E+03 -0.13566E+03 -0.16770E+03
 -0.18810E+03 -0.19967E+03 -0.19865E+03 -0.18206E+03 -0.12128E+03 -0.58559E+02
 -0.81899E+02 -0.13743E+03 -0.16686E+03 -0.15850E+03 -0.11070E+03 -0.92410E+02
 -0.75196E+02 -0.39818E+02  0.18050E+02  0.64544E+02  0.66184E+02  0.84271E+02
  0.16176E+03  0.81500E+02 -0.91269E+02 -0.89356E+02 -0.98813E+02 -0.14330E+03
 -0.17824E+03 -0.17532E+03 -0.12851E+03 -0.67491E+02 -0.23267E+02 -0.11276E+03
 -0.18716E+03 -0.16039E+03 -0.14931E+03 -0.57171E+02  0.25911E+02  0.16643E+02
  0.33396E+02  0.37777E+02  0.32199E+02  0.54665E+02  0.81039E+02  0.10134E+03
  0.46246E+02 -0.30256E+02  0.24314E+02  0.81249E+02  0.85025E+02  0.90863E+02
  0.11442E+03  0.12408E+03  0.91927E+02  0.67704E+02  0.63561E+02  0.10926E+03
  0.95150E+02  0.31161E+02  0.13662E+02 -0.10555E+02 -0.18226E+02 -0.16098E+02
 -0.47836E+02 -0.95035E+02 -0.12730E+03 -0.22840E+02  0.65400E+02 -0.33132E+02
 -0.86578E+02 -0.77523E+02 -0.95442E+02 -0.14090E+03 -0.12204E+03 -0.26630E+02
 -0.38743E+01 -0.89965E+01 -0.41296E+02 -0.66264E+02 -0.41117E+02 -0.20409E+02
  0.24939E+01  0.23412E+02  0.61445E+02  0.12557E+03  0.21482E+03  0.14207E+03
  0.32360E+02  0.52020E+02  0.56066E+02  0.38172E+02 -0.25017E+02 -0.15422E+02
  0.13486E+02  0.29479E+01  0.53528E+01  0.14885E+02  0.65810E+02  0.10194E+03
  0.14620E+03  0.21673E+03  0.19242E+03  0.10655E+03  0.98831E+02  0.88658E+02
  0.83300E+02  0.97367E+02  0.57060E+02  0.46090E+01 -0.13991E+02 -0.31905E+02
 -0.64120E+02 -0.95133E+02 -0.94811E+02 -0.97329E+02 -0.11635E+03 -0.18792E+03
 -0.13571E+03  0.99227E+02  0.83378E+02  0.45219E+02  0.63323E+02 -0.51556E+02
 -0.10089E+03 -0.73197E+02 -0.69664E+01  0.31638E+02  0.50423E+02  0.88802E+02
  0.13911E+03  0.52496E+02 -0.42152E+02  0.72362E+02  0.11783E+03  0.38337E+02
  0.19124E+02 -0.45887E+00 -0.39240E+02 -0.47235E+02 -0.91330E+02 -0.98145E+02
 -0.60544E+02 -0.78320E+02 -0.62404E+02 -0.37660E+02 -0.46314E+02 -0.29787E+02
 -0.67508E+01  0.19370E+02  0.38808E+02  0.37466E+02  0.37490E+02  0.39464E+02
  0.46185E+02  0.55530E+02  0.65550E+02  0.91498E+02  0.10814E+03  0.79834E+02
  0.23159E+02  0.88114E+01  0.15490E+02 -0.82169E+01 -0.15352E+02 -0.53214E+01
 -0.21019E+02 -0.47780E+02 -0.63603E+02 -0.92760E+02 -0.12139E+03 -0.14038E+03
 -0.80621E+02  0.30073E+02  0.70006E+01 -0.28040E+02 -0.25145E+01 -0.18544E+02
 -0.39559E+02 -0.99741E+01  0.38080E+02  0.39930E+02  0.38049E+02  0.44188E+02
  0.11294E+02 -0.16329E+02 -0.25192E+02 -0.35053E+02 -0.34032E+01  0.31245E+02
  0.30196E+02  0.35253E+02  0.29513E+02 -0.44792E+01 -0.18920E+02 -0.74798E+01
  0.24975E+01  0.38255E+01 -0.79295E+01 -0.13299E+02 -0.10265E+02 -0.23564E+02
 -0.39603E+02 -0.39375E+02 -0.26039E+02 -0.42085E+02 -0.76644E+02 -0.62055E+02
 -0.43953E+02 -0.43387E+02 -0.25889E+02 -0.13755E+02 -0.59227E+01  0.19342E+02
  0.41036E+02  0.21971E+02  0.80822E+01  0.23954E+02  0.33891E+02  0.34894E+02
  0.31703E+02  0.26459E+02  0.16572E+02  0.43105E+01 -0.60408E+01 -0.16000E+02
 -0.25078E+02 -0.23129E+02 -0.27530E+02 -0.42411E+02 -0.42716E+02 -0.24085E+02
 -0.10883E+01  0.14722E+02  0.31187E+02  0.47516E+02  0.49858E+02  0.41069E+02
  0.40330E+02  0.28714E+02 -0.47503E+01 -0.29210E+02 -0.28932E+02  0.34259E+01
  0.35156E+02  0.44496E+02  0.46446E+02  0.45985E+02  0.41392E+02  0.29402E+02
  0.26058E+02  0.10239E+02 -0.24207E+02 -0.42897E+02 -0.47886E+02 -0.48797E+02
 -0.24828E+02  0.15061E+02  0.35143E+02  0.48841E+02  0.56504E+02  0.51691E+02
  0.45887E+02  0.25685E+02 -0.68582E+01 -0.28020E+02 -0.41032E+02 -0.49106E+02
 -0.44371E+02 -0.44630E+02 -0.51938E+02 -0.53267E+02 -0.47671E+02 -0.38351E+02
 -0.32173E+02 -0.28919E+02 -0.31484E+02 -0.26932E+02 -0.49885E+01  0.13215E+02
  0.23958E+02  0.30496E+02  0.23168E+02  0.91479E+01  0.82965E+01  0.13776E+02
  0.51513E+01  0.43211E+01  0.15927E+02  0.21613E+02  0.11239E+02 -0.16967E+02
 -0.31239E+02 -0.33411E+02 -0.37326E+02 -0.32351E+02 -0.11189E+02  0.97881E+01
  0.97209E+01  0.12712E+02  0.22151E+02  0.21049E+02  0.11703E+02 -0.10706E+01
 -0.19368E+01 -0.41304E+00 -0.78053E+01 -0.63166E+01  0.67380E+01  0.21711E+02
  0.34582E+02  0.42418E+02  0.41571E+02  0.18869E+02 -0.99534E+01 -0.18691E+02
 -0.26150E+02 -0.36638E+02 -0.25971E+02 -0.93090E+01 -0.46853E+01 -0.47493E+01
  0.11746E+01  0.10224E+02  0.17206E+02  0.24967E+02  0.27263E+02  0.22691E+02
  0.73315E+01  0.32936E+01  0.98697E+01  0.50945E+01 -0.46359E+01 -0.13839E+02
 -0.21910E+02 -0.31191E+02 -0.36449E+02 -0.31503E+02 -0.48906E+01  0.22487E+02
  0.31466E+02  0.34823E+02  0.33609E+02  0.26537E+02  0.11318E+02  0.23740E+01
 -0.11277E+02 -0.35852E+02 -0.47404E+02 -0.47559E+02 -0.20910E+02  0.19972E+02
  0.29084E+02  0.14146E+02  0.18232E+01  0.62347E+01  0.17822E+02  0.22496E+02
  0.17287E+02  0.31892E+00 -0.75293E+01 -0.13301E+01  0.10407E+02  0.10006E+02
 -0.23235E+01 -0.26014E+01  0.87724E+01  0.21209E+02  0.21825E+02  0.18335E+02
  0.14841E+02  0.90010E+01 -0.14645E+02 -0.31392E+02 -0.24643E+02 -0.22547E+02
 -0.29650E+02 -0.38842E+02 -0.48138E+02 -0.31331E+02  0.22439E+02  0.45439E+02
  0.35599E+02  0.14210E+02  0.82785E+01  0.24918E+02  0.97595E+01 -0.13744E+02
 -0.16123E+02 -0.42212E+00  0.15822E+02  0.70390E+01  0.27532E+01  0.10452E+02
  0.13427E+02  0.12090E+02  0.12711E+02  0.17607E+02  0.18501E+02  0.19201E+02
  0.24303E+02  0.11089E+02 -0.62805E+01 -0.10098E+02 -0.15317E+02 -0.22574E+02
 -0.25466E+02 -0.19495E+02 -0.12212E+02  0.11462E+02  0.27434E+02  0.16961E+02
  0.94463E+01  0.11988E+02  0.17516E+02  0.82861E+01 -0.19093E+02 -0.22605E+02
 -0.46412E+01  0.49780E+01  0.69335E+01 -0.58867E+00 -0.42732E+01 -0.53790E+01
 -0.14421E+02 -0.27325E+02 -0.19499E+02  0.96590E+00  0.52245E+01  0.58082E+01
  0.76995E+01 -0.43848E+01 -0.24223E+02 -0.25967E+02 -0.20235E+02 -0.20752E+02
 -0.13516E+02 -0.53683E+01 -0.51917E+01 -0.35101E+00  0.53608E+01  0.31465E+00
 -0.46344E+01 -0.58945E+01 -0.70025E+01 -0.11122E+02 -0.21646E+02 -0.21191E+02
 -0.11518E+02 -0.53486E+01  0.32145E+01  0.12392E+02  0.19252E+02  0.17892E+02
  0.88933E+01  0.61949E+01  0.12120E+02  0.20694E+02  0.32682E+02  0.37957E+02
  0.12777E+02 -0.61349E+01  0.26034E+01  0.50504E+01  0.40295E+01  0.54217E+01
  0.13512E+02  0.24163E+02  0.20614E+02  0.22719E+02  0.46045E+02  0.69093E+02
  0.81771E+02  0.77270E+02  0.61040E+02  0.62068E+02  0.76171E+02  0.86328E+02
  0.73646E+02 -0.68234E+01 -0.72033E+02 -0.10178E+03 -0.17789E+03 -0.23480E+03
 -0.26725E+03 -0.29800E+03 -0.30869E+03 -0.16400E+03 -0.42997E+01 -0.57221E+02
 -0.65146E+02 -0.56061E+01  0.99943E+01  0.29363E+02  0.38423E+02  0.29907E+02
  0.22341E+02  0.43442E+02  0.73845E+02  0.11569E+03  0.17012E+03  0.19831E+03
  0.18313E+03  0.13597E+03  0.10841E+03  0.12519E+03  0.12431E+03  0.80841E+02
  0.51502E+02  0.40898E+02  0.22509E+02  0.28688E+01 -0.21360E+02 -0.52877E+02
 -0.89083E+02 -0.12746E+03 -0.17186E+03 -0.21346E+03 -0.21903E+03 -0.18513E+03
 -0.16191E+03 -0.15947E+03 -0.11782E+03 -0.53445E+02 -0.25189E+02 -0.19728E+01
  0.35140E+02  0.66530E+02  0.96881E+02  0.11654E+03  0.13261E+03  0.15531E+03
  0.16217E+03  0.14825E+03  0.13337E+03  0.13009E+03  0.10135E+03  0.54445E+02
  0.36483E+02  0.21839E+02  0.28928E+00 -0.14286E+02 -0.33568E+02 -0.65047E+02
 -0.94894E+02 -0.10576E+03 -0.10765E+03 -0.11247E+03 -0.11429E+03 -0.70329E+02
 -0.69402E+01  0.11054E+02  0.26079E+02  0.48159E+02  0.63711E+02  0.91584E+02
  0.12624E+03  0.15719E+03  0.18752E+03  0.20988E+03  0.20411E+03  0.11751E+03
  0.18755E+02 -0.38821E+01 -0.46016E+02 -0.10831E+03 -0.13924E+03 -0.18603E+03
 -0.21969E+03 -0.15172E+03 -0.78976E+02 -0.86774E+02 -0.94689E+02 -0.94998E+02
 -0.83276E+02 -0.28003E+02  0.36282E+01  0.63258E+01  0.19129E+02  0.29863E+02
  0.46261E+02  0.70128E+02  0.10214E+03  0.14216E+03  0.16165E+03  0.10254E+03
  0.42396E+02  0.46631E+02  0.24812E+01 -0.81389E+02 -0.11581E+03 -0.13467E+03
 -0.15094E+03 -0.15444E+03 -0.16035E+03 -0.13646E+03 -0.11849E+03 -0.99257E+02
 -0.24279E+02  0.32173E+02  0.44083E+02  0.56337E+02  0.69062E+02  0.67259E+02
  0.51593E+02  0.57557E+02  0.82343E+02  0.11260E+03  0.11173E+03  0.99716E+02
  0.98260E+02  0.51273E+02  0.42815E+02  0.67321E+02  0.68988E+02  0.59996E+02
  0.41606E+02  0.10688E+02 -0.44193E+02 -0.90966E+02 -0.11683E+03 -0.11588E+03
 -0.10714E+03 -0.11971E+03 -0.11824E+03 -0.54993E+02 -0.24132E+02 -0.61008E+02
 -0.45054E+02  0.11738E+02  0.57438E+02  0.84719E+02  0.90109E+02  0.68685E+02
  0.41280E+02  0.69823E+02  0.10553E+03  0.93253E+02  0.26239E+02 -0.20322E+02
 -0.13757E+02 -0.42419E+02 -0.79195E+02 -0.85612E+02 -0.79845E+02 -0.88524E+02
 -0.90450E+02 -0.13678E+03 -0.10170E+03  0.54173E+02  0.11100E+03  0.11049E+03
  0.47415E+02 -0.73214E+01  0.45089E+02  0.10409E+03  0.11995E+03  0.11453E+03
  0.11039E+03  0.82336E+02  0.26853E+02 -0.12501E+02 -0.17146E+02 -0.66454E+01
 -0.17077E+02 -0.41800E+02 -0.81452E+02 -0.12785E+03 -0.10994E+03 -0.81750E+02
 -0.90854E+02 -0.70334E+02  0.17880E+02  0.24187E+02 -0.80799E+02 -0.70656E+02
  0.15295E+02  0.48834E+02  0.12271E+03  0.17508E+03  0.94593E+02  0.39078E+02
  0.41666E+02  0.38781E+02  0.58285E+02  0.10077E+03  0.11705E+03  0.11604E+03
  0.48890E+02 -0.43694E+02 -0.65325E+02 -0.10053E+03 -0.12104E+03 -0.89304E+02
 -0.89117E+02 -0.79828E+02 -0.58326E+02 -0.87229E+02 -0.10363E+03 -0.10593E+03
 -0.95249E+02 -0.45961E+02  0.45184E+01 -0.16768E+01 -0.40048E+01  0.45358E+02
  0.93875E+02  0.16105E+03  0.20672E+03  0.22602E+03  0.16950E+03  0.86129E+00
 -0.51520E+02 -0.48978E+02 -0.11580E+03 -0.12595E+03 -0.25811E+02  0.40189E+01
 -0.80153E+02 -0.76624E+02 -0.16566E+02  0.90582E+00  0.42612E+02  0.71710E+02
  0.26345E+02  0.17567E+02  0.35299E+02  0.11432E+02 -0.23630E+02 -0.15957E+02
 -0.17290E+02 -0.17777E+02  0.26110E+02  0.61853E+02  0.45527E+02  0.74301E+01
  0.15241E+02  0.29851E+02  0.25543E+02  0.11923E+02 -0.21698E+01 -0.32711E+02
 -0.63037E+02 -0.73371E+02 -0.76213E+02 -0.65936E+02 -0.63658E+02 -0.58634E+02
 -0.24462E+02  0.13444E+02  0.26589E+02  0.33238E+02  0.37952E+02  0.29634E+02
  0.19817E+02  0.18584E+02  0.12380E+02  0.87028E+01  0.17396E+02  0.24891E+02
  0.16706E+02 -0.15248E+02 -0.31290E+02 -0.29028E+02 -0.31204E+02 -0.36019E+02
 -0.50055E+02 -0.53889E+02 -0.53438E+02 -0.52334E+02 -0.25557E+02  0.30479E+01
  0.19746E+02  0.30618E+02  0.30536E+02  0.26547E+02  0.23885E+02  0.19168E+02
  0.13075E+02  0.11190E+02  0.85171E+01  0.56130E+01  0.10350E+02  0.18978E+02
  0.21619E+02  0.22980E+02  0.18845E+02  0.10768E+02  0.86043E+01 -0.85472E+01
 -0.19543E+02 -0.15824E+02 -0.20096E+02 -0.26191E+02 -0.28812E+02 -0.19144E+02
 -0.58872E+01  0.20671E+01  0.65955E+01  0.95095E+01  0.17153E+02  0.23844E+02
  0.28862E+02  0.34689E+02  0.30726E+02  0.15148E+02  0.46782E+01  0.18858E+01
 -0.53394E+01 -0.14930E+02 -0.20867E+02 -0.23660E+02 -0.25051E+02 -0.21858E+02
 -0.10687E+02  0.65436E+01  0.19815E+02  0.25659E+02  0.20561E+02  0.10678E+02
  0.12778E+02  0.16764E+02  0.90755E+01 -0.45498E+01 -0.11294E+02 -0.86025E+01
  0.58335E+00  0.10754E+02  0.17425E+02  0.63921E+00 -0.27057E+02 -0.28549E+02
 -0.21874E+02 -0.15961E+02 -0.13453E+02 -0.14294E+02 -0.53199E+01  0.66600E+01
  0.15496E+02  0.20907E+02  0.13843E+02  0.24186E+01  0.14180E+02  0.28583E+02
  0.20744E+02  0.98657E+01 -0.74485E+01 -0.25788E+02 -0.17673E+02 -0.97299E+00
  0.49092E+01  0.41340E+01  0.22523E+01 -0.76976E+00 -0.37577E+01 -0.20923E+01
 -0.59411E+01 -0.10256E+02 -0.17062E+02 -0.25889E+02 -0.19231E+02 -0.51505E+01
  0.70593E+01  0.18853E+02  0.31987E+02  0.30280E+02  0.11785E+02  0.34011E+01
  0.55780E+01  0.90447E+01  0.11289E+02  0.11862E+02  0.12208E+02  0.53548E+01
 -0.14321E+01 -0.18492E+01 -0.45978E+01 -0.11765E+02 -0.14976E+02 -0.77582E+01
  0.16586E+01  0.27505E+01 -0.15642E+01 -0.91754E+01 -0.13185E+02 -0.12516E+01
 -0.33064E+01 -0.14894E+02 -0.10758E+02 -0.10230E+02 -0.14045E+02 -0.15560E+02
 -0.17453E+02 -0.17445E+02 -0.12183E+02 -0.84561E+01 -0.10599E+02 -0.12453E+02
 -0.11125E+02 -0.90029E+01 -0.13093E+02 -0.19680E+02 -0.20570E+02 -0.19826E+02
 -0.18077E+02 -0.12211E+02 -0.55802E+01  0.17202E+01  0.13751E+02  0.24603E+02
  0.31778E+02  0.33997E+02  0.16428E+02 -0.32957E+01 -0.40548E+01  0.31303E+01
  0.63685E+01  0.47750E+01  0.60532E+01  0.92666E+01  0.95517E+01  0.71315E+01
  0.42558E+01 -0.10804E+01 -0.26205E+01 -0.18531E+01 -0.63611E+01 -0.94668E+01
 -0.72005E+01 -0.11840E+01  0.92588E+00  0.24239E+00  0.67116E+01  0.13946E+02
  0.15652E+02  0.16360E+02  0.15180E+02  0.14034E+02  0.15829E+02  0.16970E+02
  0.13477E+02  0.75012E+01  0.39517E+01  0.11037E+01  0.68484E+00  0.39189E+01
  0.62427E+01  0.81290E+01  0.67121E+01  0.15433E+01 -0.33403E+00  0.17367E+01
  0.38923E+01  0.49664E+01  0.27236E+01 -0.20421E+01 -0.21765E+01 -0.14701E+00
 -0.12012E+01  0.76184E+00  0.56589E+01  0.63054E+01  0.37705E+01  0.16305E+01
  0.20581E-01 -0.18942E+01 -0.42790E+01 -0.44869E+01 -0.52413E+01 -0.10454E+02
 -0.12757E+02 -0.58961E+01  0.41301E+01  0.45272E+01 -0.27169E+01 -0.75361E+01
 -0.10507E+02 -0.12547E+02 -0.96263E+01 -0.44826E+01 -0.11800E+01  0.13151E+01
  0.33867E+01  0.92054E+01  0.16598E+02  0.16629E+02  0.15767E+02  0.14772E+02
  0.10289E+02  0.63770E+01 -0.12374E+00 -0.76427E+01 -0.13300E+02 -0.16377E+02
 -0.12980E+02 -0.72389E+01 -0.52773E+01 -0.29092E+01 -0.27862E-01  0.16149E+01
  0.34268E+01  0.34912E+01  0.34961E+01  0.51446E+01  0.68649E+01  0.91862E+01
  0.10180E+02  0.68728E+01  0.27577E+01  0.25768E+01  0.31898E+01 -0.52177E-01
 -0.44035E+01 -0.64978E+01 -0.80914E+01 -0.71002E+01 -0.66865E+01 -0.10525E+02
 -0.13193E+02 -0.11876E+02 -0.74078E+01 -0.27157E+01  0.15326E+01  0.54430E+01
  0.94752E+01  0.11685E+02  0.13097E+02  0.16731E+02  0.17999E+02  0.17600E+02
  0.15783E+02  0.10079E+02  0.61447E+00 -0.90468E+01 -0.12836E+02 -0.14636E+02
 -0.15981E+02 -0.15486E+02 -0.13277E+02 -0.11334E+02 -0.74953E+01  0.94491E+00
  0.44491E+01  0.21787E+01  0.20616E+01  0.29812E+01 -0.12451E+01 -0.35275E+01
 -0.29891E+01 -0.91075E+00  0.36239E+01  0.11547E+00 -0.24393E+01 -0.18583E+00
 -0.31602E+01 -0.96544E+01 -0.12368E+02 -0.14252E+02 -0.16623E+02 -0.19344E+02
 -0.19739E+02 -0.10946E+02 -0.23766E+01  0.67080E+01  0.10181E+02  0.13277E+02
  0.11197E+02  0.27882E+01  0.43542E+01  0.25109E+01 -0.30478E+01 -0.68944E+01
 -0.81770E+01 -0.84822E+01 -0.24473E+01  0.98200E+01  0.98595E+01 -0.20731E+01
 -0.69234E+01  0.94681E+00  0.64686E+01  0.45088E+01  0.41625E+01  0.59683E+01
  0.75641E+01  0.11007E+02  0.10928E+02  0.61841E+01  0.18519E+01 -0.42140E+01
 -0.99665E+01 -0.10191E+02 -0.54304E+01 -0.31205E+01 -0.14417E+01 -0.64628E-01
 -0.30411E+01 -0.35532E+01 -0.17338E+01 -0.55770E+00  0.41287E+01  0.88211E+01
  0.94663E+01  0.99617E+01  0.11054E+02  0.11103E+02  0.80711E+01  0.42330E+01
 -0.94681E+00 -0.77813E+01 -0.12024E+02 -0.12285E+02 -0.10928E+02 -0.70691E+01
 -0.67787E+01 -0.75930E+01 -0.55627E+01 -0.74608E+01 -0.96471E+01 -0.83048E+01
 -0.48748E+01 -0.32190E+01  0.15410E+01  0.67375E+01  0.60675E+01  0.46868E+01
  0.43715E+01  0.54386E+01  0.47403E+01 -0.77209E-01 -0.30406E+01 -0.11365E+01
  0.27879E+01  0.22657E+01  0.70392E+00  0.47670E+01  0.45573E+01  0.53238E+00
  0.27736E+01  0.63083E+01 -0.10778E+01 -0.11826E+02 -0.12162E+02 -0.12438E+02
 -0.80396E+01  0.40429E+01  0.88464E+01  0.58633E+01  0.42545E+01  0.65096E+01
  0.33478E+01 -0.15471E+01 -0.34249E+01 -0.47582E+01 -0.35838E+01 -0.14799E+01
  0.88126E+00  0.40180E+01  0.47615E+01  0.42567E+00 -0.50294E+01 -0.73064E+01
 -0.47423E+01 -0.55208E+01 -0.83445E+01 -0.61212E+01 -0.68506E+00  0.75658E+01
  0.12335E+02  0.15539E+02  0.17184E+02  0.14769E+02  0.11656E+02  0.10205E+02
  0.98094E+01  0.82654E+01  0.20256E+01 -0.50536E+01 -0.47762E+01 -0.36003E+01
 -0.53798E+01 -0.64135E+00  0.88096E+01  0.92003E+01  0.45834E+01  0.25562E+01
  0.21365E+01 -0.12420E+00 -0.20467E+01 -0.17676E+01 -0.60666E+01 -0.13001E+02
 -0.14120E+02 -0.11256E+02 -0.67349E+01 -0.11124E+01 -0.63675E+00  0.80624E-02
  0.19478E+01  0.29664E+01  0.44196E+01  0.26781E+01 -0.18692E+01 -0.22101E+01
  0.35737E+00 -0.16915E+01 -0.79158E+01 -0.10824E+02 -0.92270E+01 -0.66391E+01
 -0.48990E+01 -0.37815E+01 -0.20650E+01  0.12956E+01  0.35794E+01  0.33759E+01
  0.65267E+01  0.78319E+01  0.54359E+01  0.36255E+01  0.22703E+01  0.35082E+01
  0.49770E+01  0.25281E+01  0.18031E+01  0.29165E+01  0.15595E+01  0.36028E+00
  0.19829E+01  0.28552E+01 -0.24896E+00 -0.92135E+00  0.32906E+01  0.30831E+01
 -0.22337E+00  0.48034E+00  0.10157E+01 -0.35178E+00 -0.16714E+01 -0.17595E+01
 -0.80815E+00  0.17755E+01  0.28799E+01  0.27527E+00 -0.27322E+01 -0.58447E+01
 -0.56969E+01 -0.28755E+01 -0.29131E+01 -0.27924E+01 -0.11371E+01  0.10450E+01
  0.21863E+01  0.84316E+00  0.33850E+00  0.16560E+01  0.28854E+01  0.44025E+01
  0.44386E+01  0.10648E+01  0.17000E+01  0.64734E+01  0.67664E+01  0.46231E+01
  0.56957E+01  0.51198E+01  0.30869E+01  0.60570E+01  0.70769E+01  0.28331E+01
  0.35710E+01  0.81232E+01  0.62603E+01  0.12680E+01  0.70287E-01  0.41090E+00
 -0.13149E+01 -0.51924E+01 -0.84806E+01 -0.85307E+01 -0.65946E+01 -0.39068E+01
  0.54284E+00  0.66840E+01  0.93779E+01  0.64632E+01  0.23176E+01 -0.70109E+00
 -0.26969E+01 -0.69487E+01 -0.99194E+01 -0.10330E+02 -0.83141E+01 -0.46191E+01
 -0.50040E+01 -0.61995E+01 -0.48424E+01 -0.21084E+01 -0.26981E+01 -0.16577E+01
  0.24289E+01  0.28089E+01  0.24517E+01  0.29525E+01  0.43216E+01  0.37145E+01
  0.24918E+00 -0.86354E+00 -0.10776E+01 -0.18895E+01 -0.31177E+01 -0.54389E+01
 -0.82413E+01 -0.95457E+01 -0.80852E+01 -0.26922E+01  0.13551E+01  0.19445E+01
  0.25120E+01  0.32603E+01  0.39855E+01  0.27481E+01  0.84697E+00 -0.19085E+01
 -0.23030E+01 -0.36085E-02  0.66843E+00  0.15019E+01  0.23339E+01  0.30386E+01
  0.45659E+01  0.54389E+01  0.70984E+01  0.51570E+01 -0.65617E+00 -0.51113E+01
 -0.69721E+01 -0.74190E+01 -0.72585E+01 -0.57651E+01 -0.53877E+01 -0.48386E+01
 -0.34620E+01 -0.24414E+01 -0.33681E+01 -0.26722E+01  0.10718E+01  0.21822E+01
  0.16998E+01  0.42911E+01  0.50596E+01  0.18147E+01  0.22301E+01  0.17763E+01
 -0.95162E+00 -0.41323E+01 -0.51228E+01 -0.37461E+01 -0.33542E+01 -0.10079E+01
 -0.17504E+01 -0.36483E+01 -0.10896E+01 -0.39928E+00 -0.49216E+01 -0.74509E+01
 -0.79358E+01 -0.78018E+01 -0.76697E+01 -0.52196E+01  0.16635E+01  0.61585E+01
  0.83934E+01  0.10362E+02  0.11474E+02  0.97868E+01  0.60228E+01  0.61909E+01
  0.82536E+01  0.72962E+01  0.51265E+01  0.31921E+01  0.37662E+01  0.55337E+01
  0.60615E+01  0.63601E+01  0.66368E+01  0.41504E+01  0.31859E+01  0.62639E+01
  0.56680E+01  0.85354E+00 -0.30473E+01 -0.77246E+01 -0.11949E+02 -0.10794E+02
 -0.94817E+01 -0.90046E+01 -0.77594E+01 -0.51989E+01 -0.25685E+01 -0.30334E+01
 -0.14831E+01  0.26329E+01  0.51050E+01  0.42371E+01  0.18565E+01  0.23841E+01
  0.25959E+01  0.17625E+01 -0.11027E+01 -0.24612E+01  0.34529E+00  0.65808E+00
  0.17799E+00 -0.70930E-03 -0.21978E+01 -0.26033E+01 -0.24752E+01 -0.68046E+01
 -0.68917E+01 -0.20364E+01  0.54377E+00  0.13511E+01  0.36614E+01  0.78901E+01
  0.11099E+02  0.11449E+02  0.11422E+02  0.14778E+02  0.15905E+02  0.61592E+01
 -0.75870E-01  0.42905E+01  0.25386E+01 -0.53919E+01 -0.60898E+01 -0.24709E+01
 -0.44705E+01 -0.56814E+01 -0.47121E+00  0.46928E+01 -0.16761E+01 -0.13377E+02
 -0.13513E+02 -0.51561E+01 -0.48290E+01 -0.90604E+01 -0.49268E+01 -0.27161E+01
 -0.93859E+01 -0.96614E+01  0.24556E+01  0.97787E+01  0.48901E+01 -0.51832E+00
 -0.49263E+01 -0.15644E+01  0.99419E+01  0.15749E+02  0.17828E+02  0.20167E+02
  0.16042E+02  0.85500E+01  0.76669E+01  0.65642E+01 -0.68618E+00 -0.19114E+01
  0.93521E+01  0.13396E+02 -0.17452E+01 -0.26856E+02 -0.41668E+02 -0.42068E+02
 -0.42654E+02 -0.37540E+02 -0.18468E+02 -0.63466E+01 -0.83572E+01 -0.32349E+01
  0.13146E+02  0.27012E+02  0.12461E+02 -0.16634E+02 -0.13023E+02 -0.63356E+00
  0.58530E+01  0.22855E+02  0.13248E+02 -0.25795E+01  0.25024E+02  0.41028E+02
  0.27999E+02  0.54086E+01 -0.23213E+02 -0.22334E+02 -0.14231E+01 -0.10791E+01
 -0.34227E+02 -0.43990E+02 -0.26865E+02 -0.16828E+02 -0.25728E+01  0.61524E+01
  0.15869E+02  0.22520E+02  0.25719E+02  0.35896E+02  0.33635E+02  0.18226E+02
  0.15968E+02  0.22658E+02  0.22132E+02  0.16617E+02  0.85574E+01  0.26124E+01
 -0.50657E+01 -0.28276E+00  0.15319E+02  0.49257E+01 -0.18620E+02 -0.20413E+02
 -0.11769E+02 -0.18521E+02 -0.32556E+02 -0.36972E+02 -0.34662E+02 -0.26432E+02
 -0.14422E+02 -0.11312E+02 -0.78589E+01  0.73286E+01  0.26738E+02  0.40115E+02
  0.39640E+02  0.35001E+02  0.36927E+02  0.38469E+02  0.25471E+02  0.63215E+01
 -0.60832E+01 -0.15238E+02 -0.19324E+02 -0.21527E+02 -0.18721E+02 -0.63407E+01
 -0.10899E+01  0.24513E+01  0.10831E+02  0.14325E+02  0.66876E+01 -0.30568E+01
 -0.45389E+01 -0.95709E+01 -0.14979E+02 -0.17078E+02 -0.17657E+02 -0.12775E+02
 -0.72091E+01  0.69049E+00  0.96985E+01  0.13780E+02  0.11684E+02  0.88924E+01
  0.97356E+01  0.87111E+01  0.42117E+01 -0.24419E+01 -0.93319E+01 -0.12886E+02
 -0.11003E+02 -0.78808E+01 -0.42059E+01 -0.72757E-01  0.29476E+01  0.54629E+01
  0.50519E+01  0.26636E+01  0.69184E+00 -0.21029E+01 -0.40255E+01 -0.53220E+01
 -0.82013E+01 -0.92481E+01 -0.71527E+01 -0.41604E+01 -0.22911E+01  0.62487E+00
  0.73263E+01  0.12900E+02  0.14062E+02  0.13962E+02  0.14080E+02  0.10578E+02
  0.58328E+01  0.18766E+01 -0.42731E+01 -0.89369E+01 -0.13217E+02 -0.19009E+02
 -0.22155E+02 -0.18987E+02 -0.11530E+02 -0.49912E+01 -0.83820E+00  0.79564E+00
  0.25744E+01  0.44684E+01  0.41585E+01  0.43952E+01  0.58049E+01  0.54515E+01
  0.43222E+01  0.52725E+01  0.63169E+01  0.67805E+01  0.46774E+01  0.64693E+00
 -0.10880E+01 -0.98146E+00 -0.29584E+01 -0.70866E+01 -0.68229E+01 -0.40104E+01
 -0.25568E+01 -0.38342E+01 -0.75460E+01 -0.86184E+01 -0.76983E+01 -0.56915E+01
 -0.34348E+01 -0.48093E-01  0.52479E+01  0.76652E+01  0.72443E+01  0.77792E+01
  0.71402E+01  0.39685E+01  0.68427E+00 -0.14730E+01 -0.30880E+01 -0.72336E+01
 -0.10698E+02 -0.11856E+02 -0.86134E+01 -0.49247E+01 -0.38505E+01 -0.39077E+00
  0.28295E+01  0.65956E+01  0.68941E+01  0.36279E+01  0.21413E+01  0.13913E+01
  0.78333E+00  0.66715E+00  0.44160E+00  0.19849E+00  0.16269E+01  0.18442E+01
  0.12198E+00 -0.13028E+01 -0.28729E+00 -0.14019E+01 -0.20552E+01 -0.47975E+00
 -0.18574E+01 -0.31830E+01 -0.50233E+01 -0.69699E+01 -0.94431E+01 -0.10474E+02
 -0.29434E+01  0.69210E+01  0.85297E+01  0.72430E+01  0.71129E+01  0.88086E+01
  0.13440E+02  0.13600E+02  0.93725E+01  0.68062E+01  0.70460E+01  0.77280E+01
  0.61838E+01  0.29320E+01 -0.30675E+01 -0.95594E+01 -0.14142E+02 -0.14939E+02
 -0.12840E+02 -0.12871E+02 -0.11364E+02 -0.75414E+01 -0.68850E+01 -0.80274E+01
 -0.73997E+01 -0.34056E+01  0.17543E+00  0.43165E+01  0.80042E+01  0.86271E+01
  0.88303E+01  0.93501E+01  0.10808E+02  0.98576E+01  0.85874E+01  0.68034E+01
  0.47542E+01  0.52193E+01  0.53113E+01  0.41435E+01  0.16143E+01 -0.19674E+01
 -0.43092E+01 -0.48773E+01 -0.64520E+01 -0.86507E+01 -0.10518E+02 -0.10208E+02
 -0.72540E+01 -0.51516E+01 -0.39578E+01 -0.44482E+01 -0.20595E+01  0.27692E+01
  0.35478E+01  0.29394E+01  0.14636E+01  0.11340E+01  0.38358E+01  0.73434E+01
  0.11566E+02  0.12549E+02  0.10706E+02  0.10967E+02  0.84909E+01  0.17740E+01
 -0.22736E+01 -0.46861E+01 -0.92671E+01 -0.13021E+02 -0.13204E+02 -0.12756E+02
 -0.10818E+02 -0.70485E+01 -0.37479E+01  0.13343E+00  0.41701E+01  0.72926E+01
  0.69929E+01  0.50594E+01  0.49414E+01  0.54760E+01  0.66922E+01  0.85852E+01
  0.94314E+01  0.10402E+02  0.10425E+02  0.10009E+02  0.10599E+02  0.10155E+02
  0.76955E+01  0.54758E+01  0.45872E+01  0.60336E+00 -0.44042E+01 -0.45718E+01
 -0.44824E+01 -0.47132E+01 -0.26795E+01 -0.19173E+01 -0.32546E+01 -0.56120E+01
 -0.42700E+01 -0.24913E+01 -0.41799E+01 -0.43176E+01 -0.45584E+01 -0.50579E+01
 -0.54039E+01 -0.71464E+01 -0.50404E+01  0.49989E+00  0.22509E+01  0.59305E+00
  0.98254E+00  0.23378E+01  0.26311E+01  0.38971E+01  0.38623E+01  0.24723E+01
  0.27131E+01  0.32820E+01  0.38501E+01  0.40483E+01  0.34382E+01  0.27239E+01
  0.30048E+01  0.43908E+01  0.44693E+01  0.23783E+01  0.15308E+00  0.74804E+00
  0.96668E+00 -0.10283E+01 -0.26710E+01 -0.23590E+01 -0.20946E+01 -0.32014E+01
 -0.26398E+01 -0.27457E+01 -0.24332E+01  0.90575E-02  0.81997E+00  0.23102E+00
 -0.18004E+01 -0.36406E+01 -0.49865E+01 -0.86523E+01 -0.10451E+02 -0.11560E+02
 -0.13096E+02 -0.11866E+02 -0.91509E+01 -0.50021E+01 -0.18532E+01 -0.50032E+00
 -0.71720E+00  0.76636E+00  0.39519E+01  0.51741E+01  0.42361E+01  0.30328E+01
  0.28122E+01  0.25601E+01  0.16512E+01  0.92427E+00  0.15274E+01  0.10322E+01
 -0.20928E-01 -0.17110E+01 -0.17678E+01  0.93624E-01 -0.32802E+00 -0.72436E+00
 -0.27860E+00  0.87767E+00  0.94435E+00  0.26060E+01  0.36962E+01  0.16646E+01
  0.12517E+01  0.14550E+01  0.22960E+01  0.19718E+01  0.80349E+00  0.67602E-01
  0.37505E+00  0.89471E+00  0.21623E+01  0.21994E+01  0.83212E+00  0.10546E+01
 -0.82236E+00 -0.47419E+01 -0.63920E+01 -0.63957E+01 -0.80341E+01 -0.85142E+01
 -0.67835E+01 -0.55774E+01 -0.43481E+01 -0.29476E+01 -0.16652E+01  0.55430E+00
  0.11848E+01  0.55133E+00  0.74579E+00  0.19372E+01  0.16465E+01  0.73671E+00
  0.18918E+01  0.16277E+01  0.12125E+01  0.10835E+01 -0.34743E+00 -0.13199E+01
 -0.13843E+01 -0.14509E+01 -0.13035E+01 -0.80631E+00  0.88982E+00  0.15756E+01
  0.25321E+00  0.19286E+01  0.27837E+01  0.13772E+01 -0.44787E+00 -0.16613E+01
  0.11531E+01  0.21871E+01  0.20139E+01  0.25410E+01  0.28565E+01  0.33269E+01
  0.33072E+01  0.15483E+01  0.57763E+00  0.29387E+00  0.72238E+00  0.45325E+00
 -0.24767E+01 -0.13002E+01  0.14502E+01  0.39201E+01  0.19444E+01 -0.75991E+00
  0.68422E+00  0.66124E+00  0.17406E+01  0.22779E+01  0.14226E+01  0.12466E+01
  0.11416E+01  0.12623E+01  0.14842E+00  0.82902E-01  0.18172E+01  0.32320E+01
  0.33341E+01  0.23726E+01  0.30584E+01  0.45575E+01  0.40100E+01  0.18497E+01
 -0.32976E+00 -0.16431E+01 -0.29448E+01 -0.50789E+01 -0.76858E+01 -0.10058E+02
 -0.99697E+01 -0.85790E+01 -0.80163E+01 -0.58352E+01 -0.47664E+01 -0.25840E+01
  0.14782E+01  0.40726E+01  0.83238E+01  0.11974E+02  0.14066E+02  0.13365E+02
  0.97359E+01  0.67486E+01  0.53714E+01  0.37258E+01  0.55243E+00 -0.19118E+01
 -0.38180E+01 -0.35484E+01 -0.13244E+00  0.71771E+00 -0.73688E+00  0.28353E-01
  0.11843E+01  0.23907E+00 -0.17342E+01 -0.27234E+01 -0.21926E+01 -0.15586E+01
 -0.14507E+01 -0.16206E+01 -0.97318E+00  0.28894E+00  0.30012E+00  0.12762E+01
  0.17498E+01  0.20583E+01  0.37289E+01  0.37483E+01  0.32802E+01  0.26835E+01
  0.38248E+00 -0.44677E+00 -0.37017E+00 -0.85704E-01  0.20260E+01  0.14464E+01
  0.60185E+00  0.21119E+01  0.17512E+01 -0.55517E+00 -0.26363E+01 -0.30019E+01
 -0.31392E+01 -0.30319E+01 -0.21021E+01 -0.50671E+00  0.57594E+00 -0.15574E+01
 -0.35785E+01 -0.14854E+01  0.37913E+01  0.47083E+01  0.15488E+01  0.15332E+01
  0.79105E+00 -0.36935E+01 -0.66574E+01 -0.68654E+01 -0.75230E+01 -0.88914E+01
 -0.79923E+01 -0.51527E+01 -0.13912E+01  0.16518E+01  0.63817E+00 -0.46123E+00
 -0.14554E+00  0.15613E+00 -0.12731E+01 -0.41586E+01 -0.22473E+01  0.21320E+01
  0.34669E+01  0.30932E+01  0.37142E+01  0.30319E+01  0.20811E+01 -0.25378E+00
 -0.45416E+01 -0.44527E+01 -0.37195E+01 -0.39806E+01 -0.26241E+01  0.35605E-01
  0.27002E+01  0.45391E+01  0.40880E+01  0.20300E+01  0.23333E+01  0.30493E+01
  0.18850E+01 -0.37590E+00 -0.23150E+01 -0.24574E+01  0.25338E+00  0.22497E+01
  0.76460E+00 -0.22495E+01 -0.36063E+01 -0.12535E+01  0.13984E+01  0.22868E+01
  0.21695E+01  0.34638E+01  0.41585E+01  0.35325E+01  0.18137E+01 -0.38990E+00
 -0.57446E+00 -0.79932E+00 -0.88678E+00 -0.19392E+01 -0.32624E+01 -0.38988E+01
 -0.49041E+01 -0.45169E+01 -0.19183E+01 -0.44023E+00  0.77061E+00  0.19928E+01
  0.25139E+01  0.32676E+01  0.29825E+01  0.41262E+01  0.38748E+01  0.63956E+00
 -0.14982E+01 -0.21495E+01 -0.18443E+01 -0.23328E+01 -0.34092E+01 -0.36688E+01
 -0.41316E+01 -0.41272E+01 -0.40099E+01 -0.42569E+01 -0.27791E+01 -0.18498E+01
 -0.11459E+01 -0.59831E+00 -0.81701E+00  0.84245E+00  0.10322E+01  0.62559E+00
  0.42794E+00  0.38933E+00  0.22310E+01  0.11604E+01 -0.10579E+01 -0.13375E+01
 -0.78906E+00  0.48124E+00 -0.22316E+00  0.21107E+00  0.17444E+01  0.11202E+01
  0.41203E+00  0.29430E+00 -0.64743E+00 -0.10841E+01 -0.64792E+00 -0.20646E+01
 -0.34766E+01 -0.30969E+01 -0.33591E+01 -0.25261E+01 -0.71527E+00 -0.13490E+01
 -0.16879E+01 -0.18951E+01 -0.21785E+01  0.52015E+00  0.28913E+01  0.37707E+01
  0.38886E+01  0.30643E+01  0.42355E+01  0.50201E+01  0.35719E+01  0.12210E+01
  0.14957E+00  0.27091E+00  0.12002E+01  0.15792E+01  0.28720E+00 -0.41613E+00
 -0.26418E+00  0.44130E+00  0.77980E+00  0.11748E+00 -0.21269E-01  0.19971E+01
  0.25586E+01  0.19847E+01  0.12372E+01  0.30048E+00  0.29567E+00 -0.21545E+00
 -0.10404E+01 -0.13103E+01 -0.96117E+00 -0.66269E+00  0.21652E+00  0.72931E+00
  0.15974E+00  0.47945E+00  0.11011E+01  0.15204E+01  0.13178E+01  0.62056E+00
  0.13428E+00  0.11094E+00 -0.73206E+00 -0.14469E+01 -0.13422E+01 -0.87782E+00
  0.72005E+00  0.10388E+01  0.79897E+00 -0.72055E-01 -0.84430E-01 -0.16179E+00
 -0.73150E+00 -0.20421E+00  0.24282E+00  0.12106E+00  0.28283E-01 -0.70287E-01
 -0.11907E+01 -0.12234E+01 -0.11121E+01 -0.12228E+01  0.10441E+01  0.29862E+01
  0.30553E+01  0.30257E+01  0.36056E+01  0.32603E+01  0.15073E+01  0.13542E+01
  0.16027E+01  0.12754E+01  0.60281E+00  0.73992E+00  0.11482E+01  0.89279E+00
  0.15488E+01  0.15884E+01  0.16985E+01  0.17338E+01  0.14662E+01  0.18649E+01
  0.18881E+01  0.17604E+00 -0.37787E+01 -0.76959E+01 -0.93135E+01 -0.42408E+01
  0.82155E+01  0.16515E+02  0.20461E+02  0.20000E+02  0.20064E+01 -0.12112E+02
 -0.71503E+01 -0.18009E+01 -0.34438E+01 -0.60031E+01 -0.55019E+01 -0.41735E+01
  0.38551E+00  0.45994E+01  0.17970E+01 -0.28280E+01 -0.67328E+01 -0.74112E+01
 -0.43933E+01 -0.33691E+01 -0.35626E+01 -0.25623E+01  0.91233E+00  0.58761E+01
  0.83470E+01  0.53283E+01  0.94731E+00 -0.74472E-01 -0.11747E+01 -0.26008E+01
 -0.30146E+01 -0.38868E+01 -0.47757E+01 -0.42993E+01 -0.37626E+01 -0.21000E+01
  0.75759E+00  0.35411E+01  0.44528E+01  0.25975E+01  0.18273E+01  0.12508E+01
 -0.88420E+00 -0.38273E+01 -0.66607E+01 -0.64562E+01 -0.46802E+01 -0.53127E+01
 -0.58218E+01 -0.42609E+01 -0.25831E+01 -0.13670E+01  0.28023E+00  0.63130E+00
  0.76392E+00  0.31538E-01 -0.37795E+01 -0.58209E+01 -0.40991E+01 -0.26852E+01
 -0.30314E+01 -0.20519E+01  0.97001E+00  0.27702E+01  0.28418E+01  0.29853E+01
  0.17376E+01  0.17247E+00 -0.12377E+01 -0.11058E+01  0.58810E+00  0.79127E+00
  0.11562E+01  0.10120E+01  0.84460E+00  0.93415E+00  0.13351E+01  0.14804E+01
  0.42865E+00 -0.33825E+00  0.12064E+01  0.24660E+01  0.14076E+01  0.19934E+01
  0.18552E+01  0.14291E+01  0.14827E+01  0.81989E+00  0.73376E+00  0.23751E+00
  0.72316E+00  0.19912E+00 -0.12400E+01 -0.10577E+01 -0.21550E+01 -0.27353E+01
 -0.33610E+01 -0.33809E+01 -0.29838E+01 -0.25918E+01 -0.97375E+00 -0.51251E+00
 -0.73921E+00 -0.29133E+00  0.30144E+00  0.42320E+00  0.51612E+00  0.64658E+00
  0.18988E+01  0.20520E+01  0.53317E+00 -0.25668E+00 -0.12373E+00  0.93837E+00
  0.10779E+01  0.13485E+01  0.10718E+01  0.14838E+01  0.25344E+01  0.23670E+01
  0.21351E+01  0.19379E+01  0.19018E+01  0.15157E+01  0.12397E+01 -0.64658E+00
 -0.11789E+01  0.22977E+00  0.73375E+00 -0.10182E+01 -0.14117E+01 -0.15749E+01
 -0.22873E+01 -0.16496E+01 -0.10346E+01 -0.78666E+00 -0.18247E+01 -0.10124E+01
 -0.23320E+00 -0.11813E+01 -0.12450E+01 -0.20295E+00  0.50282E+00  0.33685E+01
  0.50270E+01  0.26785E+01  0.29578E+01  0.48636E+01  0.32052E+01  0.18603E+01
  0.18493E+01  0.17391E+01  0.19633E+01  0.17535E+01 -0.18851E+00 -0.14933E+01
 -0.20079E+01 -0.22390E+01 -0.85976E+00 -0.49950E+00 -0.45186E-01  0.68844E+00
  0.19390E+01  0.25149E+01  0.15503E+01  0.65718E+00  0.34224E+00  0.89331E+00
  0.82937E+00  0.16016E+00  0.27139E+00  0.18364E+01  0.26992E+01  0.27686E+01
  0.17617E+01 -0.50381E+00 -0.10897E+01 -0.18685E+01 -0.29144E+01 -0.18236E+01
 -0.77386E+00 -0.25505E+01 -0.30716E+01 -0.26432E+00  0.82123E+00  0.78642E+00
  0.58153E+00  0.15288E+01  0.20245E+01  0.10771E+01  0.12214E+01  0.26236E-01
 -0.24284E-01 -0.75920E+00 -0.18347E+01 -0.11169E+01 -0.17753E+01 -0.21638E+01
 -0.17525E+01 -0.20142E+01 -0.22287E+01 -0.12260E+01 -0.73691E+00  0.89759E-01
  0.43820E+00  0.94462E+00  0.51794E+00  0.19049E+00  0.26913E+01  0.25906E+01
  0.26350E+01  0.21159E+01  0.18892E+01  0.33022E+01  0.14863E+01  0.13866E+01
  0.25804E+01  0.21822E+01  0.20136E+01  0.36643E+00 -0.11858E+01  0.14841E+00
 -0.72303E+00 -0.24413E+01 -0.20547E+01 -0.29027E+01 -0.41954E+01 -0.55572E+01
 -0.49428E+01 -0.27636E+01  0.28335E+01  0.74294E+01  0.57365E+01  0.31053E+01
  0.17660E+00 -0.20171E+01 -0.17892E+01 -0.21462E+01 -0.42151E+01 -0.57303E+01
 -0.33848E+01  0.45361E+00  0.16237E+01  0.30524E+01  0.22232E+01  0.44816E+00
  0.32380E+00 -0.92019E+00 -0.32563E+01 -0.37597E+01 -0.25116E+01 -0.10031E+01
  0.95983E+00  0.20293E+01  0.14628E+01 -0.17885E+01 -0.43026E+01 -0.43449E+01
 -0.35256E+01 -0.37221E+01 -0.32550E+01 -0.45146E+01 -0.50002E+01 -0.11056E+01
 -0.12809E+01 -0.15656E+01 -0.23829E+00  0.15187E+01  0.27744E+01  0.11792E+01
  0.51400E-01  0.13167E+01  0.27979E+01  0.21706E+01  0.18922E+01  0.52177E-01
 -0.41786E+01 -0.69838E+01 -0.48522E+01 -0.18870E+01 -0.73772E+00  0.10537E+01
  0.33664E+01  0.40728E+01  0.27916E+01  0.28340E+01  0.10510E+01 -0.59842E+00
 -0.88639E+00 -0.92046E+00 -0.62244E+00 -0.51588E+00 -0.11787E+00 -0.50934E+00
  0.48670E-01  0.12907E+01  0.15332E+01  0.24254E+00 -0.90851E+00 -0.59067E+00
 -0.27446E+00 -0.25745E+00 -0.11673E+01 -0.12926E+01 -0.43360E+00  0.25717E+00
  0.15575E+01  0.15295E+01  0.19553E+01  0.16890E+01  0.17432E+01  0.22300E+01
  0.16533E+01  0.14550E+01  0.19573E+00 -0.42137E+00 -0.50304E+00 -0.23060E+00
  0.39181E+00  0.23820E+00  0.58337E+00  0.10627E+01  0.15016E+01  0.18204E+01
  0.15356E+01  0.98562E+00  0.23105E+00  0.22213E+00  0.69410E+00  0.35009E+00
  0.29811E-01  0.25961E+00  0.52763E+00  0.44105E+00  0.43632E+00  0.73376E+00
  0.57660E+00  0.41781E+00  0.40994E+00  0.30924E+00  0.32142E+00  0.29015E+00
  0.22654E+00  0.20087E+00  0.14286E+00  0.13917E+00  0.18888E+00  0.16854E+00
  0.16409E+00  0.12359E+00  0.12543E+00  0.11479E+00  0.40284E-01  0.93901E-02
 -0.95533E-02  0.26990E-01  0.17734E-01  0.34973E-01  0.48387E-01  0.69577E-02
  0.36649E-01  0.58555E-01  0.32696E-01  0.20987E-01  0.32442E-01  0.42525E-01
  0.14057E-01  0.45228E-03  0.17069E-01  0.24720E-01  0.21270E-01  0.13032E-01
  0.72900E-02  0.13336E-01  0.14064E-01  0.13194E-01  0.10818E-01  0.86335E-02
  0.78981E-02  0.68092E-02  0.52394E-02  0.47091E-02  0.38888E-02  0.31959E-02
  0.19584E-02  0.13857E-02 -0.30431E-03 -0.97609E-03 -0.19519E-02 -0.26943E-02
 -0.37691E-02 -0.41369E-02 -0.51056E-02 -0.55228E-02 -0.65552E-02 -0.70925E-02
 -0.80330E-02 -0.84572E-02 -0.94260E-02 -0.98785E-02 -0.10819E-01 -0.11250E-01
 -0.12162E-01 -0.12594E-01 -0.13513E-01 -0.13937E-01 -0.14850E-01 -0.15245E-01
 -0.16144E-01 -0.16554E-01 -0.17423E-01 -0.17826E-01 -0.18675E-01 -0.19085E-01
 -0.19927E-01 -0.20323E-01 -0.21136E-01 -0.21546E-01 -0.22373E-01 -0.22755E-01
 -0.23589E-01 -0.23929E-01 -0.24749E-01 -0.25131E-01 -0.25930E-01 -0.26276E-01
 -0.27075E-01 -0.27443E-01 -0.28200E-01 -0.28553E-01 -0.29352E-01 -0.29678E-01
