oly        fp  puget sound wa, 29 apr 65, 0728 pst, olympia, highway test lab   
   4092    2.00000E-02  0  0  0.  0.  0.  0.  0.
  0.41864E+01  0.10505E+02  0.99483E+01 -0.14858E+02 -0.24474E+02 -0.26702E+02
 -0.12595E+03  0.24438E+02  0.13401E+03 -0.28174E+02 -0.36099E+02  0.14733E+03
  0.20163E+03  0.14899E+03 -0.10023E+03 -0.30890E+03 -0.14926E+03  0.16900E+02
  0.69313E+01 -0.20111E+03 -0.16129E+03  0.65448E+02  0.24339E+03  0.24379E+03
  0.13312E+03 -0.14310E+03 -0.12005E+03  0.74362E+02  0.12284E+03 -0.71143E+02
 -0.16535E+03 -0.12332E+02  0.62126E+02  0.44903E+02  0.13072E+03  0.11989E+03
 -0.13595E+03 -0.34301E+03 -0.15783E+03  0.99420E+01  0.53860E+02 -0.20677E+02
  0.21963E+02  0.53097E+02 -0.10674E+03 -0.29732E+02  0.26120E+02  0.51971E+01
 -0.32700E+02 -0.32103E+02  0.18420E+02  0.35243E+01  0.30892E+02 -0.12092E+03
 -0.54165E+01  0.17229E+03  0.68271E+02 -0.19035E+03 -0.17357E+03  0.25499E+03
  0.13541E+03 -0.27476E+03 -0.24363E+03 -0.63718E+02 -0.11282E+02 -0.12609E+03
  0.60005E+02  0.29929E+03  0.31380E+03 -0.23216E+03 -0.13115E+03  0.38976E+02
  0.15249E+03  0.12837E+03  0.18585E+03  0.12456E+02 -0.86231E+02 -0.34563E+02
  0.20010E+03  0.10362E+03 -0.10478E+03 -0.17619E+03 -0.10578E+03  0.52136E+02
  0.26502E+03  0.35482E+03  0.14138E+03 -0.62550E+02  0.54461E+02  0.17012E+03
  0.19961E+02 -0.27593E+03 -0.30847E+03 -0.53196E+02  0.20245E+03  0.11614E+03
 -0.35929E+02  0.49203E+02  0.20684E+03  0.27181E+03  0.49084E+02 -0.12109E+03
 -0.97595E+02 -0.98463E+02 -0.42870E+03 -0.45329E+03 -0.27774E+03  0.29343E+00
  0.81606E+02 -0.52763E+02  0.12288E+02  0.18820E+03  0.10639E+03 -0.30388E+02
 -0.44304E+02 -0.26821E+02 -0.20430E+03 -0.42380E+03 -0.21165E+03  0.59430E+02
  0.10973E+03 -0.52606E+02 -0.11643E+03 -0.10832E+03 -0.62209E+02  0.79422E+02
  0.23157E+03  0.12521E+03 -0.74330E+01  0.74197E+02  0.28934E+03  0.53119E+03
  0.39799E+03  0.96931E+01 -0.17329E+03 -0.48833E+02 -0.29380E+03 -0.33416E+03
 -0.15176E+03  0.15686E+03  0.20930E+03  0.75054E+02 -0.11871E+03  0.57316E+02
  0.30983E+03  0.45391E+03  0.26490E+03  0.21786E+02  0.44379E+01 -0.36494E+02
 -0.80186E+02 -0.16756E+03 -0.16395E+03 -0.71429E+02 -0.48863E+02 -0.39648E+02
 -0.72616E+02 -0.65390E+02  0.79613E+01  0.26199E+02  0.63963E+02  0.73822E+02
  0.12480E+03  0.26413E+03  0.14779E+03 -0.81261E+02 -0.18695E+03 -0.82640E+02
 -0.80942E+02 -0.82654E+02 -0.51573E+02 -0.25599E+02  0.16678E+03  0.30688E+03
  0.29408E+03  0.85416E+02 -0.13956E+02  0.76504E+02  0.20418E+03  0.15871E+03
 -0.24183E+02 -0.25366E+03 -0.23799E+03 -0.12226E+03 -0.10304E+03 -0.21471E+03
 -0.16580E+03  0.61859E+02  0.10614E+03  0.76145E+02  0.41535E+02 -0.16581E+03
 -0.27799E+03 -0.24003E+03 -0.86739E+02 -0.13968E+03 -0.14796E+03 -0.46806E+02
  0.56692E+02 -0.26729E+02 -0.84870E+02  0.11590E+02  0.10649E+03  0.31721E+02
 -0.76353E+02 -0.83799E+02  0.47447E+02  0.71745E+02 -0.38332E+02 -0.13456E+03
 -0.60556E+02  0.92277E+02  0.12352E+03  0.16008E+03  0.93458E+02  0.19164E+02
 -0.34394E+02  0.76516E+02  0.36562E+03  0.28222E+03 -0.68070E+02 -0.26254E+03
  0.49495E+01  0.22522E+03  0.17270E+03  0.74374E+02  0.55664E+02  0.89211E+02
 -0.12813E+02 -0.24019E+03 -0.32929E+03 -0.13120E+03  0.92808E+02 -0.31536E+02
 -0.24841E+02 -0.21003E+02 -0.20528E+03 -0.20663E+03 -0.85899E+02  0.40588E+02
  0.89733E+02 -0.11550E+02  0.19490E+03  0.17194E+03 -0.20162E+03 -0.55637E+03
 -0.33148E+03  0.12189E+03  0.38365E+03  0.18143E+03  0.74310E+02  0.15071E+03
  0.20187E+03 -0.12128E+03 -0.18182E+03  0.44267E+02  0.46593E+03  0.52478E+03
 -0.96093E+01 -0.31765E+03 -0.12246E+03 -0.14034E+03 -0.52602E+02 -0.12083E+03
 -0.25268E+03 -0.20359E+03 -0.31534E+01 -0.25859E+02  0.31685E+02 -0.47129E+02
 -0.20541E+03 -0.24098E+03 -0.24018E+03 -0.21346E+03 -0.90379E+02  0.20450E+03
  0.38100E+03  0.21390E+03  0.12911E+03  0.24946E+02  0.62520E+02  0.20225E+01
 -0.48504E+01 -0.11663E+03 -0.86688E+01  0.20000E+03  0.38580E+02 -0.57345E+03
 -0.77073E+03 -0.41960E+03  0.25664E+03  0.65769E+03  0.66886E+03  0.74045E+03
  0.98712E+03  0.49056E+03 -0.28955E+03 -0.48442E+03 -0.19251E+03  0.15812E+03
  0.42581E+03  0.32185E+03 -0.97560E+02 -0.43771E+03 -0.79178E+03 -0.44121E+03
  0.17951E+03  0.55436E+03  0.57436E+03  0.46366E+03  0.54424E+03  0.75939E+03
  0.53799E+03 -0.21761E+03 -0.41252E+03 -0.71373E+02  0.25344E+03 -0.12618E+03
 -0.82310E+03 -0.11787E+04 -0.11319E+04 -0.93205E+03 -0.21263E+03  0.66885E+02
 -0.17572E+03  0.72988E+02  0.29420E+03  0.28022E+03 -0.47527E+03 -0.62497E+03
 -0.37300E+03  0.24112E+03  0.66262E+03  0.38503E+03  0.15971E+02 -0.54377E+02
  0.12269E+03 -0.40624E+02 -0.19178E+03 -0.15268E+03  0.33313E+03  0.74025E+03
  0.69423E+03  0.28559E+03 -0.47692E+03 -0.85525E+03 -0.48582E+03  0.24976E+03
  0.29176E+03 -0.30949E+03 -0.50379E+03 -0.71846E+03 -0.95309E+03 -0.11089E+04
 -0.64533E+03  0.11189E+03  0.35111E+03  0.10713E+03 -0.26561E+03 -0.23851E+03
 -0.63784E+01  0.67396E+03  0.11319E+04  0.11343E+04  0.96337E+03  0.78157E+03
  0.11761E+03 -0.27980E+02  0.39323E+03  0.80906E+03  0.13536E+04  0.11129E+04
  0.62701E+03 -0.38783E+03 -0.92903E+03 -0.83646E+03 -0.50087E+03 -0.14638E+03
 -0.11368E+03 -0.71075E+03 -0.97951E+03 -0.65584E+03  0.70291E+01  0.64958E+03
  0.11289E+04  0.88247E+03  0.25411E+03 -0.21461E+03 -0.27229E+03  0.16959E+03
  0.25552E+03  0.21511E+03  0.11292E+03  0.89914E+02  0.36869E+02 -0.20984E+03
 -0.12524E+03  0.48546E+02  0.21629E+03  0.31317E+03  0.40394E+03  0.49173E+03
  0.17574E+03 -0.30405E+03 -0.65492E+03 -0.55307E+03 -0.36464E+03 -0.42200E+03
 -0.58298E+03 -0.44717E+03 -0.37941E+03 -0.22890E+03 -0.13271E+03  0.12183E+03
  0.51735E+03  0.41212E+03 -0.46210E+02 -0.51876E+03 -0.79354E+03 -0.85043E+03
 -0.58036E+03 -0.46323E+03 -0.32884E+03  0.39073E+03  0.11559E+04  0.13647E+04
  0.66701E+03  0.18269E+03 -0.10872E+03 -0.62275E+02  0.19886E+03  0.90128E+02
 -0.24486E+03 -0.28401E+03 -0.22265E+03 -0.21337E+03 -0.41371E+03 -0.66422E+03
 -0.54094E+03 -0.14863E+02  0.35895E+03  0.48875E+03 -0.12005E+03 -0.52418E+03
 -0.24071E+03  0.36753E+03  0.48815E+03  0.45241E+02  0.14298E+02  0.11808E+03
  0.31127E+03  0.31313E+03 -0.28987E+03 -0.14371E+03  0.17680E+03  0.51926E+03
 -0.31627E+03 -0.75581E+03 -0.32799E+03  0.29874E+03  0.97333E+03  0.86480E+03
  0.39783E+03  0.24861E+03  0.13318E+03 -0.60876E+02 -0.34221E+03 -0.34025E+03
  0.50020E+02  0.24351E+03  0.11187E+03  0.62748E+02 -0.49151E+02 -0.39755E+03
 -0.85908E+03 -0.48046E+03  0.30415E+03  0.38320E+03 -0.12159E+03 -0.51890E+03
 -0.32228E+03 -0.46102E+02  0.23647E+03 -0.11039E+03 -0.29285E+03 -0.17881E+03
 -0.84725E+02 -0.31130E+03 -0.53091E+03 -0.38798E+03 -0.17324E+03 -0.16958E+03
 -0.36413E+03 -0.52367E+03 -0.36804E+03 -0.11099E+03  0.13342E+03  0.36461E+03
  0.44616E+03  0.31970E+03  0.28123E+03  0.33579E+03  0.26245E+03  0.24735E+03
  0.26618E+03  0.22642E+03  0.34037E+02  0.55567E+02  0.12915E+03  0.19713E+03
  0.34186E+03  0.66720E+03  0.74951E+03  0.66912E+03  0.46984E+03  0.28187E+03
  0.58719E+02 -0.21017E+03 -0.47947E+03 -0.29341E+03 -0.11012E+03  0.61249E+02
  0.31769E+03  0.51987E+03  0.56858E+03  0.45301E+03  0.17902E+03 -0.16622E+03
 -0.47941E+03 -0.49754E+03 -0.29230E+03 -0.25227E+03 -0.46839E+03 -0.55029E+03
 -0.30898E+03  0.10788E+03  0.19941E+03  0.16743E+03  0.94766E+02 -0.15560E+01
 -0.33281E+03 -0.54381E+03 -0.56877E+03 -0.30522E+03 -0.16477E+03 -0.55486E+02
 -0.16991E+03 -0.26900E+03 -0.26384E+03 -0.20441E+03 -0.19498E+03 -0.21794E+03
 -0.77479E+02  0.16532E+03  0.41756E+03  0.57578E+03  0.66743E+03  0.48669E+03
  0.25465E+03  0.24615E+02  0.11899E+03  0.93968E+02 -0.18746E+02  0.22500E+02
  0.11603E+03  0.17702E+03  0.55784E+02 -0.94215E+02 -0.20430E+03 -0.19132E+03
 -0.17178E+03 -0.11285E+03 -0.18920E+03 -0.30255E+03 -0.23224E+03 -0.13566E+03
 -0.13189E+03 -0.22343E+03 -0.49266E+03 -0.53157E+03 -0.30048E+03  0.12492E+03
  0.51014E+03  0.50808E+03  0.21372E+03  0.11821E+03  0.15494E+03  0.18151E+03
  0.19608E+03 -0.55884E+00 -0.20578E+03 -0.21770E+03 -0.93756E+02  0.16482E+02
  0.12601E+03  0.23036E+03  0.28741E+03  0.25001E+03  0.21567E+03  0.19041E+03
  0.31074E+03  0.40444E+03  0.33431E+03  0.21575E+03  0.16451E+03  0.83298E+02
 -0.74111E+02 -0.41673E+03 -0.60355E+03 -0.46438E+03 -0.31854E+03 -0.11461E+03
 -0.10895E+03 -0.11572E+03  0.39075E+02  0.23364E+03  0.18533E+03  0.13226E+03
  0.19111E+03  0.43043E+03  0.54269E+03  0.36222E+03 -0.12931E+03 -0.38634E+03
 -0.35268E+03 -0.25044E+03 -0.15463E+03 -0.98536E+02 -0.16942E+03 -0.20351E+03
 -0.21644E+03 -0.14195E+03 -0.87837E+02 -0.63783E+01  0.12764E+03  0.15697E+03
  0.18922E+03  0.23019E+03  0.20385E+03  0.25009E+03  0.31395E+03  0.15195E+03
  0.83785E+02 -0.11193E+03 -0.29259E+03 -0.40649E+03 -0.52764E+03 -0.53906E+03
 -0.45127E+03 -0.28337E+03 -0.13195E+03  0.73801E+02  0.28019E+03  0.34528E+03
  0.19764E+03  0.11512E+01 -0.40731E+02 -0.29563E+02 -0.22229E+03 -0.30571E+03
 -0.26784E+03 -0.13508E+03 -0.68024E+02 -0.12730E+03 -0.24300E+02  0.13722E+03
  0.30727E+03  0.25252E+03  0.25533E+03  0.29988E+03  0.36362E+03  0.36172E+03
  0.26652E+03  0.16981E+03  0.12381E+03  0.50629E+02  0.46606E+02  0.81508E+02
  0.15824E+03  0.17595E+03  0.10851E+03  0.24382E+02  0.29743E+02 -0.11561E+03
 -0.29114E+03 -0.29827E+03 -0.14009E+03  0.94667E+02  0.19092E+03  0.78814E+02
 -0.67095E+02 -0.23893E+03 -0.20531E+03 -0.20670E+03 -0.20162E+03 -0.14477E+03
 -0.17072E+03 -0.25897E+03 -0.29324E+03 -0.13718E+03  0.12981E+02  0.17182E+03
  0.19550E+03  0.73729E+02 -0.10911E+01 -0.33156E+02 -0.10685E+02  0.98012E+02
  0.18262E+03  0.16724E+03  0.62883E+02  0.26269E+02  0.17274E+01 -0.48592E+02
 -0.19408E+03 -0.18105E+03 -0.66178E+02 -0.15932E+02 -0.47079E+02  0.65692E+01
  0.13954E+03  0.22004E+03  0.13343E+03  0.65147E+02  0.88261E+02  0.49582E+02
 -0.28006E+02 -0.67672E+02 -0.36111E+02 -0.73823E+01  0.18703E+02  0.71934E+02
  0.86311E+02  0.48838E+02 -0.93170E+02 -0.17694E+03 -0.12002E+03 -0.31680E+01
 -0.12085E+02 -0.42243E+02 -0.58122E+02 -0.26485E+02  0.97114E+02  0.13486E+03
 -0.12197E+02 -0.21172E+03 -0.11916E+03  0.12865E+03  0.26120E+03  0.36385E+03
  0.37296E+03  0.23948E+03  0.90861E+02 -0.33460E+01 -0.10701E+03 -0.21315E+03
 -0.26916E+03 -0.29136E+03 -0.35467E+03 -0.33676E+03 -0.28155E+03 -0.12266E+03
  0.11422E+03  0.18718E+03  0.78617E+02  0.17140E+02  0.77922E+01 -0.27408E+02
 -0.52100E+02 -0.62657E+02 -0.65971E+02 -0.76173E+02  0.11985E+02  0.12322E+03
  0.10748E+03  0.69005E+02  0.85508E+02  0.71754E+02  0.60204E+02  0.10106E+03
  0.18033E+03  0.18043E+03  0.94943E+02 -0.97180E+01 -0.86685E+02 -0.51223E+02
  0.83807E+01  0.43697E+02  0.76525E+02  0.51049E+02 -0.31670E+02 -0.12852E+03
 -0.11785E+03 -0.27634E+02  0.10120E+03  0.26085E+02 -0.60125E+02 -0.57898E+02
  0.50353E+01  0.16555E+02  0.30275E+02  0.96549E+02  0.17859E+03  0.13776E+03
  0.20026E+02 -0.10531E+03 -0.65742E+02  0.23254E+02 -0.15867E+02 -0.13148E+03
 -0.18495E+03 -0.89062E+02 -0.10583E+02  0.50481E+01 -0.33368E+02 -0.86059E+02
 -0.10054E+03 -0.51965E+02 -0.12617E+02  0.59907E+01 -0.36543E+02 -0.65171E+02
 -0.63661E+01  0.69054E+02  0.93549E+02  0.97456E+02  0.99221E+02  0.10781E+03
  0.17137E+03  0.28414E+03  0.29797E+03  0.12085E+03 -0.54004E+02 -0.11843E+03
 -0.88474E+02 -0.40326E+02  0.12636E+02  0.80794E+02  0.13397E+03  0.30483E+02
 -0.11257E+03 -0.16449E+03 -0.12851E+03 -0.12165E+03 -0.13977E+03 -0.11629E+03
 -0.87121E+02 -0.68327E+02 -0.11430E+03 -0.11071E+03 -0.39078E+02  0.32053E+02
  0.11927E+02 -0.10698E+00  0.27700E+02  0.10948E+03  0.16101E+03  0.13135E+03
  0.23088E+02 -0.12353E+03 -0.88487E+02  0.31141E+02  0.12733E+03  0.12161E+03
  0.64823E+02 -0.33868E+02 -0.71193E+02 -0.34237E+02 -0.82790E+02 -0.13497E+03
 -0.18245E+03 -0.10835E+03 -0.18281E+02  0.15119E+02 -0.97178E+01 -0.69570E+02
 -0.78634E+02 -0.52270E+02 -0.53606E+02 -0.43360E+02  0.30292E+02  0.10176E+03
  0.79971E+02  0.35101E+02  0.69701E+02  0.14954E+03  0.18840E+03  0.16675E+03
  0.10618E+03  0.33257E+02 -0.86825E+02 -0.20236E+03 -0.17508E+03 -0.99083E+02
 -0.87377E+01  0.36652E+02  0.27357E+02  0.24595E+02  0.46833E+02  0.75674E+02
  0.10260E+03  0.89752E+02  0.67389E+02  0.92042E+02  0.74721E+02  0.58322E+02
  0.25305E+02 -0.62316E+02 -0.98319E+02 -0.84532E+02 -0.26998E+02  0.70032E-01
 -0.16610E+02 -0.30593E+02 -0.82213E+02 -0.11125E+03 -0.59674E+02  0.17818E+01
  0.59947E+02  0.70332E+02  0.65015E+02  0.58146E+02  0.88977E+02  0.76070E+02
 -0.16871E+02 -0.48321E+02 -0.39102E+01 -0.47213E+02 -0.11225E+03 -0.19269E+03
 -0.16931E+03 -0.11409E+03 -0.47814E+02 -0.20160E+02 -0.72075E+01  0.25273E+02
  0.48317E+02  0.66386E+02  0.91631E+02  0.52887E+02 -0.21503E+02 -0.78572E+02
 -0.10551E+03 -0.75858E+02 -0.51395E+02  0.14064E+02  0.52599E+02  0.53137E+02
  0.39979E+02  0.26606E+02  0.37950E+02  0.38424E+01 -0.79547E+02 -0.15428E+03
 -0.14718E+03 -0.58638E+02  0.40708E+02  0.39922E+02  0.36239E+01  0.17741E+01
  0.23647E+02 -0.12572E+02 -0.80745E+02 -0.47296E+02  0.34744E+02  0.92060E+02
  0.13176E+03  0.15756E+03  0.18030E+03  0.21342E+03  0.21024E+03  0.16772E+03
  0.12499E+03  0.98026E+02  0.81008E+02  0.55684E+02  0.68996E+02  0.82094E+02
  0.45557E+02  0.38347E+01 -0.52656E+02 -0.74488E+02 -0.37658E+02  0.35678E+02
  0.97725E+02  0.55161E+02 -0.49751E+02 -0.14337E+03 -0.21532E+03 -0.26321E+03
 -0.23687E+03 -0.19975E+03 -0.16247E+03 -0.11887E+03 -0.89612E+02 -0.82728E+02
 -0.78826E+02 -0.39976E+02  0.55195E+02  0.48093E+02 -0.90722E+01 -0.54304E+02
 -0.29653E+02  0.24827E+02  0.88967E+02  0.12129E+03  0.11620E+03  0.99232E+02
  0.81781E+02  0.58289E+02  0.12163E+01 -0.56439E+02 -0.44980E+02 -0.22592E+02
 -0.25406E+02  0.22769E+02  0.73080E+02  0.53497E+02  0.42451E+02  0.41123E+02
  0.17719E+02 -0.26429E+02 -0.72266E+01  0.45078E+02  0.79340E+02  0.52100E+02
 -0.20450E+02 -0.51388E+02 -0.10079E+03 -0.17943E+03 -0.21101E+03 -0.18023E+03
 -0.13751E+03 -0.77902E+02 -0.12601E+02  0.51916E+02  0.12446E+03  0.16568E+03
  0.13120E+03  0.12463E+03  0.11748E+03  0.10984E+03  0.76491E+02  0.38880E+02
  0.51477E+02  0.72951E+02  0.96693E+02  0.14693E+03  0.19602E+03  0.23142E+03
  0.18009E+03  0.10512E+03  0.76445E+02  0.76672E+02  0.33156E+02 -0.44661E+02
 -0.88112E+02 -0.37604E+02  0.23122E+02  0.50827E+02 -0.10097E+02 -0.10737E+01
  0.62704E+02  0.99493E+02  0.21088E+02 -0.80826E+02 -0.13196E+03 -0.14503E+03
 -0.17893E+03 -0.19917E+03 -0.15970E+03 -0.86426E+02 -0.43337E+02 -0.44392E+01
 -0.82965E+01 -0.78914E+02 -0.17971E+03 -0.22434E+03 -0.20208E+03 -0.17449E+03
 -0.18631E+03 -0.21007E+03 -0.13101E+03 -0.20544E+02  0.52983E+02  0.27934E+02
 -0.54271E+01 -0.35879E+02 -0.58735E+02 -0.71015E+02 -0.46576E+02 -0.97829E+01
  0.19692E+02  0.71464E+02  0.12728E+03  0.13842E+03  0.13991E+03  0.11958E+03
  0.65522E+02  0.29854E+02  0.33314E+02  0.53670E+02  0.78150E+02  0.64057E+02
 -0.11391E+02 -0.27125E+02  0.14818E+02  0.41412E+02  0.48691E+01 -0.39697E+02
 -0.68087E+02 -0.40857E+02 -0.19962E+02 -0.35775E+02 -0.38729E+01  0.56365E+02
  0.66107E+02  0.55820E+02  0.38933E+02 -0.63066E+01 -0.14682E+02  0.98209E+01
  0.43483E+02  0.18129E+02 -0.20580E+02 -0.14903E+02  0.27701E+02  0.67422E+01
  0.24202E+02  0.78875E+02  0.10918E+03  0.68978E+02 -0.14057E+02 -0.72668E+02
 -0.10557E+03 -0.11070E+03 -0.11413E+03 -0.11635E+03 -0.94858E+02 -0.45599E+02
 -0.60669E+01  0.32896E+02  0.20655E+02  0.12174E+02  0.18325E+02  0.23764E+02
  0.18053E+02  0.57348E+01  0.10962E+01  0.80117E+01  0.18788E+02  0.55112E+02
  0.73193E+02  0.97015E+02  0.85840E+02  0.42770E+02  0.26474E+02 -0.76508E+01
 -0.13781E+02  0.27583E+02  0.47649E+02  0.14452E+02 -0.16330E+02 -0.22468E+02
 -0.92893E+01  0.11985E+02  0.53217E+02  0.38707E+02 -0.86198E+01 -0.33149E+02
 -0.26000E+02  0.12176E+02  0.80043E+02  0.86980E+02  0.15019E+02 -0.38050E+02
 -0.48867E+02 -0.48253E+02 -0.62970E+02 -0.10716E+03 -0.14765E+03 -0.14503E+03
 -0.12219E+03 -0.11821E+03 -0.12590E+03 -0.78753E+02 -0.20451E+02 -0.25356E+02
 -0.44748E+02 -0.31612E+02 -0.17125E+02 -0.19262E+01 -0.76054E+01  0.38340E+01
  0.50995E+02  0.98231E+02  0.65358E+02  0.25532E+02  0.57786E+02  0.12080E+03
  0.15568E+03  0.14477E+03  0.10225E+03  0.17826E+02 -0.22622E+02 -0.27569E+02
 -0.10070E+02  0.25471E+02  0.17337E+02 -0.13021E+02  0.14078E+02  0.62119E+02
  0.81768E+02  0.77970E+02  0.64446E+02  0.11222E+03  0.15297E+03  0.13662E+03
  0.79430E+02  0.18476E+02 -0.32741E+02 -0.51004E+02 -0.64439E+02 -0.67000E+02
 -0.10223E+03 -0.57566E+02  0.68491E+02  0.10272E+03  0.94420E+02  0.44279E+02
  0.72054E+02  0.82075E+02  0.33298E+02 -0.25709E+02 -0.56376E+02 -0.69998E+02
 -0.79000E+02 -0.83528E+02 -0.52118E+02 -0.35762E+02 -0.77213E+02 -0.13067E+03
 -0.14612E+03 -0.11868E+03 -0.84493E+02 -0.64077E+02 -0.79528E+02 -0.76010E+02
 -0.45659E+02  0.18863E+02  0.78271E+02  0.10387E+03  0.87446E+02  0.86558E+02
  0.10151E+03  0.10361E+03  0.94499E+02  0.85666E+02  0.37065E+02 -0.47257E+02
 -0.15005E+03 -0.18018E+03 -0.12573E+03 -0.67654E+02 -0.34938E+02 -0.18053E+02
  0.11808E+01 -0.62297E+01 -0.35787E+02 -0.68471E+02 -0.87584E+02 -0.89027E+02
 -0.94788E+02 -0.11142E+03 -0.90411E+02 -0.36734E+02  0.14884E+02  0.72539E+02
  0.10023E+03  0.10057E+03  0.91612E+02  0.57795E+02  0.25258E+02 -0.79160E+01
 -0.29803E+02 -0.16899E+01  0.41133E+02  0.63421E+02  0.62268E+02  0.41026E+02
  0.70782E+01 -0.95459E+01  0.12240E+02  0.43982E+02  0.55758E+02  0.63693E+02
  0.77966E+02  0.10906E+03  0.12169E+03  0.90643E+02  0.38863E+02  0.27032E+01
  0.22719E+02  0.51397E+02  0.49113E+02  0.27369E+02  0.15212E+02  0.16050E+02
  0.19801E+02  0.34701E+02  0.74143E+01 -0.50907E+02 -0.12244E+03 -0.16280E+03
 -0.15486E+03 -0.15040E+03 -0.17393E+03 -0.14718E+03 -0.61329E+02  0.37738E+01
 -0.22027E+02 -0.67923E+02 -0.73060E+02 -0.49081E+01  0.40520E+02  0.49089E+02
  0.69303E+02  0.81136E+02  0.90839E+02  0.79022E+02  0.36523E+02  0.97206E+01
 -0.12113E+02  0.56819E+01  0.19285E+02  0.18187E+02  0.21917E+02  0.37577E+02
  0.42371E+02  0.20886E+02 -0.11252E+02 -0.27554E+02 -0.53451E+00  0.37278E+02
  0.94051E+02  0.85489E+02  0.22594E+02 -0.26808E+02 -0.39778E+02 -0.58644E+02
 -0.90152E+02 -0.12308E+03 -0.16752E+03 -0.18979E+03 -0.15633E+03 -0.11412E+03
 -0.62612E+02 -0.27959E+01  0.11993E+02 -0.28685E+02 -0.65175E+02 -0.57276E+02
 -0.21326E+02 -0.16342E+02 -0.18105E+02 -0.34216E+02 -0.26251E+02 -0.13458E+02
 -0.30281E+02 -0.23667E+02  0.48801E+00  0.33581E+02  0.44597E+02  0.75426E+02
  0.14048E+03  0.21867E+03  0.24098E+03  0.19091E+03  0.13693E+03  0.11911E+03
  0.14503E+03  0.14603E+03  0.11761E+03  0.89634E+02  0.85295E+02  0.63060E+02
  0.27333E+02  0.76544E+01  0.19792E+02  0.23053E+02  0.13717E+01 -0.27171E+02
 -0.27898E+02 -0.44619E+01  0.28760E+02  0.41533E+02  0.18576E+02 -0.87060E+01
 -0.38547E+02 -0.44029E+02 -0.38150E+02 -0.42851E+02 -0.46135E+02 -0.54886E+02
 -0.70385E+02 -0.77717E+02 -0.55861E+02 -0.34646E+02 -0.19112E+02 -0.27511E+02
 -0.40741E+02 -0.45804E+02 -0.50015E+02 -0.54369E+02 -0.56521E+02 -0.49868E+02
 -0.50814E+02 -0.57655E+02 -0.65774E+02 -0.67716E+02 -0.85140E+02 -0.99155E+02
 -0.10024E+03 -0.89053E+02 -0.67271E+02 -0.58778E+02 -0.25498E+02  0.87044E+01
  0.19265E+02  0.22860E+02 -0.25104E+02 -0.50768E+02 -0.52075E+02 -0.35125E+02
  0.17891E+02  0.55082E+02  0.55834E+02  0.68587E+02  0.85681E+02  0.80963E+02
  0.39177E+02 -0.61617E+01 -0.82483E+01 -0.16946E+02 -0.53966E+02 -0.71394E+02
 -0.67872E+02 -0.42900E+02 -0.24321E+02 -0.53677E+02 -0.10157E+03 -0.97336E+02
 -0.82524E+02 -0.61593E+02 -0.18229E+02  0.36998E+02  0.32498E+02 -0.26637E+00
 -0.16696E+02  0.20421E+02  0.47808E+02  0.65187E+02  0.69849E+02  0.79134E+02
  0.60360E+02  0.56289E+02  0.91840E+02  0.15034E+03  0.18100E+03  0.19227E+03
  0.20013E+03  0.20970E+03  0.20279E+03  0.17664E+03  0.16575E+03  0.16296E+03
  0.14078E+03  0.88280E+02  0.38410E+02  0.88515E+01 -0.16667E+02 -0.16829E+02
 -0.13859E+02 -0.18919E+02 -0.92059E+01  0.97390E+01  0.68830E+01 -0.10249E+02
 -0.35263E+02 -0.37622E+02 -0.19457E+02 -0.17413E+02 -0.52226E+02 -0.88530E+02
 -0.11816E+03 -0.12769E+03 -0.12785E+03 -0.11721E+03 -0.10715E+03 -0.11085E+03
 -0.13515E+03 -0.11855E+03 -0.10329E+03 -0.86261E+02 -0.92241E+02 -0.85295E+02
 -0.60667E+02 -0.27657E+02 -0.10911E+02  0.72192E+00 -0.14277E+02 -0.52008E+01
  0.19356E+02  0.24100E+02  0.18689E+02  0.45449E+02  0.62549E+02  0.66373E+02
  0.47677E+02  0.34310E+02  0.25915E+02  0.19935E+02 -0.54347E+01 -0.33217E+02
 -0.50277E+02 -0.63928E+02 -0.71755E+02 -0.72411E+02 -0.63975E+02 -0.45385E+02
 -0.33327E+02 -0.21838E+02 -0.14610E+02 -0.14769E+02 -0.13720E+02  0.25258E+01
  0.16997E+02  0.16484E+02 -0.29271E+00 -0.86189E+01 -0.82102E+01 -0.16214E+01
  0.21514E+02  0.45005E+02  0.66506E+02  0.69685E+02  0.60791E+02  0.48772E+02
  0.47477E+02  0.51579E+02  0.28695E+02 -0.29772E+00 -0.37222E+01  0.13874E+02
  0.45602E+02  0.60713E+02  0.47700E+02  0.26024E+02  0.96027E+01 -0.36224E+01
 -0.51303E+00  0.11616E+02  0.96124E+01 -0.82279E+01 -0.13711E+02  0.17380E+02
  0.43500E+02  0.61314E+02  0.28567E+02  0.12020E+01 -0.83963E+01 -0.38637E+01
 -0.11060E+01 -0.29642E+01  0.14566E+02  0.35435E+02  0.57509E+02  0.61192E+02
  0.51665E+02  0.63019E+02  0.23453E+02 -0.41466E+02 -0.11398E+03 -0.13892E+03
 -0.12167E+03 -0.10669E+03 -0.86029E+02 -0.59190E+02 -0.31427E+02 -0.22410E+02
 -0.33985E+02 -0.62896E+02 -0.88180E+02 -0.10956E+03 -0.11304E+03 -0.93441E+02
 -0.62973E+02 -0.25829E+02  0.95403E+01  0.46046E+02  0.61109E+02  0.68070E+02
  0.53373E+02  0.31576E+02  0.24200E+02  0.15826E+02  0.11360E+02 -0.61721E+01
 -0.15182E+02 -0.21775E+02 -0.24108E+02 -0.35670E+02 -0.33242E+02 -0.12065E+02
  0.14440E+02  0.28731E+02  0.24274E+02  0.20812E+02  0.15434E+02  0.32356E+02
  0.59008E+02  0.87651E+02  0.11097E+03  0.12704E+03  0.12252E+03  0.11090E+03
  0.71154E+02  0.30914E+02  0.67960E+01 -0.93671E+01 -0.16297E+02 -0.20599E+02
 -0.12045E+02  0.50317E+01 -0.11138E+01 -0.31121E+02 -0.41027E+02 -0.49444E+02
 -0.47845E+02 -0.45535E+02 -0.27103E+02  0.81614E+01  0.47260E+02  0.72726E+02
  0.77808E+02  0.81115E+02  0.53035E+02  0.14232E+02  0.18608E+02  0.53451E+02
  0.46962E+02  0.49649E+01 -0.38239E+02 -0.37127E+02 -0.14141E+02 -0.72061E+01
 -0.31659E+02 -0.51429E+02 -0.50239E+02 -0.39041E+02 -0.28125E+02 -0.23531E+02
 -0.23836E+02 -0.13488E+02  0.32520E+01  0.14310E+02  0.21748E+02  0.27267E+02
  0.34350E+02  0.38945E+02  0.42405E+02  0.31307E+02  0.79253E+01 -0.16669E+02
 -0.43037E+02 -0.53776E+02 -0.45850E+02 -0.45226E+02 -0.49367E+02 -0.53719E+02
 -0.66238E+02 -0.66472E+02 -0.58609E+02 -0.47409E+02 -0.38767E+02 -0.29202E+02
 -0.13387E+02  0.66171E+01  0.28539E+02  0.54224E+02  0.57112E+02  0.50412E+02
  0.41082E+02  0.16058E+02 -0.88240E+01 -0.18651E+02 -0.95891E+01 -0.70605E+01
 -0.13339E+02 -0.12800E+02 -0.55155E+01 -0.81742E+01 -0.29512E+02 -0.41475E+02
 -0.38810E+02 -0.39199E+02 -0.58053E+02 -0.63913E+02 -0.52019E+02 -0.29332E+02
 -0.33204E+02 -0.17620E+02  0.91839E+01  0.43657E+02  0.55191E+02  0.54224E+02
  0.60075E+02  0.79344E+02  0.10629E+03  0.11164E+03  0.98517E+02  0.94628E+02
  0.11390E+03  0.11847E+03  0.10435E+03  0.94709E+02  0.92523E+02  0.89981E+02
  0.74938E+02  0.51159E+02  0.38387E+02  0.43368E+02  0.42666E+02 -0.29904E+01
 -0.39417E+02 -0.68032E+02 -0.84931E+02 -0.10723E+03 -0.14558E+03 -0.17718E+03
 -0.19096E+03 -0.16909E+03 -0.13720E+03 -0.11008E+03 -0.91619E+02 -0.76428E+02
 -0.74732E+02 -0.81133E+02 -0.91375E+02 -0.10296E+03 -0.93732E+02 -0.70595E+02
 -0.18985E+02  0.52171E+01  0.28779E+02  0.43674E+02  0.42873E+02  0.38876E+02
  0.50004E+02  0.73347E+02  0.65653E+02  0.37648E+02  0.38759E+02  0.62239E+02
  0.82735E+02  0.87182E+02  0.73944E+02  0.66172E+02  0.60459E+02  0.56735E+02
  0.45553E+02  0.28049E+02 -0.56477E+01 -0.31108E+02 -0.48827E+02 -0.60156E+02
 -0.66372E+02 -0.78625E+02 -0.62826E+02 -0.29700E+02  0.42072E+01  0.25118E+02
  0.32604E+02  0.36114E+02  0.52406E+02  0.58116E+02  0.46568E+02  0.16910E+02
  0.62128E+01  0.19081E+01 -0.10920E+02 -0.23180E+02 -0.21450E+02 -0.13258E+02
  0.17522E+01  0.35711E+00  0.81226E+01  0.21924E+02  0.42188E+02  0.39727E+02
  0.24482E+02  0.44075E+01 -0.83520E+01 -0.14080E+02 -0.21940E+02 -0.48478E+02
 -0.64931E+02 -0.55319E+02 -0.35269E+02 -0.17845E+02  0.71417E+00  0.23251E+02
  0.46924E+02  0.51209E+02  0.50453E+02  0.59780E+02  0.75358E+02  0.81703E+02
  0.72141E+02  0.61727E+02  0.64524E+02  0.69591E+02  0.71535E+02  0.67656E+02
  0.63992E+02  0.49812E+02  0.19870E+02 -0.61638E+01 -0.33831E+02 -0.53261E+02
 -0.66228E+02 -0.65559E+02 -0.72773E+02 -0.88152E+02 -0.91459E+02 -0.89295E+02
 -0.82233E+02 -0.88874E+02 -0.10055E+03 -0.99457E+02 -0.97788E+02 -0.83053E+02
 -0.61852E+02 -0.45836E+02 -0.16751E+02 -0.13018E+01  0.66920E+01  0.80108E+01
  0.80518E+01  0.88034E+01  0.18506E+02  0.31546E+02  0.32303E+02  0.28290E+02
  0.25215E+02  0.31724E+02  0.46543E+02  0.38851E+02  0.12552E+02 -0.31643E+02
 -0.49134E+02 -0.22664E+02  0.72867E+01  0.41437E+01 -0.14266E+02 -0.23444E+02
 -0.52785E+01 -0.21343E+02 -0.48059E+02 -0.71793E+02 -0.64274E+02 -0.41849E+02
 -0.25734E+02 -0.28372E+02 -0.44147E+02 -0.52819E+02 -0.51331E+02 -0.37419E+02
 -0.26489E+02 -0.84541E+01 -0.27054E+01 -0.14213E+02 -0.29839E+02 -0.20892E+02
  0.12771E+02  0.69799E+02  0.10694E+03  0.10069E+03  0.98351E+02  0.10546E+03
  0.10915E+03  0.12422E+03  0.13083E+03  0.11378E+03  0.96391E+02  0.93983E+02
  0.10763E+03  0.98542E+02  0.64319E+02  0.51331E+02  0.68880E+02  0.10077E+03
  0.12366E+03  0.12466E+03  0.11813E+03  0.11062E+03  0.96280E+02  0.64048E+02
  0.27413E+02  0.68993E+01 -0.69389E+01 -0.13178E+02 -0.74861E+01  0.60889E+01
  0.13912E+02  0.54708E+01  0.12912E+01 -0.10772E+02 -0.38885E+02 -0.72609E+02
 -0.90141E+02 -0.78698E+02 -0.79400E+02 -0.10304E+03 -0.14032E+03 -0.14627E+03
 -0.13484E+03 -0.11778E+03 -0.10066E+03 -0.94691E+02 -0.10293E+03 -0.10299E+03
 -0.78841E+02 -0.46311E+02 -0.26321E+01  0.92299E+01  0.24841E+01  0.21300E+01
  0.10368E+02  0.16404E+02  0.15763E+02  0.31198E+01 -0.12649E+02 -0.64742E+01
  0.32513E+01  0.16953E+02  0.34559E+02  0.56001E+02  0.63379E+02  0.49594E+02
  0.35594E+02  0.12504E+02 -0.85984E+01 -0.24375E+02 -0.35963E+02 -0.50747E+02
 -0.65248E+02 -0.69593E+02 -0.57960E+02 -0.44340E+02 -0.64169E+02 -0.10460E+03
 -0.11427E+03 -0.94192E+02 -0.83553E+02 -0.10438E+03 -0.10106E+03 -0.62445E+02
 -0.27948E+02 -0.60946E+01  0.10717E+02  0.27812E+02  0.54494E+02  0.87640E+02
  0.10523E+03  0.94203E+02  0.87080E+02  0.88408E+02  0.88670E+02  0.78991E+02
  0.66755E+02  0.54945E+02  0.49243E+02  0.48584E+02  0.33151E+02  0.18715E+02
  0.91783E+01 -0.15769E+02 -0.40005E+02 -0.43717E+02 -0.35710E+02 -0.28768E+02
 -0.45545E+02 -0.70134E+02 -0.91313E+02 -0.92678E+02 -0.99510E+02 -0.11614E+03
 -0.12546E+03 -0.11383E+03 -0.94238E+02 -0.78692E+02 -0.57467E+02 -0.24949E+02
  0.71439E+01  0.14310E+02  0.10612E+02  0.17213E+02  0.32834E+02  0.34821E+02
  0.25303E+02  0.96807E+01  0.97544E+01  0.28648E+02  0.54219E+02  0.66866E+02
  0.59132E+02  0.51542E+02  0.61498E+02  0.78763E+02  0.96885E+02  0.11473E+03
  0.11965E+03  0.11341E+03  0.10426E+03  0.11615E+03  0.13719E+03  0.13622E+03
  0.10841E+03  0.78464E+02  0.61449E+02  0.50043E+02  0.50572E+02  0.52521E+02
  0.36789E+02  0.14027E+02 -0.63187E+01 -0.12316E+02 -0.14053E+02 -0.92539E+01
 -0.10632E+02 -0.18045E+02 -0.26026E+02 -0.33791E+02 -0.43971E+02 -0.46834E+02
 -0.42523E+02 -0.33807E+02 -0.28855E+02 -0.17083E+02 -0.13052E+02 -0.23010E+02
 -0.37583E+02 -0.34259E+02 -0.18577E+02  0.12968E+01  0.64627E+00 -0.53995E+01
  0.41783E+01  0.12408E+02  0.14317E+02  0.14382E+02  0.64204E+01 -0.89986E+00
 -0.78651E+01  0.24275E+01  0.16982E+02  0.66079E+01 -0.23862E+02 -0.47870E+02
 -0.39351E+02 -0.24085E+02 -0.47716E+01 -0.74020E+01 -0.51329E+01  0.97793E+01
  0.26891E+02  0.25610E+02  0.34485E+01 -0.17008E+02 -0.36684E+02 -0.39315E+02
 -0.29874E+02 -0.19794E+02 -0.17456E+02 -0.12703E+02 -0.36178E+01  0.90880E+01
 -0.24950E+01 -0.17984E+02 -0.32209E+01  0.14951E+02  0.14301E+02  0.50586E+01
  0.34853E+01  0.14624E+02  0.28885E+02  0.31072E+02  0.21328E+02  0.93816E+01
  0.98422E+00  0.99855E+01  0.18347E+02  0.14350E+02  0.43862E+01 -0.18852E+01
  0.27782E+01 -0.39930E+01 -0.31218E+02 -0.51911E+02 -0.48602E+02 -0.36415E+02
 -0.41772E+02 -0.52954E+02 -0.65628E+02 -0.60265E+02 -0.40771E+02 -0.19928E+02
 -0.23659E+02 -0.38968E+02 -0.54845E+02 -0.57375E+02 -0.42716E+02 -0.26285E+02
 -0.11843E+02 -0.14730E+02 -0.25076E+02 -0.37272E+02 -0.46129E+02 -0.53354E+02
 -0.56532E+02 -0.50054E+02 -0.40025E+02 -0.29713E+02 -0.21747E+02 -0.11225E+02
 -0.63354E+00  0.63343E+01  0.17634E+02  0.35254E+02  0.56139E+02  0.76668E+02
  0.99894E+02  0.99825E+02  0.81787E+02  0.70780E+02  0.70921E+02  0.75393E+02
  0.58560E+02  0.31285E+02  0.15230E+02  0.69876E+01  0.59156E+01  0.14124E-01
 -0.33319E+01  0.21997E+01  0.78719E+01 -0.13705E+01 -0.22971E+02 -0.37895E+02
 -0.51614E+02 -0.64765E+02 -0.78413E+02 -0.87376E+02 -0.94989E+02 -0.96992E+02
 -0.95517E+02 -0.88856E+02 -0.79925E+02 -0.74405E+02 -0.62276E+02 -0.46806E+02
 -0.32907E+02 -0.16237E+02 -0.14121E+01  0.10572E+02  0.22554E+02  0.32620E+02
  0.46733E+02  0.65036E+02  0.84262E+02  0.98091E+02  0.10588E+03  0.11417E+03
  0.12118E+03  0.12904E+03  0.13250E+03  0.12545E+03  0.11215E+03  0.99842E+02
  0.85618E+02  0.73310E+02  0.54539E+02  0.31508E+02  0.22538E+02  0.13994E+02
  0.50947E+01 -0.12682E+02 -0.29961E+02 -0.50011E+02 -0.59833E+02 -0.52186E+02
 -0.34525E+02 -0.31849E+02 -0.31445E+02 -0.20744E+02 -0.79838E+01  0.16518E+01
  0.55353E+01  0.10624E+02  0.21751E+02  0.34013E+02  0.40595E+02  0.48808E+02
  0.59934E+02  0.71485E+02  0.75793E+02  0.70228E+02  0.52590E+02  0.32111E+02
  0.20510E+02  0.15584E+02  0.12077E+02  0.84287E+01  0.54185E+01  0.27634E+01
 -0.38700E+01 -0.15262E+02 -0.24735E+02 -0.30801E+02 -0.25007E+02 -0.16160E+02
 -0.94434E+01 -0.14730E+02 -0.22076E+02 -0.30843E+02 -0.40463E+02 -0.47953E+02
 -0.52247E+02 -0.55193E+02 -0.58139E+02 -0.63572E+02 -0.68578E+02 -0.71030E+02
 -0.69859E+02 -0.66345E+02 -0.62903E+02 -0.61379E+02 -0.57156E+02 -0.48532E+02
 -0.40760E+02 -0.31213E+02 -0.22661E+02 -0.15388E+02 -0.10814E+02 -0.14053E+02
 -0.24040E+02 -0.33174E+02 -0.42450E+02 -0.51017E+02 -0.49998E+02 -0.44220E+02
 -0.46469E+02 -0.56955E+02 -0.53097E+02 -0.29780E+02 -0.31254E+01  0.12947E+02
  0.20142E+02  0.21157E+02  0.24516E+02  0.30502E+02  0.27468E+02  0.19960E+02
  0.12452E+02  0.79980E+01  0.87986E+01  0.79649E+01  0.17784E+02  0.35629E+02
  0.50206E+02  0.44116E+02  0.33623E+02  0.32577E+02  0.36074E+02  0.31618E+02
  0.16935E+02  0.53061E+01 -0.46902E+01 -0.60917E+01  0.47921E+01  0.82896E+01
  0.83786E+01  0.14788E+02  0.22903E+02  0.26260E+02  0.29617E+02  0.33968E+02
  0.37752E+02  0.42601E+02  0.46527E+02  0.49744E+02  0.46923E+02  0.43892E+02
  0.39865E+02  0.35555E+02  0.29541E+02  0.18414E+02  0.99155E+01  0.46841E+01
  0.63425E+01  0.12405E+02  0.19745E+02  0.25240E+02  0.22640E+02  0.15423E+02
  0.79243E+01  0.21299E+01  0.11657E+01 -0.36586E+00 -0.23222E+01 -0.76170E+01
 -0.12484E+02 -0.16925E+02 -0.21790E+02 -0.24808E+02 -0.30381E+02 -0.39931E+02
 -0.50403E+02 -0.58673E+02 -0.66445E+02 -0.74712E+02 -0.79998E+02 -0.74486E+02
 -0.65564E+02 -0.52736E+02 -0.45162E+02 -0.45824E+02 -0.48830E+02 -0.43597E+02
 -0.29555E+02 -0.26592E+02 -0.36198E+02 -0.50988E+02 -0.57466E+02 -0.51728E+02
 -0.44995E+02 -0.38972E+02 -0.27408E+02 -0.12292E+02  0.21150E+01  0.13754E+02
  0.25322E+02  0.26736E+02  0.28578E+02  0.39937E+02  0.46397E+02  0.54847E+02
  0.60314E+02  0.65429E+02  0.70757E+02  0.74098E+02  0.75451E+02  0.74107E+02
  0.73900E+02  0.76109E+02  0.81230E+02  0.86921E+02  0.92045E+02  0.97241E+02
  0.10286E+03  0.10160E+03  0.99981E+02  0.95664E+02  0.87727E+02  0.79506E+02
  0.72210E+02  0.54759E+02  0.39724E+02  0.30158E+02  0.24001E+02  0.20331E+02
  0.51575E+01 -0.14703E+02 -0.36267E+02 -0.43555E+02 -0.41114E+02 -0.37535E+02
 -0.37862E+02 -0.47776E+02 -0.57759E+02 -0.69873E+02 -0.75807E+02 -0.76486E+02
 -0.77519E+02 -0.77060E+02 -0.77381E+02 -0.77843E+02 -0.79585E+02 -0.79550E+02
 -0.80366E+02 -0.82958E+02 -0.89952E+02 -0.77772E+02 -0.55080E+02 -0.25569E+02
 -0.74923E+01 -0.59628E+01 -0.10398E+02 -0.70922E+01  0.18244E+01  0.10741E+02
  0.77274E+01 -0.98450E+01 -0.19250E+02 -0.21340E+02 -0.14766E+02 -0.32902E+01
 -0.26814E+01 -0.93866E+01 -0.19430E+02 -0.29899E+02 -0.31135E+02 -0.26123E+02
 -0.20115E+02 -0.15670E+02 -0.12787E+02 -0.10259E+02 -0.53169E+01 -0.32861E+01
 -0.43801E+01 -0.54738E+01 -0.79888E+01 -0.24070E+01  0.65842E+01  0.15078E+02
  0.24565E+02  0.34195E+02  0.33741E+02  0.28030E+02  0.20615E+02  0.86557E+01
  0.57149E+01  0.13427E+02  0.18014E+02  0.15783E+02  0.12345E+02  0.19701E+02
  0.28336E+02  0.29868E+02  0.35947E+02  0.43018E+02  0.51013E+02  0.59008E+02
  0.63025E+02  0.57171E+02  0.47766E+02  0.40420E+02  0.40176E+02  0.41707E+02
  0.47072E+02  0.54780E+02  0.57163E+02  0.42927E+02  0.24075E+02  0.38724E+01
 -0.16472E+02 -0.23324E+02 -0.17251E+02 -0.22186E+02 -0.31239E+02 -0.31700E+02
 -0.17603E+02 -0.15175E+01  0.38436E+01 -0.26555E+01 -0.12919E+02 -0.14093E+02
 -0.55377E+01  0.37993E+01  0.13774E+02  0.12811E+02  0.75879E+01 -0.47732E+00
 -0.12591E+02 -0.10430E+02  0.60738E+00  0.12851E+02  0.13590E+02  0.99249E+01
  0.54086E+01 -0.10452E+00 -0.51913E+01 -0.10066E+02 -0.17994E+02 -0.21876E+02
 -0.23555E+02 -0.20407E+02 -0.12926E+02 -0.40266E+01  0.13924E+01 -0.83152E+01
 -0.26901E+02 -0.39380E+02 -0.39644E+02 -0.38418E+02 -0.33498E+02 -0.27656E+02
 -0.21319E+02 -0.11288E+02 -0.54801E+00  0.16693E+01 -0.42099E+01 -0.10942E+02
 -0.17249E+02 -0.25474E+02 -0.32988E+02 -0.41498E+02 -0.43616E+02 -0.40623E+02
 -0.35215E+02 -0.30304E+02 -0.28235E+02 -0.31918E+02 -0.32975E+02 -0.29628E+02
 -0.25360E+02 -0.21233E+02 -0.17107E+02 -0.10354E+02 -0.32463E+01  0.39323E+01
  0.93345E+01  0.41550E+01 -0.28015E+01 -0.11816E+02 -0.82625E+01  0.67967E+01
  0.25477E+02  0.31871E+02  0.32086E+02  0.41107E+02  0.52612E+02  0.59005E+02
  0.53893E+02  0.53750E+02  0.66178E+02  0.68167E+02  0.60922E+02  0.49487E+02
  0.41035E+02  0.36772E+02  0.33788E+02  0.31655E+02  0.28670E+02  0.28596E+02
  0.21705E+02  0.13393E+02  0.53648E+01  0.17676E+00 -0.40171E+01 -0.68611E+01
 -0.11552E+02 -0.20078E+02 -0.29670E+02 -0.37060E+02 -0.39834E+02 -0.40264E+02
 -0.41263E+02 -0.38428E+02 -0.33817E+02 -0.27856E+02 -0.22252E+02 -0.17215E+02
 -0.16936E+02 -0.15521E+02 -0.13042E+02 -0.97804E+01 -0.73722E+01 -0.48923E+01
 -0.70810E+00  0.88019E+01  0.19661E+02  0.21502E+02  0.15245E+02  0.81370E+01
  0.24720E+00  0.45016E+01  0.15787E+02  0.28847E+02  0.40487E+02  0.39983E+02
  0.31453E+02  0.19302E+02  0.11908E+02  0.70006E+01  0.25189E+01 -0.33121E+01
 -0.10138E+02 -0.16041E+02 -0.20664E+02 -0.17477E+02 -0.97446E+01 -0.50657E+01
 -0.51456E+01 -0.53669E+01 -0.75908E+00  0.54816E+01  0.20638E+01 -0.59705E+01
 -0.16490E+02 -0.21613E+02 -0.18853E+02 -0.13891E+02 -0.43848E+01  0.87436E+01
  0.19742E+02  0.25270E+02  0.23697E+02  0.20420E+02  0.20268E+02  0.21748E+02
  0.23015E+02  0.21086E+02  0.15039E+02  0.74274E+01  0.13081E+01 -0.48119E+01
 -0.10008E+02 -0.15134E+02 -0.20686E+02 -0.23185E+02 -0.17801E+02 -0.11564E+02
 -0.40497E+01 -0.20039E+01 -0.44324E+01 -0.41630E+01 -0.21175E+01  0.56800E+01
  0.14330E+02  0.21131E+02  0.22040E+02  0.22096E+02  0.20518E+02  0.19720E+02
  0.20698E+02  0.21676E+02  0.22654E+02  0.22708E+02  0.14949E+02  0.67649E+01
 -0.36911E+01 -0.10598E+02 -0.10616E+02 -0.10563E+02 -0.11505E+02 -0.21466E+02
 -0.32847E+02 -0.45153E+02 -0.55683E+02 -0.61809E+02 -0.63463E+02 -0.63554E+02
 -0.63288E+02 -0.63309E+02 -0.63400E+02 -0.63988E+02 -0.63298E+02 -0.63319E+02
 -0.55030E+02 -0.39853E+02 -0.22404E+02 -0.68712E+01  0.73816E+01  0.19718E+02
  0.32977E+02  0.44531E+02  0.49908E+02  0.51733E+02  0.53630E+02  0.55453E+02
  0.57634E+02  0.53138E+02  0.43387E+02  0.33139E+02  0.22536E+02  0.11364E+02
  0.16135E+01 -0.21009E+01  0.24939E+01  0.70178E+01  0.11613E+02  0.17060E+02
  0.20732E+02  0.16024E+02  0.76222E+01 -0.24833E+01 -0.12305E+02 -0.21984E+02
 -0.30030E+02 -0.28345E+02 -0.22329E+02 -0.13969E+02 -0.36919E+01  0.22543E+01
 -0.39385E+00 -0.54552E+01 -0.12292E+02 -0.18775E+02 -0.23694E+02 -0.20517E+02
 -0.14712E+02 -0.81262E+01 -0.10423E+01  0.55442E+01  0.11279E+02  0.19286E+02
  0.18842E+02  0.11935E+02  0.27569E+01 -0.20888E+01  0.32913E+01  0.90983E+01
  0.15615E+02  0.20854E+02  0.27372E+02  0.30766E+02  0.29399E+02  0.27538E+02
  0.30149E+02  0.35958E+02  0.42760E+02  0.49137E+02  0.55870E+02  0.62744E+02
  0.68694E+02  0.67969E+02  0.63410E+02  0.56862E+02  0.46977E+02  0.37518E+02
  0.26638E+02  0.17178E+02  0.67970E+01 -0.33722E+01 -0.15175E+02 -0.25556E+02
 -0.35797E+02 -0.41704E+02 -0.46688E+02 -0.54442E+02 -0.63191E+02 -0.66754E+02
 -0.65773E+02 -0.64862E+02 -0.62034E+02 -0.61052E+02 -0.56733E+02 -0.53053E+02
 -0.46531E+02 -0.38022E+02 -0.28590E+02 -0.16529E+02 -0.39711E+01  0.97934E+01
  0.23700E+02  0.34696E+02  0.42211E+02  0.50792E+02  0.46092E+02  0.37984E+02
  0.28952E+02  0.18571E+02  0.87575E+01 -0.16237E+01 -0.12005E+02 -0.12657E+02
 -0.72717E+01 -0.89251E+00  0.42083E+01  0.34854E+01  0.98713E+00 -0.22917E+01
 -0.47192E+01 -0.80688E+01 -0.11419E+02 -0.13917E+02 -0.17268E+02 -0.20617E+02
 -0.20203E+02 -0.18795E+02 -0.17457E+02 -0.16048E+02 -0.17693E+02 -0.18487E+02
 -0.17645E+02 -0.15455E+02 -0.13407E+02 -0.20590E+02 -0.29904E+02 -0.40923E+02
 -0.42283E+02 -0.35688E+02 -0.28312E+02 -0.21434E+02 -0.85880E+01  0.61035E+01
  0.22642E+02  0.29522E+02  0.22484E+02  0.11326E+02  0.89038E+01  0.12802E+02
  0.17554E+02  0.22376E+02  0.27626E+02  0.32378E+02  0.38055E+02  0.40678E+02
  0.34921E+02  0.28810E+02  0.21279E+02  0.14246E+02  0.57205E+01 -0.64955E+01
 -0.17149E+02 -0.22121E+02 -0.23967E+02 -0.26311E+02 -0.28227E+02 -0.26166E+02
 -0.23110E+02 -0.22254E+02 -0.20475E+02 -0.19546E+02 -0.18760E+02 -0.14919E+02
 -0.91599E+01 -0.34012E+01  0.13661E+01  0.27945E+01  0.60719E+01  0.13112E+02
  0.19090E+02  0.21658E+02  0.20392E+02  0.17636E+02  0.14383E+02  0.11700E+02
  0.57495E+01 -0.39626E+01 -0.13533E+02 -0.22321E+02 -0.31960E+02 -0.36202E+02
 -0.28086E+02 -0.19116E+02 -0.92928E+01 -0.24522E+01  0.60232E+01  0.11657E+02
  0.14098E+02  0.16823E+02  0.19762E+02  0.25897E+02  0.28128E+02  0.28298E+02
  0.27050E+02  0.27720E+02  0.28462E+02  0.29134E+02  0.29379E+02  0.25720E+02
  0.21565E+02  0.16416E+02  0.13752E+02  0.13504E+02  0.13258E+02  0.12939E+02
  0.10278E+02  0.66235E+01  0.52425E+01  0.62049E+01  0.29784E+01  0.95885E+00
  0.20655E+01  0.60130E+01  0.10387E+02  0.14335E+02  0.18781E+02  0.22729E+02
  0.22204E+02  0.21324E+02  0.22859E+02  0.25389E+02  0.26923E+02  0.29879E+02
  0.28573E+02  0.22724E+02  0.13464E+02  0.93829E+00 -0.32782E+01 -0.70683E+01
 -0.94392E+01 -0.14153E+02 -0.16596E+02 -0.17829E+02 -0.17502E+02 -0.17885E+02
 -0.18409E+02 -0.18153E+02 -0.19105E+02 -0.19276E+02 -0.19944E+02 -0.17133E+02
 -0.13755E+02 -0.10447E+02 -0.62169E+01 -0.63908E+01 -0.74164E+01 -0.84432E+01
 -0.10820E+02 -0.13766E+02 -0.15718E+02 -0.18168E+02 -0.18700E+02 -0.18666E+02
 -0.17426E+02 -0.13558E+02 -0.14591E+02 -0.16619E+02 -0.18649E+02 -0.19614E+02
 -0.19727E+02 -0.23321E+02 -0.28194E+02 -0.33565E+02 -0.39720E+02 -0.42963E+02
 -0.37755E+02 -0.29922E+02 -0.20313E+02 -0.10138E+02  0.18826E+01  0.64453E+01
  0.92314E+01  0.11235E+02  0.19772E+02  0.30509E+02  0.41031E+02  0.48783E+02
  0.56037E+02  0.54838E+02  0.50656E+02  0.44696E+02  0.42145E+02  0.41581E+02
  0.42295E+02  0.42226E+02  0.38249E+02  0.26389E+02  0.15592E+02  0.10192E+02
  0.74890E+01  0.40036E+01  0.37687E+00 -0.31113E+01 -0.65994E+01 -0.95208E+01
 -0.11946E+02 -0.14372E+02 -0.16871E+02 -0.20791E+02 -0.26629E+02 -0.30409E+02
 -0.30141E+02 -0.29875E+02 -0.29184E+02 -0.28067E+02 -0.27377E+02 -0.27115E+02
 -0.26001E+02 -0.25315E+02 -0.23137E+02 -0.19114E+02 -0.14950E+02 -0.10361E+02
 -0.10601E+02 -0.17234E+02 -0.25856E+02 -0.35544E+02 -0.44097E+02 -0.49666E+02
 -0.52042E+02 -0.55198E+02 -0.57432E+02 -0.64141E+02 -0.66163E+02 -0.62788E+02
 -0.53164E+02 -0.43114E+02 -0.32425E+02 -0.21879E+02 -0.13747E+02 -0.88119E+01
 -0.91316E+01 -0.12150E+02 -0.12968E+02 -0.63300E+01  0.13039E+01  0.88650E+01
  0.17777E+02  0.26404E+02  0.35814E+02  0.44867E+02  0.54134E+02  0.61838E+02
  0.64216E+02  0.65671E+02  0.66345E+02  0.68368E+02  0.67054E+02  0.61835E+02
  0.56189E+02  0.50401E+02  0.44686E+02  0.38971E+02  0.33255E+02  0.26972E+02
  0.20690E+02  0.17390E+02  0.22188E+02  0.27695E+02  0.31784E+02  0.33386E+02
  0.34848E+02  0.36310E+02  0.36991E+02  0.37530E+02  0.39066E+02  0.39749E+02
  0.40788E+02  0.36074E+02  0.29303E+02  0.27005E+02  0.28402E+02  0.29800E+02
  0.29918E+02  0.28406E+02  0.26964E+02  0.22754E+02  0.16839E+02  0.10144E+02
  0.42310E+01 -0.24629E+01 -0.97949E+01 -0.19398E+02 -0.30351E+02 -0.42227E+02
 -0.52681E+02 -0.64483E+02 -0.70817E+02 -0.71610E+02 -0.71481E+02 -0.69857E+02
 -0.69726E+02 -0.68741E+02 -0.67116E+02 -0.66983E+02 -0.65926E+02 -0.65222E+02
 -0.64164E+02 -0.56499E+02 -0.45284E+02 -0.33641E+02 -0.21571E+02 -0.99277E+01
  0.22529E+00  0.29930E+01  0.19263E+01 -0.48915E+00 -0.24069E+01 -0.39690E+01
 -0.19797E+01  0.19276E+01  0.63325E+01  0.83955E+01  0.66935E+01  0.23645E+01
 -0.46690E-01  0.13081E+01  0.38700E+01  0.62904E+01  0.10557E+02  0.14469E+02
  0.18311E+02  0.26202E+02  0.35229E+02  0.42906E+02  0.51935E+02  0.54784E+02
  0.53160E+02  0.50258E+02  0.46362E+02  0.42963E+02  0.39920E+02  0.41352E+02
  0.44914E+02  0.44925E+02  0.39682E+02  0.32096E+02  0.23586E+02  0.15573E+02
  0.99759E+01  0.68645E+01  0.43911E+01  0.23454E+01 -0.10498E+01 -0.55101E+01
 -0.10965E+02 -0.16419E+02 -0.21873E+02 -0.27256E+02 -0.28945E+02 -0.27227E+02
 -0.26786E+02 -0.24996E+02 -0.21857E+02 -0.16657E+02 -0.12381E+02 -0.12224E+02
 -0.12493E+02 -0.13260E+02 -0.13600E+02 -0.15218E+02 -0.15488E+02 -0.16254E+02
 -0.17944E+02 -0.25599E+02 -0.36308E+02 -0.47443E+02 -0.55027E+02 -0.55226E+02
 -0.52655E+02 -0.46746E+02 -0.39985E+02 -0.33580E+02 -0.26819E+02 -0.20484E+02
 -0.13654E+02 -0.82427E+01 -0.53167E+01 -0.38841E+01 -0.23795E+01 -0.73334E+00
  0.42506E+01  0.10158E+02  0.16135E+02  0.21190E+02  0.27239E+02  0.31155E+02
  0.32801E+02  0.34872E+02  0.36871E+02  0.37593E+02  0.41651E+02  0.46492E+02
  0.50977E+02  0.55460E+02  0.60511E+02  0.61445E+02  0.58542E+02  0.52303E+02
  0.40806E+02  0.33074E+02  0.25981E+02  0.19313E+02  0.13570E+02  0.69722E+01
  0.16534E+01 -0.59387E+01 -0.15021E+02 -0.23182E+02 -0.32195E+02 -0.37443E+02
 -0.37010E+02 -0.36579E+02 -0.37781E+02 -0.38556E+02 -0.40113E+02 -0.42665E+02
 -0.45857E+02 -0.46278E+02 -0.47055E+02 -0.39949E+02 -0.30642E+02 -0.19133E+02
 -0.12525E+02 -0.10677E+02 -0.96789E+01 -0.91790E+01 -0.72585E+01 -0.48419E+01
 -0.23548E+01  0.13272E+00  0.25489E+01  0.49650E+01  0.83038E+01  0.13631E+02
  0.17325E+02  0.19811E+02  0.16615E+02  0.10295E+02  0.39024E+01 -0.28441E+01
 -0.10088E+02 -0.15842E+02 -0.21666E+02 -0.26923E+02 -0.27847E+02 -0.24298E+02
 -0.19896E+02 -0.14643E+02 -0.10242E+02 -0.44914E+01  0.13294E+01  0.90681E+01
  0.16309E+02  0.22627E+02  0.26316E+02  0.25816E+02  0.23398E+02  0.21477E+02
  0.21616E+02  0.22748E+02  0.27218E+02  0.32682E+02  0.37223E+02  0.36153E+02
  0.34586E+02  0.31243E+02  0.29321E+02  0.26829E+02  0.24338E+02  0.20568E+02
  0.19214E+02  0.21764E+02  0.24244E+02  0.27575E+02  0.29201E+02  0.26497E+02
  0.22015E+02  0.16610E+02  0.12129E+02  0.67956E+01  0.89339E+00 -0.35886E+01
 -0.45199E+01 -0.17584E+01  0.14290E+01  0.50424E+01  0.73771E+01  0.65872E+01
  0.34529E+01 -0.10733E+00 -0.51592E+01 -0.79387E+01 -0.80907E+01 -0.10018E+02
 -0.92475E+01 -0.87610E+01 -0.10050E+02 -0.12263E+02 -0.15256E+02 -0.17398E+02
 -0.19966E+02 -0.22038E+02 -0.25103E+02 -0.27317E+02 -0.30312E+02 -0.32525E+02
 -0.36515E+02 -0.40008E+02 -0.44069E+02 -0.47704E+02 -0.48143E+02 -0.46523E+02
 -0.44831E+02 -0.42714E+02 -0.40242E+02 -0.37131E+02 -0.32529E+02 -0.27145E+02
 -0.22045E+02 -0.17515E+02 -0.12415E+02 -0.69607E+01 -0.18611E+01  0.26693E+01
  0.81226E+01  0.99561E+01  0.81657E+01  0.50275E+01  0.33093E+01  0.66682E+00
 -0.16914E+01  0.99350E+00  0.48861E+01  0.92758E+01  0.14019E+02  0.19261E+02
  0.23651E+02  0.24916E+02  0.23056E+02  0.20699E+02  0.18414E+02  0.16058E+02
  0.13773E+02  0.11346E+02  0.94868E+01  0.81261E+01  0.63390E+01  0.55465E+01
  0.46121E+01  0.36781E+01  0.28153E+01  0.19529E+01  0.10197E+01  0.15783E+00
  0.19241E+01  0.34066E+01  0.48183E+01  0.58039E+01  0.67903E+01  0.87009E+01
  0.96873E+01  0.10676E+02  0.15568E+02  0.21529E+02  0.23511E+02  0.24146E+02
  0.24923E+02  0.25201E+02  0.26690E+02  0.27396E+02  0.29453E+02  0.31296E+02
  0.28383E+02  0.24617E+02  0.20781E+02  0.17016E+02  0.11831E+02  0.80674E+01
  0.42327E+01  0.30978E+01  0.16787E+01 -0.25802E+01 -0.87568E+01 -0.13939E+02
 -0.20966E+02 -0.27994E+02 -0.34380E+02 -0.36010E+02 -0.37780E+02 -0.42532E+02
 -0.44302E+02 -0.42591E+02 -0.38182E+02 -0.33843E+02 -0.30781E+02 -0.26370E+02
 -0.23946E+02 -0.22873E+02 -0.21372E+02 -0.19942E+02 -0.16027E+02 -0.93405E+01
 -0.25120E+01  0.47428E+01  0.88732E+01  0.90266E+01  0.83284E+01  0.77019E+01
  0.91352E+01  0.11136E+02  0.13990E+02  0.15922E+02  0.17923E+02  0.20211E+02
  0.24059E+02  0.25992E+02  0.27214E+02  0.27584E+02  0.28310E+02  0.29177E+02
  0.28624E+02  0.26794E+02  0.25318E+02  0.23488E+02  0.21657E+02  0.19401E+02
  0.17571E+02  0.16238E+02  0.15828E+02  0.15491E+02  0.15579E+02  0.15737E+02
  0.17103E+02  0.21523E+02  0.24736E+02  0.28801E+02  0.28391E+02  0.19958E+02
  0.10316E+02 -0.24950E+00 -0.98909E+01 -0.17189E+02 -0.20440E+02 -0.21347E+02
 -0.22822E+02 -0.23729E+02 -0.25205E+02 -0.26041E+02 -0.27020E+02 -0.28495E+02
 -0.29404E+02 -0.31803E+02 -0.32214E+02 -0.31773E+02 -0.31191E+02 -0.30253E+02
 -0.29245E+02 -0.27811E+02 -0.26803E+02 -0.24943E+02 -0.23510E+02 -0.21651E+02
 -0.19367E+02 -0.16016E+02 -0.13164E+02 -0.12442E+02 -0.12644E+02 -0.13698E+02
 -0.15321E+02 -0.20851E+02 -0.25812E+02 -0.27364E+02 -0.27142E+02 -0.26920E+02
 -0.24284E+02 -0.18736E+02 -0.13543E+02 -0.71443E+01 -0.45093E+01 -0.27980E+01
 -0.73193E+00  0.11206E+01  0.27605E+01  0.43989E+01  0.68900E+01  0.90969E+01
  0.14143E+02  0.20752E+02  0.26366E+02  0.29353E+02  0.33261E+02  0.36816E+02
  0.39801E+02  0.40868E+02  0.40087E+02  0.39663E+02  0.38813E+02  0.37961E+02
  0.37464E+02  0.34624E+02  0.32280E+02  0.29438E+02  0.29083E+02  0.30786E+02
  0.31068E+02  0.29220E+02  0.25879E+02  0.21900E+02  0.16784E+02  0.12875E+02
  0.80420E+01  0.42024E+01 -0.20432E+00 -0.14863E+01 -0.19183E+01 -0.36267E+01
 -0.65435E+01 -0.10811E+02 -0.15504E+02 -0.20695E+02 -0.25531E+02 -0.30295E+02
 -0.31935E+02 -0.32298E+02 -0.29180E+02 -0.24856E+02 -0.20887E+02 -0.17842E+02
 -0.15932E+02 -0.14805E+02 -0.13749E+02 -0.14114E+02 -0.17887E+02 -0.22584E+02
 -0.28985E+02 -0.31055E+02 -0.25597E+02 -0.17298E+02 -0.71531E+01 -0.18371E+01
  0.42353E+00  0.26141E+01  0.44498E+01  0.57876E+01  0.80476E+01  0.10024E+02
  0.12215E+02  0.13551E+02  0.14890E+02  0.16155E+02  0.16567E+02  0.17835E+02
  0.18178E+02  0.20010E+02  0.19784E+02  0.17712E+02  0.15640E+02  0.12644E+02
  0.96485E+01  0.51612E+01  0.67385E+00 -0.43098E+01 -0.88678E+01 -0.11367E+02
 -0.13865E+02 -0.15370E+02 -0.17016E+02 -0.18022E+02 -0.19597E+02 -0.21172E+02
 -0.22819E+02 -0.20843E+02 -0.17162E+02 -0.13481E+02 -0.89479E+01 -0.52665E+01
 -0.15146E+01  0.26651E+01  0.63463E+01  0.65478E+01  0.58273E+01  0.42533E+01
  0.21836E+01 -0.26559E+01 -0.48677E+01 -0.53740E+01 -0.50289E+01 -0.51088E+01
 -0.46923E+01 -0.43459E+01 -0.44251E+01 -0.40772E+01 -0.36600E+01 -0.38085E+01
 -0.33899E+01 -0.29698E+01 -0.31183E+01 -0.27697E+01 -0.22783E+01 -0.18568E+01
 -0.20039E+01  0.12234E+00  0.18222E+01  0.21022E+01  0.32354E+01  0.43693E+01
  0.47219E+01  0.59273E+01  0.70620E+01  0.81978E+01  0.85518E+01  0.96880E+01
  0.10895E+02  0.12032E+02  0.12388E+02  0.13526E+02  0.14735E+02  0.13318E+02
  0.11829E+02  0.95601E+01  0.71495E+01  0.53075E+01  0.43897E+01  0.29741E+01
  0.11328E+01 -0.28074E+00 -0.12693E+01 -0.26107E+01 -0.44506E+01 -0.39443E+01
 -0.38651E+01 -0.32881E+01 -0.26397E+01 -0.19912E+01 -0.28320E+01 -0.39584E+01
 -0.51548E+01 -0.62798E+01 -0.79726E+01 -0.91678E+01 -0.10291E+02 -0.11415E+02
 -0.13035E+02 -0.13732E+02 -0.11801E+02 -0.97985E+01 -0.65170E+01 -0.37327E+01
 -0.17289E+01  0.16242E+01  0.44095E+01  0.63435E+01  0.96966E+01  0.12554E+02
  0.14559E+02  0.17843E+02  0.20699E+02  0.21711E+02  0.23007E+02  0.24942E+02
  0.25456E+02  0.27321E+02  0.28687E+02  0.29699E+02  0.30498E+02  0.29450E+02
  0.27977E+02  0.26858E+02  0.24959E+02  0.23485E+02  0.22367E+02  0.20892E+02
  0.19774E+02  0.18726E+02  0.18175E+02  0.17127E+02  0.15724E+02  0.12474E+02
  0.75194E+01  0.24226E+01 -0.25323E+01 -0.74876E+01 -0.12869E+02 -0.16049E+02
 -0.18449E+02 -0.19854E+02 -0.21331E+02 -0.22736E+02 -0.24213E+02 -0.26117E+02
 -0.27596E+02 -0.29003E+02 -0.30410E+02 -0.31392E+02 -0.32588E+02 -0.36411E+02
 -0.39667E+02 -0.42639E+02 -0.46393E+02 -0.43542E+02 -0.39415E+02 -0.33937E+02
 -0.29951E+02 -0.26890E+02 -0.22977E+02 -0.20413E+02 -0.17423E+02 -0.14932E+02
 -0.12441E+02 -0.85301E+01 -0.59680E+01 -0.34083E+01 -0.33333E+01 -0.36147E+01
 -0.38960E+01 -0.46759E+01 -0.50296E+01 -0.61650E+01 -0.64487E+01 -0.68040E+01
 -0.80118E+01 -0.88650E+01 -0.10571E+02 -0.12420E+02 -0.13347E+02 -0.14343E+02
 -0.15342E+02 -0.14848E+02 -0.13362E+02 -0.11449E+02 -0.64832E+01  0.33112E+01
  0.11827E+02  0.22473E+02  0.31840E+02  0.41704E+02  0.47518E+02  0.48930E+02
  0.48141E+02  0.46710E+02  0.46274E+02  0.44844E+02  0.43484E+02  0.42549E+02
  0.41188E+02  0.39756E+02  0.39317E+02  0.37813E+02  0.35458E+02  0.32177E+02
  0.28825E+02  0.23769E+02  0.18642E+02  0.12733E+02  0.49769E+01 -0.22828E+01
 -0.99679E+01 -0.17725E+02 -0.25411E+02 -0.33168E+02 -0.36523E+02 -0.39949E+02
 -0.42380E+02 -0.41901E+02 -0.40427E+02 -0.38528E+02 -0.33575E+02 -0.27272E+02
 -0.21396E+02 -0.15094E+02 -0.12770E+02 -0.10871E+02 -0.93993E+01 -0.75012E+01
 -0.70241E+01 -0.85353E+01 -0.85548E+01 -0.61602E+01 -0.28431E+01  0.54532E+00
  0.35075E+01  0.49070E+01  0.53834E+01  0.62858E+01  0.59094E+01  0.85871E+01
  0.11691E+02  0.15291E+02  0.19246E+02  0.21497E+02  0.22826E+02  0.22662E+02
  0.22570E+02  0.22476E+02  0.22313E+02  0.21722E+02  0.21488E+02  0.21395E+02
  0.21231E+02  0.21138E+02  0.18417E+02  0.14276E+02  0.97804E+01  0.61367E+01
  0.24925E+01 -0.19325E+01 -0.56475E+01 -0.73024E+01 -0.94550E+01 -0.97608E+01
 -0.82912E+01 -0.68925E+01 -0.45704E+01 -0.22484E+01  0.73828E-01  0.14020E+01
  0.37951E+01  0.50529E+01  0.54575E+01  0.49394E+01  0.47762E+01  0.51108E+01
  0.55875E+01  0.59221E+01  0.49077E+01  0.43906E+01  0.21691E+01  0.72910E+00
 -0.19892E+01 -0.42811E+01 -0.57206E+01 -0.79411E+01 -0.98062E+01 -0.12097E+02
 -0.13465E+02 -0.15755E+02 -0.18045E+02 -0.18844E+02 -0.20708E+02 -0.21647E+02
 -0.22943E+02 -0.23740E+02 -0.25602E+02 -0.26470E+02 -0.28190E+02 -0.30051E+02
 -0.30846E+02 -0.32707E+02 -0.33146E+02 -0.34864E+02 -0.35872E+02 -0.37659E+02
 -0.38523E+02 -0.35906E+02 -0.31515E+02 -0.26269E+02 -0.21450E+02 -0.18760E+02
 -0.17988E+02 -0.16150E+02 -0.14311E+02 -0.12968E+02 -0.10277E+02 -0.90050E+01
 -0.71632E+01 -0.43985E+01 -0.30532E+01 -0.12102E+01  0.15567E+01  0.29039E+01
  0.47487E+01  0.70197E+01  0.88669E+01  0.10714E+02  0.12916E+02  0.14765E+02
  0.18389E+02  0.27625E+02  0.39986E+02  0.51922E+02  0.63432E+02  0.69688E+02
  0.71044E+02  0.72046E+02  0.72552E+02  0.70644E+02  0.67600E+02  0.64698E+02
  0.61799E+02  0.58898E+02  0.56000E+02  0.53458E+02  0.49424E+02  0.42196E+02
  0.36459E+02  0.28522E+02  0.21934E+02  0.14779E+02  0.81232E+01  0.16094E+01
 -0.55432E+01 -0.96419E+01 -0.11821E+02 -0.14497E+02 -0.16747E+02 -0.18995E+02
 -0.21599E+02 -0.23916E+02 -0.26021E+02 -0.26137E+02 -0.23907E+02 -0.20328E+02
 -0.14832E+02 -0.15086E+02 -0.17471E+02 -0.20780E+02 -0.25010E+02 -0.25687E+02
 -0.23667E+02 -0.23208E+02 -0.23175E+02 -0.23567E+02 -0.23532E+02 -0.23143E+02
 -0.23108E+02 -0.23569E+02 -0.23532E+02 -0.22644E+02 -0.23103E+02 -0.23065E+02
 -0.23453E+02 -0.22633E+02 -0.23091E+02 -0.23052E+02 -0.23508E+02 -0.23468E+02
 -0.21084E+02 -0.19124E+02 -0.17663E+02 -0.14781E+02 -0.11826E+02 -0.85875E+01
 -0.57742E+01 -0.43826E+01 -0.30603E+01 -0.25908E+01 -0.18363E+01 -0.13654E+01
 -0.13915E+01 -0.13915E+00  0.33227E+00  0.11592E+01  0.15601E+01  0.16061E+01
  0.29308E+01  0.33323E+01  0.41603E+01  0.45623E+01  0.63137E+01  0.76395E+01
  0.98179E+01  0.11499E+02  0.12824E+02  0.14506E+02  0.15832E+02  0.17514E+02
  0.19763E+02  0.21019E+02  0.22700E+02  0.24951E+02  0.25780E+02  0.27959E+02
  0.30138E+02  0.29689E+02  0.28104E+02  0.25596E+02  0.23159E+02  0.21218E+02
  0.18284E+02  0.16344E+02  0.13409E+02  0.11469E+02  0.93148E+01  0.69479E+01
  0.49358E+01  0.20719E+01  0.58699E-01 -0.27351E+01 -0.52453E+01 -0.81819E+01
 -0.10337E+02 -0.13274E+02 -0.16283E+02 -0.19291E+02 -0.22229E+02 -0.25310E+02
 -0.27326E+02 -0.30337E+02 -0.33347E+02 -0.39201E+02 -0.44272E+02 -0.50622E+02
 -0.53565E+02 -0.53738E+02 -0.54053E+02 -0.54300E+02 -0.53693E+02 -0.52023E+02
 -0.48435E+02 -0.44779E+02 -0.41620E+02 -0.37610E+02 -0.34452E+02 -0.29947E+02
 -0.26792E+02 -0.23638E+02 -0.19135E+02 -0.14208E+02 -0.67253E+01 -0.25105E-01
  0.71710E+01  0.14721E+02  0.21346E+02  0.28040E+02  0.35515E+02  0.42703E+02
  0.50174E+02  0.56863E+02  0.61774E+02  0.62208E+02  0.62712E+02  0.62363E+02
  0.62010E+02  0.60591E+02  0.58246E+02  0.55473E+02  0.52200E+02  0.49351E+02
  0.46572E+02  0.44144E+02  0.43275E+02  0.43400E+02  0.43947E+02  0.43142E+02
  0.41482E+02  0.39321E+02  0.36732E+02  0.34636E+02  0.32111E+02  0.30791E+02
  0.28188E+02  0.25725E+02  0.23540E+02  0.20998E+02  0.19731E+02  0.17109E+02
  0.13064E+02  0.85172E+01  0.38962E+01  0.26376E+00 -0.42957E+01 -0.89309E+01
 -0.13499E+02 -0.18073E+02 -0.22225E+02 -0.26027E+02 -0.28839E+02 -0.31657E+02
 -0.35403E+02 -0.38160E+02 -0.41064E+02 -0.43051E+02 -0.45044E+02 -0.46190E+02
 -0.47271E+02 -0.48501E+02 -0.49594E+02 -0.49272E+02 -0.47962E+02 -0.46731E+02
 -0.45507E+02 -0.43294E+02 -0.39100E+02 -0.35410E+02 -0.31372E+02 -0.27695E+02
 -0.23103E+02 -0.19441E+02 -0.15361E+02 -0.11715E+02 -0.75785E+01 -0.21719E+01
  0.17239E+00  0.45014E+00  0.15117E+00  0.26997E+00 -0.89789E+00 -0.79600E+00
 -0.19809E+01 -0.18252E+01 -0.30988E+01 -0.28899E+01 -0.41814E+01 -0.22864E+01
 -0.11646E+00  0.40326E+01  0.90955E+01  0.13652E+02  0.17345E+02  0.21881E+02
  0.26479E+02  0.31421E+02  0.35927E+02  0.39571E+02  0.44056E+02  0.47252E+02
