           fn  Chile Earthquake, 3 March 85, processed in Chile, Vina del Mar   
   4000    2.50000E-02  0  0  0.  0.  0.  0.  0.
 -0.57658E+00  0.40314E+01  0.56943E+01 -0.29797E+01 -0.72634E+01 -0.13634E+02
 -0.22063E+02 -0.20737E+02 -0.13760E+02 -0.17849E+02 -0.17874E+02 -0.28903E+01
  0.71416E+01  0.11354E+02  0.18561E+02  0.34691E+02  0.39911E+02  0.28834E+02
  0.21049E+02  0.18466E+02  0.15568E+02  0.12511E+02  0.10313E+02  0.76136E+01
 -0.47055E+01 -0.15874E+02 -0.20592E+02 -0.18904E+02 -0.95251E+01  0.29605E+01
  0.13135E+02  0.11907E+02 -0.91500E+00 -0.97087E+01 -0.50875E+01  0.53575E+01
  0.11452E+02  0.22443E+01 -0.91900E+01 -0.14172E+01 -0.18319E+01 -0.88338E+00
  0.13930E+01 -0.80132E+01  0.89174E+00  0.53239E+01 -0.57631E+01 -0.85447E+01
 -0.31346E+01 -0.58592E+01 -0.88811E+01  0.42391E+01  0.98786E+01  0.88813E+01
  0.13149E+02  0.22216E+01 -0.86838E+01 -0.35891E+01  0.18574E+01  0.50615E+01
  0.32606E+01  0.82053E+00  0.42066E+01  0.13289E+01 -0.79011E+01 -0.10074E+02
 -0.56305E+01 -0.63888E+01 -0.15824E+02 -0.25456E+02 -0.33931E+02 -0.31451E+02
 -0.16310E+02  0.10791E+01  0.12684E+02  0.83611E+01  0.20675E+00  0.34323E+01
  0.66969E+01  0.42320E+01  0.37153E+01  0.75222E+01  0.98328E+01  0.69171E+01
 -0.14204E+02 -0.28118E+02 -0.18576E+02 -0.10775E+02  0.65058E+01  0.22365E+02
  0.20187E+02  0.13817E+02  0.13384E+02  0.17281E+02  0.17279E+02  0.79350E+01
 -0.59503E+01 -0.24434E+01  0.80736E+01 -0.31147E+01 -0.29395E+02 -0.35558E+02
 -0.11597E+02 -0.85738E+00 -0.17736E+02 -0.25346E+02 -0.10208E+02  0.14438E+02
  0.37727E+02  0.30606E+02  0.10093E+02  0.11227E+02  0.81837E+01  0.12169E+00
  0.17848E+02  0.29212E+02  0.93793E+01 -0.16758E+02 -0.31210E+02 -0.23390E+02
 -0.23179E+01  0.12537E+02  0.23112E+02  0.28613E+02  0.18111E+02  0.72436E+01
  0.92857E+01  0.15744E+02  0.11647E+02  0.14582E+02  0.17106E+02  0.26036E+01
 -0.99863E+01 -0.64177E+00  0.66981E+01 -0.10370E+02 -0.20495E+02 -0.34559E+02
 -0.54211E+02 -0.38054E+02 -0.23838E+02 -0.28122E+02 -0.77451E+01  0.27395E+02
  0.36765E+02  0.24073E+02  0.22696E+02  0.29826E+02  0.33744E+01 -0.13624E+02
  0.83153E+01  0.16053E+01 -0.29749E+02 -0.29002E+02 -0.10958E+02 -0.90539E+01
 -0.14964E+02 -0.17216E+02 -0.12737E+02  0.96155E+01  0.27815E+02  0.11764E+02
 -0.30601E+01 -0.28071E+01 -0.31178E+02 -0.43018E+02 -0.10681E+02  0.64302E+01
  0.22479E+01  0.33324E+01  0.79482E+01  0.26734E+02  0.48056E+02  0.48354E+02
  0.33478E+02  0.27781E+02  0.26084E+02  0.17176E+02  0.12845E+01 -0.14739E+02
 -0.26471E+02 -0.27093E+02 -0.31147E+02 -0.26955E+02 -0.93477E+01 -0.11276E+02
 -0.15717E+02  0.55120E+01  0.22086E+02  0.25297E+02  0.14858E+02 -0.59148E+01
 -0.15726E+02 -0.20032E+02 -0.12906E+02  0.12486E+02  0.17231E+02  0.89733E+00
 -0.51399E+01 -0.52785E+01 -0.97941E+01 -0.18722E+02 -0.21258E+02 -0.13893E+02
 -0.46506E+01  0.10047E+02  0.11792E+02 -0.47491E+01 -0.10454E+02 -0.14589E+02
 -0.27574E+02 -0.28417E+02 -0.75792E+01  0.23788E+02  0.41254E+02  0.20916E+02
 -0.78575E+01 -0.17516E+02 -0.83028E+01  0.44427E+01  0.52679E+01 -0.77077E+01
 -0.15436E+02 -0.39612E+01 -0.30348E+01 -0.24044E+02 -0.16787E+02  0.79075E+01
  0.41090E+01  0.74453E+01  0.28540E+02  0.25915E+02  0.22780E+02  0.27159E+02
  0.10338E+02  0.15218E+02  0.27248E+02  0.71920E+01  0.20292E+00  0.56674E+01
 -0.58612E+01 -0.16326E+02 -0.37852E+02 -0.56383E+02 -0.24224E+02  0.50986E+00
 -0.23438E+02 -0.26586E+02  0.15337E+02  0.32413E+02  0.14520E+02  0.31618E+02
  0.46249E+02  0.38428E+02  0.53295E+02  0.61676E+02  0.10357E+02 -0.13407E+02
  0.14293E+02  0.10928E+02 -0.34634E+02 -0.54082E+02 -0.52315E+02 -0.62363E+02
 -0.45063E+02 -0.23568E+02 -0.38145E+02 -0.52621E+02 -0.41489E+02 -0.62124E+01
  0.22286E+02  0.24572E+02  0.30623E+02  0.30532E+02  0.19848E+02  0.15908E+02
  0.19287E+02  0.29860E+02  0.32796E+02  0.40811E+02  0.24846E+02 -0.13588E+02
 -0.19977E+02 -0.11623E+02 -0.23702E+02 -0.17615E+02 -0.98497E+01 -0.25793E+02
 -0.14592E+02  0.21252E+01  0.61313E+01  0.74263E+01 -0.41845E+01 -0.13367E+02
 -0.13897E+02 -0.51463E+01 -0.80023E+01 -0.36036E+01  0.71481E+01 -0.31127E+01
  0.21301E+02  0.65426E+02  0.50778E+02  0.21587E+02  0.14950E+02  0.11918E+02
  0.90630E+01  0.16920E+02  0.24588E+02  0.53746E+01 -0.16986E+02 -0.41675E+02
 -0.75952E+02 -0.72218E+02 -0.42507E+02 -0.25960E+02 -0.91931E+01 -0.32246E+00
  0.23899E+00  0.20539E+02  0.55779E+02  0.71636E+02  0.53941E+02  0.47779E+02
  0.49625E+02  0.31335E+02  0.10791E+02  0.78786E+01 -0.44901E+01 -0.19809E+02
 -0.26747E+02 -0.67548E+02 -0.89082E+02 -0.68418E+02 -0.42340E+02 -0.24984E+02
 -0.10561E+02 -0.12336E+02  0.20567E+01  0.40551E+02  0.54281E+02  0.41019E+02
  0.64632E+02  0.94623E+02  0.49464E+02 -0.10431E+02 -0.12646E+02  0.17119E+01
  0.38021E+00 -0.31776E+02 -0.64258E+02 -0.57377E+02 -0.36220E+02 -0.29505E+02
 -0.32278E+02 -0.10359E+02  0.25419E+02  0.30773E+02  0.98318E+01  0.67677E+01
  0.12239E+02  0.21629E+02  0.24274E+02  0.29630E+02  0.67539E+01 -0.28130E+02
 -0.30804E+02 -0.19355E+02 -0.27541E+02 -0.31537E+02  0.48981E+01  0.72779E+01
 -0.13662E+02 -0.82660E+01 -0.14578E+02 -0.18597E+02 -0.47871E+01  0.60139E+01
  0.26206E+02  0.57317E+02  0.54239E+02  0.56150E+01 -0.11427E+02  0.26620E+02
  0.53739E+02  0.41460E+02  0.15449E+02  0.71227E+01  0.34929E+00 -0.13974E+02
 -0.45163E+02 -0.54496E+02 -0.28638E+02 -0.40896E+02 -0.47419E+02 -0.14616E+02
 -0.98907E+01 -0.16433E+02  0.23532E+02  0.48038E+02  0.13527E+02  0.18362E+02
  0.43365E+02  0.45945E+01 -0.12925E+02  0.84019E+01 -0.54695E+01 -0.28023E+02
 -0.31052E+02 -0.54571E+02 -0.68968E+02 -0.27151E+02 -0.14241E+02 -0.22524E+02
 -0.27690E+01  0.60274E+01 -0.29332E+01  0.34599E+00 -0.33771E+01  0.62831E+01
  0.46993E+02  0.45922E+02  0.36901E+02  0.56370E+02  0.34161E+02 -0.58350E+01
  0.88681E+01 -0.23998E+02 -0.82062E+02 -0.33892E+02  0.95629E+01  0.31933E+01
  0.18591E+02  0.25088E+02 -0.10599E+02 -0.29840E+01  0.21507E+02  0.32244E+01
 -0.71120E+01  0.16989E+02  0.17106E+02  0.93618E-01 -0.43156E+02 -0.70071E+02
 -0.24305E+02  0.49816E+01 -0.17152E+02  0.41344E+01  0.41585E+02  0.45854E+02
  0.48482E+02  0.55939E+02  0.55845E+02  0.46422E+02  0.49864E+02  0.55147E+02
  0.59001E+02  0.43151E+02  0.55448E+02  0.74962E+02  0.18620E+02 -0.40027E+02
 -0.67980E+02 -0.79324E+02 -0.76815E+02 -0.77379E+02 -0.11970E+03 -0.13895E+03
 -0.81503E+02 -0.70269E+02 -0.10196E+03 -0.65610E+02 -0.36104E+02 -0.84573E+00
  0.56988E+02  0.81438E+02  0.70226E+02  0.79738E+02  0.44857E+02 -0.10572E+02
  0.16641E+02  0.46910E+02  0.30745E+02  0.31961E+01 -0.99010E+01 -0.11962E+02
 -0.32688E+02 -0.47711E+02 -0.21109E+02  0.16860E+02  0.33988E+02  0.12567E+02
  0.17278E+02 -0.13821E+02 -0.82316E+02 -0.60321E+02  0.23674E+01  0.22704E+02
  0.23370E+02  0.31457E+02 -0.31640E+02 -0.92007E+02 -0.22251E+02  0.61880E+02
  0.75035E+02  0.69526E+02  0.69107E+02  0.36772E+02  0.59943E+02  0.13540E+03
  0.10676E+03  0.29184E+02  0.17734E+02  0.26504E+02  0.20282E+02  0.13014E+02
 -0.12747E+02 -0.28977E+02 -0.23959E+02  0.18315E+02 -0.97190E+01 -0.14416E+03
 -0.18062E+03 -0.11610E+03 -0.77906E+02 -0.65375E+02 -0.32177E+02  0.70986E+01
  0.56766E+02  0.16673E+03  0.19592E+03  0.11764E+03  0.11102E+03  0.14249E+03
  0.92195E+02 -0.12805E+02 -0.38208E+02 -0.15752E+02 -0.11130E+02 -0.69704E+02
 -0.23207E+03 -0.31699E+03 -0.16589E+03  0.55929E+02  0.79040E+02 -0.47479E+02
 -0.10068E+03 -0.66876E+02 -0.43254E+01  0.11290E+02  0.46238E+02  0.12494E+03
  0.20661E+03  0.24742E+03  0.15684E+03  0.44754E+02  0.93324E+01 -0.31201E+02
 -0.78634E+02 -0.83296E+02 -0.83574E+02 -0.11468E+03 -0.15587E+03 -0.20223E+03
 -0.23083E+03 -0.22394E+03 -0.18435E+03 -0.73782E+02  0.66702E+02  0.14665E+03
  0.10143E+03  0.45066E+02  0.33390E+02  0.76746E+02  0.15421E+03  0.21138E+03
  0.21002E+03  0.19015E+03  0.76538E+02 -0.54040E+02 -0.86366E+01  0.16642E+01
 -0.24521E+02  0.39351E+01 -0.39908E+02 -0.17480E+03 -0.24862E+03 -0.17514E+03
 -0.76690E+02  0.17246E+02  0.10102E+03  0.95287E+02  0.82177E+01 -0.18158E+02
  0.41422E+02  0.14219E+03  0.17237E+03  0.16160E+03  0.19868E+03  0.21881E+03
  0.21887E+03  0.14725E+03 -0.38639E+02 -0.17256E+03 -0.23115E+03 -0.33923E+03
 -0.36957E+03 -0.30950E+03 -0.26185E+03 -0.18801E+03 -0.19361E+03 -0.27509E+03
 -0.16873E+03  0.10250E+03  0.22184E+03  0.28670E+03  0.47658E+03  0.61832E+03
  0.59830E+03  0.42050E+03  0.20338E+03  0.55487E+02 -0.44095E+02 -0.16316E+03
 -0.28385E+03 -0.36351E+03 -0.49396E+03 -0.58162E+03 -0.45953E+03 -0.38516E+03
 -0.38035E+03 -0.20954E+03 -0.53196E+02 -0.43723E+02  0.59381E+02  0.26062E+03
  0.45303E+03  0.60142E+03  0.65042E+03  0.68791E+03  0.49759E+03  0.14145E+03
 -0.48073E+00  0.64206E+01  0.39027E+02  0.34994E+01 -0.17124E+03 -0.39238E+03
 -0.49198E+03 -0.46692E+03 -0.43216E+03 -0.41002E+03 -0.32888E+03 -0.21649E+03
 -0.55161E+02  0.14099E+03  0.29225E+03  0.38136E+03  0.38660E+03  0.43091E+03
  0.44636E+03  0.30785E+03  0.27585E+03  0.34317E+03  0.27931E+03  0.11742E+03
 -0.31954E+00 -0.11173E+03 -0.22346E+03 -0.30995E+03 -0.49500E+03 -0.77873E+03
 -0.93351E+03 -0.85174E+03 -0.68990E+03 -0.48794E+03 -0.23307E+03 -0.68250E+02
  0.28192E+02  0.18830E+03  0.38592E+03  0.57194E+03  0.69606E+03  0.67208E+03
  0.66197E+03  0.72855E+03  0.78250E+03  0.77761E+03  0.64576E+03  0.43910E+03
  0.28385E+03  0.22992E+03  0.77865E+02 -0.17421E+03 -0.32598E+03 -0.40346E+03
 -0.52013E+03 -0.66081E+03 -0.77621E+03 -0.80937E+03 -0.80232E+03 -0.84517E+03
 -0.77114E+03 -0.54591E+03 -0.31579E+03 -0.15599E+03 -0.24112E+03 -0.24989E+03
  0.74682E+02  0.45297E+03  0.62904E+03  0.51557E+03  0.45713E+03  0.59999E+03
  0.77046E+03  0.91460E+03  0.87109E+03  0.63463E+03  0.45606E+03  0.45908E+03
  0.30607E+03 -0.51116E+02 -0.24031E+03 -0.32756E+03 -0.43616E+03 -0.43786E+03
 -0.39263E+03 -0.48276E+03 -0.62665E+03 -0.57020E+03 -0.49145E+03 -0.55320E+03
 -0.54333E+03 -0.29057E+03  0.64816E+02  0.25169E+03  0.18284E+03  0.67034E+02
  0.16541E+03  0.36250E+03  0.60144E+03  0.63686E+03  0.23777E+03 -0.41569E+02
  0.95849E+02  0.24180E+03  0.91658E+02 -0.11827E+03 -0.20894E+03 -0.98316E+02
 -0.73443E+02 -0.21147E+03 -0.15852E+03  0.13923E+02  0.73533E+02  0.77947E+02
  0.56583E+02 -0.56066E+02 -0.16877E+03 -0.21788E+03 -0.28262E+03 -0.35007E+03
 -0.31178E+03 -0.20704E+03 -0.35801E+02  0.36131E+02 -0.90744E+02 -0.13850E+03
 -0.10444E+03 -0.10840E+03 -0.59059E+02  0.14623E+03  0.33981E+03  0.41217E+03
  0.44181E+03  0.42943E+03  0.36038E+03  0.29717E+03  0.26762E+03  0.17521E+03
 -0.25605E+01 -0.13361E+03 -0.66927E+02  0.11475E+02 -0.10005E+03 -0.23871E+02
  0.18244E+03  0.96124E+01 -0.28843E+03 -0.45793E+03 -0.39376E+03 -0.11079E+03
  0.11969E+03  0.27314E+03  0.31118E+03  0.24353E+03  0.27484E+03  0.25747E+03
  0.67921E+02  0.67320E+02  0.16861E+03 -0.11717E+02 -0.26772E+03 -0.34455E+03
 -0.31574E+03 -0.25894E+03 -0.22962E+03 -0.25138E+03 -0.24369E+03 -0.18986E+03
 -0.26995E+03 -0.36988E+03 -0.43995E+03 -0.52046E+03 -0.40037E+03 -0.32287E+02
  0.27899E+03  0.36550E+03  0.30741E+03  0.30634E+03  0.40181E+03  0.40993E+03
  0.45204E+03  0.71643E+03  0.45933E+03 -0.17796E+03 -0.34167E+03 -0.19203E+03
 -0.20817E+01 -0.11803E+02 -0.17786E+03 -0.16150E+03 -0.10849E+03 -0.28856E+03
 -0.43113E+03 -0.21110E+03  0.44773E+01 -0.12759E+03 -0.33640E+02  0.36707E+03
  0.61605E+03  0.75390E+03  0.62977E+03  0.40645E+03  0.43237E+03  0.36050E+03
  0.51891E+02 -0.11711E+03 -0.21517E+03 -0.37599E+03 -0.47063E+03 -0.48683E+03
 -0.51754E+03 -0.42822E+03 -0.25302E+03 -0.15368E+03 -0.97149E+02 -0.12750E+03
 -0.13957E+03 -0.10231E+03 -0.14382E+03 -0.83748E+02  0.19793E+03  0.50092E+03
  0.62832E+03  0.52197E+03  0.40094E+03  0.42726E+03  0.31627E+03  0.99015E+02
  0.95254E+02  0.13342E+03  0.65173E+02 -0.22448E+02 -0.11736E+03 -0.29326E+03
 -0.43096E+03 -0.41545E+03 -0.30807E+03 -0.25270E+03 -0.26821E+03 -0.25682E+03
 -0.36766E+03 -0.56862E+03 -0.63898E+03 -0.49657E+03 -0.18898E+03  0.13561E+03
  0.45084E+03  0.42829E+03 -0.61356E+02 -0.19028E+03  0.72950E+02  0.16516E+03
  0.38216E+03  0.65398E+03  0.68096E+03  0.68896E+03  0.54409E+03  0.65249E+02
 -0.21999E+03 -0.40871E+02  0.10593E+03  0.66101E+02 -0.10138E+02 -0.13845E+03
 -0.75180E+02 -0.28709E+01 -0.18100E+03 -0.42899E+03 -0.43255E+03 -0.28851E+03
 -0.29647E+03 -0.34158E+03 -0.19325E+03  0.12553E+03  0.42446E+03  0.46157E+03
  0.11502E+03 -0.85758E+02  0.42483E+02  0.24767E+03  0.46776E+03  0.58947E+03
  0.19176E+03 -0.25133E+03 -0.29472E+03 -0.36915E+03 -0.37345E+03 -0.26941E+03
 -0.33745E+03 -0.39083E+03 -0.28741E+03 -0.67564E+02  0.16873E+03  0.31285E+03
  0.23353E+03 -0.51258E+02 -0.25470E+03 -0.19162E+03  0.14500E+03  0.34027E+03
  0.19187E+03 -0.35673E+02 -0.25040E+03 -0.25747E+03 -0.12716E+03 -0.21724E+03
 -0.78543E+02  0.28248E+03  0.42006E+03  0.40618E+03  0.28497E+03 -0.46230E+02
 -0.22611E+03 -0.31509E+02  0.71520E+02 -0.14582E+03 -0.30840E+03 -0.10083E+02
  0.27495E+03  0.12742E+03 -0.47320E+02 -0.71581E+02 -0.45184E+01  0.61499E+02
 -0.15008E+03 -0.12914E+03  0.29112E+03  0.58215E+03  0.44149E+03 -0.27143E+02
 -0.30720E+03 -0.34153E+03 -0.27926E+03 -0.25255E+03 -0.17640E+03 -0.58103E+02
 -0.49696E+02 -0.11702E+03 -0.14883E+03 -0.95770E+02 -0.43781E+02  0.72788E+02
  0.28327E+03  0.35768E+03  0.38617E+03  0.40332E+03  0.37276E+03  0.24005E+03
  0.76912E+02  0.15503E+03  0.27426E+03  0.10794E+03 -0.15578E+03 -0.31278E+03
 -0.32208E+03 -0.31580E+03 -0.39216E+03 -0.39914E+03 -0.28653E+03 -0.19674E+03
 -0.15640E+03 -0.14522E+03 -0.14869E+03 -0.42752E+02  0.17896E+03  0.20471E+03
  0.95007E+02  0.18679E+03  0.39091E+03  0.37799E+03  0.13798E+03  0.12073E+03
  0.17196E+03  0.15822E+02 -0.13366E+03 -0.25997E+03 -0.35997E+03 -0.28662E+03
 -0.13777E+03  0.37829E+01  0.83200E+02  0.15471E+02 -0.15714E+03 -0.20007E+03
  0.15462E+02  0.21799E+03  0.35645E+03  0.45556E+03  0.41098E+03  0.31422E+03
  0.17183E+03 -0.88900E+02 -0.15743E+03 -0.13354E+03 -0.22652E+03 -0.30977E+03
 -0.25126E+03 -0.27718E+02 -0.31431E+02 -0.25392E+03 -0.27249E+03 -0.18240E+03
 -0.18751E+03 -0.15857E+03  0.37158E+02  0.17333E+03  0.14436E+03  0.20221E+03
  0.35655E+03  0.28900E+03  0.97128E+02  0.14487E+01 -0.90216E+02 -0.16946E+03
 -0.75021E+02  0.13240E+03  0.18057E+03  0.11024E+03  0.14008E+03  0.14240E+03
  0.18392E+02 -0.58619E+02  0.76933E+02  0.22833E+03  0.22658E+03  0.16497E+03
  0.12965E+03  0.13536E+03  0.11793E+03  0.22815E+02 -0.16842E+03 -0.26366E+03
 -0.74437E+02  0.27507E+02 -0.10283E+03 -0.28483E+03 -0.46579E+03 -0.24094E+03
  0.22220E+03  0.96548E+01 -0.41870E+03 -0.37994E+03 -0.14625E+03 -0.93552E+02
 -0.20571E+03 -0.29991E+03 -0.51689E+03 -0.54618E+03  0.62550E+02  0.67476E+03
  0.81616E+03  0.47580E+03  0.17179E+03  0.22398E+03  0.17474E+03 -0.81466E+02
 -0.28780E+03 -0.44478E+03 -0.55167E+03 -0.35533E+03 -0.10699E+03 -0.81109E+02
 -0.20460E+03 -0.19676E+03 -0.55842E+02 -0.25179E+03 -0.50151E+03 -0.28265E+03
  0.10601E+02  0.55110E+02  0.77866E+02  0.21823E+03  0.29998E+03  0.27048E+03
  0.31932E+03  0.39701E+03  0.37371E+03  0.34971E+03  0.41255E+03  0.55654E+03
  0.62264E+03  0.61315E+03  0.68123E+03  0.74468E+03  0.73952E+03  0.50591E+03
  0.21964E+03  0.13449E+03  0.19944E+03  0.28455E+03  0.24747E+03  0.18088E+02
 -0.32064E+03 -0.65195E+03 -0.85678E+03 -0.92057E+03 -0.98407E+03 -0.10228E+04
 -0.82033E+03 -0.67488E+03 -0.78292E+03 -0.92754E+03 -0.10023E+04 -0.93546E+03
 -0.65927E+03 -0.37175E+03 -0.16403E+03  0.74267E+02  0.38088E+03  0.68560E+03
  0.92289E+03  0.87148E+03  0.62698E+03  0.52657E+03  0.54641E+03  0.62158E+03
  0.65903E+03  0.67091E+03  0.71238E+03  0.63944E+03  0.53000E+03  0.40695E+03
  0.20502E+03  0.58916E+02 -0.64031E+02 -0.21096E+03 -0.35289E+03 -0.44193E+03
 -0.29589E+03 -0.70980E+02 -0.57904E+02 -0.16673E+03 -0.28384E+03 -0.36911E+03
 -0.21869E+03 -0.11498E+02 -0.60048E+02 -0.29378E+03 -0.41402E+03 -0.43475E+03
 -0.32373E+03  0.13233E+03  0.48990E+03  0.59825E+03  0.45119E+03  0.30908E+02
 -0.22008E+03 -0.34532E+03 -0.49633E+03 -0.49748E+03 -0.25154E+03  0.12693E+03
  0.26901E+03  0.22784E+03  0.29435E+03  0.77128E+02 -0.34145E+03 -0.41124E+03
 -0.27755E+03  0.46831E+02  0.42443E+03  0.49843E+03  0.32792E+03 -0.48239E+02
 -0.41713E+03 -0.44119E+03  0.45750E+02  0.53479E+03  0.47000E+03  0.29272E+03
  0.21819E+03 -0.21812E+03 -0.66753E+03 -0.64790E+03 -0.42278E+03 -0.45129E+03
 -0.50430E+03 -0.79818E+02  0.94267E+02 -0.24252E+03 -0.52347E+03 -0.44727E+03
 -0.14348E+03 -0.34551E+02 -0.14904E+03 -0.11323E+03  0.84856E+02  0.22973E+03
  0.48461E+03  0.78884E+03  0.87869E+03  0.86568E+03  0.90633E+03  0.80915E+03
  0.47681E+03  0.21377E+03  0.34322E+03  0.45841E+03  0.42911E+03  0.37422E+03
  0.74650E+02 -0.36181E+03 -0.52192E+03 -0.48150E+03 -0.56426E+03 -0.61228E+03
 -0.56606E+03 -0.61999E+03 -0.72532E+03 -0.76858E+03 -0.66875E+03 -0.45726E+03
 -0.28223E+03 -0.11766E+03  0.64041E+02  0.24543E+03  0.44616E+03  0.62984E+03
  0.51103E+03  0.20868E+03  0.27613E+03  0.51787E+03  0.77016E+03  0.10923E+04
  0.66847E+03 -0.16903E+03 -0.45018E+03 -0.52628E+03 -0.34885E+03  0.89362E+02
  0.25147E+03  0.22529E+02 -0.20823E+03 -0.46751E+03 -0.71075E+03 -0.67216E+03
 -0.50074E+03 -0.53683E+03 -0.43050E+03 -0.95853E+02 -0.29487E+02 -0.11825E+03
 -0.45905E+02  0.11098E+03  0.22082E+03  0.49505E+02 -0.76622E+02  0.18204E+03
  0.50267E+03  0.75048E+03  0.88350E+03  0.79133E+03  0.57408E+03  0.53309E+03
  0.42832E+03 -0.40959E+02 -0.49114E+03 -0.76899E+03 -0.86365E+03 -0.46881E+03
  0.13375E+03  0.17434E+03 -0.19613E+03 -0.29132E+03 -0.17820E+03 -0.16238E+03
 -0.36461E+03 -0.39831E+03  0.72019E+01  0.28138E+03  0.22217E+03  0.13299E+03
  0.24082E+03  0.39365E+03  0.55414E+03  0.76788E+03  0.85047E+03  0.68350E+03
  0.46089E+03  0.35859E+03  0.11264E+03 -0.13912E+03 -0.12789E+03 -0.58546E+02
 -0.93107E+02 -0.17983E+03 -0.27316E+03 -0.47499E+03 -0.68763E+03 -0.63297E+03
 -0.56772E+03 -0.57182E+03 -0.45043E+03 -0.40087E+03 -0.45638E+03 -0.42608E+03
 -0.22533E+03 -0.10920E+03 -0.23918E+03 -0.26062E+03 -0.65010E+02 -0.31294E+02
 -0.15878E+03 -0.13736E+03  0.58039E+02  0.23292E+03  0.21278E+03  0.11540E+03
  0.16075E+03  0.22719E+03  0.38444E+03  0.66816E+03  0.75660E+03  0.48312E+03
  0.19317E+03  0.73143E+02 -0.30545E+02 -0.12790E+03 -0.15935E+03 -0.35529E+02
  0.20157E+03  0.34008E+03  0.32718E+03  0.21484E+03  0.47907E+02 -0.98033E+02
 -0.21141E+03 -0.17092E+03  0.12864E+03  0.25494E+03  0.10358E+03  0.76855E+02
 -0.22972E+02 -0.27342E+03 -0.41846E+03 -0.46234E+03 -0.42150E+03 -0.38580E+03
 -0.22619E+03  0.11993E+03  0.24049E+02 -0.27275E+03 -0.11457E+03  0.43375E+02
 -0.49513E+00  0.11702E+02  0.10641E+03  0.82144E+02 -0.11568E+02 -0.27747E+02
 -0.24523E+02 -0.11920E+03 -0.43184E+02  0.54056E+02  0.74615E+02  0.15197E+03
  0.19663E+03  0.60203E+02 -0.26162E+03 -0.41448E+03 -0.25697E+03  0.19439E+02
  0.18475E+03  0.26167E+03  0.27876E+03  0.33844E+03  0.45676E+03  0.28683E+03
  0.83291E+02  0.11440E+03  0.13063E+03  0.19089E+03  0.21694E+03  0.16676E+03
  0.13081E+03  0.13862E+03  0.32606E+02 -0.17589E+03 -0.28477E+03 -0.43335E+03
 -0.64004E+03 -0.70659E+03 -0.61517E+03 -0.49819E+03 -0.35956E+03 -0.25798E+03
 -0.30704E+03 -0.39952E+03 -0.33401E+03  0.40545E+02  0.43519E+03  0.41422E+03
  0.29136E+03  0.40667E+03  0.55312E+03  0.68560E+03  0.80585E+03  0.79703E+03
  0.70984E+03  0.62818E+03  0.50265E+03  0.25164E+03 -0.78863E+02 -0.17867E+03
  0.97934E+02  0.18677E+03 -0.27071E+02 -0.29395E+03 -0.61336E+03 -0.70340E+03
 -0.54066E+03 -0.40608E+03 -0.35380E+03 -0.32807E+03 -0.12881E+03  0.24424E+03
  0.21294E+03 -0.15063E+03 -0.92703E+02  0.67868E+02  0.54497E+02  0.14878E+03
  0.28118E+03  0.22994E+03 -0.13025E+02 -0.60446E+02  0.39619E+02 -0.48246E+02
 -0.53315E+01  0.23873E+03  0.35788E+03  0.16698E+03 -0.22846E+03 -0.31572E+03
 -0.12564E+03 -0.64348E+01  0.12908E+03  0.36594E+03  0.41894E+03  0.44718E+02
 -0.31444E+03 -0.54133E+03 -0.50387E+03 -0.24295E+03 -0.17380E+03 -0.25258E+03
 -0.53374E+03 -0.79943E+03 -0.83165E+03 -0.74423E+03 -0.63634E+03 -0.42576E+03
 -0.90740E+02  0.15846E+03  0.13498E+03  0.71580E+01 -0.39265E+02  0.21298E+02
  0.27756E+03  0.59968E+03  0.80163E+03  0.91819E+03  0.10403E+04  0.12462E+04
  0.11521E+04  0.59676E+03  0.30155E+03  0.20102E+03  0.12906E+03  0.77288E+01
 -0.88564E+02  0.27248E+02 -0.28581E+02 -0.20359E+03 -0.36050E+03 -0.54710E+03
 -0.48028E+03 -0.44502E+03 -0.59627E+03 -0.64518E+03 -0.67527E+03 -0.80212E+03
 -0.73302E+03 -0.26783E+03  0.56097E+02  0.54729E+02  0.65485E+02  0.11860E+03
  0.12441E+03  0.18257E+03  0.28641E+03  0.37953E+03  0.56467E+03  0.87517E+03
  0.10582E+04  0.65236E+03  0.22676E+03  0.12956E+03  0.57654E+02  0.48795E+02
  0.17955E+02 -0.18890E+03 -0.43636E+03 -0.63998E+03 -0.74430E+03 -0.73996E+03
 -0.71047E+03 -0.68378E+03 -0.59749E+03 -0.35418E+03 -0.13888E+03 -0.32304E+02
  0.61061E+02  0.24673E+03  0.47982E+03  0.63740E+03  0.76906E+03  0.92219E+03
  0.97042E+03  0.89788E+03  0.69707E+03  0.28379E+03 -0.74112E+02  0.27619E+02
  0.21992E+03  0.17211E+03  0.81993E+02 -0.12331E+03 -0.47276E+03 -0.70208E+03
 -0.69673E+03 -0.67918E+03 -0.67306E+03 -0.49982E+03 -0.40811E+03 -0.46672E+03
 -0.48425E+03 -0.39678E+03 -0.21613E+03  0.78758E+02  0.35425E+03  0.46948E+03
  0.36578E+03  0.23594E+03  0.36362E+03  0.50407E+03  0.41300E+03  0.27029E+03
  0.29461E+03  0.43036E+03  0.35261E+03  0.13515E+03  0.69518E+02 -0.64358E+02
 -0.36767E+03 -0.44536E+03 -0.27682E+03 -0.24530E+03 -0.28613E+03 -0.23120E+03
 -0.21514E+03 -0.16482E+03  0.20925E+02  0.52473E+02 -0.52948E+02 -0.88981E+02
 -0.10731E+03 -0.23709E+03 -0.27975E+03 -0.17198E+03 -0.94846E+02  0.69360E+02
  0.27217E+03  0.91323E+02 -0.27770E+03 -0.21420E+03  0.29600E+02  0.81080E+02
  0.69374E+02  0.15353E+03  0.21254E+03  0.23989E+03  0.28937E+03  0.34689E+03
  0.42923E+03  0.47825E+03  0.39410E+03  0.18765E+03  0.77698E+02 -0.67510E+02
 -0.16527E+03 -0.14683E+03 -0.21928E+03 -0.36948E+03 -0.50953E+03 -0.51008E+03
 -0.44248E+03 -0.47765E+03 -0.48634E+03 -0.16868E+03  0.14745E+03  0.11621E+03
 -0.10104E+03 -0.11125E+03  0.13801E+03  0.33192E+03  0.47858E+03  0.52297E+03
  0.44331E+03  0.41400E+03  0.42944E+03  0.31309E+03  0.14869E+03  0.24304E+03
  0.35115E+03  0.21620E+03  0.38252E+02 -0.13991E+03 -0.48671E+03 -0.82624E+03
 -0.70651E+03 -0.31859E+03 -0.23274E+03 -0.25849E+03 -0.25891E+03 -0.18423E+03
  0.17146E+02  0.46784E+02  0.50686E+02  0.18656E+03  0.26092E+03  0.23475E+03
  0.31291E+03  0.51815E+03  0.40673E+03  0.16111E+03  0.20391E+03  0.21371E+03
  0.28786E+02 -0.14556E+03 -0.12725E+03 -0.15346E+03 -0.33012E+03 -0.33330E+03
 -0.27434E+03 -0.33899E+03 -0.25175E+03 -0.56724E+02  0.60191E+02  0.10144E+03
  0.49015E+02  0.15926E+02  0.96551E+02  0.18471E+03  0.20105E+03  0.19945E+03
  0.63468E+02 -0.81570E+02  0.11826E+02  0.12782E+02 -0.97986E+02 -0.54934E+02
 -0.78183E+02 -0.64918E+02  0.11285E+03  0.23282E+02 -0.28074E+01  0.25032E+03
  0.31367E+03  0.20758E+03  0.17029E+03  0.17900E+03  0.15396E+03  0.88326E+02
  0.20353E+02 -0.75103E+02 -0.22101E+03 -0.29805E+03 -0.28011E+03 -0.19552E+03
 -0.19241E+03 -0.24666E+03 -0.10952E+03 -0.92901E+02 -0.27901E+03 -0.28182E+03
 -0.12904E+03  0.82619E+01  0.73263E+02  0.33736E+02  0.37113E+02  0.13043E+03
  0.19690E+03  0.27969E+03  0.35273E+03  0.36289E+03  0.20758E+03 -0.59413E+02
 -0.14149E+03 -0.10169E+03 -0.74982E+02 -0.10681E+03 -0.12891E+03 -0.17736E+03
 -0.32941E+03 -0.39849E+03 -0.37996E+03 -0.18578E+03  0.73921E+02  0.62239E+02
 -0.84750E+01  0.79291E+02  0.16583E+03  0.81358E+02 -0.49292E+02  0.76354E+02
  0.29969E+03  0.33146E+03  0.30600E+03  0.33629E+03  0.34004E+03  0.19881E+03
  0.42624E+02 -0.39534E+02 -0.19233E+03 -0.34185E+03 -0.30645E+03 -0.16800E+03
 -0.11858E+03 -0.17968E+03 -0.29855E+03 -0.41185E+03 -0.37279E+03 -0.29022E+03
 -0.23820E+03 -0.71495E+01  0.20763E+03  0.19834E+03  0.11347E+03  0.22912E+03
  0.43010E+03  0.44469E+03  0.38640E+03  0.38620E+03  0.35535E+03  0.21649E+03
  0.74611E+02  0.33601E+02 -0.17494E+02 -0.12058E+03 -0.25003E+03 -0.37315E+03
 -0.37641E+03 -0.28291E+03 -0.23769E+03 -0.25766E+03 -0.15716E+03 -0.37611E+02
 -0.17642E+02  0.83495E+02  0.26181E+03  0.39690E+03  0.45871E+03  0.43213E+03
  0.42124E+03  0.43258E+03  0.28960E+03  0.58495E+02 -0.38184E+02 -0.13127E+03
 -0.22481E+03 -0.26929E+03 -0.32603E+03 -0.38283E+03 -0.38341E+03 -0.29767E+03
 -0.24453E+03 -0.27184E+03 -0.24270E+03 -0.13026E+03 -0.65613E+01  0.54016E+02
  0.14772E+03  0.30950E+03  0.41332E+03  0.42892E+03  0.38812E+03  0.21933E+03
 -0.26721E+02 -0.95835E+02 -0.66285E+02 -0.58166E+02 -0.14834E+02 -0.87166E+02
 -0.24347E+03 -0.28228E+03 -0.32138E+03 -0.30822E+03 -0.11883E+03  0.35290E+02
  0.10985E+03  0.13472E+03  0.99193E+02  0.16139E+03  0.31395E+03  0.40351E+03
  0.30954E+03  0.22965E+03  0.27382E+03  0.15827E+03 -0.40196E+02  0.17291E+02
  0.77853E+02 -0.63696E+02 -0.18793E+03 -0.35150E+03 -0.52587E+03 -0.55243E+03
 -0.48804E+03 -0.35705E+03 -0.15393E+03 -0.75342E+02 -0.14202E+03 -0.61030E+02
  0.55283E+02  0.67659E+02  0.18871E+03  0.38303E+03  0.41804E+03  0.40916E+03
  0.48988E+03  0.54069E+03  0.36284E+03  0.70252E+02 -0.90086E+01 -0.36006E+02
 -0.14241E+03 -0.23643E+03 -0.35438E+03 -0.48551E+03 -0.54436E+03 -0.55629E+03
 -0.39629E+03 -0.14111E+03 -0.93316E+02 -0.85688E+02 -0.77259E+02 -0.14353E+03
 -0.16153E+03 -0.22171E+02  0.19054E+03  0.41231E+03  0.59933E+03  0.64905E+03
  0.52340E+03  0.38559E+03  0.30625E+03  0.15833E+03  0.90008E+02  0.12906E+03
  0.13124E+03  0.69396E+02 -0.50902E+02 -0.22347E+03 -0.34831E+03 -0.36126E+03
 -0.37980E+03 -0.46971E+03 -0.51236E+03 -0.46288E+03 -0.42709E+03 -0.35379E+03
 -0.16433E+03 -0.20238E+02  0.24271E+02  0.80367E+02  0.11341E+03  0.17496E+03
  0.30620E+03  0.42722E+03  0.47535E+03  0.49912E+03  0.43829E+03  0.28567E+03
  0.25735E+03  0.30273E+03  0.35482E+03  0.33391E+03  0.81383E+02 -0.20027E+03
 -0.26994E+03 -0.26181E+03 -0.32243E+03 -0.29721E+03 -0.15859E+03 -0.16324E+03
 -0.26364E+03 -0.27083E+03 -0.23591E+03 -0.21666E+03 -0.23510E+03 -0.16963E+03
  0.17692E+02  0.12462E+03  0.12711E+03  0.19089E+03  0.21110E+03  0.18516E+03
  0.29247E+03  0.38768E+03  0.37559E+03  0.35103E+03  0.28855E+03  0.92398E+02
 -0.13288E+03 -0.26913E+03 -0.33874E+03 -0.42328E+03 -0.48029E+03 -0.40563E+03
 -0.25944E+03 -0.18004E+03 -0.24696E+03 -0.49099E+03 -0.63492E+03 -0.46569E+03
 -0.30231E+03 -0.16435E+03  0.58223E+02  0.15444E+03  0.12111E+03  0.15503E+03
  0.31936E+03  0.45700E+03  0.44960E+03  0.45627E+03  0.47023E+03  0.40646E+03
  0.39490E+03  0.40251E+03  0.45219E+03  0.58932E+03  0.70477E+03  0.75371E+03
  0.65883E+03  0.33844E+03  0.10553E+03 -0.43102E+02 -0.27936E+03 -0.41666E+03
 -0.39808E+03 -0.40383E+03 -0.49034E+03 -0.52601E+03 -0.52970E+03 -0.62581E+03
 -0.75651E+03 -0.80123E+03 -0.66986E+03 -0.47648E+03 -0.40029E+03 -0.28587E+03
 -0.12750E+03 -0.25562E+02  0.69514E+02  0.27080E+03  0.46673E+03  0.55826E+03
  0.54584E+03  0.43928E+03  0.30477E+03  0.18738E+03  0.11277E+03  0.74565E+02
  0.60514E+02  0.98694E+02  0.97255E+02  0.67457E+01  0.25300E+02  0.19727E+03
  0.21977E+03  0.44803E+02 -0.26745E+02  0.26713E+02  0.94168E+02  0.16085E+03
  0.17298E+03  0.75668E+02 -0.16207E+03 -0.41662E+03 -0.48674E+03 -0.40570E+03
 -0.27041E+03 -0.11927E+03 -0.63078E+02 -0.11354E+03 -0.12762E+03 -0.46318E+01
  0.67239E+02  0.11858E+03  0.34731E+03  0.41371E+03  0.11364E+03  0.24317E+02
  0.82342E+02 -0.69439E+01 -0.27560E+02  0.61723E+02  0.13114E+03  0.82215E+02
 -0.54440E+02 -0.17606E+03 -0.24315E+03 -0.25174E+03 -0.26011E+03 -0.30475E+03
 -0.24262E+03 -0.69765E+02  0.39671E+02  0.54902E+02  0.57158E+02  0.79064E+02
  0.13342E+03  0.14248E+03  0.20295E+01 -0.63540E+02  0.82018E+02  0.24400E+03
  0.30976E+03  0.30472E+03  0.21984E+03  0.12386E+03  0.16296E+03  0.86254E+02
 -0.83598E+02 -0.64722E+02 -0.61907E+02 -0.22811E+03 -0.19379E+03 -0.31287E+02
 -0.11432E+03 -0.25120E+03 -0.29232E+03 -0.31908E+03 -0.38480E+03 -0.44474E+03
 -0.39459E+03 -0.17220E+03  0.38342E+02  0.17771E+03  0.31070E+03  0.36685E+03
  0.36220E+03  0.34664E+03  0.36371E+03  0.42242E+03  0.49818E+03  0.51811E+03
  0.43189E+03  0.33364E+03  0.32601E+03  0.31929E+03  0.19546E+03 -0.78346E+01
 -0.24265E+03 -0.47047E+03 -0.59207E+03 -0.52751E+03 -0.50495E+03 -0.59725E+03
 -0.48833E+03 -0.32753E+03 -0.35282E+03 -0.35751E+03 -0.26389E+03 -0.16239E+03
 -0.90786E+02 -0.46294E+02  0.60437E+02  0.24135E+03  0.32386E+03  0.33445E+03
  0.40666E+03  0.43412E+03  0.37540E+03  0.32132E+03  0.28992E+03  0.27557E+03
  0.28897E+03  0.25955E+03  0.13780E+03  0.28022E+02 -0.41995E+02 -0.11375E+03
 -0.14993E+03 -0.12349E+03 -0.14269E+03 -0.26508E+03 -0.38726E+03 -0.40124E+03
 -0.33514E+03 -0.29114E+03 -0.26191E+03 -0.21222E+03 -0.18788E+03 -0.19357E+03
 -0.14262E+03  0.13154E+01  0.17502E+03  0.32709E+03  0.41450E+03  0.40537E+03
  0.36351E+03  0.40574E+03  0.44067E+03  0.34322E+03  0.31228E+03  0.39293E+03
  0.30322E+03 -0.46351E+02 -0.30074E+03 -0.29520E+03 -0.25900E+03 -0.32103E+03
 -0.38678E+03 -0.45241E+03 -0.56869E+03 -0.59313E+03 -0.50506E+03 -0.41658E+03
 -0.27919E+03 -0.13452E+03 -0.61049E+02 -0.49158E+02  0.39811E+01  0.13912E+03
  0.26621E+03  0.34225E+03  0.36758E+03  0.38042E+03  0.45198E+03  0.56146E+03
  0.52641E+03  0.34271E+03  0.17289E+03 -0.57207E+00 -0.15009E+03 -0.20738E+03
 -0.19982E+03 -0.18961E+03 -0.26793E+03 -0.28958E+03 -0.18242E+03 -0.15613E+03
 -0.26668E+03 -0.29541E+03 -0.11178E+03 -0.10953E+02 -0.15572E+03 -0.19767E+03
 -0.16273E+02  0.20585E+03  0.32877E+03  0.24807E+03  0.97779E+02  0.73744E+02
  0.10972E+03  0.40714E+02 -0.10835E+02  0.50039E+02  0.59127E+02  0.23757E+02
  0.39242E+02  0.73073E+02  0.94306E+02  0.11060E+03  0.12974E+03  0.15216E+03
  0.14557E+03  0.11036E+03  0.17472E+03  0.25295E+03  0.12506E+03  0.74493E+01
 -0.18850E+02 -0.28920E+02  0.23844E+02  0.55025E+02  0.13194E+01 -0.75851E+02
 -0.68078E+02 -0.27457E+02 -0.51312E+02 -0.38318E+02 -0.44052E+01  0.24054E+02
  0.36432E+02 -0.44624E+02 -0.88238E+02 -0.19304E+02 -0.18766E+02 -0.11451E+03
 -0.13472E+03 -0.70455E+02 -0.11044E+02 -0.98593E+01 -0.47318E+02 -0.87997E+02
 -0.11526E+03 -0.13851E+03 -0.14984E+03 -0.12683E+03 -0.94402E+02 -0.72698E+02
 -0.47055E+02 -0.52986E+02 -0.44449E+02  0.38438E+02  0.97197E+02  0.37297E+02
 -0.73015E+02 -0.12196E+03 -0.54412E+02  0.35469E+02  0.87633E+02  0.12669E+03
  0.15428E+03  0.17756E+03  0.14852E+03  0.77430E+02  0.60960E+02  0.12921E+03
  0.13437E+03  0.91359E+02  0.53123E+02 -0.33523E+02 -0.12401E+03 -0.16532E+03
 -0.16165E+03 -0.17216E+03 -0.15610E+03 -0.12156E+03 -0.12418E+03 -0.13426E+03
 -0.10400E+03 -0.20345E+02  0.54605E+02  0.64434E+02  0.79813E+02  0.96419E+02
  0.87932E+02  0.14583E+03  0.10624E+03 -0.78036E+02 -0.77443E+02  0.12602E+03
  0.20658E+03  0.87772E+02 -0.20930E+02 -0.24396E+01  0.70856E+02  0.85449E+02
  0.87451E+02  0.12645E+03  0.12669E+03  0.27383E+02 -0.65599E+02 -0.96674E+02
 -0.10140E+03 -0.10285E+03 -0.14790E+03 -0.18718E+03 -0.15894E+03 -0.16230E+03
 -0.25329E+03 -0.31870E+03 -0.32697E+03 -0.35525E+03 -0.34672E+03 -0.19445E+03
 -0.10324E+03 -0.18992E+03 -0.14339E+03  0.67918E+02  0.25545E+03  0.41929E+03
  0.53220E+03  0.56448E+03  0.53717E+03  0.51354E+03  0.44784E+03  0.28039E+03
  0.12810E+03  0.35853E+02 -0.53581E+02 -0.12966E+03 -0.20836E+03 -0.32818E+03
 -0.41459E+03 -0.42016E+03 -0.42308E+03 -0.41265E+03 -0.34222E+03 -0.22359E+03
 -0.87667E+02 -0.76212E+01  0.11337E+03  0.31220E+03  0.41437E+03  0.38535E+03
  0.39269E+03  0.47628E+03  0.43667E+03  0.28656E+03  0.21083E+03  0.16803E+03
  0.38391E+02 -0.57684E+02 -0.22797E+02  0.16820E+02 -0.48954E+02 -0.17994E+03
 -0.27140E+03 -0.23117E+03 -0.10559E+03 -0.34937E+02  0.30005E+02  0.13866E+03
  0.17027E+03  0.84577E+02  0.46401E+02  0.10573E+03  0.12619E+03  0.67720E+02
 -0.81457E+01 -0.13360E+03 -0.25633E+03 -0.25700E+03 -0.20615E+03 -0.21273E+03
 -0.25779E+03 -0.29185E+03 -0.34767E+03 -0.35801E+03 -0.27279E+03 -0.16109E+03
 -0.54073E+02  0.38332E+02  0.65973E+02  0.91625E+02  0.14002E+03  0.14732E+03
  0.12667E+03  0.10395E+03  0.94922E+02  0.16498E+03  0.23866E+03  0.23070E+03
  0.24770E+03  0.32054E+03  0.36055E+03  0.32850E+03  0.22966E+03  0.12598E+03
  0.58230E+02  0.90650E+01 -0.16084E+02 -0.24014E+02 -0.82471E+02 -0.20123E+03
 -0.34252E+03 -0.45753E+03 -0.46838E+03 -0.47264E+03 -0.53483E+03 -0.61493E+03
 -0.60202E+03 -0.40081E+03 -0.15181E+03  0.21882E+02  0.15496E+03  0.27382E+03
  0.35669E+03  0.40105E+03  0.46091E+03  0.50856E+03  0.54928E+03  0.61079E+03
  0.61192E+03  0.50608E+03  0.36094E+03  0.23747E+03  0.10704E+03 -0.27907E+02
 -0.13254E+03 -0.20912E+03 -0.29890E+03 -0.38129E+03 -0.42300E+03 -0.44237E+03
 -0.42865E+03 -0.38544E+03 -0.36541E+03 -0.26708E+03 -0.59234E+02  0.94194E+02
  0.17741E+03  0.22804E+03  0.17156E+03  0.73229E+02  0.30925E+02 -0.14095E+02
 -0.65471E+01  0.58915E+02  0.66762E+02 -0.53910E+01 -0.10825E+03 -0.16132E+03
 -0.16268E+03 -0.18242E+03 -0.13896E+03  0.15224E+02  0.13455E+03  0.14875E+03
  0.11183E+03  0.11751E+03  0.16103E+03  0.13558E+03  0.69937E+02  0.45668E+02
  0.52955E+02  0.61754E+02  0.51004E+02  0.37031E+02  0.11505E+02  0.60247E+01
  0.62424E+02  0.20952E+02 -0.12923E+03 -0.23871E+03 -0.28702E+03 -0.28745E+03
 -0.17370E+03  0.19530E+02  0.11154E+03  0.72489E+02 -0.17137E+02 -0.42124E+02
  0.37196E+02  0.11871E+03  0.15014E+03  0.17452E+03  0.14263E+03  0.89204E+02
  0.87796E+02  0.84873E+02  0.80535E+02  0.79620E+02  0.85366E+02  0.10832E+03
  0.15070E+03  0.17584E+03  0.10330E+03  0.66623E+01 -0.37633E+02 -0.11666E+03
 -0.16124E+03 -0.81169E+02 -0.10119E+02 -0.79729E+02 -0.18590E+03 -0.22707E+03
 -0.27960E+03 -0.32218E+03 -0.25052E+03 -0.86988E+02  0.30787E+02  0.32979E+02
  0.12822E+02  0.11284E+02  0.13697E+01 -0.42474E+02 -0.38756E+02  0.50947E+02
  0.92928E+02  0.79217E+02  0.87336E+02  0.11416E+03  0.80811E+02 -0.27784E+02
 -0.11090E+02  0.12610E+03  0.21191E+03  0.22167E+03  0.16274E+03  0.75312E+02
 -0.23745E+02 -0.80986E+02 -0.57532E+02 -0.17430E+01  0.44529E+02  0.21766E+02
 -0.61549E+02 -0.83501E+02 -0.14706E+02  0.40354E+01 -0.15843E+02  0.14402E+02
  0.46866E+02  0.78416E+02  0.10260E+03  0.60877E+02  0.36048E+02  0.46743E+02
 -0.78242E+01 -0.53914E+02 -0.22495E+02 -0.17212E+02 -0.94015E+02 -0.16444E+03
 -0.17370E+03 -0.14261E+03 -0.13010E+03 -0.12402E+03 -0.12015E+03 -0.98154E+02
 -0.13156E+02  0.42703E+02 -0.16369E+02 -0.22854E+02  0.72063E+02  0.14792E+03
  0.15001E+03  0.12424E+03  0.11997E+03  0.10236E+03  0.81748E+02  0.11456E+03
  0.12105E+03  0.69165E+02  0.41373E+02  0.20273E+02 -0.25730E+02 -0.11269E+03
 -0.19493E+03 -0.23230E+03 -0.16875E+03 -0.64357E+02 -0.72339E+02 -0.97656E+02
 -0.20168E+02  0.43262E+02  0.15364E+02 -0.12366E+02  0.12210E+02  0.56335E+02
  0.91287E+02  0.13426E+03  0.20188E+03  0.23404E+03  0.18493E+03  0.78079E+02
 -0.53783E+02 -0.15568E+03 -0.23805E+03 -0.26386E+03 -0.22701E+03 -0.19599E+03
 -0.14868E+03 -0.74586E+02 -0.96794E+02 -0.20661E+03 -0.22335E+03 -0.96169E+02
  0.64997E+02  0.18637E+03  0.22272E+03  0.22253E+03  0.24863E+03  0.27646E+03
  0.26108E+03  0.11462E+03 -0.37820E+02 -0.34247E+02 -0.27365E+01 -0.79139E+01
  0.76376E+00 -0.73892E+01 -0.54860E+02 -0.12318E+03 -0.19002E+03 -0.19028E+03
 -0.11061E+03  0.12884E+02  0.14723E+03  0.19855E+03  0.16258E+03  0.11907E+03
  0.86510E+02  0.10534E+03  0.13057E+03  0.96444E+02 -0.72754E+01 -0.95044E+02
 -0.12608E+03 -0.13361E+03 -0.96584E+02 -0.57546E+02 -0.93033E+02 -0.15067E+03
 -0.11917E+03 -0.40606E+02 -0.21391E+02  0.16706E+02  0.77561E+02  0.10724E+03
  0.14928E+03  0.17710E+03  0.13475E+03  0.65908E+02  0.10366E+01  0.19300E+00
  0.71232E+02  0.14768E+03  0.11591E+03 -0.27918E+02 -0.14718E+03 -0.18368E+03
 -0.18186E+03 -0.15890E+03 -0.12652E+03 -0.11937E+03 -0.10436E+03 -0.50061E+02
 -0.12695E+02 -0.14046E+02  0.24624E+01  0.23091E+02  0.55555E+01  0.18545E+02
  0.75165E+02  0.77548E+02  0.61011E+02  0.68904E+02  0.10126E+03  0.12502E+03
  0.10122E+03  0.29102E+02 -0.54112E+02 -0.22233E+02  0.76491E+02  0.67302E+02
 -0.29415E+02 -0.10216E+03 -0.17779E+03 -0.23429E+03 -0.17071E+03 -0.50172E+02
  0.14909E+02  0.11742E+02  0.65588E+02  0.14869E+03  0.17871E+03  0.11470E+03
  0.38238E+02  0.98489E+02  0.12977E+03  0.63483E+02  0.29790E+02  0.33277E+02
  0.26020E+00 -0.50096E+02 -0.81862E+02 -0.81116E+02 -0.64783E+02 -0.80083E+02
 -0.10517E+03 -0.98581E+02 -0.76582E+02 -0.55119E+02 -0.19966E+02 -0.22143E+02
 -0.49835E+02 -0.47591E+02 -0.24425E+02  0.21138E+02  0.83778E+02  0.11824E+03
  0.91493E+02  0.96355E+02  0.16587E+03  0.20188E+03  0.13379E+03  0.51739E+02
  0.35362E+02  0.91181E+01 -0.55621E+02 -0.88399E+02 -0.82809E+02 -0.88861E+02
 -0.11900E+03 -0.15073E+03 -0.16651E+03 -0.12954E+03 -0.37759E+02  0.62000E+01
 -0.41486E+01  0.19686E+01 -0.15821E+02 -0.65849E+02 -0.74783E+02 -0.15366E+02
  0.20846E+01 -0.75921E+02 -0.87864E+02 -0.56370E+01  0.39341E+02  0.52559E+02
  0.67829E+02  0.33140E+02 -0.17056E+02  0.65506E+01  0.68445E+02  0.59770E+02
  0.30954E+02  0.66803E+02  0.10672E+03  0.86372E+02  0.48956E+02  0.16954E+02
 -0.39165E+02 -0.75639E+02 -0.77051E+02 -0.46104E+02  0.73603E+01  0.11245E+02
 -0.54779E+01  0.23506E+02  0.61126E+02  0.56530E+02  0.32719E+02  0.48328E+02
  0.97450E+02  0.13952E+03  0.16561E+03  0.20083E+03  0.19427E+03  0.96920E+02
  0.11553E+02 -0.30595E+02 -0.86280E+02 -0.10738E+03 -0.11897E+03 -0.12801E+03
 -0.12615E+03 -0.17628E+03 -0.21816E+03 -0.16832E+03 -0.13909E+03 -0.13309E+03
 -0.82719E+02 -0.52145E+02 -0.43890E+02 -0.15083E+02  0.70598E+01  0.14377E+02
  0.36621E+02  0.73931E+02  0.12826E+03  0.15678E+03  0.15162E+03  0.14662E+03
  0.12464E+03  0.11038E+03  0.10886E+03  0.82222E+02  0.36664E+01 -0.10499E+03
 -0.15700E+03 -0.13842E+03 -0.12830E+03 -0.11284E+03 -0.69905E+02 -0.16958E+02
 -0.22759E+02 -0.86365E+02 -0.85214E+02 -0.20407E+02  0.57926E+02  0.12861E+03
  0.15669E+03  0.12798E+03  0.79979E+02  0.54679E+02  0.14798E+02 -0.12671E+02
  0.62863E+01  0.22345E+02 -0.14184E+02 -0.40611E+02 -0.41567E+02 -0.70564E+02
 -0.11192E+03 -0.12588E+03 -0.86267E+02 -0.36292E+02 -0.39810E+02 -0.59489E+02
 -0.53945E+02 -0.18045E+02  0.17347E+02  0.51239E+02  0.92487E+02  0.12379E+03
  0.13229E+03  0.13476E+03  0.15060E+03  0.16997E+03  0.15436E+03  0.71921E+02
  0.22996E+01  0.58775E+01  0.31456E+02  0.43185E+02  0.40427E+02  0.19538E+02
 -0.53012E+02 -0.10776E+03 -0.86465E+02 -0.74069E+02 -0.97723E+02 -0.99194E+02
 -0.83067E+02 -0.77322E+02 -0.71351E+02 -0.41990E+02  0.32846E+02  0.11845E+03
  0.12885E+03  0.51364E+02 -0.17072E+02 -0.19854E+02  0.21375E+02  0.68272E+02
  0.79896E+01 -0.12089E+03 -0.19135E+03 -0.14859E+03 -0.73182E+02 -0.90278E+02
 -0.15724E+03 -0.19531E+03 -0.16920E+03 -0.10975E+03 -0.24141E+02  0.63524E+02
  0.11796E+03  0.15881E+03  0.16501E+03  0.13007E+03  0.11181E+03  0.11633E+03
  0.16484E+03  0.20316E+03  0.16190E+03  0.84185E+02  0.15415E+02 -0.59812E+02
 -0.11533E+03 -0.14126E+03 -0.16639E+03 -0.16217E+03 -0.13075E+03 -0.15600E+03
 -0.21311E+03 -0.16990E+03 -0.60066E+02 -0.84620E+01  0.25888E+02  0.79921E+02
  0.10060E+03  0.10443E+03  0.16429E+03  0.26855E+03  0.30780E+03  0.24100E+03
  0.18604E+03  0.20711E+03  0.22019E+03  0.12939E+03 -0.27048E+02 -0.13014E+03
 -0.19285E+03 -0.21609E+03 -0.19436E+03 -0.18386E+03 -0.21652E+03 -0.28301E+03
 -0.27978E+03 -0.21365E+03 -0.18029E+03 -0.13471E+03 -0.40253E+02  0.32100E+02
  0.64707E+02  0.11540E+03  0.18133E+03  0.20558E+03  0.21935E+03  0.29464E+03
  0.31661E+03  0.25354E+03  0.17358E+03  0.93987E+02  0.50922E+01 -0.66729E+02
 -0.82594E+02 -0.94376E+02 -0.14761E+03 -0.19322E+03 -0.20379E+03 -0.23663E+03
 -0.27142E+03 -0.23979E+03 -0.15123E+03 -0.72208E+02 -0.30768E+02  0.20972E+02
  0.83642E+02  0.13066E+03  0.16496E+03  0.21172E+03  0.22941E+03  0.19349E+03
  0.18614E+03  0.21276E+03  0.22699E+03  0.19671E+03  0.10869E+03  0.69310E+01
 -0.76067E+02 -0.13947E+03 -0.21792E+03 -0.26519E+03 -0.23941E+03 -0.17924E+03
 -0.13271E+03 -0.10343E+03 -0.60434E+02 -0.10783E+01  0.53183E+02  0.98730E+02
  0.12804E+03  0.12055E+03  0.10883E+03  0.12004E+03  0.15178E+03  0.14728E+03
  0.91312E+02  0.20173E+02 -0.26680E+02 -0.24667E+02 -0.35829E+01 -0.15164E+02
 -0.43806E+02 -0.47993E+02 -0.57208E+02 -0.58747E+02 -0.37286E+02 -0.29587E+02
 -0.31528E+02 -0.35975E+02 -0.55193E+02 -0.10021E+03 -0.11942E+03 -0.70064E+02
 -0.13101E+02 -0.50818E+01 -0.53862E+02 -0.10376E+03 -0.13449E+03 -0.14138E+03
 -0.95721E+02 -0.28931E+02  0.10452E+02  0.69731E+02  0.13804E+03  0.96629E+02
  0.42522E+02  0.94027E+02  0.11448E+03  0.49987E+02  0.13332E+02  0.36388E+02
  0.29045E+02 -0.42596E+01 -0.10402E+02 -0.33972E+02 -0.10850E+03 -0.17417E+03
 -0.15924E+03 -0.92311E+02 -0.55002E+02 -0.27871E+02  0.42414E+02  0.10095E+03
  0.99439E+02  0.70615E+02  0.74555E+02  0.11852E+03  0.16938E+03  0.20093E+03
  0.18152E+03  0.12574E+03  0.79716E+02  0.46964E+02  0.21030E+02 -0.17928E+02
 -0.74618E+02 -0.12564E+03 -0.16816E+03 -0.15914E+03 -0.12914E+03 -0.14525E+03
 -0.14969E+03 -0.12299E+03 -0.86519E+02 -0.33201E+02  0.54171E+01  0.31766E+02
  0.78992E+02  0.11036E+03  0.11496E+03  0.12986E+03  0.14133E+03  0.11703E+03
  0.74413E+02  0.37046E+02 -0.81063E+01 -0.66951E+02 -0.87530E+02 -0.74626E+02
 -0.71805E+02 -0.72748E+02 -0.64589E+02 -0.62045E+02 -0.70599E+02 -0.61252E+02
 -0.34387E+02 -0.20920E+02 -0.49548E+02 -0.63381E+02 -0.44315E+02 -0.37703E+01
  0.49034E+02  0.74732E+02  0.95945E+02  0.11465E+03  0.78275E+02  0.56278E+01
 -0.47218E+02 -0.26961E+02  0.27080E+02  0.45369E+02  0.15305E+02 -0.37901E+01
  0.14092E+02  0.32866E+02  0.27412E+02  0.38563E+02  0.93813E+02  0.10280E+03
  0.60593E+02  0.30882E+02  0.32470E+02  0.29478E+02  0.19665E+02  0.29522E+02
  0.25324E+02 -0.24869E+02 -0.65202E+02 -0.72806E+02 -0.43112E+02  0.12767E+02
  0.24561E+02 -0.19199E+02 -0.61243E+02 -0.86390E+02 -0.12544E+03 -0.12204E+03
 -0.77153E+02 -0.49971E+02 -0.11570E+02  0.35157E+02  0.38460E+02  0.23992E+02
  0.37417E+02  0.41418E+02  0.15011E+02  0.53151E+02  0.11258E+03  0.11546E+03
  0.12386E+03  0.12572E+03  0.81095E+02  0.16276E+02 -0.31982E+02 -0.29409E+02
 -0.22082E+02 -0.30553E+02 -0.22955E+02 -0.50084E+02 -0.13431E+03 -0.19274E+03
 -0.17241E+03 -0.94909E+02 -0.30952E+02  0.11978E+02  0.52025E+02  0.56457E+02
  0.49405E+02  0.54427E+02  0.64099E+02  0.71976E+02  0.44202E+02  0.17210E+02
  0.24174E+02  0.24655E+02  0.16587E+02  0.11780E+02 -0.17408E+02 -0.49974E+02
 -0.70949E+02 -0.12122E+03 -0.15243E+03 -0.11722E+03 -0.40657E+02  0.23970E+02
  0.44267E+02  0.52390E+02  0.52105E+02  0.40460E+02  0.50656E+02  0.86496E+02
  0.12355E+03  0.12475E+03  0.70060E+02  0.13448E+02 -0.24742E+02 -0.52989E+02
 -0.28825E+02  0.22581E+02  0.21398E+02 -0.33817E+02 -0.93021E+02 -0.91575E+02
 -0.24748E+02  0.25575E+02  0.27298E+02  0.41585E+01 -0.85383E+01 -0.12582E+02
 -0.11385E+02  0.20218E+02  0.50128E+02  0.30206E+02 -0.15890E+02 -0.60846E+02
 -0.88929E+02 -0.71382E+02 -0.50424E+02 -0.57623E+02 -0.54941E+02 -0.51850E+02
 -0.52828E+02 -0.22740E+02  0.16462E+02  0.42645E+02  0.76904E+02  0.91660E+02
  0.62433E+02  0.39485E+02  0.23021E+02 -0.10020E+02 -0.30847E+02  0.85723E+01
  0.38450E+02  0.41607E+01  0.13842E+02  0.45986E+02 -0.11099E+02 -0.88619E+02
 -0.10476E+03 -0.89202E+02 -0.67261E+02 -0.46354E+02 -0.17918E+02 -0.58975E+00
  0.18487E+01  0.23682E+02  0.54202E+02  0.50859E+02  0.52197E+02  0.95337E+02
  0.11360E+03  0.86072E+02  0.72148E+02  0.85275E+02  0.70427E+02  0.47745E+02
  0.47674E+02  0.33558E+02 -0.11935E+02 -0.65328E+02 -0.85748E+02 -0.75682E+02
 -0.94477E+02 -0.13378E+03 -0.13458E+03 -0.11020E+03 -0.93852E+02 -0.66464E+02
 -0.34726E+02  0.35440E+01  0.38249E+02  0.72308E+02  0.11002E+03  0.11823E+03
  0.92967E+02  0.91659E+02  0.88398E+02  0.39549E+02  0.13710E+02  0.18563E+02
  0.54320E+01 -0.13624E+02 -0.45395E+02 -0.75097E+02 -0.77748E+02 -0.94660E+02
 -0.12275E+03 -0.11845E+03 -0.61380E+02  0.30878E+01  0.35015E+02  0.76657E+02
  0.11467E+03  0.89081E+02  0.41034E+02  0.44633E+02  0.57086E+02  0.44166E+02
  0.74049E+02  0.99268E+02  0.71354E+02  0.28143E+02  0.51633E+00 -0.33619E+02
 -0.85556E+02 -0.10800E+03 -0.80698E+02 -0.37041E+02 -0.37576E+02 -0.69683E+02
 -0.78484E+02 -0.60855E+02 -0.23578E+02  0.23839E+02  0.44867E+02  0.91974E+01
 -0.10931E+02  0.20496E+02  0.28154E+02  0.14847E+02 -0.13484E+01 -0.11682E+02
  0.13324E+02  0.35255E+02  0.44486E+02  0.53572E+02  0.48239E+02  0.27497E+02
  0.13129E+02  0.14115E+02  0.33750E+02  0.72532E+02  0.99467E+02  0.10807E+03
  0.64468E+02 -0.37332E+02 -0.12138E+03 -0.12981E+03 -0.97734E+02 -0.76820E+02
 -0.98332E+02 -0.13689E+03 -0.15047E+03 -0.13319E+03 -0.10751E+03 -0.78138E+02
 -0.29976E+02  0.20560E+02  0.49517E+02  0.59884E+02  0.74777E+02  0.10894E+03
  0.15023E+03  0.18646E+03  0.17374E+03  0.10405E+03  0.57808E+02  0.75816E+02
  0.88276E+02  0.43633E+02 -0.14924E+02 -0.51755E+02 -0.79557E+02 -0.10221E+03
 -0.10982E+03 -0.10474E+03 -0.88000E+02 -0.90663E+02 -0.92099E+02 -0.45087E+02
 -0.21641E+02 -0.40408E+02 -0.27813E+02  0.81942E+01  0.20189E+02  0.26145E+02
  0.65175E+02  0.10467E+03  0.99692E+02  0.82258E+02  0.92948E+02  0.10088E+03
  0.12218E+03  0.13927E+03  0.11386E+03  0.78152E+02  0.45960E+02 -0.35051E+01
 -0.69261E+02 -0.11613E+03 -0.13377E+03 -0.14480E+03 -0.14830E+03 -0.14293E+03
 -0.13719E+03 -0.11633E+03 -0.10139E+03 -0.86623E+02 -0.67982E+02 -0.53042E+02
 -0.96789E+01  0.50042E+02  0.97144E+02  0.10188E+03  0.69165E+02  0.43417E+02
  0.50602E+02  0.87034E+02  0.10147E+03  0.55161E+02  0.82455E+01 -0.18246E+00
  0.38676E+00  0.34714E+00  0.83481E+01  0.33257E+02  0.35746E+02  0.16191E+00
 -0.41316E+02 -0.55189E+02 -0.53814E+02 -0.38206E+02  0.80314E+01  0.25995E+02
 -0.89307E+01 -0.22146E+02  0.34281E+01  0.16051E+02  0.60295E+01  0.17427E+02
  0.37775E+02  0.36142E+02  0.11121E+02 -0.27939E+02 -0.50444E+02 -0.42488E+02
 -0.28838E+02 -0.19119E+02 -0.45043E+01  0.18995E+01 -0.77918E+01 -0.19891E+02
 -0.42734E+02 -0.63749E+02 -0.49099E+02 -0.16942E+02  0.13031E+02  0.35686E+02
  0.46171E+02  0.51346E+02  0.50992E+02  0.50941E+02  0.47294E+02  0.27006E+02
  0.10296E+02 -0.12459E+01 -0.31920E+02 -0.56811E+02 -0.37651E+02 -0.69510E+01
 -0.26446E+02 -0.60946E+02 -0.54748E+02 -0.19281E+02  0.10395E+02  0.39312E+02
  0.68099E+02  0.72564E+02  0.43259E+02 -0.32283E+01 -0.21311E+02  0.11715E+02
  0.60348E+02  0.80156E+02  0.53236E+02  0.90942E+01 -0.30209E+02 -0.54978E+02
 -0.44950E+02 -0.11733E+02  0.11482E+02 -0.22981E+01 -0.37719E+02 -0.56363E+02
 -0.45058E+02 -0.24237E+02 -0.22246E+02 -0.45079E+02 -0.51072E+02 -0.15561E+02
  0.14510E+02  0.22048E+02  0.17569E+02  0.20631E+02  0.30330E+02  0.48457E+02
  0.69334E+02  0.61611E+02  0.30774E+02  0.73746E+01 -0.91430E+01 -0.29294E+02
 -0.37370E+02 -0.26246E+02 -0.14865E+02 -0.27783E+02 -0.25709E+02 -0.15580E+01
  0.22627E+01 -0.27301E+01 -0.10260E+02 -0.19234E+02 -0.93458E+01  0.11322E+02
  0.27768E+02  0.39344E+02  0.37003E+02  0.27267E+02  0.19938E+02  0.21677E+02
  0.30293E+02  0.26043E+02  0.34619E+01 -0.14877E+02 -0.20175E+02 -0.25334E+02
 -0.25716E+02 -0.84700E+01  0.10228E+02  0.95848E+01 -0.22191E+01  0.10452E+02
  0.43381E+02  0.57519E+02  0.31287E+02  0.78128E+01  0.10905E+02  0.76380E+01
  0.26013E+01  0.15980E+01 -0.15750E+01 -0.17100E+02 -0.37050E+02 -0.32471E+02
 -0.19721E+02 -0.17409E+02 -0.11725E+02 -0.77751E+01 -0.96858E+01 -0.21213E+01
 -0.57064E+01 -0.25288E+02 -0.30403E+02 -0.15825E+02 -0.15879E+02 -0.17969E+02
 -0.12261E+01  0.64212E+01  0.43826E+01  0.45512E+01  0.19588E+00 -0.44944E+01
  0.76389E+01  0.17301E+02  0.15180E+02  0.12821E+02  0.15100E+02  0.14042E+02
 -0.38707E+01 -0.14678E+02 -0.16820E+02 -0.28356E+02 -0.21917E+02 -0.41153E+00
  0.47587E-01 -0.11698E+02 -0.20933E+02 -0.26980E+02 -0.23105E+02 -0.13271E+02
  0.42864E+01  0.21412E+02  0.25580E+02  0.27108E+02  0.25171E+02  0.92133E+01
  0.10167E+02  0.26649E+02  0.19664E+02  0.94661E+01  0.13264E+02  0.85878E+01
 -0.10611E+02 -0.21536E+02 -0.10872E+02 -0.43347E+01 -0.10933E+02 -0.12944E+02
 -0.49712E+00  0.56519E+01 -0.12142E+02 -0.24559E+02 -0.11201E+02  0.58500E+01
  0.58876E+01 -0.16666E+01 -0.65329E+01 -0.66397E+01 -0.13394E+02 -0.21307E+02
 -0.17715E+02 -0.46810E+01  0.58836E+01  0.53142E+01  0.83454E+01  0.15936E+02
  0.17721E+02  0.58287E+01 -0.12678E+02 -0.14092E+02 -0.15346E+01  0.19462E+01
  0.24591E+01  0.16866E+02  0.28076E+02  0.16889E+02 -0.17727E+01  0.23745E+01
  0.10209E+02  0.40890E+01  0.27641E+01 -0.77429E+00 -0.12901E+02 -0.13406E+02
 -0.48561E+01 -0.21821E+01 -0.22125E+01 -0.52769E+01 -0.56626E+01 -0.56004E+01
 -0.11601E+01  0.15937E+02  0.23602E+02  0.90428E+01 -0.42059E+01 -0.10614E+02
 -0.46202E+01  0.84961E+01  0.10371E+02  0.62298E+01 -0.76282E+00 -0.25861E+01
  0.19886E+01  0.66696E+01  0.97405E+01  0.10735E+02  0.29729E+01 -0.53805E+01
  0.48432E+01  0.22014E+02  0.26631E+02  0.15109E+02 -0.89704E+00 -0.17231E+02
 -0.34526E+02 -0.41815E+02 -0.30934E+02 -0.97460E+01  0.76622E+00 -0.40126E+01
 -0.69422E+01 -0.64661E+01 -0.36079E+01  0.14691E+01  0.10145E+02  0.26921E+02
  0.33947E+02  0.26681E+02  0.12659E+02  0.81245E+00  0.15158E+01  0.23121E+01
 -0.82703E+01 -0.16176E+02 -0.18179E+02 -0.25567E+02 -0.23861E+02 -0.12927E+02
 -0.10277E+02 -0.51648E+01  0.86686E+01  0.18716E+02  0.17028E+02  0.11877E+02
  0.15743E+02  0.20635E+02  0.19220E+02  0.19825E+02  0.21238E+02  0.15361E+02
  0.72884E+01 -0.23216E+01 -0.15499E+02 -0.25688E+02 -0.25997E+02 -0.23054E+02
 -0.21370E+02 -0.17030E+02 -0.12273E+02 -0.95377E+01 -0.15761E+01  0.84905E+01
  0.14257E+02  0.19205E+02  0.21771E+02  0.19614E+02  0.14732E+02  0.86184E+01
  0.48443E+01 -0.16362E+01 -0.11485E+02 -0.15144E+02 -0.19486E+02 -0.25298E+02
 -0.26825E+02 -0.17794E+02 -0.50438E+01  0.13994E+01  0.18462E+01 -0.23158E+01
 -0.38335E+01 -0.11623E+01  0.19081E+01  0.48577E+01  0.10374E+02  0.14187E+02
  0.10769E+02  0.19369E+01 -0.16302E+01  0.22053E+01  0.15515E+01 -0.35010E+01
 -0.79896E+01 -0.10881E+02 -0.79358E+01  0.18793E+01  0.12731E+02  0.19652E+02
  0.12697E+02  0.40261E+01  0.70657E+01  0.95252E+01  0.70334E+01  0.65286E+01
  0.37871E+01 -0.32583E+01 -0.77622E+01 -0.72623E+01 -0.94853E+01 -0.14258E+02
 -0.15600E+02 -0.12987E+02 -0.82255E+01 -0.19342E+01  0.51172E+01  0.13682E+02
  0.20164E+02  0.18560E+02  0.16605E+02  0.17673E+02  0.11876E+02  0.67183E+00
 -0.62746E+01 -0.10529E+02 -0.15905E+02 -0.21857E+02 -0.26695E+02 -0.29293E+02
 -0.24860E+02 -0.18607E+02 -0.17034E+02 -0.11291E+02  0.11374E+01  0.12254E+02
  0.15912E+02  0.15952E+02  0.15846E+02  0.18406E+02  0.22070E+02  0.23548E+02
  0.22401E+02  0.19494E+02  0.10767E+02 -0.12363E+01 -0.87971E+01 -0.14703E+02
 -0.21746E+02 -0.25305E+02 -0.20106E+02 -0.12223E+02 -0.92040E+01 -0.73269E+01
 -0.19150E+01  0.30824E+01  0.53831E+01  0.71765E+01  0.92248E+01  0.11987E+02
  0.13212E+02  0.12777E+02  0.11110E+02  0.75075E+01  0.49901E+01  0.25899E+01
 -0.49327E+00 -0.18249E+01 -0.20484E+01 -0.42788E+01 -0.76452E+01 -0.83977E+01
 -0.85216E+01 -0.79318E+01 -0.50030E+01 -0.35871E+01 -0.33962E+01 -0.20061E+00
  0.25098E+01  0.39296E+01  0.34405E+01  0.14461E+01  0.16946E+01  0.44263E+01
  0.59233E+01  0.40142E+01  0.86260E+00 -0.86090E+00 -0.13695E+01 -0.17249E+01
 -0.13835E+01  0.18935E+01  0.39824E+01  0.16793E+01 -0.98506E+00 -0.27806E+01
 -0.52892E+01 -0.55538E+01 -0.20952E+01  0.11176E+01  0.19873E+01  0.11351E+01
 -0.14420E+01 -0.40071E+01 -0.44753E+01 -0.17918E+01  0.84783E-01  0.12169E+00
  0.19151E+01  0.42067E+01  0.40344E+01  0.29849E+01  0.20129E+01  0.23018E+01
  0.31902E+01  0.20482E+01 -0.52963E+00 -0.16967E+01 -0.11684E+01 -0.54747E+00
 -0.14197E+01 -0.26773E+01 -0.23448E+01 -0.86984E+00  0.32793E+00  0.18292E+01
  0.27371E+01  0.22825E+01  0.17585E+01  0.17671E+01  0.13645E+01  0.68249E+00
  0.23907E-01  0.36239E+00  0.27892E+00 -0.10971E+01 -0.26003E+01 -0.33926E+01
 -0.31561E+01 -0.24293E+01 -0.16269E+01 -0.31892E-01  0.83183E+00  0.11719E+01
  0.18084E+01  0.18938E+01  0.17698E+01  0.19152E+01  0.11960E+01  0.24699E+00
  0.71066E-01  0.35674E+00 -0.18653E+00 -0.97149E+00 -0.13745E+01 -0.15645E+01
 -0.20855E+01 -0.22536E+01 -0.17159E+01 -0.81883E+00 -0.39874E+00 -0.38028E+00
  0.23947E+00  0.13097E+01  0.13509E+01  0.17150E+01  0.25995E+01  0.32363E+01
  0.30403E+01  0.22347E+01  0.12201E+01  0.19527E+00 -0.77122E+00 -0.11723E+01
 -0.14056E+01 -0.15437E+01 -0.20491E+01 -0.28141E+01 -0.33444E+01 -0.31485E+01
 -0.25209E+01 -0.18717E+01 -0.12470E+01 -0.29892E+00  0.57187E+00  0.12752E+01
  0.13906E+01  0.11518E+01  0.10647E+01  0.13258E+01  0.14567E+01  0.15539E+01
  0.16240E+01  0.12886E+01  0.22898E+00 -0.53106E+00 -0.77050E+00 -0.86521E+00
 -0.11851E+01 -0.10133E+01 -0.62879E+00 -0.41357E+00 -0.41617E+00 -0.39172E+00
 -0.46460E+00 -0.14945E+00  0.11935E+00  0.24621E+00  0.28617E+00  0.33476E+00
  0.26591E+00  0.40772E+00  0.29013E+00  0.14565E+00  0.11752E+00  0.25399E+00
  0.29184E+00  0.20878E+00 -0.51449E-01 -0.11970E+00 -0.22003E+00 -0.20565E+00
 -0.15326E+00 -0.10883E-01 -0.25479E-01  0.27301E-01  0.94554E-02  0.33885E-01
  0.77804E-02  0.96728E-01  0.37178E-01  0.24123E-01 -0.23121E-01  0.21031E-01
 -0.75384E-02  0.55912E-01  0.26234E-01  0.41186E-01 -0.19356E-01  0.57488E-02
 -0.43571E-01 -0.66899E-02 -0.24017E-01  0.37434E-01  0.36587E-02  0.43447E-01
 -0.23087E-02  0.24356E-01 -0.20634E-01  0.17807E-01 -0.18994E-01  0.19825E-01
 -0.19921E-01  0.18962E-01 -0.20109E-01  0.19274E-01
