  Time his fn  matched to spectrum:Sclrel_output/th033.h.freq.tgt               
   4000    2.00000E-02  0  0  0.  0.  0.  0.  0.
  0.10212E-01  0.20396E-01  0.20401E-01  0.26376E-01  0.31742E-01  0.38849E-01
  0.45421E-01  0.52489E-01  0.58223E-01  0.63640E-01  0.67225E-01  0.71255E-01
  0.76177E-01  0.82760E-01  0.89909E-01  0.97369E-01  0.10650E+00  0.12334E+00
  0.13359E+00  0.11401E+00  0.80045E-01  0.84224E-01  0.52531E-01 -0.10227E+00
 -0.15713E+00 -0.25907E+00 -0.52414E+00 -0.30687E-01  0.79422E+00  0.24120E+00
 -0.66319E+00 -0.58654E-01  0.10934E+01  0.31380E+01  0.82334E+01  0.10577E+02
  0.14860E+01 -0.79312E+01 -0.53908E+01 -0.27078E+01 -0.10624E+01  0.19578E+01
 -0.65321E+01 -0.13565E+02 -0.44865E+01 -0.29227E+01 -0.13454E+02 -0.88278E+01
  0.46066E+01  0.31087E+01 -0.58299E+01 -0.51055E+01  0.48718E+01  0.15942E+02
  0.23211E+02  0.19740E+02  0.56957E+01 -0.10310E+01  0.74523E+01  0.14749E+02
  0.11703E+01 -0.13334E+02 -0.11511E+02 -0.88020E+01  0.13575E+02  0.36540E+02
  0.34386E+01 -0.44435E+02 -0.33448E+02  0.25348E+02  0.50878E+02  0.15846E+02
 -0.24600E+02 -0.37471E+02 -0.21740E+01  0.52502E+02  0.45751E+02 -0.75102E+01
 -0.30109E+02 -0.11557E+02  0.32224E+01  0.14430E+02  0.44669E+02  0.42475E+02
 -0.81112E+01 -0.42131E+02 -0.31483E+02  0.19185E+01  0.18438E+02  0.11864E+02
 -0.11318E+02 -0.42332E+02 -0.27580E+02  0.23844E+02  0.41045E+02  0.15346E+02
 -0.36226E+00 -0.24725E+01 -0.18766E+02 -0.21172E+02  0.11426E+02  0.37585E+02
  0.23081E+02  0.16882E+02  0.19146E+02 -0.19173E+02 -0.45814E+02 -0.20641E+02
  0.60316E+01 -0.64156E+01 -0.17804E+02  0.10816E+02  0.18665E+02 -0.14416E+02
 -0.27848E+02 -0.23309E+02 -0.36699E+02 -0.50754E+02 -0.33056E+02 -0.26022E+01
  0.48529E+01 -0.84240E+01 -0.16266E+02 -0.17386E+02 -0.24693E+02 -0.26646E+02
 -0.80488E+01  0.24947E+02  0.28191E+02 -0.13428E+02 -0.36488E+02 -0.94561E+01
  0.38264E+02  0.61610E+02  0.45504E+02  0.22516E+02 -0.55134E+01 -0.27508E+02
 -0.13965E+02  0.66202E+01  0.74359E+01  0.56144E+01  0.16335E+02  0.19152E+02
 -0.19947E+02 -0.58569E+02 -0.45177E+02 -0.35980E+01  0.37516E+02  0.18062E+02
 -0.51554E+02 -0.57010E+02 -0.10489E+02  0.18268E+02  0.33372E+02  0.19680E+02
 -0.26544E+02 -0.45531E+02 -0.15322E+02  0.19071E+02  0.22763E+02  0.11945E+02
  0.14108E+02  0.24745E+02  0.36226E+02  0.31438E+02  0.47971E+01 -0.59538E+01
  0.18640E+01 -0.12212E+01  0.22922E+01  0.13433E+02 -0.17962E+00 -0.23231E+02
 -0.28891E+02 -0.86769E+01  0.15447E+02  0.31944E+01 -0.26953E+02 -0.32153E+02
 -0.74989E+01  0.11369E+02 -0.59268E+01 -0.23735E+02 -0.11786E+02 -0.57271E+01
 -0.18166E+02 -0.20189E+02 -0.13970E+02 -0.25736E+00  0.25542E+02  0.42284E+02
  0.43895E+02  0.31922E+02  0.14966E+02  0.13197E+02  0.24073E+02  0.30487E+02
  0.25061E+02  0.27739E+01 -0.21324E+02 -0.22323E+02 -0.14334E+02 -0.88668E+01
  0.13398E+02  0.35820E+02  0.13767E+02 -0.37192E+02 -0.60522E+02 -0.33913E+02
  0.12991E+02  0.49101E+02  0.72027E+02  0.48685E+02 -0.17594E+02 -0.57438E+02
 -0.60358E+02 -0.38948E+02 -0.45834E+00  0.11172E+02 -0.14687E+02 -0.36533E+02
 -0.39996E+02 -0.43359E+02 -0.40362E+02 -0.19836E+02  0.18011E+02  0.59260E+02
  0.45768E+02 -0.10326E+02 -0.19107E+02  0.16601E+02  0.34359E+02  0.47009E+02
  0.77191E+02  0.65451E+02  0.19764E+02  0.18441E+01  0.19157E+00  0.13273E+02
  0.26263E+02  0.14183E+02 -0.49370E+01 -0.16574E+02 -0.19745E+02 -0.25628E+02
 -0.21236E+02  0.15316E+01  0.29492E+02  0.47311E+02  0.19793E+02 -0.35448E+02
 -0.58514E+02 -0.34430E+02  0.41227E+00  0.14651E+02  0.11004E+02 -0.98381E+01
 -0.45357E+02 -0.65114E+02 -0.57571E+02 -0.37072E+02 -0.51830E+00  0.34782E+02
  0.44152E+02  0.32609E+02  0.30219E+02  0.44823E+02  0.34203E+02  0.23135E+02
  0.37947E+02  0.27786E+02  0.59859E+01  0.21318E+02  0.51784E+02  0.32811E+02
 -0.29674E+01  0.22918E+02  0.22376E+02 -0.52283E+02 -0.71223E+02 -0.20662E+02
 -0.23968E+02 -0.70118E+02 -0.64771E+02 -0.31941E+02 -0.12715E+02  0.76665E+01
  0.19323E+02  0.58726E+01  0.10617E+02  0.75385E+01 -0.41755E+02 -0.44741E+02
  0.12593E+01  0.12816E+02  0.17847E+02  0.44202E+02  0.34533E+02 -0.11196E+02
 -0.35495E+02 -0.24718E+02  0.93883E+01  0.38162E+02  0.28296E+02  0.24983E+02
  0.53637E+02  0.66970E+02  0.46794E+02  0.23921E+02  0.23695E+02 -0.28639E+01
 -0.43671E+02 -0.28179E+02 -0.60581E+01 -0.14556E+02 -0.15564E+02 -0.64078E+01
  0.30475E+00  0.34513E+01  0.41014E+00 -0.17108E+02 -0.26869E+02 -0.77456E+01
  0.38050E+01 -0.10594E+02 -0.10805E+02  0.17604E+02  0.10801E+02 -0.37894E+02
 -0.39959E+02 -0.22339E+02 -0.25799E+02  0.54723E+01  0.43502E+02  0.44059E+02
  0.38990E+02  0.34276E+02  0.13485E+02 -0.84054E+01 -0.26341E+02 -0.33617E+02
 -0.13110E+01  0.31864E+02  0.23100E+02  0.23620E+02  0.46941E+02  0.49786E+02
  0.22840E+02 -0.50233E+01 -0.51605E+01  0.92413E+01  0.22443E+02  0.31091E+02
  0.26604E+02  0.17757E+02  0.16190E+02  0.15860E+02  0.11044E+02 -0.81952E+01
 -0.44012E+02 -0.63175E+02 -0.47076E+02 -0.73638E+01  0.32221E+02  0.16635E+02
 -0.37363E+02 -0.16314E+02  0.53090E+02  0.54060E+02  0.11106E+02 -0.23915E+02
 -0.56313E+02 -0.80952E+02 -0.75997E+02 -0.41775E+02 -0.20166E+01  0.30343E+02
  0.26417E+02 -0.56362E+01 -0.10094E+02  0.16057E+02  0.37043E+02  0.17618E+02
 -0.22584E+02 -0.32776E+02 -0.20351E+02  0.14841E+01  0.11539E+02 -0.98153E+01
 -0.13067E+02  0.85115E+01 -0.10281E+01 -0.26684E+02 -0.13819E+02  0.23972E+02
  0.37687E+02  0.37140E+02  0.56525E+02  0.73554E+02  0.60770E+02  0.16327E+01
 -0.89916E+02 -0.11452E+03 -0.52212E+02 -0.36303E+01 -0.18542E+02 -0.47665E+02
 -0.45147E+02 -0.37544E+02 -0.40975E+02 -0.31231E+02  0.89258E+01  0.56961E+02
  0.40382E+02 -0.35183E+02 -0.63887E+02 -0.13592E+02  0.55142E+02  0.64470E+02
  0.22702E+02 -0.25170E+00 -0.17201E+02 -0.41087E+02 -0.40253E+02 -0.28911E+02
 -0.21096E+02  0.18486E+02  0.64181E+02  0.26031E+02 -0.43069E+02 -0.35824E+02
 -0.15767E+02 -0.37269E+02 -0.48917E+02 -0.55139E+02 -0.60778E+02 -0.44272E+02
 -0.39033E+02 -0.26887E+02  0.35870E+02  0.65380E+02  0.16342E+02 -0.28405E+02
 -0.24948E+02  0.14395E+02  0.42679E+02  0.36995E+02  0.32502E+02  0.29184E+02
  0.13741E+02  0.21734E+01 -0.31170E+02 -0.66780E+02 -0.38683E+02  0.19364E+02
  0.58694E+02  0.80252E+02  0.88637E+02  0.74050E+02  0.17439E+02 -0.51048E+02
 -0.57732E+02 -0.28236E+02 -0.21954E+02 -0.23477E+02 -0.12295E+02  0.10338E+01
 -0.68971E+01 -0.24608E+02 -0.27491E+02 -0.21205E+02 -0.34070E+02 -0.47455E+02
 -0.23391E+02  0.29925E+01 -0.11899E+02 -0.49349E+02 -0.59500E+02 -0.28908E+02
  0.65344E+01  0.18173E+02  0.19676E+02  0.33721E+02  0.53522E+02  0.66381E+02
  0.58790E+02  0.36675E+02  0.41480E+02  0.64335E+02  0.60028E+02  0.68462E+02
  0.10765E+03  0.11014E+03  0.88552E+02  0.59137E+02  0.20691E+02  0.34763E+02
  0.11066E+03  0.17947E+03  0.19710E+03  0.19013E+03  0.20378E+03  0.24618E+03
  0.26490E+03  0.23813E+03  0.20017E+03  0.93974E+02 -0.78645E+02 -0.18722E+03
 -0.25837E+03 -0.34442E+03 -0.40199E+03 -0.41690E+03 -0.40797E+03 -0.42540E+03
 -0.48121E+03 -0.53200E+03 -0.52532E+03 -0.47054E+03 -0.44026E+03 -0.41469E+03
 -0.35717E+03 -0.31222E+03 -0.28129E+03 -0.24613E+03 -0.19869E+03 -0.12004E+03
 -0.26234E+02  0.45267E+02  0.10624E+03  0.16185E+03  0.19192E+03  0.22970E+03
  0.29185E+03  0.36932E+03  0.46350E+03  0.55163E+03  0.59507E+03  0.57790E+03
  0.52853E+03  0.48293E+03  0.44065E+03  0.39330E+03  0.35785E+03  0.33964E+03
  0.33184E+03  0.34928E+03  0.36490E+03  0.33306E+03  0.28704E+03  0.25114E+03
  0.19746E+03  0.10199E+03 -0.73631E+02 -0.28914E+03 -0.40443E+03 -0.41172E+03
 -0.39879E+03 -0.40486E+03 -0.38280E+03 -0.30118E+03 -0.25498E+03 -0.24208E+03
 -0.23421E+03 -0.26466E+03 -0.27991E+03 -0.26140E+03 -0.25314E+03 -0.23190E+03
 -0.18267E+03 -0.15288E+03 -0.14511E+03 -0.89576E+02  0.29911E+02  0.12078E+03
  0.14051E+03  0.13301E+03  0.15627E+03  0.20468E+03  0.21955E+03  0.19805E+03
  0.16259E+03  0.14441E+03  0.15274E+03  0.15833E+03  0.16037E+03  0.16362E+03
  0.15761E+03  0.12087E+03  0.44965E+02 -0.39238E+02 -0.10747E+03 -0.13733E+03
 -0.15592E+03 -0.22162E+03 -0.26648E+03 -0.20767E+03 -0.11187E+03 -0.60507E+02
 -0.42030E+02 -0.33562E+02 -0.19570E+02  0.24858E+02  0.73652E+02  0.90753E+02
  0.97106E+02  0.94236E+02  0.86073E+02  0.10503E+03  0.14373E+03  0.16940E+03
  0.17266E+03  0.17912E+03  0.18296E+03  0.17337E+03  0.14784E+03  0.10036E+03
  0.80787E+02  0.95962E+02  0.89025E+02  0.59850E+02  0.39959E+02  0.23766E+02
 -0.21070E+01 -0.42865E+02 -0.10956E+03 -0.17361E+03 -0.19657E+03 -0.20412E+03
 -0.21588E+03 -0.23344E+03 -0.26106E+03 -0.27831E+03 -0.28559E+03 -0.28084E+03
 -0.25032E+03 -0.19443E+03 -0.13555E+03 -0.86731E+02 -0.18710E+02  0.57692E+02
  0.10480E+03  0.11825E+03  0.12784E+03  0.14631E+03  0.16307E+03  0.18004E+03
  0.18037E+03  0.19909E+03  0.26490E+03  0.30195E+03  0.28825E+03  0.27049E+03
  0.23001E+03  0.15584E+03  0.90768E+02  0.33196E+02 -0.39592E+02 -0.11527E+03
 -0.17141E+03 -0.21320E+03 -0.24714E+03 -0.26126E+03 -0.27377E+03 -0.28128E+03
 -0.26388E+03 -0.25582E+03 -0.28124E+03 -0.29844E+03 -0.26637E+03 -0.20882E+03
 -0.14944E+03 -0.88629E+02 -0.39824E+02  0.32343E+02  0.15014E+03  0.25006E+03
  0.28298E+03  0.26958E+03  0.26954E+03  0.29729E+03  0.32835E+03  0.34543E+03
  0.33436E+03  0.28673E+03  0.19979E+03  0.99259E+02  0.40841E+02  0.31462E+02
  0.12717E+02 -0.31205E+02 -0.82894E+02 -0.13484E+03 -0.20093E+03 -0.32239E+03
 -0.45321E+03 -0.52638E+03 -0.57042E+03 -0.54999E+03 -0.47658E+03 -0.40702E+03
 -0.26397E+03 -0.11711E+03 -0.48372E+02  0.11157E+02  0.91727E+02  0.18011E+03
  0.26039E+03  0.31398E+03  0.30930E+03  0.27924E+03  0.30897E+03  0.36152E+03
  0.38545E+03  0.41770E+03  0.42988E+03  0.40430E+03  0.36972E+03  0.33543E+03
  0.32516E+03  0.30988E+03  0.24566E+03  0.16930E+03  0.98028E+02  0.15273E+02
 -0.85827E+02 -0.22524E+03 -0.33904E+03 -0.37522E+03 -0.39486E+03 -0.42065E+03
 -0.45596E+03 -0.50811E+03 -0.54988E+03 -0.53792E+03 -0.42071E+03 -0.26822E+03
 -0.19963E+03 -0.14603E+03 -0.56581E+02  0.12311E+02  0.74785E+02  0.12061E+03
  0.12628E+03  0.14658E+03  0.18813E+03  0.23263E+03  0.29735E+03  0.29200E+03
  0.20211E+03  0.15625E+03  0.15122E+03  0.16295E+03  0.19749E+03  0.19641E+03
  0.14248E+03  0.48537E+02 -0.52680E+02 -0.11333E+03 -0.14450E+03 -0.16494E+03
 -0.19316E+03 -0.23802E+03 -0.26577E+03 -0.25963E+03 -0.21924E+03 -0.14479E+03
 -0.72966E+02 -0.21712E+02  0.38457E+02  0.98960E+02  0.13984E+03  0.17921E+03
  0.21329E+03  0.21760E+03  0.19382E+03  0.16196E+03  0.16148E+03  0.20336E+03
  0.24128E+03  0.24562E+03  0.21472E+03  0.16998E+03  0.12558E+03  0.62339E+02
  0.83298E+01 -0.41988E+02 -0.13433E+03 -0.21118E+03 -0.23848E+03 -0.24983E+03
 -0.23502E+03 -0.21582E+03 -0.22806E+03 -0.25357E+03 -0.27647E+03 -0.27259E+03
 -0.21741E+03 -0.12778E+03 -0.35942E+02  0.33963E+02  0.61874E+02  0.65557E+02
  0.64895E+02  0.65330E+02  0.62921E+02  0.56243E+02  0.76722E+02  0.10692E+03
  0.11636E+03  0.10503E+03  0.63124E+02  0.20202E+02  0.14254E+02  0.17600E+02
  0.16599E+02  0.23956E+02  0.17441E+02  0.94759E+01  0.31641E+02  0.48170E+02
  0.44875E+02  0.63564E+02  0.76254E+02  0.46811E+02  0.98649E+01 -0.32035E+02
 -0.95262E+02 -0.12365E+03 -0.72218E+02 -0.66654E+01  0.19834E+02  0.12726E+02
 -0.33793E+02 -0.78815E+02 -0.81985E+02 -0.73884E+02 -0.76425E+02 -0.70021E+02
 -0.41566E+02 -0.44385E+01  0.47134E+02  0.91848E+02  0.82445E+02  0.51765E+02
  0.29105E+02 -0.30561E+01 -0.15754E+02 -0.21329E+01  0.20376E+02  0.52798E+02
  0.67508E+02  0.68688E+02  0.54979E+02  0.19230E+02 -0.13420E+02 -0.43687E+02
 -0.70103E+02 -0.10525E+03 -0.13143E+03 -0.10521E+03 -0.55552E+02 -0.52963E+01
  0.53914E+02  0.81102E+02  0.52826E+02  0.38403E+02  0.73977E+02  0.12458E+03
  0.14680E+03  0.13764E+03  0.14418E+03  0.17409E+03  0.19914E+03  0.20800E+03
  0.20221E+03  0.19797E+03  0.21403E+03  0.22220E+03  0.18785E+03  0.11851E+03
  0.62045E+02  0.38222E+02  0.82167E+01 -0.33665E+02 -0.72351E+02 -0.12847E+03
 -0.20676E+03 -0.28026E+03 -0.34029E+03 -0.34833E+03 -0.28777E+03 -0.22677E+03
 -0.22235E+03 -0.27183E+03 -0.31695E+03 -0.32758E+03 -0.32834E+03 -0.31039E+03
 -0.24945E+03 -0.16614E+03 -0.80625E+02 -0.15351E+01  0.62617E+02  0.11750E+03
  0.15564E+03  0.16690E+03  0.15764E+03  0.15484E+03  0.17281E+03  0.20367E+03
  0.23592E+03  0.26244E+03  0.27727E+03  0.27974E+03  0.29335E+03  0.30612E+03
  0.28603E+03  0.25712E+03  0.24360E+03  0.22497E+03  0.18301E+03  0.12594E+03
  0.60426E+02  0.53810E+01 -0.35059E+02 -0.10533E+03 -0.18716E+03 -0.21666E+03
 -0.19685E+03 -0.17046E+03 -0.14680E+03 -0.13967E+03 -0.14964E+03 -0.13818E+03
 -0.12198E+03 -0.10967E+03 -0.12117E+03 -0.18089E+03 -0.22401E+03 -0.21183E+03
 -0.14709E+03 -0.78906E+02 -0.36515E+02 -0.25979E+02 -0.66164E+02 -0.84485E+02
 -0.61016E+02 -0.15606E+02  0.28733E+02  0.18645E+02  0.53458E+01  0.27825E+02
  0.41518E+02  0.56057E+02  0.69928E+02  0.55697E+02  0.46632E+02  0.49929E+02
  0.47269E+02  0.44961E+02  0.34464E+02  0.47234E+01 -0.33680E+02 -0.41677E+02
 -0.40236E+01  0.44724E+02  0.95010E+02  0.13784E+03  0.13035E+03  0.86232E+02
  0.85141E+02  0.12286E+03  0.12837E+03  0.11003E+03  0.10579E+03  0.11318E+03
  0.11817E+03  0.10921E+03  0.87236E+02  0.70785E+02  0.38604E+02 -0.31401E+02
 -0.79166E+02 -0.11430E+03 -0.17937E+03 -0.21357E+03 -0.18854E+03 -0.13799E+03
 -0.94617E+02 -0.65232E+02 -0.56805E+02 -0.74959E+02 -0.81544E+02 -0.78026E+02
 -0.77753E+02 -0.54990E+02 -0.23948E+02 -0.85008E+01 -0.10112E+02 -0.30596E+02
 -0.40929E+02 -0.53210E+01  0.37894E+02  0.54356E+02  0.50139E+02  0.17818E+02
 -0.93423E+01  0.48125E+01  0.34180E+02  0.50420E+02  0.60975E+02  0.73495E+02
  0.89765E+02  0.10487E+03  0.11473E+03  0.11230E+03  0.75811E+02  0.36394E+02
  0.38033E+02  0.43444E+02  0.37215E+02  0.58659E+02  0.83995E+02  0.60709E+02
 -0.63180E+01 -0.30051E+02  0.85421E+01  0.94632E+01 -0.34126E+02 -0.69811E+02
 -0.90833E+02 -0.10355E+03 -0.10463E+03 -0.94023E+02 -0.10002E+03 -0.13041E+03
 -0.15876E+03 -0.17526E+03 -0.18805E+03 -0.19124E+03 -0.16726E+03 -0.12340E+03
 -0.91093E+02 -0.69386E+02 -0.27537E+02  0.13957E+02  0.34213E+02  0.63351E+02
  0.91616E+02  0.10152E+03  0.98949E+02  0.85611E+02  0.10194E+03  0.15298E+03
  0.17779E+03  0.17716E+03  0.18601E+03  0.19652E+03  0.19383E+03  0.18353E+03
  0.15837E+03  0.11424E+03  0.73119E+02  0.32153E+02 -0.21390E+02 -0.91975E+02
 -0.13393E+03 -0.11799E+03 -0.10102E+03 -0.10068E+03 -0.93723E+02 -0.73886E+02
 -0.40447E+02 -0.14142E+00  0.22896E+02  0.11626E+02 -0.33486E+02 -0.82857E+02
 -0.10178E+03 -0.10007E+03 -0.84524E+02 -0.62565E+02 -0.67840E+02 -0.10225E+03
 -0.12719E+03 -0.12578E+03 -0.86670E+02 -0.79478E+01  0.71800E+02  0.10680E+03
  0.92104E+02  0.73214E+02  0.58588E+02  0.18873E+02 -0.28146E+02 -0.47380E+02
 -0.38941E+02 -0.71065E+01  0.26400E+02  0.43010E+02  0.59211E+02  0.62823E+02
  0.42060E+02  0.20676E+02  0.16454E+02  0.20485E+02  0.18887E+02  0.34930E+01
 -0.93720E+01  0.13912E+02  0.45176E+02  0.57677E+02  0.46738E+02  0.22991E+02
  0.22062E+02  0.28341E+02  0.32965E+02  0.44367E+02  0.52235E+02  0.57999E+02
  0.52404E+02  0.24612E+02 -0.27987E+01 -0.19168E+02 -0.37624E+02 -0.52553E+02
 -0.62240E+02 -0.89265E+02 -0.12984E+03 -0.14204E+03 -0.11578E+03 -0.66368E+02
 -0.33280E+02 -0.58944E+02 -0.11438E+03 -0.14180E+03 -0.10793E+03 -0.62027E+02
 -0.45552E+02  0.14793E+02  0.11878E+03  0.16893E+03  0.16158E+03  0.12446E+03
  0.63071E+02  0.97249E+01 -0.28864E+02 -0.41661E+02 -0.23405E+02 -0.17607E+01
  0.35608E+02  0.75342E+02  0.82141E+02  0.80118E+02  0.82657E+02  0.80622E+02
  0.78179E+02  0.80039E+02  0.83347E+02  0.93286E+02  0.10122E+03  0.88234E+02
  0.59839E+02  0.21360E+02 -0.22743E+02 -0.37448E+02 -0.32391E+00  0.29427E+02
  0.78284E+01 -0.32988E+02 -0.62546E+02 -0.81274E+02 -0.97902E+02 -0.10868E+03
 -0.11610E+03 -0.12183E+03 -0.11370E+03 -0.10487E+03 -0.10126E+03 -0.85638E+02
 -0.68412E+02 -0.53727E+02 -0.46135E+02 -0.44222E+02 -0.33856E+02 -0.25675E+02
 -0.13407E+02  0.14892E+02  0.53142E+02  0.99390E+02  0.14317E+03  0.15516E+03
  0.14540E+03  0.13066E+03  0.98085E+02  0.88454E+02  0.11230E+03  0.11604E+03
  0.10480E+03  0.86058E+02  0.45579E+02  0.18315E+02  0.54461E+01 -0.45171E+02
 -0.10847E+03 -0.13651E+03 -0.15536E+03 -0.18351E+03 -0.20916E+03 -0.22797E+03
 -0.21125E+03 -0.17936E+03 -0.12509E+03 -0.28295E+02 -0.53440E+02 -0.78311E+02
  0.43052E+02  0.10259E+03  0.91601E+02  0.98371E+02  0.10407E+03  0.10388E+03
  0.10674E+03  0.10774E+03  0.10137E+03  0.86380E+02  0.82545E+02  0.99637E+02
  0.11527E+03  0.13100E+03  0.13891E+03  0.11183E+03  0.67662E+02  0.20749E+02
 -0.43986E+02 -0.90108E+02 -0.88808E+02 -0.86114E+02 -0.10258E+03 -0.10735E+03
 -0.96762E+02 -0.88204E+02 -0.81484E+02 -0.75128E+02 -0.70117E+02 -0.66510E+02
 -0.53394E+02 -0.25929E+02 -0.10850E+02 -0.10270E+02 -0.11214E+02 -0.22553E+02
 -0.35496E+02 -0.18873E+02  0.28961E+02  0.69539E+02  0.78300E+02  0.67489E+02
  0.56156E+02  0.41195E+02  0.18257E+02  0.12200E+01 -0.10623E+02 -0.30073E+02
 -0.42482E+02 -0.34150E+02 -0.19138E+02 -0.11913E+02 -0.14820E+02 -0.28955E+02
 -0.50345E+02 -0.71973E+02 -0.87910E+02 -0.70030E+02 -0.24559E+02  0.37745E+01
  0.86238E+01  0.10558E+02  0.23836E+02  0.46422E+02  0.64583E+02  0.59467E+02
  0.36829E+02  0.31581E+02  0.53790E+02  0.77570E+02  0.89397E+02  0.10385E+03
  0.11679E+03  0.10977E+03  0.97749E+02  0.91338E+02  0.79467E+02  0.60327E+02
  0.27546E+02  0.11880E+01 -0.69148E+01 -0.23232E+02 -0.47316E+02 -0.83657E+02
 -0.12513E+03 -0.14189E+03 -0.14741E+03 -0.14447E+03 -0.12195E+03 -0.10508E+03
 -0.99315E+02 -0.87188E+02 -0.66414E+02 -0.45208E+02 -0.28436E+02 -0.18800E+02
 -0.13963E+02 -0.72266E+01 -0.60698E+01 -0.17203E+01  0.11673E+02  0.16656E+02
  0.26640E+02  0.56874E+02  0.95789E+02  0.13236E+03  0.15180E+03  0.13897E+03
  0.11012E+03  0.98465E+02  0.97905E+02  0.93625E+02  0.68697E+02  0.18802E+01
 -0.45570E+02 -0.39671E+02 -0.42556E+02 -0.53495E+02 -0.32404E+02  0.20944E+01
  0.20550E+02  0.34746E+02  0.55738E+02  0.65260E+02  0.57698E+02  0.37353E+02
  0.14252E+02 -0.10228E+02 -0.43729E+02 -0.66090E+02 -0.72091E+02 -0.62499E+02
 -0.41944E+02 -0.31118E+02 -0.16196E+02  0.58309E+01  0.11499E+02  0.26325E+01
 -0.17496E+02 -0.51404E+02 -0.71662E+02 -0.58044E+02 -0.39631E+02 -0.33837E+02
 -0.22652E+02 -0.50405E+01  0.92822E+01  0.13007E+02  0.34195E+01 -0.92660E+01
 -0.18453E+02 -0.22012E+02 -0.90743E+01  0.31512E+02  0.76919E+02  0.91763E+02
  0.84799E+02  0.74697E+02  0.58432E+02  0.42398E+02  0.23083E+02 -0.13390E+02
 -0.52078E+02 -0.88040E+02 -0.96233E+02 -0.51459E+02 -0.89820E+01  0.37340E+01
  0.84241E+01  0.19095E+02  0.34175E+02  0.36130E+02  0.15044E+02 -0.24838E+02
 -0.67739E+02 -0.98747E+02 -0.10762E+03 -0.10014E+03 -0.79823E+02 -0.39542E+02
 -0.36692E+00  0.27147E+02  0.54934E+02  0.75266E+02  0.87203E+02  0.89466E+02
  0.67696E+02  0.22125E+02 -0.12770E+02 -0.19600E+02 -0.11555E+02  0.16008E+02
  0.43385E+02  0.52795E+02  0.47307E+02  0.17510E+02 -0.18618E+02 -0.39365E+02
 -0.45474E+02 -0.30591E+02 -0.73384E+01 -0.39238E+01 -0.10458E+01  0.17358E+02
  0.17518E+02 -0.61669E+01 -0.28234E+02 -0.42499E+02 -0.49925E+02 -0.43605E+02
 -0.24189E+02 -0.10228E+02 -0.14327E+02 -0.26617E+02 -0.28513E+02 -0.21459E+02
 -0.17191E+02 -0.46400E+01  0.18699E+02  0.36741E+02  0.35494E+02  0.22949E+02
  0.24308E+02  0.34238E+02  0.39580E+02  0.42897E+02  0.42212E+02  0.31982E+02
  0.18069E+02  0.50178E+01 -0.86628E+01 -0.10821E+02 -0.10197E+02 -0.20078E+02
 -0.22132E+02 -0.24054E+02 -0.42158E+02 -0.42639E+02 -0.25324E+02 -0.23417E+02
 -0.22254E+02 -0.25611E+02 -0.36287E+02 -0.32630E+02 -0.25119E+02 -0.17826E+02
 -0.99061E+01  0.27330E+01  0.23507E+02  0.39058E+02  0.43353E+02  0.39085E+02
  0.45844E+02  0.52468E+02  0.35724E+02  0.29617E+02  0.49042E+02  0.63012E+02
  0.66478E+02  0.73480E+02  0.67696E+02  0.36416E+02  0.87590E+01  0.10572E+02
  0.22527E+02  0.10293E+02 -0.19373E+02 -0.41081E+02 -0.41994E+02 -0.30578E+02
 -0.34220E+02 -0.45954E+02 -0.49218E+02 -0.56722E+02 -0.67083E+02 -0.74309E+02
 -0.76841E+02 -0.66061E+02 -0.43750E+02 -0.22779E+02 -0.19028E+02 -0.24622E+02
 -0.23699E+02 -0.21336E+02 -0.23241E+02 -0.26582E+02 -0.23991E+02 -0.95523E+01
  0.71382E+01  0.23901E+02  0.45330E+02  0.48254E+02  0.37300E+02  0.36763E+02
  0.39145E+02  0.33397E+02  0.21330E+02  0.10852E+02  0.81823E+01  0.19986E+02
  0.38182E+02  0.46808E+02  0.47193E+02  0.51376E+02  0.42814E+02  0.16427E+01
 -0.35203E+02 -0.40597E+02 -0.35221E+02 -0.18116E+02  0.15211E+02  0.39764E+02
  0.47160E+02  0.42407E+02  0.36187E+02  0.35782E+02  0.26737E+02  0.74232E+01
 -0.22349E+02 -0.60177E+02 -0.80252E+02 -0.84442E+02 -0.69903E+02 -0.24737E+02
  0.18191E+02  0.33052E+02  0.29865E+02  0.21130E+02 -0.10479E+01 -0.25145E+02
 -0.33771E+02 -0.35575E+02 -0.31842E+02 -0.20792E+02 -0.96668E+01 -0.58951E+01
 -0.36359E+01 -0.24635E+01 -0.22747E+01  0.88841E+01  0.24137E+02  0.31965E+02
  0.31649E+02  0.20713E+02  0.11512E+01 -0.16280E+02 -0.25252E+02 -0.31040E+02
 -0.35900E+02 -0.30954E+02 -0.19054E+02 -0.14746E+02 -0.16203E+02 -0.18415E+02
 -0.17269E+02 -0.57665E+01  0.46867E+01  0.12605E+02  0.24061E+02  0.22489E+02
  0.54977E+01 -0.46712E+01  0.74950E+00  0.11102E+02  0.22871E+02  0.28938E+02
  0.21981E+02  0.17654E+02  0.26594E+02  0.40231E+02  0.50357E+02  0.52239E+02
  0.40737E+02  0.23224E+02  0.94208E+01 -0.15344E+01 -0.35879E+01 -0.20344E+01
 -0.14453E+02 -0.34510E+02 -0.48564E+02 -0.53203E+02 -0.51694E+02 -0.40727E+02
 -0.12442E+02  0.13844E+02  0.13059E+02 -0.36272E+00  0.17897E+01  0.14161E+02
  0.21206E+02  0.29919E+02  0.43885E+02  0.41116E+02  0.18499E+02 -0.24091E+01
 -0.12421E+02 -0.70516E+01  0.46457E+00 -0.26156E+01 -0.10956E+01  0.10047E+02
  0.18400E+02  0.89918E+01 -0.72196E+01 -0.57996E+01  0.19122E+01  0.92712E+01
  0.20095E+02  0.16461E+02 -0.18852E+00 -0.81466E+01 -0.24723E+01  0.97569E+01
  0.23249E+02  0.37817E+02  0.42911E+02  0.28802E+02  0.71354E+01 -0.63647E+01
 -0.64156E+01 -0.46513E+01 -0.77418E+01 -0.10076E+02 -0.12517E+02 -0.10392E+02
 -0.17819E+01  0.59540E+00 -0.10226E+02 -0.31616E+02 -0.51805E+02 -0.61000E+02
 -0.70098E+02 -0.79410E+02 -0.73193E+02 -0.55492E+02 -0.42549E+02 -0.39425E+02
 -0.39127E+02 -0.29854E+02 -0.16472E+02 -0.10553E+02 -0.39882E+01  0.99554E+01
  0.23017E+02  0.22373E+02  0.11870E+02  0.44484E+01  0.41726E+01  0.11911E+02
  0.18565E+02  0.22002E+02  0.30564E+02  0.39181E+02  0.39057E+02  0.31652E+02
  0.23467E+02  0.18753E+02  0.21507E+02  0.27797E+02  0.28501E+02  0.25798E+02
  0.21691E+02  0.12793E+02  0.56281E+01  0.87176E+01  0.11756E+02  0.21763E+01
 -0.13811E+02 -0.24630E+02 -0.21940E+02 -0.14959E+02 -0.20290E+02 -0.29126E+02
 -0.27178E+02 -0.18920E+02 -0.16026E+02 -0.14535E+02 -0.26064E+01  0.13596E+02
  0.15046E+02  0.81418E+01  0.16591E+02  0.33065E+02  0.43995E+02  0.46476E+02
  0.33967E+02  0.16688E+02  0.79997E+01  0.27005E+01 -0.42136E+01 -0.17344E+02
 -0.28607E+02 -0.14542E+02  0.12151E+02  0.24000E+02  0.19099E+02  0.43748E+01
 -0.10888E+02 -0.20221E+02 -0.27498E+02 -0.32552E+02 -0.26018E+02 -0.14070E+02
 -0.78120E+01 -0.73161E+01 -0.93282E+01 -0.13358E+02 -0.19522E+02 -0.23660E+02
 -0.25400E+02 -0.15890E+02  0.73263E+01  0.21220E+02  0.17095E+02  0.84603E+01
  0.85270E+01  0.14924E+02  0.16720E+02  0.11551E+02  0.71765E+01  0.19892E+02
  0.46399E+02  0.62699E+02  0.59127E+02  0.43366E+02  0.25953E+02  0.18843E+02
  0.23631E+02  0.25672E+02  0.19600E+02  0.66546E+01 -0.15554E+02 -0.29137E+02
 -0.25161E+02 -0.20551E+02 -0.20000E+02 -0.24871E+02 -0.35207E+02 -0.37800E+02
 -0.23892E+02 -0.56837E+01 -0.36685E+01 -0.15727E+02 -0.25693E+02 -0.26455E+02
 -0.16126E+02 -0.22501E+01  0.60188E+01  0.46951E+01  0.55850E-01  0.29811E+01
  0.62798E+01  0.94625E+01  0.17847E+02  0.21867E+02  0.18186E+02  0.14603E+02
  0.10363E+02 -0.43113E+01 -0.24605E+02 -0.30140E+02 -0.22826E+02 -0.20771E+02
 -0.13648E+02  0.25272E+01  0.87003E+01  0.34330E+01 -0.40687E+01 -0.77824E+01
 -0.71234E+01 -0.65492E+01 -0.89279E+01 -0.80758E+01  0.34486E+01  0.21390E+02
  0.27252E+02  0.11541E+02 -0.45827E+01 -0.96010E+01 -0.10506E+02 -0.61985E+01
  0.73405E+01  0.20679E+02  0.26164E+02  0.26917E+02  0.61489E+01 -0.22651E+02
 -0.30860E+02 -0.28478E+02 -0.21589E+02 -0.19066E+02 -0.19783E+02 -0.13417E+02
 -0.46903E+01  0.35468E+01  0.32809E+01 -0.58188E+01 -0.11718E+02 -0.18846E+02
 -0.30908E+02 -0.39375E+02 -0.43339E+02 -0.36523E+02 -0.19358E+02 -0.83446E+01
 -0.32383E+01  0.65637E+00  0.51590E+00  0.41633E+01  0.18391E+02  0.32049E+02
  0.35103E+02  0.27221E+02  0.10669E+02 -0.23249E+01 -0.59357E-01  0.16212E+02
  0.37344E+02  0.52181E+02  0.48452E+02  0.32681E+02  0.24257E+02  0.22332E+02
  0.20973E+02  0.22035E+02  0.23897E+02  0.22711E+02  0.17976E+02  0.11232E+02
  0.38651E+01 -0.57445E+01 -0.18325E+02 -0.28661E+02 -0.36344E+02 -0.43151E+02
 -0.42907E+02 -0.42475E+02 -0.50073E+02 -0.51998E+02 -0.42927E+02 -0.25293E+02
 -0.33149E+01  0.72033E+01  0.57396E+01  0.14962E+01 -0.21942E+01 -0.14673E+01
  0.21330E+01  0.24880E+01 -0.47680E+01 -0.54667E+01  0.93072E+01  0.23057E+02
  0.32967E+02  0.44002E+02  0.53766E+02  0.59030E+02  0.53332E+02  0.38820E+02
  0.22074E+02  0.91843E+01 -0.48577E+00 -0.11026E+02 -0.18213E+02 -0.25199E+02
 -0.30341E+02 -0.26327E+02 -0.20170E+02 -0.21176E+02 -0.30309E+02 -0.36962E+02
 -0.35387E+02 -0.28081E+02 -0.13621E+02 -0.57641E+01 -0.15534E+02 -0.25251E+02
 -0.22757E+02 -0.14074E+02 -0.33736E+01  0.10199E+02  0.19668E+02  0.19348E+02
  0.19606E+02  0.23994E+02  0.25486E+02  0.28579E+02  0.37246E+02  0.44534E+02
  0.43288E+02  0.24280E+02  0.14057E+01 -0.85369E+01 -0.11430E+02 -0.44138E+01
  0.69169E+01  0.13535E+02  0.15417E+02  0.12395E+02  0.13230E+02  0.17029E+02
  0.14865E+02  0.74616E+01 -0.62217E+01 -0.19906E+02 -0.29136E+02 -0.35700E+02
 -0.24334E+02  0.22795E+01  0.21599E+02  0.25307E+02  0.18151E+02  0.15165E+02
  0.19285E+02  0.21300E+02  0.18646E+02  0.11379E+02 -0.17253E+01 -0.26873E+02
 -0.52737E+02 -0.56739E+02 -0.45071E+02 -0.30840E+02 -0.16017E+02 -0.41094E+01
 -0.98855E+00 -0.90743E+01 -0.18960E+02 -0.27363E+02 -0.36636E+02 -0.39257E+02
 -0.32511E+02 -0.19788E+02 -0.33280E+01  0.67083E+01  0.69779E+01  0.12750E+02
  0.22184E+02  0.24766E+02  0.28165E+02  0.34395E+02  0.39950E+02  0.45099E+02
  0.45341E+02  0.43467E+02  0.44770E+02  0.45562E+02  0.42389E+02  0.30340E+02
  0.17119E+02  0.16090E+02  0.15123E+02  0.75387E+01  0.13690E+01 -0.17202E+02
 -0.51811E+02 -0.65332E+02 -0.50069E+02 -0.35126E+02 -0.23843E+02 -0.18603E+02
 -0.26353E+02 -0.33230E+02 -0.27754E+02 -0.15133E+02 -0.78885E+01 -0.97771E+01
 -0.98669E+01 -0.48719E+01  0.45470E+00  0.68632E+01  0.65118E+01 -0.18151E+01
 -0.29712E+01  0.48303E+01  0.15108E+02  0.19884E+02  0.96866E+01 -0.40645E+01
 -0.61418E+01 -0.33981E+01 -0.50292E+01 -0.10272E+02 -0.16200E+02 -0.19347E+02
 -0.12998E+02 -0.18251E+01 -0.36360E+01 -0.14184E+02 -0.17532E+02 -0.13770E+02
 -0.64286E+01  0.49370E+01  0.19868E+02  0.32156E+02  0.36527E+02  0.38198E+02
  0.43469E+02  0.49206E+02  0.45940E+02  0.29985E+02  0.10001E+02 -0.56760E+01
 -0.16332E+02 -0.20183E+02 -0.20271E+02 -0.19915E+02 -0.12401E+02  0.21001E+01
  0.86088E+01  0.99857E+01  0.14711E+02  0.66515E+01 -0.54893E+01 -0.44562E+01
  0.41720E+00  0.15528E+01  0.98997E+00 -0.68515E+00 -0.96718E+01 -0.24145E+02
 -0.32910E+02 -0.31134E+02 -0.26317E+02 -0.20663E+02 -0.12810E+02 -0.56494E+01
 -0.43317E+01 -0.80193E+01 -0.38063E+01  0.67988E+01  0.13696E+02  0.15831E+02
  0.15259E+02  0.16646E+02  0.23143E+02  0.25428E+02  0.18037E+02  0.92963E+01
  0.30808E+01  0.45269E+01  0.13362E+02  0.18796E+02  0.17353E+02  0.10995E+02
  0.40856E+01  0.27881E+01  0.55465E+01  0.74416E+01  0.69622E+01  0.77356E+00
 -0.63237E+01 -0.53627E+01 -0.35921E+01 -0.34083E+01 -0.16307E+01 -0.63992E+01
 -0.11181E+02 -0.12996E+02 -0.60599E+01  0.16172E+02  0.19570E+02  0.33970E+01
 -0.28666E+01 -0.18978E+01 -0.12431E+01 -0.95951E+00  0.63360E+00 -0.79971E+00
 -0.93705E+01 -0.15923E+02 -0.17656E+02 -0.24229E+02 -0.27313E+02 -0.23330E+02
 -0.22592E+02 -0.21740E+02 -0.19712E+02 -0.17190E+02 -0.16074E+02 -0.15419E+02
 -0.96797E+01 -0.96963E+01 -0.14220E+02 -0.13578E+02 -0.11755E+02 -0.29479E+01
  0.10851E+02  0.22488E+02  0.30242E+02  0.31621E+02  0.30136E+02  0.26492E+02
  0.21449E+02  0.17965E+02  0.15640E+02  0.14091E+02  0.16037E+02  0.16577E+02
  0.14812E+02  0.17688E+02  0.20850E+02  0.20444E+02  0.19116E+02  0.13830E+02
 -0.24920E+01 -0.18014E+02 -0.21549E+02 -0.28810E+02 -0.45627E+02 -0.55159E+02
 -0.49085E+02 -0.40363E+02 -0.33886E+02 -0.25309E+02 -0.16959E+02 -0.14683E+02
 -0.19206E+02 -0.13387E+02 -0.21672E+01 -0.49525E+01 -0.11527E+02 -0.11406E+02
 -0.11247E+02 -0.92199E+01 -0.23476E+01  0.29204E+01  0.74911E+01  0.67599E+01
  0.94637E+01  0.24687E+02  0.26027E+02  0.12195E+02  0.49479E+01  0.13122E+01
  0.20499E+01  0.11843E+02  0.21487E+02  0.26360E+02  0.25499E+02  0.21864E+02
  0.22734E+02  0.25550E+02  0.26775E+02  0.25995E+02  0.20290E+02  0.85777E+01
  0.24756E+01  0.88075E+01  0.10018E+02  0.48121E+01  0.46487E+01  0.47892E+01
  0.43260E+01  0.44353E+01  0.45988E+01  0.48748E+01  0.26299E+01 -0.12263E+01
 -0.36564E+01  0.20579E+00  0.68264E+01  0.44336E+01 -0.47595E+01 -0.14157E+02
 -0.19740E+02 -0.17415E+02 -0.12513E+02 -0.11174E+02 -0.11185E+02 -0.13566E+02
 -0.21176E+02 -0.26502E+02 -0.28224E+02 -0.29694E+02 -0.28705E+02 -0.25042E+02
 -0.16704E+02 -0.85079E+01 -0.83069E+01 -0.92948E+01 -0.60914E+01 -0.58983E+01
 -0.71951E+01  0.73184E+00  0.13480E+02  0.19549E+02  0.19173E+02  0.18189E+02
  0.18215E+02  0.22005E+02  0.28320E+02  0.28175E+02  0.19250E+02  0.64460E+01
  0.14121E+01  0.69459E+01  0.13767E+02  0.19099E+02  0.17194E+02  0.10935E+02
  0.93048E+01  0.83990E+01  0.31296E+01  0.17980E+01  0.81907E+01  0.72860E+01
  0.95057E+01  0.20300E+02  0.24244E+02  0.26335E+02  0.26103E+02  0.20530E+02
  0.16280E+02  0.16118E+02  0.15963E+02  0.11171E+02  0.19942E+00 -0.90326E+01
 -0.10112E+02 -0.17215E+02 -0.25512E+02 -0.21423E+02 -0.17637E+02 -0.20636E+02
 -0.25973E+02 -0.32004E+02 -0.37620E+02 -0.41763E+02 -0.42714E+02 -0.34819E+02
 -0.21628E+02 -0.11843E+02 -0.87773E+01 -0.10696E+02 -0.13087E+02 -0.14292E+02
 -0.85037E+01  0.17444E+01  0.95007E+01  0.13731E+02  0.10160E+02  0.50487E+00
 -0.37847E+01  0.17812E+01  0.11769E+02  0.18118E+02  0.18622E+02  0.14638E+02
  0.53199E+01 -0.39103E+01 -0.99891E+01 -0.12591E+02 -0.47504E+01  0.71793E+01
  0.94548E+01  0.10995E+02  0.15122E+02  0.11954E+02  0.69120E+01  0.50834E+01
  0.74338E+01  0.13470E+02  0.15431E+02  0.91267E+01 -0.74211E-01 -0.12509E+02
 -0.22636E+02 -0.16795E+02 -0.43124E+01  0.50958E+01  0.10044E+02  0.51320E+01
 -0.68838E+01 -0.17620E+02 -0.25401E+02 -0.28815E+02 -0.23288E+02 -0.11490E+02
 -0.19057E+01  0.34422E+01  0.62953E+01  0.13640E+01 -0.67034E+01 -0.86402E+01
 -0.67727E+01 -0.54928E+01 -0.81756E+01 -0.13306E+02 -0.16434E+02 -0.15809E+02
 -0.10210E+02 -0.70089E+00  0.10039E+02  0.18856E+02  0.22186E+02  0.17360E+02
  0.83856E+01  0.55402E+01  0.48267E+01  0.23922E+01  0.29826E+01  0.14722E+01
 -0.42705E+00  0.72058E+00  0.36353E+01  0.12170E+02  0.19162E+02  0.14351E+02
  0.77414E+01  0.53917E+01  0.14428E+01  0.25629E+01  0.50063E+01  0.65264E+00
 -0.18576E+01 -0.36197E+01 -0.10093E+02 -0.18470E+02 -0.26227E+02 -0.25845E+02
 -0.15453E+02 -0.50757E+01  0.21474E+01  0.73786E+01  0.78248E+01  0.38212E+01
  0.19169E+01  0.45544E+01  0.97283E+01  0.16767E+02  0.22516E+02  0.25185E+02
  0.22508E+02  0.19056E+02  0.25821E+02  0.32696E+02  0.29869E+02  0.23329E+02
  0.16631E+02  0.13015E+02  0.12612E+02  0.12954E+02  0.11876E+02  0.11171E+02
  0.11144E+02  0.29798E+01 -0.13353E+02 -0.23955E+02 -0.24092E+02 -0.23238E+02
 -0.25264E+02 -0.31248E+02 -0.43979E+02 -0.53682E+02 -0.47646E+02 -0.30258E+02
 -0.16772E+02 -0.70666E+01  0.39859E+01  0.88551E+01  0.10138E+02  0.12493E+02
  0.12342E+02  0.13049E+02  0.17710E+02  0.24577E+02  0.25593E+02  0.17922E+02
  0.82060E+01 -0.14383E+01 -0.80469E+01 -0.69813E+01 -0.20570E+01 -0.17395E+01
 -0.72542E+01 -0.11930E+02 -0.11737E+02 -0.11249E+02 -0.11076E+02 -0.12804E+02
 -0.16375E+02 -0.13031E+02 -0.31551E+01  0.63661E+01  0.99476E+01  0.11763E+02
  0.19428E+02  0.24443E+02  0.22977E+02  0.21774E+02  0.23094E+02  0.26773E+02
  0.22804E+02  0.82697E+01 -0.21810E+01 -0.51634E+01 -0.65344E+01 -0.75167E+01
 -0.82094E+01 -0.69014E+01 -0.10151E+02 -0.22440E+02 -0.29035E+02 -0.24538E+02
 -0.20033E+02 -0.16275E+02 -0.78291E+01  0.50127E+01  0.15879E+02  0.17895E+02
  0.14391E+02  0.11027E+02  0.90521E+01  0.58708E+01  0.14817E+01 -0.23194E+00
 -0.53719E+01 -0.12598E+02 -0.12293E+02 -0.48585E+01  0.62395E+01  0.10887E+02
  0.69926E+01  0.60587E+01  0.63414E+01  0.19690E+01 -0.36580E+01 -0.93245E+01
 -0.18402E+02 -0.29866E+02 -0.39663E+02 -0.44973E+02 -0.41696E+02 -0.31196E+02
 -0.18243E+02 -0.65835E+01  0.16179E+00  0.33715E+01  0.41837E+01  0.55606E+01
  0.14827E+02  0.77781E+00 -0.43008E+01  0.34410E+02  0.39277E+02  0.30280E+02
  0.43624E+02  0.49787E+02  0.51289E+02  0.49483E+02  0.46105E+02  0.42960E+02
  0.34681E+02  0.21399E+02  0.95954E+01  0.77259E+00 -0.45821E+01 -0.43755E+01
 -0.23735E+01 -0.45610E+01 -0.10526E+02 -0.17746E+02 -0.19925E+02 -0.17115E+02
 -0.19831E+02 -0.28110E+02 -0.34855E+02 -0.36698E+02 -0.33138E+02 -0.28779E+02
 -0.26269E+02 -0.21791E+02 -0.18273E+02 -0.20860E+02 -0.25822E+02 -0.31536E+02
 -0.35037E+02 -0.30864E+02 -0.23430E+02 -0.18351E+02 -0.15957E+02 -0.15479E+02
 -0.16295E+02 -0.17747E+02 -0.16663E+02 -0.94243E+01  0.18774E+01  0.12868E+02
  0.19705E+02  0.20289E+02  0.17806E+02  0.18490E+02  0.24916E+02  0.34368E+02
  0.43260E+02  0.48171E+02  0.48239E+02  0.49275E+02  0.50183E+02  0.40367E+02
  0.27314E+02  0.23076E+02  0.24467E+02  0.25049E+02  0.19955E+02  0.15412E+02
  0.14071E+02  0.51039E+01 -0.60134E+01 -0.12386E+02 -0.18624E+02 -0.22419E+02
 -0.25649E+02 -0.28740E+02 -0.29446E+02 -0.31958E+02 -0.34329E+02 -0.31422E+02
 -0.25064E+02 -0.15972E+02 -0.73487E+01 -0.68894E+01 -0.10894E+02 -0.10877E+02
 -0.60138E+01 -0.24403E+01 -0.39570E+01 -0.76690E+01 -0.85796E+01 -0.37919E+01
  0.21018E+01  0.64261E+01  0.11541E+02  0.16873E+02  0.22661E+02  0.25134E+02
  0.20858E+02  0.15611E+02  0.10818E+02  0.67326E+01  0.68453E+01  0.81794E+01
  0.68990E+01  0.39466E+01 -0.66475E+00 -0.31754E+01  0.77909E+00  0.45868E+01
  0.62384E+01  0.94303E+01  0.10266E+02  0.49838E+01 -0.25106E+01 -0.90357E+01
 -0.16638E+02 -0.25521E+02 -0.30519E+02 -0.27120E+02 -0.19545E+02 -0.10687E+02
 -0.16631E+01  0.42262E+01  0.49041E+01 -0.66108E-01 -0.45444E+01 -0.56053E+01
 -0.73189E+01 -0.12433E+02 -0.17866E+02 -0.21968E+02 -0.27835E+02 -0.32284E+02
 -0.26707E+02 -0.10901E+02  0.33078E+01  0.13940E+02  0.21423E+02  0.20970E+02
  0.19908E+02  0.20815E+02  0.18190E+02  0.12391E+02  0.39570E+01 -0.80257E+01
 -0.14316E+02 -0.10040E+02 -0.48592E+01  0.10663E+01  0.94355E+01  0.20458E+02
  0.34324E+02  0.41055E+02  0.33597E+02  0.14781E+02 -0.34861E+01 -0.10724E+02
 -0.92166E+01 -0.65174E+01 -0.40885E+01  0.35591E-02  0.39259E+01  0.84210E+01
  0.14519E+02  0.16407E+02  0.11639E+02  0.40828E+01 -0.52466E+00 -0.12021E+01
 -0.20089E+01 -0.30936E+01 -0.40970E+01 -0.42292E+01 -0.55055E+01 -0.12014E+02
 -0.20141E+02 -0.30437E+02 -0.41164E+02 -0.35547E+02 -0.16078E+02 -0.60536E+01
 -0.53479E+01 -0.41104E+01 -0.40083E+01 -0.13037E+01  0.66981E+01  0.14488E+02
  0.20327E+02  0.20553E+02  0.12433E+02  0.82748E+01  0.11437E+02  0.16701E+02
  0.23507E+02  0.27347E+02  0.29247E+02  0.31040E+02  0.27010E+02  0.16042E+02
  0.82335E+00 -0.12445E+02 -0.15298E+02 -0.10675E+02 -0.82328E+01 -0.12883E+02
 -0.20079E+02 -0.20810E+02 -0.15769E+02 -0.13049E+02 -0.14878E+02 -0.15862E+02
 -0.93564E+01  0.72804E+00  0.90807E+01  0.16028E+02  0.14216E+02  0.19424E+01
 -0.10775E+02 -0.20867E+02 -0.26596E+02 -0.19885E+02 -0.69097E+01 -0.30222E+00
  0.14057E+01  0.26151E-01 -0.31756E+01 -0.23851E+01  0.33743E+01  0.10644E+02
  0.14855E+02  0.13056E+02  0.80143E+01  0.31454E+01  0.30001E+01  0.80795E+01
  0.10790E+02  0.11768E+02  0.13961E+02  0.13483E+02  0.95834E+01  0.35674E+01
 -0.16207E+01  0.60883E+00  0.92655E+01  0.16726E+02  0.18115E+02  0.15665E+02
  0.14592E+02  0.13645E+02  0.11833E+02  0.10143E+02  0.80564E+01  0.63259E+01
  0.28272E+01 -0.33170E+01 -0.90529E+01 -0.14648E+02 -0.20556E+02 -0.24906E+02
 -0.23882E+02 -0.20008E+02 -0.17373E+02 -0.13606E+02 -0.10287E+02 -0.80763E+01
 -0.80279E+01 -0.13866E+02 -0.20332E+02 -0.22424E+02 -0.22013E+02 -0.19753E+02
 -0.17577E+02 -0.18536E+02 -0.18438E+02 -0.12068E+02 -0.21482E+01  0.63378E+01
  0.89053E+01  0.90798E+01  0.13399E+02  0.19160E+02  0.23992E+02  0.25896E+02
  0.18990E+02  0.85525E+01  0.48166E+01  0.60125E+01  0.75264E+01  0.70177E+01
  0.52481E+01  0.65646E+01  0.13250E+02  0.23098E+02  0.30499E+02  0.31455E+02
  0.24071E+02  0.10527E+02 -0.48942E+01 -0.16721E+02 -0.18898E+02 -0.17180E+02
 -0.16120E+02 -0.15649E+02 -0.16905E+02 -0.15953E+02 -0.12642E+02 -0.85831E+01
 -0.53837E+01 -0.60593E+01 -0.12737E+02 -0.22082E+02 -0.28250E+02 -0.31707E+02
 -0.30097E+02 -0.19902E+02 -0.11015E+02 -0.11775E+02 -0.10801E+02 -0.10391E+01
  0.11432E+02  0.19703E+02  0.16645E+02  0.65840E+01 -0.28037E+01 -0.72316E+01
 -0.38288E+01  0.98846E+00  0.46639E+01  0.87593E+01  0.10780E+02  0.12407E+02
  0.16500E+02  0.21954E+02  0.30881E+02  0.41666E+02  0.44297E+02  0.37006E+02
  0.25632E+02  0.15309E+02  0.10937E+02  0.12221E+02  0.13933E+02  0.11081E+02
  0.65178E+01  0.50080E+01  0.38057E+01  0.16631E+01 -0.18846E+01 -0.53687E+01
 -0.92466E+01 -0.16614E+02 -0.22650E+02 -0.28201E+02 -0.33024E+02 -0.33664E+02
 -0.34218E+02 -0.34736E+02 -0.33471E+02 -0.28715E+02 -0.21231E+02 -0.12391E+02
  0.23753E-01  0.75570E+01  0.25551E+01 -0.42846E+01 -0.60484E+01 -0.50090E+01
  0.72167E+00  0.77837E+01  0.11768E+02  0.14137E+02  0.13640E+02  0.11049E+02
  0.67816E+01  0.31250E-01 -0.29508E+01 -0.92491E+00  0.13293E+01  0.40503E+01
  0.60961E+01  0.35454E+01  0.32813E+01  0.95400E+01  0.17821E+02  0.29499E+02
  0.36538E+02  0.32864E+02  0.25014E+02  0.13374E+02  0.11512E+01 -0.42851E+01
 -0.53340E+01 -0.61153E+01 -0.36424E+01 -0.57489E+00 -0.25121E+01 -0.42021E+01
 -0.10362E+01  0.29291E+01  0.11342E+01 -0.55389E+01 -0.11443E+02 -0.20647E+02
 -0.32491E+02 -0.34399E+02 -0.27651E+02 -0.20997E+02 -0.16370E+02 -0.10829E+02
 -0.23548E+00  0.76500E+01  0.10296E+02  0.10705E+02  0.51443E+01 -0.44964E+01
 -0.11139E+02 -0.10563E+02 -0.95618E+01 -0.81858E+01 -0.41302E+00  0.93060E+01
  0.17795E+02  0.20718E+02  0.15626E+02  0.11336E+02  0.13370E+02  0.15770E+02
  0.14521E+02  0.11161E+02  0.69687E+01  0.34569E+01  0.11085E+01  0.58626E+00
  0.36915E+01  0.63112E+01  0.47036E+01  0.47733E+01  0.58196E+01  0.36371E+01
  0.15326E+01 -0.33937E+01 -0.13315E+02 -0.21536E+02 -0.24245E+02 -0.21374E+02
 -0.14802E+02 -0.76361E+01 -0.17938E+01  0.51270E-01 -0.29417E+01 -0.52876E+01
 -0.19723E+01  0.40559E+01  0.79183E+01  0.81070E+01  0.54427E+01  0.20609E+01
 -0.77824E+00 -0.11057E+01  0.19276E+01  0.34567E+01  0.14786E+00 -0.87212E+00
  0.31633E+01  0.63842E+01  0.10187E+02  0.13164E+02  0.10775E+02  0.47319E+01
 -0.26921E+01 -0.77121E+01 -0.10082E+02 -0.11063E+02 -0.80652E+01 -0.40798E+01
 -0.30290E+01 -0.28470E+01 -0.85447E+00  0.19316E+01  0.67300E+01  0.13144E+02
  0.14221E+02  0.12122E+02  0.72002E+01 -0.18752E+01 -0.63022E+01 -0.25605E+01
  0.43312E+01  0.51802E+01  0.16964E+00 -0.30536E+01 -0.51032E+01 -0.10769E+02
 -0.15259E+02 -0.12449E+02 -0.92152E+01 -0.72618E+01 -0.62534E+01 -0.75622E+01
 -0.39448E+01  0.27305E+01  0.56178E+01  0.59318E+01  0.41050E+01  0.16508E+01
  0.10154E+01  0.85744E+00 -0.56313E+00 -0.23205E+01 -0.21245E+01 -0.16376E+01
 -0.15169E+01  0.63873E+00  0.25442E+01  0.19668E+01  0.11355E+01 -0.21060E+01
 -0.89483E+01 -0.11548E+02 -0.97085E+01 -0.55163E+01  0.19062E+01  0.51059E+01
  0.71991E+01  0.13041E+02  0.16796E+02  0.15487E+02  0.54837E+01 -0.20532E+01
  0.48148E+01  0.13093E+02  0.13119E+02  0.58249E+01 -0.20849E+01 -0.46794E+01
 -0.47441E+01 -0.32640E+01  0.10535E+01  0.68152E+01  0.49415E+01 -0.47103E+01
 -0.88671E+01 -0.61861E+01 -0.32303E+01  0.54701E+00  0.27179E+01  0.29097E+00
 -0.11980E+01  0.37334E+00  0.47100E+01  0.83844E+01  0.64128E+01  0.24709E+01
 -0.15252E+01 -0.42832E+01 -0.15630E+01  0.56117E+01  0.92721E+01  0.41908E+01
 -0.24846E+01 -0.53937E+01 -0.69338E+01 -0.72879E+01 -0.41646E+01  0.13027E+01
  0.11529E+01 -0.49241E+01 -0.10707E+02 -0.11454E+02 -0.68829E+01 -0.49354E+01
 -0.38241E+01 -0.69013E+00 -0.16411E+01 -0.32247E+01 -0.17225E+00  0.27083E+01
  0.50492E+01  0.83763E+01  0.86332E+01  0.76734E+01  0.89364E+01  0.81330E+01
  0.16756E+01 -0.59622E+01 -0.73774E+01 -0.30013E+01  0.48672E+01  0.11393E+02
  0.58884E+01 -0.40992E+01 -0.39892E+01  0.32415E+01  0.10607E+02  0.13183E+02
  0.64873E+01 -0.40250E+01 -0.12859E+02 -0.19770E+02 -0.20299E+02 -0.16990E+02
 -0.15342E+02 -0.13731E+02 -0.93493E+01 -0.16624E+01  0.47150E+01  0.68645E+01
  0.69214E+01  0.62193E+01  0.50035E+01  0.39629E+01  0.56554E+01  0.84685E+01
  0.94697E+01  0.11476E+02  0.11938E+02  0.97400E+01  0.76859E+01  0.43194E+01
 -0.10611E+01 -0.59656E+01 -0.61931E+01 -0.35553E+01 -0.37870E+01 -0.97129E+01
 -0.18528E+02 -0.22799E+02 -0.19946E+02 -0.10771E+02  0.21101E+01  0.10476E+02
  0.11324E+02  0.11786E+02  0.12151E+02  0.10156E+02  0.77304E+01  0.27199E+01
 -0.18454E+01 -0.53778E+01 -0.71554E+01 -0.18032E+01  0.44695E+01  0.61337E+01
  0.87182E+01  0.13043E+02  0.13266E+02  0.93546E+01  0.38101E+01 -0.61710E+01
 -0.16769E+02 -0.18988E+02 -0.16693E+02 -0.14809E+02 -0.88366E+01 -0.33668E+01
 -0.16812E+01  0.52632E+01  0.91493E+01  0.48483E+01  0.18984E+01 -0.16089E+01
 -0.50936E+01 -0.53919E+01 -0.50500E+01 -0.53544E+01 -0.76797E+01 -0.10720E+02
 -0.11317E+02 -0.10673E+02 -0.76568E+01  0.42143E+00  0.88259E+01  0.12854E+02
  0.11604E+02  0.42594E+01 -0.28759E+01 -0.94611E+00  0.68781E+01  0.11382E+02
  0.12269E+02  0.12715E+02  0.12256E+02  0.93469E+01  0.40673E+01  0.10387E+01
  0.89165E+00  0.26750E+01  0.62381E+01  0.60703E+01  0.37414E+01  0.11046E+01
 -0.14561E+01  0.12094E+01  0.23697E+01 -0.26140E+01 -0.75484E+01 -0.71428E+01
 -0.21602E+01 -0.25879E+00 -0.24360E+01 -0.33389E+01 -0.14107E+01 -0.56553E-01
 -0.52961E+00  0.16123E+00  0.43205E+00  0.37546E-02 -0.32161E+01 -0.10414E+02
 -0.11469E+02 -0.34839E+01  0.51710E+01  0.73777E+01  0.55172E+01  0.47889E+01
  0.12659E+01 -0.34945E+01 -0.27167E+01 -0.16037E+01 -0.12792E+01  0.18667E+00
  0.10812E+01  0.29847E+01  0.45510E+01  0.60087E+01  0.86338E+01  0.10680E+02
  0.93827E+01  0.51088E+01  0.20494E+01  0.26996E+00 -0.44569E+01 -0.10444E+02
 -0.13146E+02 -0.15288E+02 -0.17813E+02 -0.16578E+02 -0.14641E+02 -0.15159E+02
 -0.14483E+02 -0.12320E+02 -0.71341E+01  0.63541E+00  0.55786E+01  0.47430E+01
  0.11604E+00 -0.18544E+01 -0.17770E+01  0.41581E-01  0.62601E+01  0.13340E+02
  0.15941E+02  0.11770E+02  0.59818E+01  0.39500E+01  0.38442E+01  0.39198E+01
  0.31267E+01 -0.14872E+01 -0.68483E+01 -0.69006E+01 -0.60135E+01 -0.30929E+01
  0.37998E+01  0.48572E+00 -0.68620E+01 -0.65962E+01 -0.61559E+01 -0.60613E+01
 -0.32668E+01  0.54675E+00 -0.17381E+00 -0.51313E+01 -0.59120E+01 -0.26441E+01
  0.11863E+01  0.53529E+01  0.51093E+01 -0.73179E+00 -0.64949E+01 -0.84534E+01
 -0.82258E+01 -0.66666E+01 -0.32150E+01 -0.11827E+01  0.46040E+00  0.34963E+01
  0.46148E+01  0.35598E+01  0.11623E+01 -0.89364E+00  0.18243E+00  0.10707E+01
  0.20700E+01  0.62786E+01  0.11443E+02  0.16696E+02  0.19619E+02  0.19230E+02
  0.18305E+02  0.18313E+02  0.17390E+02  0.15538E+02  0.11829E+02  0.72598E+00
 -0.78599E+01 -0.63753E+01 -0.54097E+01 -0.42489E+01 -0.23349E+00  0.93728E+00
  0.31152E+01  0.59964E+01  0.45625E+01  0.28926E+01  0.15447E+01 -0.92986E-01
 -0.21967E+01 -0.66011E+01 -0.93528E+01 -0.81493E+01 -0.49676E+01 -0.12660E+01
  0.21110E+01  0.22280E+01 -0.20407E+01 -0.40656E+01 -0.23203E+01 -0.11810E+01
 -0.10215E+00  0.42433E+00 -0.15048E+01 -0.39462E+01 -0.51172E+01 -0.65098E+01
 -0.61727E+01 -0.24323E+01 -0.27221E+01 -0.75909E+01 -0.94812E+01 -0.62538E+01
 -0.20709E+01 -0.63145E+00  0.31524E+01  0.55845E+01  0.20024E+01  0.84736E+00
  0.27203E+01  0.54379E+01  0.99653E+01  0.14206E+02  0.14443E+02  0.95552E+01
  0.32128E+01 -0.29459E+01 -0.71045E+01 -0.56460E+01  0.13378E+01  0.46072E+01
 -0.22493E+01 -0.11738E+02 -0.16376E+02 -0.97985E+01  0.63569E+00  0.45449E+01
  0.10282E+02  0.13471E+02  0.92541E+01  0.80465E+01  0.80858E+01  0.67210E+01
  0.90586E+01  0.70448E+01 -0.88416E+00 -0.28709E+01 -0.31585E+01 -0.18096E+01
  0.31135E+01  0.53091E+01  0.48005E+01 -0.86692E+00 -0.88000E+01 -0.12363E+02
 -0.12472E+02 -0.12846E+02 -0.15354E+02 -0.16756E+02 -0.18078E+02 -0.19507E+02
 -0.14726E+02 -0.84341E+01 -0.48842E+01 -0.35820E+01 -0.50707E+01 -0.58524E+01
 -0.52001E+01 -0.34344E+01 -0.14804E+01 -0.24967E+00  0.17167E+01  0.32846E+01
  0.38472E+01  0.60750E+01  0.80639E+01  0.85824E+01  0.10240E+02  0.11708E+02
  0.11556E+02  0.90905E+01  0.45132E+01 -0.15357E+01 -0.71075E+01 -0.66267E+01
 -0.19600E+01  0.47771E+01  0.13050E+02  0.18167E+02  0.19598E+02  0.18142E+02
  0.16195E+02  0.14818E+02  0.11593E+02  0.72071E+01  0.38873E+01 -0.23383E+00
 -0.84153E+01 -0.13997E+02 -0.13030E+02 -0.11799E+02 -0.85705E+01 -0.23477E+01
  0.10869E+00 -0.63102E+00 -0.12275E+01 -0.60710E+01 -0.12186E+02 -0.13515E+02
 -0.12022E+02 -0.88405E+01 -0.74583E+01 -0.84180E+01 -0.69963E+01 -0.47446E+01
 -0.27866E+01  0.65125E-01 -0.33066E+00 -0.40920E+00  0.26629E+01  0.34612E+01
  0.39227E+01  0.41406E+01  0.45443E+01  0.93875E+01  0.13383E+02  0.13618E+02
  0.13760E+02  0.15953E+02  0.16763E+02  0.10308E+02  0.31067E+01  0.75554E+00
  0.85863E+00  0.27259E+01  0.47587E+00 -0.78328E+01 -0.13068E+02 -0.11273E+02
 -0.80857E+01 -0.66648E+01 -0.47380E+01 -0.22405E+01 -0.59357E+01 -0.15903E+02
 -0.20479E+02 -0.19916E+02 -0.18699E+02 -0.14466E+02 -0.10828E+02 -0.83767E+01
 -0.38069E+01 -0.11415E+01 -0.19581E+01  0.23513E+01  0.62579E+01  0.42514E+01
  0.42079E+01  0.28893E+01 -0.28879E-01 -0.15219E+01 -0.32798E+01 -0.50044E+01
 -0.42667E+01 -0.13069E+01  0.18379E+01  0.58968E+01  0.82631E+01  0.70736E+01
  0.44423E+01  0.38299E+01  0.92747E+01  0.15725E+02  0.16024E+02  0.12761E+02
  0.80185E+01  0.37649E+01  0.34343E+01  0.40346E+01  0.39099E+01  0.52716E+01
  0.63112E+01  0.40406E+01  0.35536E+01  0.82529E+01  0.11320E+02  0.12524E+02
  0.10966E+02  0.34027E+00 -0.10039E+02 -0.13906E+02 -0.16281E+02 -0.15718E+02
 -0.13968E+02 -0.12711E+02 -0.11873E+02 -0.11597E+02 -0.89373E+01 -0.27638E+01
  0.33011E+01  0.27996E+01 -0.23317E+01 -0.27471E+01 -0.15719E+00  0.32929E+01
  0.11509E+02  0.16901E+02  0.17854E+02  0.17173E+02  0.12257E+02  0.80584E+01
  0.74555E+01  0.58381E+01  0.27549E+01 -0.21595E+00 -0.31335E+01 -0.49329E+01
 -0.58801E+01 -0.58305E+01 -0.62097E+01 -0.80069E+01 -0.83763E+01 -0.85699E+01
 -0.95169E+01 -0.86394E+01 -0.78755E+01 -0.91106E+01 -0.10427E+02 -0.97790E+01
 -0.49885E+01  0.13397E+01  0.54208E+01  0.97695E+01  0.13420E+02  0.13580E+02
  0.11501E+02  0.92924E+01  0.88296E+01  0.99227E+01  0.82952E+01  0.50175E+01
  0.13310E+01 -0.80503E+01 -0.12582E+02 -0.74885E+01 -0.44012E+01 -0.17831E+01
  0.61292E+00 -0.19129E+01 -0.45997E+01 -0.45294E+01 -0.25388E+01  0.42660E+00
  0.47211E+01  0.66914E+01  0.19196E+01 -0.21958E+01 -0.27447E+01 -0.26501E+01
 -0.22765E+01 -0.47996E+01 -0.12296E+02 -0.17208E+02 -0.15233E+02 -0.10547E+02
 -0.24240E+01  0.44222E+01  0.41569E+01 -0.24445E+00 -0.49748E+01 -0.78245E+01
 -0.84562E+01 -0.61423E+01 -0.20986E+01 -0.83828E+00  0.36437E+00  0.49466E+01
  0.11055E+02  0.17447E+02  0.21113E+02  0.23812E+02  0.22557E+02  0.14411E+02
  0.87922E+01  0.69241E+01  0.50074E+01  0.42547E+01  0.36763E+01 -0.12059E+01
 -0.76232E+01 -0.95056E+01 -0.11054E+02 -0.13470E+02 -0.12506E+02 -0.11870E+02
 -0.14275E+02 -0.16324E+02 -0.15168E+02 -0.86235E+01 -0.77789E-01  0.28223E+01
  0.10459E-01 -0.25155E+01 -0.27580E+01 -0.30166E+00  0.45123E+01  0.62664E+01
  0.32397E+01  0.44335E+00 -0.11131E+01 -0.11816E+01  0.12692E+01  0.43203E+01
  0.73365E+01  0.82591E+01  0.69256E+01  0.47460E+01  0.28220E+01  0.31401E+01
  0.56123E+01  0.86730E+01  0.68257E+01  0.27959E+01  0.35780E+01  0.62324E+01
  0.10800E+02  0.16017E+02  0.17376E+02  0.17172E+02  0.16521E+02  0.15006E+02
  0.10923E+02  0.70528E+01  0.39556E+01 -0.35439E+01 -0.75544E+01 -0.93770E+01
 -0.13198E+02 -0.13517E+02 -0.13602E+02 -0.16083E+02 -0.20994E+02 -0.22459E+02
 -0.17690E+02 -0.14797E+02 -0.12586E+02 -0.85871E+01 -0.61219E+01 -0.63144E+01
 -0.86916E+01 -0.88073E+01 -0.67168E+01 -0.62609E+01 -0.41942E+01  0.21724E+01
  0.57260E+01  0.33553E+01  0.29732E+01  0.52482E+01  0.46261E+01  0.45726E+01
  0.77826E+01  0.81115E+01  0.63474E+01  0.35878E+01 -0.26847E+01 -0.80782E+01
 -0.10995E+02 -0.10022E+02 -0.52300E+01  0.14651E+01  0.68628E+01  0.50782E+01
  0.21906E+01  0.29781E+01  0.42689E+01  0.61011E+01  0.65161E+01  0.50662E+01
  0.29189E+01  0.12297E+01  0.12855E+01  0.14913E+01  0.24834E+01  0.45582E+01
  0.55474E+01  0.36478E+01 -0.49136E+00 -0.16739E+01  0.33042E+00  0.15024E+01
  0.17695E+01  0.14110E+01  0.32010E+00 -0.82902E+00 -0.20716E+01 -0.37468E+01
 -0.43418E+01 -0.42240E+01 -0.23875E+01  0.10189E+00  0.33127E+00  0.14185E+01
  0.20501E+01  0.30064E+01  0.62237E+01  0.86630E+01  0.10697E+02  0.10442E+02
  0.64176E+01  0.28949E+01  0.38806E+01  0.61791E+01  0.63011E+01  0.56810E+01
  0.64705E+01  0.73817E+01  0.43312E+01  0.10710E+01 -0.60054E+00 -0.38024E+01
 -0.88268E+01 -0.14294E+02 -0.15744E+02 -0.14638E+02 -0.14760E+02 -0.14390E+02
 -0.13136E+02 -0.10724E+02 -0.59919E+01 -0.18526E+00  0.35490E+01  0.35922E+01
  0.21106E+01  0.20160E+01  0.39117E+01  0.50971E+01  0.33485E+01  0.21278E+01
  0.43027E+01  0.66058E+01  0.53184E+01  0.20244E+01  0.83594E+00  0.19029E+01
  0.22368E+01 -0.31169E+00 -0.38249E+01 -0.52077E+01 -0.48643E+01 -0.37425E+01
 -0.34061E+01 -0.47386E+01 -0.50270E+01 -0.40934E+01 -0.31724E+01 -0.21608E+01
 -0.14381E+01  0.37009E+00  0.17634E+01 -0.55727E+00 -0.25407E+01 -0.15942E+01
 -0.12859E+01 -0.93111E+00  0.10727E+01  0.27077E+01  0.30729E+01  0.46200E+01
  0.78406E+01  0.96062E+01  0.77249E+01  0.27615E+01 -0.15371E+01 -0.39298E+01
 -0.43600E+01 -0.19856E+01 -0.95531E+00 -0.28227E+01 -0.50021E+01 -0.65385E+01
 -0.65813E+01 -0.58694E+01 -0.35413E+01  0.10615E+01  0.31396E+01  0.40326E+01
  0.48776E+01  0.44476E+01  0.82788E+01  0.11339E+02  0.82432E+01  0.61971E+01
  0.71762E+01  0.88576E+01  0.99892E+01  0.67737E+01  0.36118E+01  0.27428E+01
  0.41048E+00  0.21892E+00 -0.80137E+00 -0.30920E+01 -0.32995E+01 -0.37844E+01
 -0.39558E+01 -0.43855E+01 -0.48834E+01 -0.46016E+01 -0.47018E+01 -0.41637E+01
 -0.25884E+01 -0.31028E+01 -0.60754E+01 -0.67319E+01 -0.56533E+01 -0.55612E+01
 -0.37390E+01 -0.28681E+00  0.31225E+01  0.70786E+01  0.99173E+01  0.95722E+01
  0.85413E+01  0.92349E+01  0.92865E+01  0.73724E+01  0.40483E+01  0.10041E+01
  0.12636E-02 -0.11795E+01 -0.28152E+01 -0.32455E+01 -0.26866E+01 -0.54511E+00
  0.12243E+01  0.58317E+00 -0.20816E+01 -0.50894E+01 -0.35420E+01  0.21803E+01
  0.47752E+01  0.37410E+01  0.27229E+01  0.21034E+01  0.32856E+01  0.41056E+01
  0.32321E+01  0.24906E+01 -0.21984E+01 -0.74032E+01 -0.78229E+01 -0.89699E+01
 -0.10526E+02 -0.99271E+01 -0.81499E+01 -0.57075E+01 -0.42339E+01 -0.25138E+01
 -0.41932E+00  0.81879E-01  0.10114E+01  0.28908E+01  0.85044E+00 -0.35456E+01
 -0.49479E+01 -0.41226E+01 -0.19177E+01  0.16495E+01  0.47598E+01  0.50817E+01
  0.47713E+01  0.52044E+01  0.47323E+01  0.41368E+01  0.29451E+01  0.27172E+01
  0.31854E+01  0.92688E+00 -0.25024E+01 -0.44389E+01 -0.57052E+01 -0.79537E+01
 -0.10936E+02 -0.13420E+02 -0.13667E+02 -0.11719E+02 -0.10195E+02 -0.94573E+01
 -0.60561E+01 -0.26027E+01 -0.26338E+01 -0.15699E+01  0.28824E+01  0.70170E+01
  0.76609E+01  0.80135E+01  0.92021E+01  0.93962E+01  0.92562E+01  0.83859E+01
  0.85369E+01  0.89945E+01  0.69889E+01  0.42735E+01  0.26661E+01  0.88142E+00
 -0.11701E+01 -0.17423E+00  0.19581E+01  0.22529E+01  0.19403E+01  0.10607E+01
  0.84366E+00  0.84754E+00 -0.44901E+00 -0.94653E+00 -0.13879E+01 -0.18054E+01
 -0.14972E+01 -0.22803E+01 -0.14497E+01  0.32030E-01 -0.16162E+01 -0.40427E+01
 -0.67477E+01 -0.94840E+01 -0.96427E+01 -0.91428E+01 -0.91643E+01 -0.91002E+01
 -0.83783E+01 -0.59672E+01 -0.41629E+01 -0.23662E+01  0.11364E+01  0.36567E+01
  0.40874E+01  0.27740E+01  0.12775E+01  0.13801E+01  0.25814E+01  0.38349E+01
  0.38638E+01  0.41688E+01  0.58034E+01  0.71262E+01  0.91918E+01  0.10841E+02
  0.99919E+01  0.88922E+01  0.67819E+01  0.22996E+01 -0.31719E+01 -0.60459E+01
 -0.46907E+01 -0.29308E+01 -0.24002E+01 -0.20779E+01 -0.22016E+01 -0.40000E+01
 -0.58813E+01 -0.62594E+01 -0.61710E+01 -0.52725E+01 -0.38778E+01 -0.31992E+01
 -0.29556E+01 -0.16925E+01 -0.29387E+00 -0.51192E+00 -0.10460E+01 -0.92146E+00
 -0.10308E+01 -0.86508E+00  0.11281E+01  0.28496E+01  0.26758E+01  0.26355E+01
  0.52894E+01  0.74434E+01  0.57756E+01  0.46672E+01  0.40780E+01  0.18902E+01
 -0.68957E+00 -0.28237E+01 -0.30192E+01 -0.11222E+01  0.18108E+01  0.39087E+01
  0.41368E+01  0.39136E+01  0.43382E+01  0.51253E+01  0.49039E+01  0.37379E+01
  0.25086E+01  0.93791E+00  0.16406E-01  0.76311E-01 -0.21807E+00  0.72547E-01
  0.90587E+00  0.71785E+00  0.14602E+01  0.25852E+01  0.14667E+01  0.31127E+00
 -0.11621E+01 -0.41989E+01 -0.49887E+01 -0.42565E+01
