        1.96300
         .22900
       -1.01200
         .53300
        -.28500
       -1.06800
        -.42700
        -.73200
        -.88400
        1.05900
        1.39800
         .45000
        -.44900
       -1.03200
         .26400
        2.03700
        2.05100
       -1.81000
         .29200
        1.42500
        -.07000
       -1.03400
         .17200
        -.65900
         .94100
        1.46900
       -1.00900
         .41400
         .39400
        -.85100
       -1.01100
        -.92400
        1.61200
        2.12000
       -1.01100
        -.24600
       -1.56000
         .89600
        3.10300
       -3.36900
         .50900
        4.45600
         .33300
         .18300
       -2.36800
       -4.08900
        4.55500
        3.18000
       -3.86900
        -.34700
         .84500
         .98500
       -3.78400
       -2.00000
        3.11100
         .97600
        -.57200
       -1.34600
       -6.58600
        1.30800
        4.43700
        -.95400
         .73800
       -3.89800
        -.76500
        4.97100
       -5.09500
       -3.59700
        1.33700
        1.50500
       -3.54200
       -1.26100
        3.76200
         .82300
       -4.39400
       -3.64300
         .41400
        5.32800
       -2.27500
       -6.72500
        4.04500
        1.44100
       -3.74000
       -3.91700
       -1.73300
        3.72500
         .50000
        4.50900
       -4.32400
      -11.62100
       -1.75100
         .96300
       10.22400
       -3.97300
      -14.71200
        -.78900
        5.62100
        1.96500
       -1.74200
      -10.97300
         .21200
        8.55400
       -4.91300
        4.20400
        3.05400
       -6.68800
       -6.58400
       -5.30800
        2.39400
        5.92500
        1.19500
      -10.17300
         .94400
        -.62000
        6.60600
      -15.86600
       -9.06600
       10.08500
        1.03700
         .13900
       -2.89800
       -5.20100
       19.08700
       -7.94700
      -32.57800
        3.04400
       11.46000
       15.55600
       -7.51800
      -29.41600
        4.41600
       14.19600
        8.22700
       -1.75900
        3.50300
       -3.71900
        6.51500
      -10.56000
      -16.74200
        8.87300
       -3.29500
        8.86700
      -10.70600
      -26.72800
      -26.06500
        -.39600
      -13.53800
       27.42700
        6.41000
      -16.54400
      -23.84900
      -41.58100
       -5.50800
       17.46300
       11.22000
      -33.77600
      -18.44700
       -3.91300
      -10.05700
      -16.66000
        8.19400
         .96900
      -26.11700
      -54.30600
      -17.42500
       17.75300
       -8.27600
        4.71800
      -30.12400
      -71.12200
      -54.45400
      -31.29300
       32.14900
       22.35400
      -39.96100
      -59.41100
      -42.70200
        3.78000
       36.76500
      -24.16700
      -37.78200
      -41.50800
      -12.41700
       23.39200
      -13.06500
       -3.96000
      -23.63700
      -48.35700
      -46.59000
      -12.67200
        8.11600
       36.58900
       11.82400
      -58.38400
      -58.38900
       -8.54000
       -2.92800
      -48.06700
      -40.57500
       -1.60700
       20.15100
      -31.21100
      -60.69000
        4.07100
       63.65100
       45.05900
        -.20300
       -1.05500
      -36.52700
      -80.98200
      -38.36400
       41.62200
       46.39800
      -32.14500
      -84.14400
      -61.27200
      -20.80600
      -30.57600
      -28.48000
      -33.81200
      -29.86500
      -39.64200
      -68.97500
      -53.04900
      -57.83500
      -75.00600
     -105.10800
     -107.79400
     -105.21400
      -84.30900
      -79.43700
      -94.50200
     -100.55300
      -95.59500
      -78.60200
      -71.51800
      -71.58700
      -83.90700
      -72.77200
      -11.83500
      138.77700
      256.83500
      329.24200
      372.94000
      405.77000
      433.01000
      438.51400
      432.25500
      437.20800
      450.32200
      429.76100
      391.51500
      343.50100
      251.14600
      194.62100
      124.77100
       78.11300
       48.56400
       20.30600
       -4.79300
      -10.32900
      -17.90200
      -33.20700
      -39.08200
      -45.45100
      -41.73700
      -55.29400
      -44.24400
      -29.39400
      -22.67000
        1.70800
       14.35800
       17.09200
       25.56100
       55.67800
       55.53000
       78.11500
       83.98800
       91.45800
      114.08600
      117.95600
      134.78900
      142.99400
      156.19000
      162.22700
      176.85200
      193.14700
      208.40000
      203.54900
      198.08400
      203.83800
      211.16000
      206.80300
      173.43500
      118.12600
       62.95900
       -5.29400
      -83.27900
     -142.26100
     -194.93300
     -257.84400
     -323.22400
     -377.84200
     -414.42600
     -421.24400
     -411.19200
     -384.39700
     -325.53500
     -257.07900
     -224.37700
     -198.01800
     -181.36400
     -156.48300
     -129.78700
     -102.01700
      -76.42200
      -67.14800
      -50.92200
      -36.44600
      -21.76700
      -12.45900
       -4.37800
         .95600
       -8.83200
      -27.05400
      -44.95900
      -50.36500
      -39.25400
      -24.34500
      -15.24600
       -6.29400
       -7.31300
      -13.32000
      -24.48500
      -39.16200
      -49.28300
      -47.25700
      -59.03700
      -68.82100
      -69.39700
      -65.60200
      -70.49200
      -75.41900
      -81.88300
      -88.07400
      -96.10800
      -99.68900
     -103.49300
     -106.58000
     -105.94600
     -101.96100
      -94.98800
      -89.55000
      -88.13100
      -91.48600
      -92.92900
      -90.74600
      -85.33300
      -80.18100
      -82.67500
      -87.62100
      -87.83500
      -90.03600
      -96.27700
     -101.02500
      -99.72400
      -96.48300
      -92.66400
      -85.85100
      -80.52600
      -79.69300
      -82.18600
      -89.17700
      -98.95400
      -95.03300
      -82.69700
      -63.76000
      -36.45300
      -13.15000
       -8.48400
      -18.76500
      -51.59300
      -71.42400
      -47.95000
      -41.08500
      -41.10400
      -11.18200
       50.26300
       81.75600
       63.08400
       54.35000
       62.51500
       80.94800
      104.51000
      112.30900
      101.50900
       98.45900
      126.12600
      164.78900
      180.82800
      194.37200
      205.04100
      205.71200
      202.44800
      200.06300
      197.72000
      165.22200
       96.06700
       69.18800
       63.62200
       51.81500
       36.09200
       19.49700
       10.36900
       21.01500
       56.34300
       72.60700
       36.53300
        5.34600
       -2.00800
         .05100
        3.03700
       -1.66200
      -14.54000
      -25.21500
      -21.95500
       -6.70000
        5.38000
        9.29800
       11.84200
       17.59100
       23.77700
       30.96500
       37.94000
       49.62800
       62.41300
       64.92800
       56.27300
       46.91600
       50.51500
       63.46600
       71.54700
       66.67200
       53.98600
       43.86100
       40.60000
       42.27500
       48.71600
       58.09300
       66.90300
       71.90200
       54.68100
        4.82600
      -17.48300
      -15.80300
      -16.89600
      -20.63600
      -13.85400
        5.11100
       16.92000
        5.77200
       -3.52900
       -4.82700
       -6.43300
      -12.39900
      -15.13400
      -22.82400
      -31.48500
      -42.67000
      -63.05700
      -86.94200
      -93.03100
      -42.27800
       16.54400
      -15.32300
      -44.06000
      -40.83100
      -36.88300
      -47.45200
      -82.68800
     -117.77100
     -115.95200
      -83.48100
      -46.65000
      -29.44600
      -22.82800
      -15.35900
       -8.84800
       -9.77800
      -19.71700
      -28.65600
      -16.08000
       17.95500
       42.17900
       48.65100
       31.30900
       -7.29600
      -17.71300
        -.96100
       16.21100
       22.37900
       14.87900
       10.49600
       25.40500
       43.07700
       52.95300
       52.35600
       42.74500
       24.76700
       -5.59200
      -40.26500
      -48.29700
      -38.99800
      -23.88800
        -.53800
       27.14400
       35.27700
       20.58400
         .32000
       -2.33200
        1.20500
        1.19200
       -2.00700
       -5.68300
      -13.67200
      -26.48200
      -37.74300
      -33.60500
       -6.87100
       33.15200
       49.06700
       40.92400
       13.86000
      -11.02300
      -14.70600
      -23.17300
      -25.85100
       -7.79300
       -1.71000
      -19.19000
      -23.12900
      -10.53800
         .72400
       15.34500
       27.26500
       26.68100
       30.65600
       35.96300
       37.45000
       39.57300
       39.09400
       25.25200
       11.17500
       12.85300
       24.30400
       23.48900
       12.01100
        9.37500
       11.00800
        3.52900
       -7.03600
      -15.25300
      -24.03600
      -30.17900
      -29.35500
      -17.02900
       -2.32900
        1.57500
       17.26900
       37.10900
       26.49400
        2.54000
        1.30500
        -.92200
      -22.04800
      -44.24100
      -60.98700
      -70.25200
      -66.56700
      -62.14800
      -54.54700
      -38.30200
      -19.23300
       -7.63100
      -17.86700
      -27.49500
      -19.71200
       -5.34300
        4.07300
        8.76000
       14.66400
       26.64300
       38.68300
       36.31700
       31.51000
       29.36800
       15.25200
         .74700
        6.81000
       24.15000
       32.93100
       29.46500
       21.21700
       15.66300
       20.32800
       25.22400
       26.89800
       24.08100
        2.96600
      -13.56200
       -3.13200
       21.89800
       35.12200
       22.80000
       21.48400
       42.33600
       48.80700
       33.54100
       17.75100
       21.40700
       33.07900
       41.63500
       35.83000
       13.78000
        7.78300
       25.00300
       35.48000
       31.98600
       17.78000
       -3.10600
       -9.90900
       -5.61500
       -6.73400
       -9.40900
       -3.28700
        9.32600
       14.44500
        8.29000
        -.67700
       -2.02600
       15.37200
       28.10000
       23.62800
       10.47300
        5.55600
        8.98500
       11.07200
       20.95800
       31.10300
       25.47900
        7.55400
      -12.84600
      -12.16900
       -5.32900
       -9.15800
       -4.52600
        4.39000
        3.23500
        1.82500
       -1.90800
       -7.12300
      -11.65900
      -10.74300
       -8.27500
      -10.09900
      -14.44200
      -16.72500
      -19.59700
      -21.58000
      -14.39000
        -.31400
        2.84800
       -2.64400
       -2.92000
        8.96800
       22.43700
       30.60900
       36.50300
       45.90200
       56.88500
       56.86900
       45.44800
       34.02300
       27.04200
       21.02800
       12.58600
        1.09600
       -2.17900
       -2.61800
       -7.71900
      -10.64000
       -7.82400
       -7.74100
      -14.30800
      -17.40900
      -16.71400
      -15.25400
      -12.39300
      -10.07000
       -8.92100
      -13.31500
      -19.91100
      -24.06200
      -25.91700
      -28.21000
      -31.81600
      -35.25600
      -34.46200
      -32.44500
      -33.83200
      -34.72900
      -34.27000
      -35.60800
      -35.47700
      -33.91900
      -34.88000
      -38.13200
      -39.77200
      -38.96900
      -37.42600
      -37.78000
      -37.68200
      -35.73700
      -32.27800
      -29.26700
      -22.46200
      -13.23300
       -6.22900
        -.67600
        2.11100
         .09800
       -9.91500
      -18.51700
      -18.88500
      -16.79800
      -15.37700
      -12.63600
      -13.82300
      -21.62900
      -29.39000
      -29.30800
      -25.81700
      -23.63500
      -23.47700
      -19.76800
      -15.43000
       -9.68100
       -3.55500
       -4.97300
       -8.92900
      -13.65300
      -15.43100
       -8.18000
        1.45400
        6.82400
       10.41600
        7.15300
        -.61600
       -1.59200
         .07000
       -2.64500
       -4.02900
         .26300
        9.03200
       16.58900
       20.41300
       21.28100
       22.29800
       23.40700
       23.79300
       27.11900
       32.12300
       35.44400
       34.43000
       26.39100
       10.59500
       -1.64500
       -5.48700
       -5.34700
       -4.75800
       -3.69100
       -3.16600
       -1.24200
        5.40200
        6.46800
        -.76200
       -6.47200
      -13.43200
      -20.37400
      -20.27300
      -16.26700
      -14.87400
      -17.48800
      -14.59100
       -7.49800
       -7.50700
       -9.80200
       -8.70400
       -2.85100
        5.33800
       11.50700
       19.32400
       27.27600
       30.76900
       29.97800
       28.90500
       27.70900
       24.66200
       19.55900
        9.86800
       -2.66400
       -8.28400
       -5.38600
         .22900
        1.11600
       -3.61200
      -11.25400
      -16.14000
      -18.11800
      -13.98700
        1.43000
        9.30100
        3.78400
       -3.08400
       -5.60900
         .39000
       10.44000
       14.14200
       13.52600
       14.65300
       14.59000
        9.41000
       -1.77300
      -11.72900
      -12.25600
       -3.24600
         .69300
       -2.37500
       -2.12300
        1.21300
        1.00500
        1.53600
        7.17700
       12.22400
       10.04400
        4.38300
         .35000
       -5.23200
      -12.32800
      -15.69700
       -8.90800
         .33200
        2.04400
        2.39700
        3.67500
        8.16700
       11.84400
       12.08000
       10.87900
        8.46600
        6.91600
        7.30100
        6.93200
        5.71800
        4.83000
        6.81300
       11.91200
        8.01500
       -3.75000
      -12.01200
      -13.78100
      -12.94500
      -14.76400
      -17.88700
      -18.24700
      -16.77100
      -15.53000
      -16.30200
      -17.58700
      -19.72800
      -19.89600
      -13.76300
       -7.20800
       -2.89100
        -.32500
        2.35000
         .40500
       -2.29200
       -4.96200
      -10.97200
      -14.44400
      -12.02500
      -11.87100
      -11.76100
       -8.70000
       -4.15000
       -3.38300
       -8.55000
      -15.38500
      -15.52100
      -12.78400
      -12.32500
      -19.53700
      -27.25100
      -27.66800
      -22.89400
      -17.82600
      -14.47000
       -8.45500
         .79000
        8.84700
       11.44000
       11.08800
       11.72200
       15.00300
       15.91900
       14.65500
       11.35200
        4.42700
       -3.68800
       -4.53800
        2.00800
        7.82700
        9.40100
        8.69700
       10.12500
       11.87200
       11.45000
       12.72400
       16.91600
       19.26200
       16.19200
       13.25400
       10.47100
        6.60600
        2.72500
       -3.64600
       -5.81100
        2.18900
       10.55300
       13.56300
       16.35500
       17.19300
       14.76300
       12.22100
       10.17800
       10.18700
        9.92300
        3.96000
       -2.95700
       -7.99700
      -10.54400
      -12.17000
       -6.69200
       -3.38100
       -7.81300
       -9.70700
       -1.73500
        7.05500
        7.98100
        8.97600
       14.59500
       19.90400
       20.73900
       18.01600
       14.69500
        9.17700
        4.20300
        2.15900
        1.87400
         .84100
         .75300
        1.60500
        4.52300
       11.43800
       13.34200
        7.01100
         .67300
        -.20400
        1.00700
         .65200
        -.17300
         .56000
        4.46900
        8.12800
        9.13300
        8.86700
        7.59200
        2.27300
       -1.10400
        -.20000
       -2.18300
       -7.88400
       -9.17100
       -6.62900
       -3.10400
        -.79300
        1.55500
        5.70900
        8.35700
        5.48200
       -1.08200
       -5.40700
       -4.95600
       -3.73100
       -5.33500
      -10.07100
      -12.26900
      -11.76800
      -10.28100
      -12.32300
      -13.81600
      -11.48300
       -6.74600
       -6.45500
       -7.68300
       -9.42500
      -10.89300
       -8.17000
        -.94600
        6.36800
        6.21400
        6.62200
       11.05900
       16.61100
       19.05600
       15.99700
        8.31600
        3.54200
        1.85100
         .98800
        2.91300
        5.29500
        4.74300
        1.13700
         .05600
        3.57200
        6.23500
        5.99400
        7.73500
       11.35500
       11.58200
        9.82500
        8.82000
        7.14000
        4.92100
        6.05000
        8.43200
        8.31800
        6.10000
        6.38700
       11.23400
       16.37200
       19.46600
       22.87000
       25.99900
       23.46200
       17.12300
       11.33500
        4.42700
       -1.51500
       -3.73400
       -3.64600
       -3.62300
       -4.00500
       -6.60700
       -7.16100
       -7.25900
       -7.65500
       -6.80400
       -6.47400
       -7.62500
       -4.54900
       -1.44900
       -1.46300
       -1.65200
        1.46700
        8.32100
        9.42500
        3.55300
        -.16800
        1.00100
        -.70100
       -2.28900
       -2.36300
       -1.79100
         .86200
         .85900
       -1.00400
       -3.80100
       -6.37400
       -8.20500
      -10.44000
       -9.39200
       -5.18100
       -2.73800
       -6.71200
      -11.34200
      -10.79900
       -9.98800
      -11.56900
      -13.38300
      -13.69600
      -13.22600
      -12.94500
      -11.91900
      -10.93400
      -10.81600
      -10.15200
      -10.30500
       -8.43500
       -2.17000
         .95800
       -1.10400
       -1.36900
        4.75000
       10.94400
       14.57000
       13.08500
        7.02600
        1.09100
       -5.07900
       -9.48900
      -11.30900
      -12.27200
      -10.35200
       -8.88800
       -8.57100
       -7.82500
       -9.49800
      -10.39500
      -10.71700
      -11.90900
      -12.62500
      -14.81200
      -20.42900
      -22.42900
      -17.16500
       -8.83000
       -2.78200
       -1.08200
       -1.20500
       -1.21900
        2.10300
        8.63700
       15.12500
       18.76500
       20.30400
       20.44200
       20.76700
       20.36000
       19.23200
       14.68600
       11.83200
       10.89600
        9.67100
        5.54300
        1.09900
        -.86100
       -1.22300
        -.06500
        1.56500
        3.79800
        5.94100
        3.92100
         .23000
        2.33500
        4.31000
        3.27400
        3.02300
        5.77600
        6.70300
        6.34500
        6.30900
        8.32300
       10.33100
        5.65000
       -2.48400
       -6.23700
       -5.00400
       -2.42700
        3.35300
        8.76800
        9.93000
        4.85500
       -3.14600
       -6.19800
       -2.09800
         .43100
       -2.34300
       -3.86800
        -.00400
        3.59800
        7.29600
       12.11600
       18.17900
       21.07200
       20.12300
       16.42700
       10.35800
        2.64600
       -1.79900
        -.66000
        2.52700
        3.03200
        2.56600
         .36400
       -1.27600
        -.04600
         .86100
        -.26200
        -.58100
         .12500
        1.41500
        -.87100
       -3.17400
       -5.08100
       -8.35600
      -12.08300
      -12.38100
      -10.67900
       -8.55900
       -7.78300
       -9.80600
       -8.20900
       -2.79700
         .04100
        1.58600
        5.32700
        8.84100
        8.65400
        5.67100
        3.00300
         .70400
       -1.12000
       -1.36500
       -1.75200
       -4.61000
       -4.06000
       -3.83100
       -7.34000
      -13.28800
      -16.37800
      -16.60500
      -17.75300
      -18.25900
      -18.42400
      -17.15000
      -14.30800
      -10.88100
       -7.59700
       -5.78200
       -5.56700
       -4.81900
       -6.23500
      -10.46000
      -12.75000
      -10.85300
       -6.48100
       -4.99000
       -6.37100
       -8.59400
      -10.47000
       -9.76400
       -8.44800
       -7.83500
       -9.54600
      -11.83000
      -11.24700
       -9.13200
       -7.82700
       -5.80500
       -6.01700
       -7.25200
       -8.79600
       -7.50400
       -3.84300
       -1.41500
         .18800
        3.39400
        6.96300
        6.66700
        4.91700
        5.74400
        7.33100
        7.72600
        8.34700
       10.16900
       10.47500
        7.10500
        1.62000
       -1.30300
       -2.22200
       -1.80700
       -4.94200
       -9.04900
       -9.86300
       -8.45400
       -6.79600
       -3.52600
         .09800
        1.15100
        2.32900
        4.12500
        1.93800
       -1.24500
        -.36500
        1.01900
        2.35900
        1.53600
       -3.53900
       -6.83300
       -7.44500
       -6.84400
       -3.29200
       -1.85400
       -4.76300
       -6.23100
       -5.97500
       -4.56900
       -3.22000
       -2.86800
       -2.32300
       -1.37800
        -.56100
        -.58300
        -.61800
       -2.75300
       -2.89600
       -2.00000
       -3.10700
       -7.06300
      -10.09900
      -10.52400
      -10.33800
       -9.57000
       -8.48500
       -9.79500
      -10.26200
       -8.44600
       -6.30500
       -4.02800
        -.63100
         .50400
        -.72300
        -.20300
        1.14300
        3.85500
        7.19700
        8.49500
        9.15400
        9.22700
        7.48500
        5.33800
        2.44800
         .39900
       -3.03800
       -7.27400
       -6.77200
       -5.85700
       -4.00600
        -.11800
        3.84800
        7.37800
        8.21500
        7.43800
        8.10500
        8.03200
        5.43300
        1.74100
        -.02200
         .50300
        2.29600
        6.24300
        9.64800
       12.69900
       14.41100
       14.87800
       14.60600
       13.42000
       11.29800
        8.13100
        6.92900
        7.33400
        6.74800
        4.99200
        3.01300
        3.24200
        4.25100
        5.15500
        5.65300
        5.94400
        6.49200
        4.91100
        3.78100
        3.49900
        3.49100
        4.73500
        6.98200
        9.81600
       12.39200
       13.77200
       13.23800
       12.50400
       11.96200
       12.35500
       12.02700
        9.49500
        9.03800
        8.70300
        7.02800
        4.97100
        3.89600
        3.54100
        1.88300
        1.33700
        -.15400
        -.97700
       -1.41600
       -1.83900
       -2.17100
       -1.18700
       -1.07800
       -5.04700
       -3.20300
        -.04500
        2.37400
        5.04800
        7.26300
        8.65300
       10.07200
       11.30500
       10.93800
       10.73800
        9.72600
        8.08500
        6.06400
        2.43900
        3.13100
        5.27300
        2.03300
       -1.47700
       -1.94300
       -1.37200
        -.57700
         .11200
         .70000
         .25900
         .17400
       -2.24200
       -3.23900
       -4.31300
       -2.69600
        -.44200
        -.71100
        -.17200
        1.65600
        3.12900
        3.55400
        3.39700
        2.32000
        2.30400
        3.93700
        4.32200
        3.67700
        2.28000
        2.85700
        4.11100
        4.61000
        4.59100
        6.60600
        9.47700
       11.20800
       11.22200
       10.45800
       10.27100
        8.64400
        5.86600
        4.17500
        3.59200
        3.42600
        2.55400
         .61300
        1.82700
        3.45600
        2.49900
         .33300
        -.18500
         .78900
         .83100
        -.36400
       -2.16000
       -1.29200
        -.16100
       -1.20400
       -2.71300
       -3.24000
       -2.40300
        -.78500
        -.09100
        -.68700
       -3.00900
       -6.61700
       -6.74200
       -6.65500
       -6.65200
       -5.20300
       -2.30300
        -.22200
        1.46800
        3.30700
        3.19100
        1.15300
        -.41800
       -2.13800
       -2.74600
       -4.45100
       -5.54000
       -3.88700
       -2.06100
       -1.08600
       -2.97600
       -2.94900
       -1.43400
       -1.72900
        -.86800
       -1.18400
       -5.43000
      -10.10900
       -9.83900
       -5.23900
       -1.62300
       -2.62900
       -5.27700
       -5.08100
       -4.30700
       -3.00900
       -1.27600
       -5.05700
       -8.48600
       -6.74500
       -8.42500
      -10.02500
       -7.69700
       -6.73300
       -6.10800
       -3.48700
       -4.50300
       -5.59200
       -4.35000
       -3.25100
       -2.75000
       -4.18100
       -6.31100
       -8.46800
       -9.73100
       -9.12900
       -8.04300
       -9.68800
      -11.35400
      -11.05400
       -7.92000
       -3.83300
       -3.20900
       -2.89400
       -2.09100
        -.70400
         .20200
        -.79800
       -5.33200
       -6.15000
       -4.14900
       -4.54700
       -4.95900
       -2.17700
         .81800
        2.75900
        3.35300
        3.74800
        3.53000
        2.65900
        1.29700
        2.36800
        3.36300
        3.07100
        3.35800
        2.64600
         .83900
        -.56300
        -.49000
        -.98900
       -1.57000
       -2.74400
       -3.22100
       -1.02200
        2.02700
        2.85600
        2.02000
        1.63300
        2.20800
        2.22600
         .56300
       -1.02800
       -1.14100
       -1.83100
       -4.07000
       -6.55200
       -7.86000
       -7.18100
       -5.31300
       -5.45800
       -5.14500
       -3.62600
       -1.51400
        -.42700
         .49600
        1.64600
        2.72500
        3.90000
        4.19600
        4.14000
        4.61900
        4.48700
        3.86500
        1.77500
         .33700
       -1.26600
       -4.66200
       -6.47600
       -6.62800
       -6.89000
       -7.77600
       -8.36400
       -6.06500
       -3.55400
       -1.65800
        -.96200
        -.29000
         .69700
        -.56400
       -1.12200
         .01500
        1.24200
        2.79500
        3.12100
        -.33400
       -2.59400
       -2.64000
       -1.24700
        1.59700
        2.94700
        2.85500
        -.39700
        -.79100
        1.78200
        3.42200
        2.55000
         .72700
        1.16700
        1.57700
         .64500
       -1.63200
       -2.29200
       -1.62700
       -1.63500
       -1.26500
         .37800
        1.01400
         .08400
        -.31700
       -2.85900
       -5.49000
       -6.86800
       -8.25600
      -10.06900
      -10.24500
       -8.69800
       -8.06600
       -7.27400
       -6.61300
       -6.01100
       -5.42600
       -5.36100
       -4.51400
       -3.24200
       -1.01100
        1.84200
        3.28600
        2.83500
         .83200
        -.13100
        -.23700
       -1.25400
       -2.39500
       -1.05900
        -.40500
        -.65800
        -.63500
        -.45800
       -1.62700
       -3.48500
       -3.89000
       -2.90600
        -.31800
        3.40300
        6.92600
        8.79600
        9.36200
        8.99400
        8.66000
        8.36400
        6.59000
        4.28300
        3.16800
        2.95100
        2.46700
        1.33800
        -.03100
       -1.27900
       -2.58800
       -3.86600
       -5.22700
       -6.58200
       -7.60200
       -8.07100
       -7.89700
       -5.97200
       -4.58600
       -4.98100
       -5.91100
       -6.07800
       -5.05600
       -4.52500
       -4.14600
       -3.81400
       -2.47400
       -1.46300
         .01500
        1.92000
        2.01900
        1.25500
        1.44400
        2.17700
        2.29100
        2.41200
        1.66400
         .07100
       -2.01100
       -2.42200
       -2.67700
       -1.26000
         .24300
        -.11200
        1.19500
        2.66200
        3.05500
        2.07600
         .94400
         .51100
        -.62000
       -1.32300
        -.69400
        -.78700
        -.18000
        1.01100
         .91700
         .58900
         .22100
         .01300
        -.03700
        1.32800
        3.38400
        5.04600
        7.39500
        8.83800
        7.94200
        7.08500
        6.30600
        7.45500
        8.71700
        9.82400
        9.47900
        8.05000
        6.44400
        5.84300
        5.44300
        5.14600
        3.71500
        1.15700
         .00400
        -.34400
         .04900
        2.73900
        4.75700
        5.94400
        6.02000
        6.96200
        9.51000
       10.74500
        9.74100
       10.28300
       10.59700
        9.41600
        8.09300
        5.39400
        4.05500
        2.94900
         .44000
       -1.08700
       -1.76100
       -1.27800
         .08000
         .39600
        1.03600
        2.10200
        1.77700
         .63100
        -.96800
       -1.79500
       -1.18500
        -.55200
       -1.08400
        -.82800
        -.10700
        -.72900
       -1.68400
       -1.80600
       -1.99500
       -2.84100
       -5.08900
       -6.90200
       -8.20200
      -10.17700
       -9.24000
       -7.71100
       -6.74000
       -5.17700
       -2.63800
        -.12200
        1.05100
        2.29700
        3.90300
        5.24800
        6.08300
        6.64800
