     -112.37000
      -40.76600
        8.94560
       59.51400
       98.76000
      115.68000
      104.50000
       67.60300
       15.53000
      -36.34600
      -73.28600
      -86.55300
      -76.32000
      -50.93400
      -22.96200
       -3.94340
        -.14778
      -11.02300
      -30.61100
      -50.83000
      -64.89500
      -69.42900
      -64.71500
      -53.52600
      -39.53100
      -26.12000
      -15.97800
      -11.05600
      -12.57900
      -20.73000
      -34.23500
      -50.26500
      -64.99000
      -74.76900
      -77.45000
      -73.14400
      -63.99900
      -53.09100
      -43.03400
      -35.02700
      -28.85400
      -23.73300
      -19.44300
      -16.97000
      -18.23700
      -25.00900
      -37.60500
      -54.13900
      -70.79500
      -83.05500
      -87.30100
      -82.05500
      -68.30800
      -48.85900
      -27.08700
       -5.73930
       13.75200
       31.21800
       47.15400
       61.94300
       75.27400
       85.95000
       92.14200
       92.02100
       84.47900
       69.92300
       50.59700
       30.43600
       14.17200
        5.87330
        7.33600
       17.06200
       30.38600
       40.98100
       43.30100
       34.98200
       18.07200
       -1.58780
      -16.71200
      -21.63700
      -14.69500
        1.27020
       20.43900
       36.86300
       47.13200
       51.50500
       52.99800
       55.03200
       59.03300
       63.44000
       64.67600
       59.59300
       47.92900
       33.24600
       21.60800
       18.53800
       25.79700
       39.81000
       52.72500
       55.80000
       43.54300
       16.54000
      -18.48600
      -51.48600
      -73.44600
      -80.20000
      -73.92200
      -61.64400
      -51.62100
      -49.40400
      -55.54600
      -65.93600
      -74.49900
      -76.73900
      -72.31200
      -65.29900
      -62.08200
      -67.93400
      -84.02600
     -106.33000
     -126.95000
     -137.21000
     -131.06000
     -107.30000
      -69.73800
      -25.50500
       17.53300
       53.08900
       77.54800
       89.83000
       90.55700
       81.29600
       64.35500
       43.04100
       21.71800
        5.12440
       -3.16270
       -2.47250
        4.02450
       10.14200
        9.25230
       -2.45330
      -23.67800
      -48.13900
      -67.41200
      -75.28300
      -71.44700
      -62.42900
      -58.88600
      -70.37500
     -100.07000
     -142.10000
     -183.23000
     -208.00000
     -205.41000
     -173.57000
     -120.43000
      -60.29900
       -7.87720
       27.17600
       42.86700
       43.78800
       37.51100
       30.58600
       26.19100
       24.21100
       23.08000
       21.82000
       20.91900
       21.66400
       24.61600
       28.53600
       30.63800
       28.10100
       19.93100
        7.94580
       -3.80050
      -10.87100
      -10.56100
       -3.08430
        8.71630
       20.83800
       29.82700
       33.81000
       32.49100
       26.48300
       16.69300
        4.30750
       -8.73930
      -19.42500
      -24.11400
      -19.95200
       -6.59800
       12.77100
       31.97400
       43.89100
       43.13400
       28.02600
         .87518
      -33.37100
      -69.22400
     -102.21000
     -129.15000
     -147.46000
     -154.31000
     -146.96000
     -124.21000
      -88.29200
      -45.48200
       -4.70560
       25.80900
       42.07600
       45.93400
       43.46600
       40.77500
       39.63600
       35.82700
       21.75000
       -7.67260
      -49.05300
      -88.50100
     -105.70000
      -83.04600
      -15.55000
       83.65200
      185.98000
      257.82000
      274.32000
      230.17000
      142.00000
       41.17400
      -39.66400
      -80.00100
      -78.55400
      -51.19800
      -21.39600
       -8.36210
      -18.83000
      -45.98900
      -75.23300
      -92.96500
      -93.57100
      -81.24900
      -66.39700
      -59.26700
      -64.63400
      -80.18900
      -99.04300
     -114.29000
     -122.77000
     -126.05000
     -128.27000
     -132.68000
     -139.03000
     -143.42000
     -140.29000
     -125.75000
      -99.62500
      -65.60200
      -29.45900
        3.60230
       30.78700
       51.94300
       68.35200
       81.05100
       89.79100
       93.23700
       90.19800
       80.99100
       68.01500
       55.10800
       45.96000
       42.34000
       43.06000
       44.13800
       40.16300
       26.26600
         .01409
      -37.49100
      -81.59000
     -125.13000
     -160.28000
     -180.59000
     -182.72000
     -167.23000
     -138.28000
     -102.25000
      -65.76900
      -33.73300
       -8.14670
       11.89600
       29.22400
       47.02400
       67.41000
       90.59900
      114.93000
      137.43000
      154.63000
      163.39000
      161.55000
      148.63000
      126.31000
       98.71500
       71.97500
       52.89500
       46.85000
       55.58500
       75.93000
      100.26000
      118.88000
      123.58000
      110.88000
       83.68900
       50.30300
       21.20600
        5.03150
        5.36830
       19.79400
       41.33600
       61.51900
       73.43500
       73.56700
       61.79700
       40.16500
       11.38100
      -21.94000
      -57.07700
      -90.50500
     -117.65000
     -133.64000
     -135.07000
     -121.83000
      -97.89200
      -70.39600
      -47.20600
      -33.87700
      -31.54900
      -36.74600
      -43.16100
      -44.62200
      -37.76500
      -23.14200
       -4.49600
       13.36400
       26.79800
       34.59900
       37.78000
       38.30700
       37.68600
       36.37000
       34.18100
       31.45300
       29.91100
       32.56700
       42.41800
       60.62000
       85.10900
      110.64000
      130.32000
      138.24000
      131.77000
      112.69000
       86.45600
       60.16200
       40.00400
       29.46100
       28.77800
       35.74500
       47.15500
       60.13400
       72.79900
       84.18000
       93.78100
      101.12000
      105.64000
      106.96000
      105.02000
      100.23000
       93.18800
       84.41900
       74.19600
       62.81700
       50.97500
       40.16200
       32.58800
       30.66800
       36.08800
       48.98100
       67.59000
       88.72000
      108.64000
      124.44000
      134.88000
      140.73000
      144.45000
      149.15000
      157.48000
      170.72000
      188.22000
      207.65000
      225.76000
      239.56000
      247.53000
      250.43000
      251.24000
      254.27000
      263.44000
      280.55000
      304.12000
      329.59000
      350.79000
      362.34000
      361.92000
      351.26000
      335.57000
      321.24000
      313.29000
      313.21000
      318.73000
      325.24000
      328.40000
      326.44000
      321.12000
      317.04000
      319.33000
      331.31000
      352.99000
      381.15000
      410.90000
      437.74000
      459.14000
      474.93000
      486.53000
      495.62000
      503.05000
      508.60000
      511.57000
      511.67000
      509.56000
      506.84000
      505.24000
      505.94000
      509.01000
      513.74000
      519.39000
      525.88000
      533.93000
      544.58000
      558.28000
      574.06000
      589.55000
      601.76000
      608.29000
      608.46000
      603.63000
      596.47000
      589.74000
      584.96000
      581.81000
      578.70000
      573.87000
      566.70000
      558.31000
      551.23000
      548.03000
      549.86000
      555.34000
      560.52000
      559.76000
      547.48000
      519.80000
      475.54000
      416.41000
      346.15000
      269.33000
      190.17000
      111.76000
       35.86400
      -36.81600
     -106.13000
     -172.01000
     -234.24000
     -292.44000
     -346.22000
     -395.49000
     -440.52000
     -482.00000
     -520.79000
     -557.79000
     -593.59000
     -628.19000
     -660.97000
     -690.66000
     -715.65000
     -734.57000
     -746.64000
     -752.11000
     -752.19000
     -748.71000
     -743.60000
     -738.36000
     -733.72000
     -729.81000
     -726.37000
     -723.19000
     -720.36000
     -718.14000
     -716.86000
     -716.50000
     -716.74000
     -716.98000
     -716.70000
     -715.83000
     -714.75000
     -714.20000
     -714.90000
     -717.22000
     -721.02000
     -725.83000
     -731.12000
     -736.48000
     -741.66000
     -746.54000
     -750.79000
     -754.00000
     -755.77000
     -756.10000
     -755.67000
     -755.79000
     -758.11000
     -764.01000
     -774.16000
     -788.26000
     -805.19000
     -823.39000
     -841.14000
     -856.63000
     -867.89000
     -872.72000
     -868.84000
     -854.54000
     -829.24000
     -794.10000
     -751.76000
     -705.74000
     -659.12000
     -613.82000
     -570.18000
     -527.45000
     -484.67000
     -441.42000
     -398.06000
     -355.22000
     -313.17000
     -271.44000
     -229.12000
     -185.82000
     -142.50000
     -101.72000
      -66.85000
      -40.48300
      -23.11100
      -12.80900
       -6.29190
        -.86583
        3.91760
        5.95740
        2.07150
       -9.51140
      -27.09200
      -45.30500
      -57.10500
      -57.14900
      -44.41900
      -22.64900
        2.23210
       26.24000
       50.77700
       82.95000
      132.04000
      203.50000
      293.61000
      387.80000
      464.46000
      502.89000
      492.02000
      435.69000
      351.82000
      265.73000
      200.29000
      167.79000
      166.72000
      184.86000
      206.56000
      220.39000
      223.51000
      221.00000
      221.14000
      229.50000
      245.37000
      261.93000
      270.25000
      264.07000
      243.42000
      214.57000
      187.14000
      169.66000
      166.20000
      175.43000
      192.36000
      211.17000
      227.81000
      240.90000
      250.88000
      258.47000
      263.41000
      264.52000
      260.63000
      251.76000
      239.61000
      227.00000
      216.50000
      209.20000
      204.26000
      199.71000
      193.70000
      185.77000
      177.09000
      169.60000
      164.76000
      162.40000
      160.62000
      156.85000
      149.36000
      138.63000
      127.64000
      120.93000
      122.89000
      135.90000
      159.36000
      189.81000
      222.18000
      251.52000
      274.53000
      290.34000
      300.43000
      307.71000
      315.34000
      325.63000
      339.42000
      355.93000
      373.09000
      388.16000
      398.40000
      401.67000
      396.80000
      383.83000
      364.00000
      339.49000
      313.13000
      287.80000
      265.86000
      248.40000
      234.92000
      223.26000
      210.22000
      192.53000
      168.08000
      136.84000
      101.16000
       65.08600
       33.06700
        8.40320
       -7.87620
      -17.32900
      -23.40100
      -30.13200
      -40.71700
      -56.57800
      -77.17600
     -100.60000
     -124.46000
     -146.92000
     -167.17000
     -185.43000
     -202.67000
     -220.08000
     -238.54000
     -258.20000
     -278.26000
     -297.04000
     -312.36000
     -322.04000
     -324.51000
     -319.40000
     -307.71000
     -291.68000
     -274.12000
     -257.64000
     -243.94000
     -233.41000
     -225.26000
     -217.96000
     -209.83000
     -199.75000
     -187.45000
     -173.82000
     -160.77000
     -151.08000
     -147.83000
     -153.61000
     -169.58000
     -194.54000
     -224.59000
     -253.48000
     -274.03000
     -279.89000
     -267.49000
     -236.99000
     -192.28000
     -139.59000
      -85.65600
      -35.86500
        6.77220
       41.54800
       69.28200
       91.21700
      108.33000
      121.19000
      130.29000
      136.49000
      141.09000
      145.51000
      150.63000
      156.36000
      161.61000
      164.90000
      165.15000
      162.41000
      157.82000
      153.26000
      150.30000
      149.51000
      150.19000
      150.88000
      150.32000
      148.26000
      145.96000
      145.76000
      150.05000
      160.18000
      175.53000
      193.48000
      210.13000
      221.43000
      224.40000
      217.85000
      202.33000
      179.58000
      151.61000
      120.04000
       85.87800
       49.82000
       12.78700
      -23.71900
      -57.79100
      -87.77400
     -113.13000
     -134.99000
     -155.82000
     -178.42000
     -204.35000
     -232.89000
     -260.80000
     -283.61000
     -297.56000
     -301.47000
     -297.51000
     -290.18000
     -284.21000
     -282.21000
     -283.34000
     -284.04000
     -280.37000
     -270.74000
     -257.49000
     -246.26000
     -243.13000
     -250.99000
     -266.91000
     -282.29000
     -285.84000
     -268.21000
     -226.04000
     -163.44000
      -90.00600
      -16.39200
       50.37500
      109.56000
      165.99000
      226.49000
      295.32000
      371.10000
      446.70000
      512.19000
      558.99000
      583.28000
      586.60000
      573.86000
      549.73000
      515.82000
      470.10000
      409.16000
      331.76000
      241.90000
      149.25000
       66.54700
        4.94330
      -30.54400
      -43.26100
      -43.73100
      -45.51500
      -59.96300
      -92.12400
     -139.50000
     -193.82000
     -245.06000
     -285.34000
     -311.59000
     -325.62000
     -332.41000
     -337.36000
     -344.34000
     -354.72000
     -368.12000
     -383.47000
     -400.10000
     -417.83000
     -436.45000
     -454.87000
     -470.86000
     -481.55000
     -484.74000
     -480.15000
     -469.84000
     -457.38000
     -446.15000
     -437.21000
     -428.21000
     -413.66000
     -387.01000
     -343.36000
     -281.86000
     -206.61000
     -125.68000
      -48.63100
       16.53500
       65.54600
       98.50300
      118.92000
      131.78000
      141.53000
      150.94000
      160.99000
      171.78000
      183.36000
      196.37000
      211.94000
      230.95000
      253.37000
      277.81000
      301.53000
      321.13000
      333.21000
      335.11000
      325.27000
      303.52000
      271.04000
      230.23000
      184.43000
      137.47000
       93.01300
       54.03300
       22.52000
        -.43187
      -14.24500
      -18.53000
      -13.04300
        1.89300
       24.68300
       51.91100
       78.45500
       98.42200
      106.77000
      100.88000
       81.47200
       52.37300
       19.15200
      -12.74300
      -39.54700
      -59.82500
      -74.08400
      -83.73000
      -90.00700
      -93.36800
      -93.53300
      -89.98200
      -82.35800
      -70.61400
      -54.88600
      -35.36000
      -12.49100
       12.44900
       36.79200
       56.39400
       66.45500
       63.16800
       45.58700
       16.75200
      -16.62200
      -46.05700
      -64.14700
      -67.16500
      -56.21400
      -36.43500
      -14.56600
        3.96390
       17.11500
       26.55100
       36.16300
       49.57100
       67.94400
       89.14500
      108.59000
      121.30000
      124.05000
      116.75000
      102.20000
       84.70100
       68.21300
       54.97300
       45.25800
       38.18300
       33.01900
       30.20300
       31.52100
       39.29400
       55.18000
       79.10200
      108.97000
      141.26000
      172.09000
      198.37000
      218.45000
      231.93000
      239.13000
      240.48000
      236.20000
      226.44000
      211.82000
      193.70000
      174.21000
      155.74000
      140.40000
      129.49000
      123.57000
      122.71000
      126.87000
      135.98000
      149.44000
      165.46000
      180.48000
      189.57000
      187.56000
      170.96000
      139.61000
       97.32700
       50.95100
        8.17200
      -25.16800
      -47.03400
      -59.54000
      -67.53100
      -76.07400
      -88.10300
     -103.28000
     -118.54000
     -130.15000
     -135.93000
     -136.65000
     -135.93000
     -138.48000
     -147.80000
     -164.26000
     -184.55000
     -202.80000
     -212.65000
     -209.53000
     -192.17000
     -162.79000
     -126.23000
      -88.28300
      -54.24700
      -27.88700
      -11.06200
       -3.86520
       -5.00460
      -12.30700
      -23.22600
      -35.37600
      -47.09600
      -57.80400
      -68.03400
      -78.98300
      -91.76300
     -106.62000
     -122.57000
     -137.68000
     -149.99000
     -158.53000
     -164.10000
     -169.12000
     -176.63000
     -188.80000
     -205.71000
     -224.74000
     -241.25000
     -250.04000
     -247.18000
     -231.15000
     -203.29000
     -167.23000
     -127.58000
      -88.64500
      -53.62200
      -24.27700
       -1.20100
       15.78800
       27.35100
       34.51900
       38.68100
       41.50700
       44.63200
       49.26300
       55.78500
       63.67000
       71.71800
       78.57300
       83.25500
       85.49500
       85.71000
       84.74200
       83.49800
       82.70300
       82.83800
       84.21500
       86.99800
       91.14500
       96.19500
      101.13000
      104.46000
      104.54000
      100.14000
       91.03500
       78.11700
       63.20800
       48.44400
       35.59500
       25.51300
       18.08300
       12.50700
        7.84010
        3.42530
        -.94058
       -5.19930
       -9.37710
      -13.91300
      -19.76400
      -28.21600
      -40.49200
      -57.34000
      -78.69900
     -103.63000
     -130.43000
     -156.97000
     -181.06000
     -200.93000
     -215.46000
     -224.41000
     -228.33000
     -228.18000
     -224.99000
     -219.49000
     -212.07000
     -203.05000
     -193.07000
     -183.46000
     -176.18000
     -173.23000
     -175.93000
     -184.17000
     -196.40000
     -210.19000
     -223.38000
     -235.25000
     -246.73000
     -259.77000
     -275.77000
     -293.94000
     -310.36000
     -318.72000
     -312.32000
     -286.92000
     -243.05000
     -186.50000
     -126.99000
      -74.92200
      -38.10700
      -19.21800
      -15.45600
      -20.26600
      -26.33700
      -28.56300
      -25.71700
      -20.26700
      -16.61800
      -18.70400
      -28.08000
      -43.21800
      -60.24300
      -74.54100
      -82.48500
      -82.52700
      -75.32100
      -63.05600
      -48.39900
      -33.58200
      -19.94400
       -7.94600
        2.51230
       11.74700
       20.07200
       27.73500
       34.94800
       41.90400
       48.76100
       55.60000
       62.46900
       69.46600
       76.88500
       85.24200
       95.14300
      107.06000
      120.98000
      136.31000
      151.88000
      166.28000
      178.18000
      186.60000
      190.93000
      190.79000
      185.83000
      175.82000
      160.88000
      141.89000
      120.89000
      100.94000
       85.49300
       77.46500
       78.23700
       87.22400
      102.15000
      120.03000
      138.36000
      156.01000
      173.32000
      191.50000
      211.54000
      233.33000
      255.51000
      276.04000
      293.32000
      307.12000
      318.80000
      330.75000
      345.29000
      363.53000
      384.85000
      407.45000
      429.12000
      448.42000
      465.19000
      480.24000
      494.69000
      509.02000
      522.66000
      534.28000
      542.41000
      546.18000
      545.68000
      541.63000
      534.90000
      525.83000
      514.06000
      498.76000
      478.96000
      453.93000
      423.22000
      386.60000
      344.11000
      296.38000
      245.32000
      194.56000
      149.07000
      113.96000
       92.43700
       83.99500
       83.68700
       83.27000
       73.97800
       49.91200
       10.50700
      -39.10200
      -90.09200
     -133.53000
     -163.80000
     -180.47000
     -187.53000
     -190.91000
     -195.03000
     -200.72000
     -205.05000
     -203.21000
     -191.37000
     -168.99000
     -139.33000
     -108.19000
      -81.32300
      -62.02800
      -50.06800
      -42.15300
      -33.75700
      -21.24700
       -3.31930
       18.74800
       41.94300
       62.82400
       78.68500
       88.11100
       90.88200
       87.63500
       79.54000
       68.22200
       55.79400
       44.81000
       37.87300
       36.93200
       42.54300
       53.43400
       66.68700
       78.57000
       85.69700
       86.13800
       79.96400
       69.10400
       56.57100
       45.41700
       37.84400
       34.77300
       35.96200
       40.50900
       47.42100
       55.94500
       65.54400
       75.62800
       85.23900
       93.02200
       97.63500
       98.35000
       95.75000
       91.83900
       89.54600
       91.54900
       98.98100
      110.47000
      122.19000
      128.99000
      126.26000
      111.78000
       86.68300
       55.24300
       23.22100
       -4.24950
      -24.46100
      -37.84900
      -47.32900
      -56.64500
      -68.52200
      -83.52200
      -99.99800
     -115.16000
     -126.48000
     -132.93000
     -135.29000
     -135.55000
     -135.84000
     -137.50000
     -140.65000
     -144.52000
     -148.25000
     -151.66000
     -155.55000
     -161.38000
     -170.66000
     -184.23000
     -201.87000
     -222.56000
     -244.86000
     -267.61000
     -290.26000
     -312.90000
     -335.93000
     -359.56000
     -383.39000
     -406.21000
     -426.10000
     -440.81000
     -448.21000
     -446.78000
     -435.94000
     -416.13000
     -388.68000
     -355.39000
     -318.03000
     -277.89000
     -235.65000
     -191.46000
     -145.43000
      -98.08800
      -50.68000
       -5.16260
       36.31500
       72.10100
      101.65000
      125.82000
      146.49000
      165.89000
      185.61000
      205.86000
      225.22000
      240.83000
      249.28000
      247.50000
      233.78000
      208.37000
      173.64000
      133.74000
       93.69400
       58.32700
       30.96000
       12.53500
        1.31570
       -6.55620
      -15.75600
      -30.12500
      -51.26200
      -77.95600
     -106.75000
     -133.46000
     -154.90000
     -170.20000
     -180.84000
     -189.71000
     -199.28000
     -209.94000
     -219.39000
     -223.31000
     -217.13000
     -198.14000
     -166.92000
     -127.46000
      -85.81700
      -48.09700
      -18.41100
        2.13200
       15.13400
       23.61700
       30.37800
       36.81500
       42.65600
       46.59500
       47.30000
       44.24000
       37.86700
       29.19900
       19.09600
        7.72530
       -5.40470
      -20.92100
      -38.85700
      -58.18000
      -76.93000
      -92.94300
     -104.83000
     -112.80000
     -118.82000
     -126.05000
     -137.66000
     -155.57000
     -179.44000
     -206.41000
     -231.53000
     -249.04000
     -253.90000
     -243.29000
     -217.55000
     -180.34000
     -137.67000
      -96.12500
      -60.87200
      -34.06900
      -14.42400
        1.83830
       18.87700
       38.83600
       60.26500
       78.10100
       85.46300
       76.55000
       49.42700
        7.34670
      -41.96600
      -88.90500
     -125.32000
     -147.09000
     -154.90000
     -152.85000
     -145.93000
     -137.42000
     -127.64000
     -114.54000
      -95.59100
      -69.87300
      -39.10400
       -7.12860
       21.82900
       45.15500
       62.83900
       76.97000
       90.00100
      102.88000
      114.19000
      120.88000
      120.35000
      112.50000
      100.89000
       91.45100
       89.99300
       98.91900
      115.36000
      131.61000
      137.97000
      126.89000
       96.49100
       51.72100
        2.66970
      -39.33700
      -66.14300
      -75.67000
      -72.07800
      -63.39300
      -57.56700
      -59.04400
      -67.15700
      -76.95800
      -81.83700
      -76.58200
      -59.48600
      -32.68000
        -.88866
       30.62400
       57.84300
       78.85600
       93.66700
      103.40000
      109.52000
      113.41000
      116.45000
      120.02000
      125.43000
      133.52000
      144.15000
      156.12000
      167.61000
      177.13000
      184.39000
      190.50000
      197.25000
      205.80000
      215.32000
      222.63000
      223.05000
      212.45000
      189.44000
      156.68000
      120.38000
       88.12000
       65.93600
       55.78800
       54.79500
       56.49700
       53.59900
       40.96400
       17.50400
      -13.71700
      -47.09800
      -76.93000
      -99.46400
     -113.78000
     -121.32000
     -124.45000
     -125.07000
     -123.74000
     -119.79000
     -112.04000
      -99.56400
      -82.29200
      -60.98000
      -36.88300
      -11.36000
       14.34800
       39.07200
       61.61300
       80.69800
       95.16500
      104.25000
      107.73000
      105.91000
       99.46900
       89.13900
       75.66400
       59.88500
       42.94600
       26.36400
       11.78500
         .46612
       -7.24590
      -12.15300
      -15.88100
      -20.09700
      -25.57100
      -31.62400
      -36.26500
      -37.03700
      -32.19700
      -21.65600
       -7.20480
        8.07510
       20.97500
       29.29400
       32.44100
       31.27200
       27.33300
       21.94400
       15.60100
        7.96420
       -1.64510
      -13.58200
      -27.42700
      -42.03900
      -55.99200
      -68.17000
      -78.17200
      -86.34900
      -93.48800
     -100.34000
     -107.26000
     -114.09000
     -120.24000
     -124.90000
     -127.39000
     -127.16000
     -123.90000
     -117.60000
     -108.44000
      -96.86100
      -83.43800
      -68.84400
      -53.66100
      -38.42100
      -23.55000
       -9.53910
        2.96190
       13.20300
       20.55800
       24.92300
       27.05200
       28.62800
       31.95600
       39.28700
       52.01900
       70.08200
       91.81500
      114.31000
      134.26000
      148.76000
      155.99000
      155.53000
      148.21000
      135.73000
      120.35000
      104.43000
       90.24700
       79.60700
       73.64900
       72.49900
       75.14400
       79.55500
       83.18300
       83.69300
       79.68400
       71.14000
       59.38600
       46.56700
       34.86500
       25.78500
       19.82700
       16.59000
       15.23100
       14.96000
       15.37000
       16.38900
       17.98500
       19.80900
       21.06600
       20.68000
       17.71700
       11.85500
        3.66600
       -5.49760
      -13.93300
      -20.19600
      -23.59100
      -24.37700
      -23.57100
      -22.49800
      -22.17600
      -22.89300
      -24.04900
      -24.34800
      -22.28500
      -16.73900
       -7.53200
        4.30470
       16.65000
       26.78800
       32.19900
       31.34300
       24.24900
       12.56600
        -.90134
      -13.09200
      -21.65600
      -25.64900
      -25.66700
      -23.39400
      -20.72100
      -18.86800
      -17.88300
      -16.70600
      -13.72100
       -7.52480
        2.47620
       15.91700
       31.79400
       49.03000
       66.91400
       85.20500
      103.80000
      122.25000
      139.32000
      153.13000
      161.63000
      163.51000
      158.84000
      149.35000
      138.00000
      128.12000
      122.29000
      121.69000
      125.90000
      133.24000
      141.64000
      149.42000
      155.77000
      160.82000
      165.31000
      170.02000
      175.34000
      181.08000
      186.58000
      191.04000
      193.96000
      195.29000
      195.60000
      195.75000
      196.59000
      198.49000
      201.26000
      203.96000
      205.13000
      203.29000
      197.26000
      186.55000
      171.57000
      153.45000
      133.77000
      114.23000
       96.27500
       80.86100
       68.35400
       58.62500
       51.19900
       45.43700
       40.71900
       36.51800
       32.39200
       27.89100
       22.37400
       14.89600
        4.27960
      -10.60900
      -30.36600
      -54.57000
      -81.47200
     -108.17000
     -131.26000
     -147.86000
     -156.40000
     -157.27000
     -152.45000
     -144.84000
     -137.17000
     -131.21000
     -127.56000
     -126.03000
     -126.33000
     -128.58000
     -133.38000
     -141.31000
     -152.34000
     -165.47000
     -179.05000
     -191.66000
     -202.83000
     -213.49000
     -225.40000
     -239.88000
     -256.72000
     -273.66000
     -287.29000
     -294.70000
     -295.24000
     -291.23000
     -286.96000
     -286.30000
     -290.01000
     -294.20000
     -291.08000
     -271.88000
     -230.73000
     -167.93000
      -90.68500
      -10.96500
       58.65800
      109.44000
      139.22000
      152.16000
      156.10000
      158.52000
      163.28000
      169.71000
      173.83000
      171.32000
      160.40000
      143.01000
      124.07000
      109.18000
      101.88000
      102.06000
      106.10000
      108.61000
      104.73000
       92.14600
       71.66100
       46.54400
       20.91800
       -1.87230
      -20.17200
      -34.01800
      -44.36000
      -52.09800
      -57.37500
      -59.52700
      -57.56800
      -50.93900
      -40.07500
      -26.57800
      -12.88000
       -1.60450
        5.13650
        6.17170
        1.36570
       -8.66690
      -22.90200
      -40.29100
      -59.84800
      -80.64800
     -101.65000
     -121.74000
     -139.93000
     -155.68000
     -169.22000
     -181.47000
     -193.75000
     -207.05000
     -221.56000
     -236.44000
     -250.27000
     -261.87000
     -271.07000
     -278.93000
     -287.17000
     -296.89000
     -307.19000
     -314.69000
     -314.13000
     -300.20000
     -269.86000
     -224.02000
     -167.87000
     -109.38000
      -56.62500
      -15.14900
       13.71100
       32.61800
       46.49900
       60.08800
       75.87600
       93.43200
      110.20000
      123.20000
      130.77000
      133.43000
      133.54000
      134.21000
      137.85000
      145.29000
      155.70000
      167.07000
      177.11000
      183.83000
      185.84000
      182.26000
      172.66000
      157.10000
      136.26000
      111.69000
       85.59500
       60.31000
       37.63300
       18.23400
        1.56500
      -13.68600
      -28.76700
      -44.13300
      -59.14400
      -72.39400
      -82.43900
      -88.56900
      -91.17500
      -91.53200
      -91.07500
      -90.63000
      -89.94900
      -87.86000
      -82.90400
      -74.19700
      -62.03700
      -47.96600
      -34.23000
      -22.95400
      -15.36500
      -11.48000
      -10.30100
      -10.46300
      -10.93800
      -11.51200
      -12.77800
      -15.75700
      -21.31300
      -29.68200
      -40.31100
      -52.09000
      -63.81200
      -74.65300
      -84.36100
      -93.18100
     -101.49000
     -109.42000
     -116.60000
     -122.35000
     -126.01000
     -127.42000
     -127.21000
     -126.60000
     -126.88000
     -128.68000
     -131.40000
     -133.19000
     -131.35000
     -123.52000
     -108.52000
      -87.07900
      -61.70700
      -35.95800
      -13.20700
        4.38540
       16.45500
       24.20600
       29.66500
       34.66200
       40.07900
       45.63400
       50.28500
       52.95300
       53.24900
       51.79700
       50.06800
       49.75300
       52.03200
       56.99500
       63.52900
       69.63300
       73.03800
       71.88600
       65.25600
       53.33900
       37.31700
       18.98900
         .37642
      -16.67200
      -30.73800
      -41.00000
      -47.29300
      -50.10300
      -50.45000
      -49.65400
      -48.95000
      -49.08800
      -50.03400
      -50.91700
      -50.28500
      -46.65700
      -39.12700
      -27.81500
      -13.88600
         .82999
       14.52900
       26.08100
       35.36600
       43.07900
       50.11300
       56.80600
       62.46400
       65.38800
       63.49300
       55.21400
       40.35500
       20.40300
       -1.79220
      -22.90500
      -40.13100
      -51.94000
      -58.25300
      -60.05500
      -58.66000
      -55.08800
      -49.78000
      -42.80100
      -34.27100
      -24.80200
      -15.58500
       -8.09130
       -3.45990
       -1.97680
       -2.85680
       -4.53410
       -5.24960
       -3.77850
         .12260
        5.65840
       11.39400
       15.82300
       17.87300
       17.13600
       13.82700
        8.47820
        1.66090
       -6.21500
      -14.88000
      -24.12800
      -33.71400
      -43.35300
      -52.73800
      -61.60800
      -69.71400
      -76.75500
      -82.23200
      -85.45100
      -85.65000
      -82.26300
      -75.18200
      -64.88900
      -52.36600
      -38.80100
      -25.18200
      -12.05300
         .50536
       12.64500
       24.45300
       35.70800
       45.90400
       54.48100
       61.19400
       66.34400
       70.74300
       75.38700
       81.01600
       87.75700
       95.04100
      101.87000
      107.31000
      110.92000
      112.93000
      114.03000
      115.09000
      116.62000
      118.67000
      120.73000
      122.27000
      122.87000
      122.56000
      121.68000
      120.69000
      119.87000
      119.13000
      118.12000
      116.41000
      113.77000
      110.30000
      106.24000
      101.79000
       96.87100
       91.03200
       83.58900
       74.00600
       62.21200
       48.82400
       35.06100
       22.49100
       12.60000
        6.45010
        4.46660
        6.44310
       11.66200
       19.08000
       27.48400
       35.64100
       42.37900
       46.68400
       47.77000
       45.16600
       38.73000
       28.63500
       15.29200
        -.64783
      -18.31400
      -36.57000
      -54.01200
      -69.01100
      -79.91600
      -85.32300
      -84.39900
      -77.06600
      -64.05100
      -46.72500
      -26.81400
       -6.03260
       14.17200
       32.77800
       49.17100
       63.09800
       74.52500
       83.55400
       90.35300
       95.14800
       98.20800
       99.86100
      100.46000
      100.47000
      100.31000
      100.50000
      101.49000
      103.56000
      106.88000
      111.32000
      116.58000
      122.31000
      128.06000
      133.46000
      138.15000
      141.57000
      143.06000
      141.72000
      136.65000
      127.18000
      113.26000
       95.57200
       75.63700
       55.49000
       37.25400
       22.64900
       12.61400
        7.17010
        5.53800
        6.45680
        8.54990
       10.65800
       12.00000
       12.18300
       11.09400
        8.76210
        5.21360
         .41807
       -5.72480
      -13.30800
      -22.34500
      -32.68100
      -43.95500
      -55.60400
      -66.95600
      -77.36100
      -86.35200
      -93.72500
      -99.54400
     -104.03000
     -107.39000
     -109.65000
     -110.57000
     -109.74000
     -106.73000
     -101.40000
      -93.92500
      -84.93600
      -75.31100
      -65.93500
      -57.46300
      -50.16000
      -43.91500
      -38.33800
      -32.95800
      -27.38900
      -21.42100
      -15.02700
       -8.33060
       -1.57410
        4.88580
       10.58100
       14.91200
       17.20500
       16.80800
       13.28100
        6.52640
       -3.09310
      -14.80600
      -27.53800
      -40.17200
      -51.75800
      -61.73000
      -69.93400
      -76.55200
      -81.91200
      -86.28400
      -89.68000
      -91.82500
      -92.23000
      -90.40500
      -86.05900
      -79.26800
      -70.51900
      -60.61000
      -50.43500
      -40.78200
      -32.18300
      -24.88700
      -18.91300
      -14.17300
      -10.56800
       -8.02900
       -6.47420
       -5.76400
       -5.68040
       -5.98550
       -6.50580
       -7.26050
       -8.50780
      -10.71600
      -14.37400
      -19.80300
      -26.96100
      -35.38400
      -44.24600
      -52.58100
      -59.53700
      -64.59500
      -67.62500
      -68.81600
      -68.47200
      -66.81300
      -63.80700
      -59.20200
      -52.66400
      -44.02800
      -33.44800
      -21.46100
       -8.84510
        3.62630
       15.46700
       26.60400
       37.33600
       48.08400
       59.11700
       70.32600
       81.21900
       91.14100
       99.53700
      106.27000
      111.69000
      116.40000
      121.06000
      125.98000
      131.09000
      135.96000
      140.22000
      143.75000
      146.76000
      149.70000
      152.88000
      156.13000
      158.65000
      159.22000
      156.66000
      150.29000
      140.27000
      127.52000
      113.35000
       98.84300
       84.54100
       70.23600
       55.31200
       39.23500
       22.04400
        4.54260
      -11.86400
      -25.64400
      -35.70700
      -41.78000
      -44.46200
      -44.94900
      -44.59600
      -44.49100
      -45.23000
      -46.95500
      -49.55800
      -52.94200
      -57.15300
      -62.37700
      -68.77100
      -76.29000
      -84.54000
      -92.82800
     -100.35000
     -106.49000
     -111.05000
     -114.36000
     -117.23000
     -120.49000
     -124.64000
     -129.38000
     -133.51000
     -135.00000
     -131.68000
     -121.92000
     -105.25000
      -82.74200
      -56.76600
      -30.34600
       -6.23430
       13.83000
       29.52100
       41.70500
       51.81800
       61.07500
       69.93200
       77.97300
       84.25700
       87.92600
       88.77700
       87.45900
       85.26200
       83.57200
       83.32300
       84.65200
       86.94500
       89.21700
       90.65800
       90.98000
       90.50300
       89.83900
       89.47100
       89.31200
       88.57700
       85.97000
       80.18100
       70.41500
       56.77000
       40.25200
       22.52900
        5.40640
       -9.66390
      -21.89500
      -31.16800
      -37.83100
      -42.38000
      -45.22500
      -46.59700
      -46.66000
      -45.65100
      -43.96500
      -42.05200
      -40.21300
      -38.36200
      -35.99400
      -32.34500
      -26.80600
      -19.33900
      -10.69700
       -2.27020
        4.35650
        8.00200
        8.30730
        5.80390
        1.56970
       -3.32020
       -8.28090
      -13.32300
      -18.83100
      -25.06400
      -31.80200
      -38.27700
      -43.53900
      -46.99500
      -48.84500
      -50.05000
      -51.84800
      -54.99500
      -59.15200
      -62.78600
      -63.69900
      -59.98400
      -50.95600
      -37.58900
      -22.25700
       -7.87250
        3.15850
        9.71320
       12.10900
       11.67200
        9.97720
        8.18060
        6.70980
        5.40010
        3.89200
        2.02620
         .00434
       -1.70650
       -2.62110
       -2.43140
       -1.05510
        1.44480
        4.94900
        9.27730
       14.05000
       18.54900
       21.70500
       22.34600
       19.62300
       13.41500
        4.49430
       -5.67320
      -15.44800
      -23.58800
      -29.60400
      -33.72200
      -36.48500
      -38.24300
      -38.81200
      -37.51900
      -33.58800
      -26.66800
      -17.19200
       -6.36850
        4.19140
       13.02900
       19.27400
       22.77600
       23.90700
       23.20200
       21.03300
       17.54100
       12.78300
        6.98610
         .70951
       -5.22430
       -9.97930
      -13.02200
      -14.30000
      -14.20000
      -13.29100
      -12.02300
      -10.52600
       -8.63880
       -6.10710
       -2.84550
         .91401
        4.64940
        7.75430
        9.78080
       10.61000
       10.43800
        9.63760
        8.55380
        7.38550
        6.15840
        4.84260
        3.47490
        2.24560
        1.46530
        1.44950
        2.37390
        4.18240
        6.59420
        9.20940
       11.66700
       13.78700
       15.64700
       17.56100
       19.97200
       23.27900
       27.68200
       33.07200
       39.02300
       44.91300
       50.12500
       54.26600
       57.30400
       59.51700
       61.31200
       62.90700
       64.07700
       64.05900
       61.74900
       56.08200
       46.48900
       33.19100
       17.25900
         .30356
      -15.98900
      -30.35200
      -42.17000
      -51.45800
      -58.56500
      -63.81700
      -67.23000
      -68.50600
      -67.23900
      -63.26200
      -56.85400
      -48.81100
      -40.25200
      -32.31800
      -25.83600
      -21.20100
      -18.39400
      -17.19200
      -17.28700
      -18.40300
      -20.21600
      -22.27000
      -23.86500
      -24.17700
      -22.46900
      -18.43100
      -12.34100
       -5.07730
        2.16340
        8.25630
       12.59300
       15.22500
       16.75900
       17.94500
       19.26900
       20.61900
       21.28200
       20.21600
       16.56100
       10.04400
        1.19810
       -8.79220
      -18.41500
      -26.33000
      -31.70100
      -34.36000
      -34.65800
      -33.23400
      -30.76100
      -27.82100
      -24.87400
      -22.35400
      -20.72100
      -20.47000
      -21.98000
      -25.38400
      -30.45700
      -36.63500
      -43.11100
      -49.03600
      -53.68900
      -56.59500
      -57.52400
      -56.47700
      -53.63700
      -49.36900
      -44.19600
      -38.77800
      -33.82000
      -29.92700
      -27.40700
      -26.15400
      -25.64200
      -25.08100
      -23.67000
      -20.87500
      -16.63700
      -11.40200
       -5.97310
       -1.26400
        1.97850
        3.35860
        2.88480
         .86232
       -2.28740
       -6.22840
      -10.81700
      -16.10000
      -22.19200
      -29.12500
      -36.72500
      -44.59200
      -52.23600
      -59.23900
      -65.45400
      -71.05500
      -76.45600
      -82.06300
      -88.02600
      -94.10000
      -99.69700
     -104.14000
     -106.98000
     -108.27000
     -108.48000
     -108.28000
     -108.07000
     -107.58000
     -105.84000
     -101.47000
      -93.21400
      -80.71100
      -64.76300
      -47.28700
      -30.74200
      -17.32300
       -8.23080
       -3.36300
       -1.50560
        -.95284
        -.24362
        1.29640
        3.42420
        5.25230
        5.75800
        4.26280
         .68928
       -4.48540
      -10.47800
      -16.50100
      -21.95900
      -26.50500
      -29.97100
      -32.29400
      -33.48200
      -33.64600
      -33.02200
      -31.96200
      -30.81700
      -29.79700
      -28.88600
      -27.86300
      -26.45400
      -24.52900
      -22.25100
      -20.06300
      -18.48900
      -17.89200
      -18.22600
      -18.98600
      -19.33400
      -18.39100
      -15.55200
      -10.68300
       -4.15650
        3.30120
       10.85200
       17.78700
       23.68300
       28.45000
       32.26400
       35.43600
       38.26400
       40.88700
       43.17700
       44.69600
       44.76200
       42.58700
       37.52200
       29.28600
       18.13800
        4.90980
       -9.14590
      -22.61200
      -34.20100
      -42.96700
      -48.39300
      -50.33900
      -48.93300
      -44.46300
      -37.34900
      -28.17600
      -17.72200
       -6.93010
        3.21810
       11.90000
       18.65600
       23.46700
       26.71000
       28.96400
       30.78800
       32.52600
       34.24700
       35.82900
       37.10500
       38.00700
       38.63400
       39.22200
       40.04100
       41.29100
       43.05000
       45.27500
       47.87100
       50.75700
       53.89900
       57.29400
       60.92700
       64.73700
       68.59900
       72.33800
       75.79200
       78.85100
       81.49300
       83.78700
       85.86700
       87.90300
       90.04600
       92.39300
       94.95900
       97.64400
      100.26000
      102.54000
      104.26000
      105.27000
      105.64000
      105.57000
      105.42000
      105.43000
      105.64000
      105.76000
      105.12000
      102.88000
       98.24600
       90.83800
       80.81700
       68.93700
       56.33700
       44.22800
       33.55700
       24.80400
       17.95900
       12.69300
        8.60510
        5.42290
        3.07070
        1.57570
         .89544
         .78248
         .77017
         .31004
       -1.01100
       -3.29340
       -6.28690
       -9.52000
      -12.51900
      -15.01900
      -17.02000
      -18.69600
      -20.19000
      -21.44400
      -22.15900
      -21.93500
      -20.50600
      -17.94000
      -14.69200
      -11.47700
       -9.00470
       -7.74570
       -7.83260
       -9.12880
      -11.40800
      -14.48900
      -18.26100
      -22.55100
      -26.93700
      -30.66600
      -32.77900
      -32.42100
      -29.18900
      -23.36300
      -15.85200
       -7.87090
        -.49735
        5.66870
       10.57000
       14.47300
       17.58700
       19.76800
       20.45700
       18.93100
       14.70200
        7.86400
        -.82940
      -10.18600
      -18.97300
      -26.29900
      -31.74800
      -35.26100
      -36.82900
      -36.25000
      -33.10800
      -27.01500
      -18.00600
       -6.82640
        5.07710
       15.90200
       24.07200
       28.76200
       30.15600
       29.29500
       27.61800
       26.39300
       26.30800
       27.37000
       29.10100
       30.89000
       32.32700
       33.32800
       34.08300
       34.86800
       35.86700
       37.09500
       38.43200
       39.72400
       40.85000
       41.71900
       42.22000
       42.16100
       41.29700
       39.40500
       36.42600
       32.53800
       28.13200
       23.66500
       19.45800
       15.55800
       11.72200
        7.57460
        2.84950
       -2.38330
       -7.63680
      -12.12100
      -15.00500
      -15.73800
      -14.25600
      -11.02000
       -6.84170
       -2.58910
        1.09000
        3.91830
        5.95560
        7.40960
        8.40580
        8.82830
        8.33630
        6.52220
        3.16310
       -1.58640
       -7.14310
      -12.64400
      -17.21300
      -20.25100
      -21.60400
      -21.55100
      -20.62200
      -19.35300
      -18.06600
      -16.82400
      -15.50500
      -13.96100
      -12.15800
      -10.18500
       -8.16390
       -6.07250
       -3.64040
        -.35352
        4.37930
       10.98800
       19.54100
       29.66900
       40.66300
       51.68700
       62.00400
       71.12100
       78.80200
       84.97300
       89.59900
       92.62200
       93.98300
       93.70000
       91.94500
       89.02700
       85.30200
       81.00300
       76.13800
       70.47300
       63.65600
       55.43500
       45.83900
       35.25000
       24.31300
       13.70100
        3.86950
       -5.10600
      -13.51200
      -21.81300
      -30.37200
      -39.21400
      -47.94300
      -55.87100
      -62.26700
      -66.64200
      -68.92500
      -69.43100
      -68.67000
      -67.08300
      -64.82500
      -61.73900
      -57.48700
      -51.81200
      -44.76600
      -36.82100
      -28.77600
      -21.52800
      -15.80700
      -11.99700
      -10.08400
       -9.77650
      -10.67500
      -12.42600
      -14.78100
      -17.57100
      -20.61900
      -23.69900
      -26.55000
      -28.96300
      -30.86500
      -32.37200
      -33.74300
      -35.28000
      -37.20300
      -39.59700
      -42.43500
      -45.65600
      -49.26200
      -53.33500
      -57.96400
      -63.14100
      -68.65700
      -74.11600
      -79.05800
      -83.15600
      -86.35800
      -88.88800
      -91.05400
      -92.93200
      -94.11500
      -93.65900
      -90.34600
      -83.18800
      -71.98200
      -57.65800
      -42.19100
      -28.10300
      -17.65200
      -12.09400
      -11.27400
      -13.75400
      -17.40400
      -20.18900
      -20.83400
      -19.04300
      -15.28700
      -10.27300
       -4.42690
        2.31640
       10.34000
       19.89100
       30.63600
       41.50800
       50.97500
       57.61600
       60.71300
       60.55800
       58.28700
       55.33500
       52.78000
       50.92500
       49.34100
       47.29500
       44.33500
       40.65700
       37.02800
       34.30500
       32.79500
       31.88500
       30.17200
       26.13300
       18.99700
        9.39260
       -2.15620
      -10.80300
