-1.007699999999999960e+02
-8.382200000000000273e+01
4.027900000000000347e+01
1.867099999999999937e+01
-6.009100000000000108e+01
1.730300000000000082e+01
1.591999999999999993e+01
1.378800000000000026e+01
6.068399999999999572e+00
-2.302800000000000225e+01
-1.060000000000000000e+02
1.730400000000000205e+01
7.439499999999999602e+01
-6.083500000000000085e+01
-2.103000000000000114e+01
-7.997299999999999898e+01
4.746000000000000085e+01
7.874899999999999523e+01
-6.742499999999999716e+01
7.002100000000000080e+01
1.280799999999999983e+01
-5.773699999999999477e+01
4.322699999999999676e+01
4.162300000000000466e+01
-1.264400000000000013e+01
-2.740099999999999980e+01
5.584699999999999775e+00
-2.094199999999999839e+00
-6.716800000000000548e-01
1.073000000000000043e+01
4.583299999999999841e+01
4.354899999999999949e+01
1.234799999999999898e+01
7.415999999999999659e+01
2.100000000000000000e+01
-6.008800000000000097e+01
4.902399999999999380e+01
1.951099999999999923e+01
-1.201700000000000017e+02
-8.774500000000000455e+01
3.831400000000000006e+01
5.594100000000000250e+01
-2.149199999999999733e+01
-1.403300000000000125e+02
-4.555900000000000283e+00
9.583299999999999841e+01
1.780700000000000216e+01
-3.013899999999999935e+01
-3.010000000000000142e+01
8.041899999999999693e+01
7.476200000000000045e+01
4.554999999999999716e+01
1.551400000000000112e+01
9.963900000000000645e+00
1.204099999999999966e+02
-2.313699999999999690e+01
-8.931000000000000227e+01
5.984300000000000352e+01
9.019100000000000250e+01
-8.563700000000000756e+00
-7.879600000000000648e+01
5.650300000000000011e+01
1.125300000000000011e+02
4.531100000000000705e+01
-7.706600000000000250e+01
-3.764199999999999591e+01
-5.546600000000000108e+01
-9.044700000000000273e+01
2.945100000000000051e+00
6.357600000000000051e+01
4.624499999999999744e+01
2.474599999999999866e+01
-1.262900000000000134e+01
4.021600000000000108e+01
6.814100000000000534e+01
2.906200000000000117e+00
-5.880399999999999494e+01
2.318800000000000305e-01
-6.121000000000000085e+01
-1.218700000000000045e+02
-1.450599999999999845e+01
-4.891100000000000136e+01
8.107300000000000750e+01
1.255999999999999943e+02
1.340400000000000169e+01
-1.662599999999999909e+02
1.109400000000000119e+01
8.494599999999999795e+01
-6.882100000000000328e+00
3.111400000000000166e+00
-1.587400000000000091e+02
3.371600000000000108e+01
1.573799999999999955e+02
-3.417199999999999704e+01
8.504000000000000625e+01
9.481600000000000250e+01
-7.675100000000000477e+01
7.533199999999999896e+00
-8.082699999999999818e+01
-1.568799999999999955e+02
-1.669400000000000051e-01
5.510500000000000398e+00
2.324900000000000233e+01
4.256399999999999295e+01
4.245300000000000296e+01
5.443299999999999983e+01
-5.276899999999999835e+01
-1.514400000000000013e+01
-1.703600000000000003e+00
-3.503399999999999892e+01
-6.064600000000000435e+00
1.779099999999999904e+00
4.460000000000000142e+01
3.645599999999999596e+01
2.940399999999999991e+01
3.235399999999999920e+01
4.918299999999999983e+01
-9.003600000000000492e+00
-1.144800000000000040e+02
-6.420900000000000318e+01
4.511199999999999477e+01
-6.527199999999999669e+00
-8.574700000000001410e+01
4.242800000000000438e+01
3.850300000000000011e+01
1.472099999999999964e+00
-1.064299999999999891e+01
-7.531399999999999650e+00
4.896999999999999886e+01
3.972400000000000375e+01
-2.980499999999999972e+01
-1.824900000000000233e+01
5.155300000000000438e-01
5.356399999999999828e+00
3.654599999999999937e+01
1.094200000000000017e+01
1.446299999999999919e+01
-5.416300000000000381e+01
4.188899999999999579e+01
-2.586800000000000210e+01
-9.599299999999999500e+01
-5.987100000000000222e+01
-6.757399999999999807e+01
-2.085599999999999810e+01
-4.373199999999999932e+01
-1.601900000000000190e+01
2.237800000000000011e+01
9.198100000000000875e+01
3.699199999999999733e+01
4.445700000000000074e+01
8.070499999999999829e+01
3.224800000000000466e+01
5.617000000000000171e+01
6.899299999999999500e+01
4.971799999999999997e+00
-5.827199999999999847e+01
-4.191700000000000159e+01
-3.848400000000000176e+01
-2.386499999999999844e+01
-1.434599999999999831e+01
-1.736200000000000188e+01
-1.252500000000000000e+02
-1.179300000000000068e+02
-3.857300000000000040e+01
2.974699999999999900e+00
1.933699999999999974e+01
8.761699999999999378e+00
-1.947700000000000031e+01
-8.500500000000000611e+00
1.811499999999999844e+01
4.385699999999999932e+01
5.230399999999999494e+01
6.474099999999999966e+01
3.902700000000000102e+01
-4.579600000000000648e+01
-3.985099999999999909e+01
-8.713400000000000034e+01
2.425599999999999978e-01
5.680499999999999972e+01
7.592799999999999727e+01
4.678699999999999903e+01
-2.943800000000000239e+01
-1.837599999999999767e+01
-4.314300000000000068e+01
-4.238300000000000267e+01
5.660199999999999676e+01
4.148499999999999943e+01
2.192599999999999838e+01
4.747499999999999609e+00
-4.693800000000000416e+00
1.279700000000000060e+01
1.492400000000000126e+01
4.317199999999999704e+01
1.658500000000000085e+01
1.124200000000000088e+00
-1.304700000000000060e+01
-3.092099999999999849e+00
-6.463599999999999568e+00
8.302000000000000490e-01
-1.352700000000000014e+00
-1.199900000000000055e+01
-2.071099999999999852e+01
-4.497999999999999687e+01
-4.596899999999999409e+01
-2.508999999999999986e+01
2.910300000000000153e+01
4.584100000000000108e+01
4.611999999999999744e+01
2.085800000000000054e+01
1.392099999999999937e+01
-5.645399999999999352e+01
-1.175999999999999943e+02
-3.810599999999999987e+00
-5.935900000000000176e+00
1.955599999999999739e+01
2.834300000000000352e+01
4.079699999999999704e+01
5.899300000000000210e+01
3.220400000000000063e+01
2.840900000000000247e+01
-7.455700000000000216e+00
4.014700000000000379e+00
-5.183800000000000097e+01
-7.163800000000000523e+01
-1.937000000000000099e+01
5.463300000000000267e+01
-3.054599999999999937e+01
6.983999999999999986e+00
5.588800000000000523e+01
8.713599999999999568e+00
-5.395199999999999996e+00
-4.578699999999999903e+01
-4.794399999999999551e+01
-7.942199999999999704e+01
-9.666100000000000136e+01
-3.868299999999999983e+01
5.964399999999999835e+01
4.803499999999999659e+01
8.148699999999999832e-01
-2.328300000000000125e+01
3.241700000000000159e+01
2.610099999999999909e+01
-5.206000000000000227e+01
-5.958399999999999608e+01
-5.411100000000000421e+01
-1.069800000000000040e+01
1.028299999999999947e+01
8.024800000000000466e+01
1.160999999999999943e+02
3.859900000000000375e+01
8.922399999999998954e+01
-2.727300000000000324e+01
-5.377499999999999858e+01
8.382799999999999585e+00
8.421899999999999942e-01
2.153400000000000247e+01
1.954899999999999949e+01
6.205300000000000438e+01
8.243200000000000216e+01
1.040300000000000011e+02
4.565699999999999648e+00
-1.853200000000000003e+01
-1.600000000000000000e+01
-6.528499999999999659e+01
-4.664699999999999847e+01
-4.588800000000000523e+01
-3.596399999999999864e+01
2.210799999999999876e+00
1.180299999999999905e+01
1.452500000000000036e+01
-4.564699999999999847e+01
-1.356899999999999977e+02
-1.220300000000000011e+02
-8.007099999999999795e+01
2.980799999999999894e+00
2.510300000000000153e+01
4.392999999999999972e+01
5.782399999999999807e+01
-3.765800000000000125e+01
-4.727100000000000080e+01
-1.279499999999999993e+01
5.475300000000000011e+01
1.354199999999999982e+01
-9.653100000000000591e+01
-9.573600000000000421e+01
-1.032699999999999960e+02
3.652799999999999869e+01
8.646099999999999852e+01
4.113199999999999790e+01
5.710499999999999687e+00
-5.211600000000000676e+01
4.400699999999999790e+01
1.300300000000000011e+02
5.763600000000000279e+01
3.182499999999999929e+01
2.907900000000000063e+01
4.963499999999999801e+01
2.306199999999999761e+01
-1.659400000000000119e+01
-2.204800000000000182e+01
-4.983699999999999619e+01
-1.999599999999999866e+01
-6.198300000000000409e+01
-7.361799999999999500e+01
-6.480500000000000682e+01
-3.512599999999999767e+01
2.214699999999999847e+01
4.878600000000000136e+01
9.522599999999999909e+01
1.207500000000000000e+02
1.449499999999999922e+01
-2.614000000000000057e+01
-4.905300000000000438e+01
2.743200000000000083e-01
4.242000000000000171e+01
5.835300000000000153e+01
9.524200000000000443e+01
1.021099999999999994e+02
2.276800000000000157e+00
2.741600000000000037e+01
1.353400000000000034e+02
-2.596199999999999974e+01
-1.387100000000000080e+02
-1.442299999999999898e+02
-1.257199999999999989e+02
-6.894899999999999807e+00
1.537500000000000000e+02
1.555500000000000114e+02
1.430000000000000000e+02
3.696800000000000352e+01
4.465699999999999648e+01
6.242999999999999972e+01
-5.314600000000000080e+01
-1.748300000000000125e+02
-1.963600000000000136e+02
-1.083299999999999983e+02
-8.141599999999999682e+01
-1.262099999999999937e+02
-8.290100000000001046e+01
-6.017699999999999960e+01
-1.901999999999999957e+01
-7.763099999999999667e+00
-6.538599999999999746e+00
-3.359199999999999875e+01
-1.675600000000000023e+02
-3.075499999999999901e+01
8.274799999999999045e+01
1.481700000000000017e+01
6.360000000000000142e+01
1.576299999999999955e+02
2.699800000000000182e+02
2.098600000000000136e+02
7.882999999999999829e+01
1.294199999999999875e+02
4.983100000000000307e+01
3.736999999999999744e+01
-1.316999999999999886e+02
-1.606299999999999955e+02
3.414300000000000068e+01
7.995600000000000307e+01
2.229600000000000080e+02
1.169300000000000068e+02
1.296200000000000045e+02
8.292700000000000671e+01
-7.533400000000000318e+01
-2.992500000000000071e+01
-1.393000000000000114e+02
-2.001599999999999966e+02
-3.085099999999999909e+02
-7.829500000000000171e+01
1.732299999999999898e+02
8.769599999999999795e+01
1.484499999999999886e+02
1.580399999999999920e+02
-1.869999999999999929e+01
-9.023899999999999011e+01
4.930699999999999505e+01
9.869899999999999807e+01
-1.917999999999999972e+01
-1.977800000000000011e+02
-2.738600000000000136e+02
-1.524099999999999966e+02
5.292100000000000648e+01
3.251899999999999977e+02
1.014200000000000017e+02
-5.124699999999999989e+01
2.199799999999999898e+02
1.858899999999999864e+02
-3.678000000000000114e+01
-1.456200000000000045e+02
-2.880499999999999972e+01
6.850900000000000034e+01
4.334399999999999409e+01
-1.771800000000000068e+02
-1.456599999999999966e+02
1.200699999999999932e+02
2.759099999999999753e+01
5.979999999999999716e+01
1.892899999999999920e+02
1.409600000000000080e+02
-4.381700000000000017e+01
-2.377199999999999989e+02
-2.348700000000000045e+02
-1.291699999999999875e+02
-1.627500000000000000e+02
-7.061899999999999977e+01
1.367299999999999898e+02
2.613299999999999841e+02
8.552700000000000102e+01
-9.639799999999999613e+01
-8.677299999999999613e+01
-1.307599999999999909e+02
-1.372199999999999989e+02
-1.742299999999999898e+02
-7.931499999999999773e+01
1.190000000000000000e+02
1.695999999999999943e+02
2.117100000000000080e+02
1.964499999999999886e+02
2.046200000000000045e+02
3.276399999999999864e+02
3.818899999999999864e+02
2.306299999999999955e+02
7.962199999999999989e+01
4.215100000000000335e+01
-1.514600000000000080e+02
-1.944000000000000057e+02
-2.671499999999999773e+02
-1.881399999999999864e+02
-1.657899999999999920e+02
-1.781899999999999977e+02
1.701899999999999977e+02
2.396899999999999977e+02
1.509199999999999875e+02
8.114000000000000057e+01
-1.223400000000000176e+01
-3.226800000000000068e+02
-5.634700000000000273e+02
-3.900500000000000114e+02
-2.290999999999999943e+02
-2.002299999999999898e+02
-1.609900000000000091e+02
-1.205300000000000011e+02
-1.252199999999999989e+02
-1.838000000000000114e+02
-2.016200000000000045e+02
-1.748000000000000114e+02
-3.842300000000000182e+02
-3.737500000000000000e+02
-9.382600000000000762e+01
2.042099999999999937e+01
1.290500000000000114e+02
1.708600000000000136e+02
1.463400000000000034e+02
2.793799999999999955e+02
4.234700000000000273e+02
3.658399999999999750e+02
1.961800000000000068e+02
9.180400000000000205e+01
8.441899999999999693e+01
6.792499999999999716e+01
1.092999999999999972e+02
1.687800000000000011e+02
2.809100000000000250e+02
3.091499999999999773e+02
2.073899999999999864e+02
1.803899999999999864e+02
-7.680700000000000216e+01
-1.232399999999999949e+02
-1.226200000000000045e+02
-2.197299999999999898e+02
-3.400799999999999841e+02
-4.410199999999999818e+02
-3.158199999999999932e+02
-2.855600000000000023e+02
-2.060200000000000102e+02
-7.298600000000000421e+01
-1.094699999999999989e+02
-1.342400000000000091e+02
-8.566100000000000136e+01
-2.085200000000000102e+02
-2.917799999999999727e+02
-3.007900000000000205e+02
-2.725799999999999841e+02
-7.991700000000000159e+01
8.586100000000000421e+01
1.758100000000000023e+02
2.059000000000000057e+02
2.573600000000000136e+02
3.081600000000000250e+02
2.841200000000000045e+02
2.689499999999999886e+02
2.489799999999999898e+02
2.705400000000000205e+02
2.801700000000000159e+02
2.924100000000000250e+02
2.389000000000000057e+02
1.391399999999999864e+02
1.479799999999999898e+02
1.726599999999999966e+02
1.298300000000000125e+02
1.031599999999999966e+02
9.248000000000000398e+01
6.312300000000000466e+01
2.535000000000000142e+01
2.003300000000000125e+01
-8.616799999999999571e+00
-1.039000000000000057e+02
-1.092800000000000011e+02
-8.129300000000000637e+01
-2.086699999999999733e+01
-5.457500000000000284e+01
-9.412899999999999068e+01
-1.632899999999999920e+02
-1.105600000000000023e+02
-1.672400000000000020e+01
-1.184200000000000017e+02
-5.050100000000000477e+01
2.828400000000000247e+01
-2.347500000000000142e+00
-1.292700000000000102e+02
-6.557699999999999818e+01
-5.712899999999999778e+01
-3.449099999999999966e+01
1.184200000000000017e+02
1.795500000000000114e+02
6.173199999999999932e+01
-1.492799999999999905e+01
6.413100000000000023e+01
2.129699999999999989e+02
1.307899999999999920e+02
-6.495799999999999841e+01
1.358999999999999986e+01
4.008299999999999841e+01
5.231799999999999784e+00
-5.527300000000000324e+01
4.469899999999999807e+01
6.580599999999999739e+01
7.197499999999999432e+01
7.032600000000000762e+01
1.000699999999999932e+02
5.876600000000000534e+01
-1.324099999999999966e+02
-1.478600000000000136e+02
-1.097600000000000051e+02
-1.646499999999999986e+01
-9.285700000000001353e+01
-2.202599999999999909e+02
-1.238299999999999983e+02
-3.410800000000000409e+01
-6.862500000000000000e+01
-1.138400000000000034e+02
-1.357199999999999989e+02
-1.200999999999999943e+02
-3.332000000000000028e+01
1.870200000000000173e+01
4.260800000000000409e+01
-4.933099999999999596e+00
-2.289499999999999957e+01
5.220600000000000307e+01
-1.098099999999999987e+01
-5.331299999999999928e-01
1.259500000000000028e+02
1.161400000000000006e+02
9.290200000000000102e+01
2.796300000000000097e+01
5.037699999999999534e+01
1.079399999999999977e+02
2.332299999999999898e+02
2.386999999999999886e+02
1.229899999999999949e+02
1.163499999999999943e+02
1.021099999999999994e+02
-1.756599999999999895e+01
-5.727700000000000102e+01
-1.090799999999999983e+02
-1.691100000000000136e+02
-1.569000000000000057e+02
-8.357899999999999352e+01
2.426999999999999957e+01
-5.674000000000000199e+01
-5.749199999999999733e+01
-5.964899999999999380e+01
-9.262700000000000955e+01
-1.001800000000000068e+02
-1.730399999999999920e+02
-2.475300000000000011e+02
-2.751800000000000068e+02
-1.806200000000000045e+02
-6.129100000000000392e+01
1.519500000000000028e+01
3.147199999999999775e+01
5.178800000000000381e+01
6.094100000000000250e+01
3.711199999999999477e+01
1.156299999999999883e+01
1.167699999999999960e+01
5.667600000000000193e+01
8.145199999999999818e+01
8.182500000000000284e+01
6.104600000000000648e+01
5.796899999999999409e+01
8.823399999999999466e+01
1.069599999999999937e+02
6.822700000000000387e+01
5.228100000000000591e+01
7.215999999999999659e+01
6.742100000000000648e+01
5.925600000000000867e-01
7.330400000000000205e+01
1.341399999999999864e+02
7.801600000000000534e+01
1.363799999999999901e+00
-7.360300000000000864e+01
-9.477299999999999613e+01
-1.220699999999999932e+02
-1.101500000000000057e+02
-2.046599999999999966e+02
-2.340500000000000114e+02
-2.222700000000000102e+02
-1.441399999999999864e+02
-7.699600000000000222e+00
8.490399999999999636e+01
9.565100000000001046e+01
9.512100000000000932e+01
5.210399999999999920e+01
4.328300000000000125e+01
1.533400000000000034e+02
1.482299999999999898e+02
1.204899999999999949e+02
7.739900000000000091e+01
6.784499999999999886e+01
9.699500000000000455e+01
7.930199999999999250e+01
8.700499999999999545e+01
5.201500000000000057e+01
8.063600000000000989e+01
1.299799999999999898e+02
1.035300000000000011e+02
4.637300000000000466e+01
-4.348699999999999477e+01
-1.704700000000000060e+01
-9.351899999999999125e+01
-1.009000000000000057e+02
-9.575600000000000023e+01
-1.009699999999999989e+02
-1.034399999999999977e+02
-9.446799999999998931e+01
-6.610800000000000409e+01
-3.313599999999999568e+01
6.218299999999999983e+01
5.733600000000000563e+01
1.935099999999999909e+01
1.877499999999999858e+01
2.601399999999999935e+00
-2.497899999999999920e+01
-3.641499999999999915e+01
-3.371500000000000341e+01
-5.785300000000000153e+01
-6.265399999999999636e+01
-2.559900000000000020e+01
-9.394600000000000506e+00
-3.754700000000000149e+00
1.516100000000000003e+00
2.573000000000000043e+01
-3.529100000000000126e+00
-3.960800000000000409e+01
2.067600000000000104e+00
3.503800000000000381e+01
-1.683999999999999986e+01
-6.141199999999999903e+01
1.505000000000000071e+01
4.515999999999999659e+01
2.027799999999999869e+01
3.354699999999999704e+01
4.655600000000000449e+01
1.987400000000000233e+01
-2.933800000000000097e+01
-3.219200000000000017e+01
2.534600000000000186e+00
3.583400000000000318e+01
1.139900000000000091e+01
1.639499999999999957e+01
4.828100000000000591e+01
3.066900000000000048e+01
-4.502600000000000335e+01
-5.998699999999999477e+01
-4.254299999999999926e+01
-4.693999999999999773e+01
1.421599999999999930e+01
9.312399999999999523e+01
7.518399999999999750e+01
-3.606099999999999994e+01
-4.859000000000000341e+01
-4.742100000000000648e+01
-6.084700000000000131e+01
-4.090500000000000114e+01
-5.020899999999999608e+01
-6.149199999999999733e+01
-1.179000000000000057e+02
-1.056800000000000068e+02
-6.606600000000000250e+01
7.636000000000000121e+00
2.578900000000000148e+01
7.571200000000000330e+01
1.309799999999999898e+02
8.204200000000000159e+01
7.656799999999999784e+01
-1.107099999999999973e+01
-3.044599999999999795e+01
-3.452100000000000168e+00
-1.168599999999999994e+01
-2.902499999999999858e+01
-5.865999999999999659e+01
-5.750800000000000267e+01
-5.411999999999999744e+01
-4.479500000000000171e+01
-2.174800000000000111e+01
-3.292499999999999716e+01
-6.586399999999999011e+01
-7.220300000000000296e+01
-6.300699999999999790e+01
-3.758099999999999596e+01
-3.879100000000000215e+00
-1.734700000000000131e+01
-5.478499999999999659e+01
-5.140200000000000102e+01
-2.909300000000000352e+01
-1.273299999999999876e+01
2.492800000000000082e+01
6.727899999999999636e+01
7.205599999999999739e+01
5.168199999999999505e+01
4.446600000000000108e+01
4.399600000000000222e+01
2.977400000000000091e+01
5.197800000000000153e+01
1.130100000000000051e+02
1.375500000000000114e+02
1.644699999999999989e+02
1.740500000000000114e+02
1.394199999999999875e+02
1.240999999999999943e+02
1.010699999999999932e+02
1.081599999999999966e+02
7.109999999999999432e+01
5.744600000000000506e+01
4.141399999999999437e+01
4.084900000000000375e+01
4.176699999999999591e+01
5.027399999999999380e+01
6.831500000000000128e+00
-1.194800000000000040e+02
-1.269399999999999977e+02
-9.407899999999999352e+01
-8.978600000000000136e+01
-1.322700000000000102e+02
-1.487100000000000080e+02
-1.080499999999999972e+02
-5.361399999999999721e+01
-7.931900000000000261e+01
-1.019800000000000040e+02
-1.054399999999999977e+02
-7.705199999999999250e+01
-7.165000000000000568e+01
-4.722299999999999898e+01
-1.138199999999999967e+01
1.030099999999999838e+01
1.775600000000000067e+00
1.507900000000000063e+01
1.361800000000000033e+01
1.507300000000000040e+01
1.604799999999999827e+01
2.496099999999999852e+01
2.505400000000000205e+01
3.296399999999999864e+01
8.277200000000000557e+01
2.598900000000000077e+01
4.392999999999999972e+01
5.647100000000000364e+01
6.199100000000000676e+01
4.292800000000000438e+01
2.594500000000000028e+01
1.784799999999999898e+01
1.823099999999999810e+01
1.412900000000000134e+01
8.152900000000000702e+00
-6.654399999999999871e+00
-1.068400000000000034e+02
-1.112199999999999989e+02
-1.260000000000000000e+02
-7.531300000000000239e+01
6.437500000000000000e+00
3.726599999999999824e+01
5.270399999999999352e+01
4.379200000000000159e+01
-2.826299999999999812e+00
-6.016799999999999926e+01
-7.686299999999999955e+01
-4.787399999999999523e+01
1.552299999999999969e+01
5.425600000000000023e+01
6.208200000000000074e+01
5.091899999999999693e+01
4.300999999999999801e+01
7.456399999999999295e+01
1.170400000000000063e+02
1.118199999999999932e+02
1.441899999999999977e+02
1.411399999999999864e+02
1.211899999999999977e+02
9.025600000000000023e+01
1.074699999999999989e+02
3.535999999999999943e+01
-2.940799999999999859e+00
7.627600000000000158e+00
-4.113599999999999923e+00
-2.612199999999999989e+01
-6.609399999999999409e+01
-5.683200000000000074e+01
-6.220199999999999818e+01
-3.661400000000000432e+01
-3.040500000000000203e+00
4.409499999999999886e+01
4.092300000000000182e+01
6.011099999999999888e+00
-4.227799999999999869e+01
-1.028599999999999994e+02
-1.349399999999999977e+02
-1.414900000000000091e+02
-1.329199999999999875e+02
-1.533499999999999943e+02
-1.537800000000000011e+02
-1.809900000000000091e+02
-1.995099999999999909e+02
-2.023100000000000023e+02
-1.609399999999999977e+02
-3.213700000000000045e+01
-2.212000000000000099e+01
1.486900000000000155e+01
5.314999999999999858e+01
7.567799999999999727e+01
7.542600000000000193e+01
6.654600000000000648e+01
6.426200000000000045e+01
4.426399999999999579e+01
2.525400000000000134e+01
1.208000000000000007e+01
3.128300000000000125e+01
6.596899999999999409e+01
8.809799999999999898e+01
7.586899999999999977e+01
6.226600000000000534e+01
3.012500000000000000e+01
1.790700000000000003e+01
2.236300000000000310e+01
4.537899999999999778e+01
5.917399999999999949e+01
5.564399999999999835e+01
3.678399999999999892e+01
4.088499999999999801e+00
-1.616300000000000026e+01
-2.464800000000000324e+01
-2.437099999999999866e+01
-2.699900000000000233e+01
-2.760399999999999920e+01
-2.338699999999999690e+01
-2.947800000000000153e+01
-4.450999999999999801e+01
-6.856100000000000705e+01
-8.239700000000000557e+01
-6.633599999999999852e+01
-2.264999999999999858e+01
1.945899999999999963e+01
3.918599999999999994e+01
5.459700000000000131e+01
7.629999999999999716e+01
1.188900000000000006e+02
1.204899999999999949e+02
1.028900000000000006e+02
6.421600000000000819e+01
3.372899999999999920e+01
1.440900000000000070e+01
1.243400000000000105e+01
9.853500000000000369e+00
-6.690000000000000391e+00
-1.879200000000000159e+01
-1.088299999999999912e+01
2.162900000000000134e+01
4.358100000000000307e+01
5.060499999999999687e+01
3.151999999999999957e+01
2.394599999999999795e+01
2.062099999999999866e+01
2.668300000000000338e+01
6.709800000000000431e+00
-4.334199999999999875e+01
-8.663400000000000034e+01
-9.101999999999999602e+01
-7.629300000000000637e+01
-6.454800000000000182e+01
-5.760300000000000153e+01
-5.940800000000000125e+01
-7.413700000000000045e+01
-1.002800000000000011e+02
-1.022399999999999949e+02
-8.108899999999999864e+01
-5.821999999999999886e+01
-4.156300000000000239e+01
-2.441300000000000026e+01
2.497500000000000053e+00
1.726299999999999812e+01
1.869200000000000017e+01
2.632600000000000051e+01
3.796500000000000341e+01
4.863800000000000523e+01
4.196800000000000352e+01
3.000800000000000267e+01
3.261099999999999710e+01
4.045300000000000296e+01
3.692999999999999972e+01
2.261899999999999977e+01
4.472699999999999676e+01
6.457699999999999818e+01
1.025000000000000000e+02
1.151500000000000057e+02
1.245100000000000051e+02
1.220100000000000051e+02
1.049099999999999966e+02
8.611399999999999011e+01
4.858699999999999619e+01
1.748700000000000188e+01
-1.384599999999999831e+01
-4.950000000000000000e+01
-7.660399999999999920e+01
-9.762700000000000955e+01
-8.312899999999999068e+01
-6.296100000000000563e+01
-4.802199999999999847e+01
-4.244899999999999807e+01
-4.106199999999999761e+01
-2.069800000000000040e+01
-1.537199999999999989e+01
-3.853800000000000114e+00
4.950400000000000134e+00
4.348700000000000010e+00
-6.067299999999999915e-01
-1.052299999999999969e+01
-3.129500000000000171e+01
-5.555399999999999494e+01
-6.886799999999999500e+01
-4.103100000000000591e+01
1.785400000000000098e+00
4.802300000000000324e+01
6.164800000000000324e+01
7.393999999999999773e+01
8.234600000000000364e+01
9.359000000000000341e+01
8.068200000000000216e+01
4.053199999999999648e+01
8.930799999999998739e-01
-4.284100000000000108e+01
-5.840600000000000591e+01
-4.669100000000000250e+01
-2.225199999999999889e+01
9.029799999999999827e+00
3.381199999999999761e+01
3.053999999999999915e+01
7.874399999999999622e+00
-9.811099999999999710e+00
-1.569400000000000084e+01
-1.763200000000000145e+01
-2.982099999999999795e+01
-5.220399999999999352e+01
-6.236399999999999721e+01
-7.140200000000000102e+01
-6.081199999999999761e+01
-5.625199999999999534e+01
-4.534899999999999665e+01
-3.491799999999999926e+01
-3.876599999999999824e+01
-3.761400000000000432e+01
-4.999699999999999989e+01
-5.053499999999999659e+01
-4.669899999999999807e+01
-4.203499999999999659e+01
-2.980499999999999972e+01
-4.654200000000000337e+00
2.017599999999999838e+01
3.324099999999999966e+01
3.825500000000000256e+01
2.832699999999999818e+01
1.144700000000000095e+01
5.908599999999999852e+00
2.244099999999999984e+00
8.846999999999999531e+00
1.197900000000000098e+01
6.648900000000000254e+00
1.269800000000000040e+01
2.674300000000000210e+01
4.689000000000000057e+01
4.902600000000000335e+01
4.668399999999999750e+01
2.386800000000000210e+01
2.014600000000000168e+00
-3.052400000000000091e+01
-4.982999999999999829e+01
-4.078800000000000381e+01
-3.096199999999999974e+01
-8.423299999999999343e+00
1.451000000000000068e+00
-2.270199999999999718e-01
-1.345599999999999952e+01
-1.625300000000000011e+01
-1.601599999999999824e+01
-1.957600000000000051e+01
-1.526299999999999990e+01
-8.605499999999999261e+00
6.491000000000000103e-01
4.633700000000000152e+00
1.481400000000000050e+00
-1.143399999999999972e+00
-8.982900000000000773e+00
-1.041799999999999926e+01
-6.836999999999999744e+00
1.745100000000000051e+01
3.846999999999999886e+01
6.469400000000000261e+01
7.646999999999999886e+01
7.803300000000000125e+01
7.742199999999999704e+01
7.098000000000000398e+01
6.120799999999999841e+01
4.578600000000000136e+01
3.993099999999999739e+01
3.069000000000000128e+01
3.291400000000000148e+01
3.150099999999999767e+01
2.963899999999999935e+01
2.426300000000000168e+01
2.654300000000000281e+01
3.334199999999999875e+01
3.994400000000000261e+01
3.799000000000000199e+01
2.526800000000000068e+01
1.090599999999999881e+01
-5.336000000000000298e+00
-4.544400000000000439e+00
-1.680999999999999872e+01
-3.179199999999999804e+01
-3.832399999999999807e+01
-5.451200000000000045e+01
-6.007600000000000051e+01
-7.322700000000000387e+01
-6.702299999999999613e+01
-6.449200000000000443e+01
-6.028000000000000114e+01
-6.016600000000000392e+01
-6.512000000000000455e+01
-5.588300000000000267e+01
-5.430499999999999972e+01
-5.077600000000000335e+01
-5.366700000000000159e+01
-5.577600000000000335e+01
-3.697200000000000131e+01
-2.124699999999999989e+01
-1.597799999999999976e+01
-1.597099999999999831e+01
-2.951300000000000168e+01
-1.518299999999999983e+01
1.344899999999999984e+00
1.902599999999999980e+01
2.959900000000000020e+01
3.969200000000000017e+01
4.765299999999999869e+01
5.308699999999999619e+01
5.753800000000000381e+01
4.827300000000000324e+01
3.404500000000000171e+01
1.244099999999999895e+01
5.688699999999999868e+00
1.600099999999999767e+01
1.603200000000000003e+01
1.361700000000000088e+01
1.952200000000000202e+01
2.896800000000000352e+01
4.333800000000000097e+01
5.645300000000000296e+01
5.239500000000000313e+01
4.081400000000000006e+01
2.714900000000000091e+01
1.187199999999999989e+01
9.178100000000000147e-01
-7.723300000000000054e+00
-1.909899999999999931e+00
2.477000000000000035e-01
-9.313299999999999912e+00
-2.064499999999999957e+01
-2.196900000000000119e+01
-9.685700000000000642e+00
3.978200000000000180e+00
2.334400000000000119e+01
3.820900000000000318e+01
5.520700000000000074e+01
6.670100000000000762e+01
6.103000000000000114e+01
4.549499999999999744e+01
3.180599999999999739e+01
1.885900000000000176e+01
-8.048999999999999488e+00
-3.102199999999999847e+01
-5.374600000000000222e+01
-6.529899999999999238e+01
-5.943899999999999295e+01
-5.528699999999999903e+01
-5.240899999999999892e+01
-5.251600000000000534e+01
-5.340600000000000591e+01
-4.927199999999999847e+01
-4.111899999999999977e+01
-3.640599999999999881e+01
-2.940399999999999991e+01
-3.289300000000000068e+01
-3.721699999999999875e+01
-3.895799999999999841e+01
-2.891099999999999781e+01
-1.057900000000000063e+01
5.729899999999999771e+00
6.033800000000000274e+00
2.319499999999999895e-01
-8.732699999999999463e+00
-1.342699999999999960e+01
-1.430000000000000071e+01
-1.784700000000000131e+01
-1.435099999999999909e+01
-1.594200000000000017e+01
-1.100599999999999845e+01
-7.207799999999999763e+00
9.670799999999999841e+00
1.600300000000000011e+01
1.209200000000000053e+01
6.122099999999999653e+00
2.033099999999999952e+01
3.352499999999999858e+01
4.329800000000000182e+01
4.090899999999999892e+01
3.271699999999999875e+01
3.386500000000000199e+01
3.734599999999999653e+01
3.582600000000000051e+01
2.203000000000000114e+01
6.409900000000000375e+00
-1.460999999999999943e+01
-3.527400000000000091e+01
-4.996300000000000097e+01
-5.310199999999999676e+01
-5.097800000000000153e+01
-2.927800000000000225e+01
-9.892400000000000304e+00
8.160000000000000142e+00
2.794300000000000139e+01
4.848699999999999477e+01
7.128499999999999659e+01
9.687100000000000932e+01
1.048499999999999943e+02
9.017900000000000205e+01
7.297299999999999898e+01
5.571199999999999619e+01
4.223899999999999721e+01
2.966900000000000048e+01
1.998400000000000176e+01
5.671100000000000030e-01
-2.854100000000000037e+01
-4.611600000000000676e+01
-4.675999999999999801e+01
-4.443800000000000239e+01
-3.440899999999999892e+01
-3.263900000000000290e+01
-3.551099999999999568e+01
-3.325600000000000023e+01
-2.945199999999999818e+01
-2.601699999999999946e+01
-2.645599999999999952e+01
-2.216600000000000037e+01
-2.313199999999999790e+01
-2.461400000000000077e+01
-2.139099999999999824e+01
-1.779899999999999949e+01
-3.409600000000000186e+00
-1.160300000000000109e+00
-6.445999999999999730e+00
-1.870100000000000051e+01
-2.921699999999999875e+01
-3.280599999999999739e+01
-2.939699999999999847e+01
-2.636400000000000077e+01
-4.022299999999999898e+01
-5.528999999999999915e+01
-6.961399999999999011e+01
-6.669299999999999784e+01
-5.711899999999999977e+01
-4.082500000000000284e+01
-2.456199999999999761e+01
-2.270099999999999896e-01
1.817000000000000171e+01
3.410000000000000142e+01
3.756600000000000250e+01
3.210300000000000153e+01
3.097699999999999676e+01
3.897899999999999920e+01
4.472299999999999898e+01
4.107199999999999562e+01
3.526800000000000068e+01
2.919500000000000028e+01
3.449600000000000222e+01
3.985499999999999687e+01
4.456499999999999773e+01
3.612199999999999989e+01
2.859099999999999753e+01
1.905900000000000105e+01
7.305799999999999628e+00
-3.069500000000000117e+00
-5.680900000000000283e+00
-1.186400000000000077e+01
-2.508900000000000219e+01
-3.537699999999999534e+01
-4.093399999999999750e+01
-3.772500000000000142e+01
-2.785099999999999909e+01
-9.972300000000000608e+00
4.449900000000000411e+00
1.103200000000000003e+01
2.526900000000000190e+01
5.057999999999999829e+01
7.675399999999999068e+01
9.457200000000000273e+01
9.638100000000000023e+01
8.732500000000000284e+01
7.569100000000000250e+01
6.277600000000000335e+01
5.389800000000000324e+01
4.140500000000000114e+01
2.074699999999999989e+01
7.503099999999999881e+00
-9.158400000000000318e+00
-1.827599999999999980e+01
-3.117399999999999949e+01
-4.317399999999999949e+01
-5.402199999999999847e+01
-6.685800000000000409e+01
-7.713100000000000023e+01
-8.618299999999999272e+01
-7.806499999999999773e+01
-6.675000000000000000e+01
-4.579200000000000159e+01
-2.069699999999999918e+01
-2.890099999999999891e+00
1.072499999999999964e+01
1.385400000000000098e+01
1.814700000000000202e+01
1.852799999999999869e+01
1.680099999999999838e+01
2.128999999999999915e+01
1.663799999999999812e+01
9.286500000000000199e+00
5.310600000000000875e-01
-7.387100000000000222e+00
-1.393999999999999950e+01
-2.591199999999999903e+01
-3.887100000000000222e+01
-3.417800000000000438e+01
-3.236299999999999955e+01
-3.229599999999999937e+01
-4.256800000000000495e+01
-5.286899999999999977e+01
-5.068800000000000239e+01
-4.934700000000000131e+01
-5.643600000000000705e+01
-6.343399999999999750e+01
-6.255699999999999505e+01
-5.506700000000000017e+01
-4.205600000000000449e+01
-2.671900000000000119e+01
-2.984700000000000131e+00
2.135900000000000176e+01
3.788199999999999790e+01
3.656000000000000227e+01
3.550399999999999778e+01
3.436999999999999744e+01
2.659400000000000119e+01
2.698699999999999832e+01
2.240699999999999648e+01
2.370599999999999952e+01
1.817800000000000082e+01
1.864499999999999957e+01
2.172400000000000020e+01
2.678800000000000026e+01
4.059900000000000375e+01
4.866799999999999926e+01
6.221199999999999619e+01
7.488400000000000034e+01
9.100900000000000034e+01
1.039500000000000028e+02
1.179200000000000017e+02
1.163199999999999932e+02
1.167900000000000063e+02
1.060999999999999943e+02
8.933200000000000784e+01
6.318699999999999761e+01
3.272800000000000153e+01
8.520799999999999486e-01
-2.713599999999999923e+01
-4.317300000000000182e+01
-5.098699999999999477e+01
-4.515399999999999636e+01
-4.201699999999999591e+01
-3.932099999999999795e+01
-3.749099999999999966e+01
-3.596800000000000352e+01
-4.553999999999999915e+01
-5.259499999999999886e+01
-4.831899999999999551e+01
-4.082600000000000051e+01
-4.228000000000000114e+01
-5.695000000000000284e+01
-6.528199999999999648e+01
-5.894300000000000495e+01
-5.029500000000000171e+01
-4.511100000000000421e+01
-4.261699999999999733e+01
-3.943500000000000227e+01
-3.363900000000000290e+01
-1.196700000000000053e+01
6.295300000000000118e+00
3.057000000000000028e+01
4.384399999999999409e+01
5.641199999999999903e+01
6.447100000000000364e+01
6.538800000000000523e+01
6.739600000000000080e+01
6.899899999999999523e+01
8.610700000000001353e+01
8.392399999999999238e+01
7.019400000000000261e+01
5.062500000000000000e+01
3.145199999999999818e+01
1.470400000000000063e+01
-1.375999999999999890e+00
-9.836499999999999133e+00
-1.387599999999999945e+01
-1.221299999999999919e+01
-1.257900000000000063e+01
-6.018200000000000216e+00
-6.520900000000000141e+00
-1.203700000000000081e+01
-1.224900000000000055e+01
-1.224799999999999933e+01
-1.161099999999999888e+01
-1.407000000000000028e+01
-2.114999999999999858e+01
-3.458099999999999596e+01
-4.537300000000000466e+01
-5.060399999999999920e+01
-5.957100000000000506e+01
-7.103300000000000125e+01
-7.842900000000000205e+01
-6.782200000000000273e+01
-6.071999999999999886e+01
-6.022299999999999898e+01
-6.422299999999999898e+01
-6.453499999999999659e+01
-6.167999999999999972e+01
-5.299899999999999523e+01
-3.740699999999999648e+01
-2.049599999999999866e+01
-3.459900000000000198e+00
5.762900000000000134e+00
6.324399999999999800e+00
-3.612600000000000033e+00
-1.210200000000000031e+01
-2.943699999999999761e+01
-4.745100000000000051e+01
-5.902600000000000335e+01
-5.672299999999999898e+01
-5.449199999999999733e+01
-4.487500000000000000e+01
-3.214800000000000324e+01
-2.005599999999999739e+01
-1.306299999999999883e+01
-9.923500000000000654e+00
-7.141600000000000170e-01
3.752600000000000158e+00
1.155000000000000071e+01
2.528400000000000247e+01
4.405100000000000193e+01
5.550699999999999790e+01
7.528799999999999670e+01
8.509299999999998931e+01
9.700700000000000500e+01
1.097699999999999960e+02
1.108100000000000023e+02
1.105799999999999983e+02
1.071200000000000045e+02
1.050799999999999983e+02
9.804200000000000159e+01
8.599399999999999977e+01
7.316299999999999670e+01
6.556799999999999784e+01
5.914199999999999591e+01
5.075500000000000256e+01
4.134100000000000108e+01
3.555799999999999983e+01
2.088199999999999790e+01
4.071600000000000108e+00
-9.259299999999999642e+00
-2.191000000000000014e+01
-3.169699999999999918e+01
-2.698099999999999810e+01
-1.713899999999999935e+01
-1.369900000000000162e+01
-2.000700000000000145e+01
-3.714999999999999858e+01
-5.029100000000000392e+01
-5.067999999999999972e+01
-4.278600000000000136e+01
-3.392600000000000193e+01
-2.732600000000000051e+01
-3.338000000000000256e+01
-3.358299999999999841e+01
-3.625699999999999790e+01
-3.698100000000000165e+01
-3.357300000000000040e+01
-3.205799999999999983e+01
-2.996900000000000119e+01
-2.403699999999999903e+01
-1.570599999999999952e+01
-1.293400000000000105e+01
-2.046300000000000097e+01
-2.991600000000000037e+01
-3.141699999999999804e+01
-3.496500000000000341e+01
-3.468999999999999773e+01
-3.451300000000000523e+01
-3.218900000000000006e+01
-2.879800000000000182e+01
-2.621900000000000119e+01
-2.323499999999999943e+01
-1.856400000000000006e+01
-4.775000000000000355e+00
9.933699999999999974e+00
1.996900000000000119e+01
1.949399999999999977e+01
2.062199999999999989e+01
1.603200000000000003e+01
7.694099999999999717e+00
6.755700000000000038e+00
-3.613099999999999645e-01
2.137599999999999945e+00
-1.941000000000000059e+00
-9.066499999999999559e+00
-1.759799999999999898e+01
-2.569500000000000028e+01
-2.913699999999999690e+01
-2.551699999999999946e+01
-2.413300000000000267e+01
-2.075300000000000011e+01
-1.772400000000000020e+01
-1.619299999999999784e+01
-2.173699999999999832e+01
-3.169599999999999795e+01
-2.692900000000000205e+01
-2.153599999999999781e+01
-1.353800000000000026e+01
-5.613800000000000345e+00
6.222500000000000142e+00
1.542500000000000071e+01
3.081099999999999994e+01
4.595100000000000051e+01
6.001399999999999579e+01
6.249199999999999733e+01
5.950699999999999790e+01
5.583399999999999608e+01
5.900999999999999801e+01
5.689199999999999591e+01
4.984499999999999886e+01
4.990299999999999869e+01
4.475500000000000256e+01
3.602100000000000080e+01
2.434699999999999775e+01
8.032000000000000028e+00
6.887100000000000166e-02
-1.204900000000000082e+00
-8.151500000000000412e+00
-3.669200000000000017e+00
-4.754599999999999937e+00
-3.394099999999999895e+00
-7.228699999999999903e+00
-5.576200000000000045e+00
1.093900000000000095e+00
7.126999999999999780e+00
7.537099999999999689e+00
-3.345299999999999940e+00
-7.175699999999999967e+00
-8.780799999999999272e+00
-1.001600000000000001e+01
-1.243999999999999950e+01
-1.685299999999999798e+01
-1.549099999999999966e+01
-2.014000000000000057e+01
-2.109400000000000119e+01
-2.692999999999999972e+01
-2.614300000000000068e+01
-2.548300000000000054e+01
-2.775699999999999790e+01
-2.198300000000000054e+01
-2.099099999999999966e+01
-1.291000000000000014e+01
-7.431099999999999817e+00
-2.219399999999999817e+00
-6.149700000000000166e+00
-9.384000000000000341e+00
-3.575899999999999856e+00
2.688400000000000123e+00
8.642899999999999139e+00
6.308799999999999741e+00
9.952500000000000568e+00
1.163299999999999912e+01
7.095100000000000406e+00
1.114499999999999957e+01
2.064499999999999957e+01
2.770899999999999963e+01
3.093099999999999739e+01
3.122699999999999676e+01
3.779500000000000171e+01
4.509000000000000341e+01
4.726699999999999591e+01
5.239899999999999380e+01
5.639699999999999847e+01
5.616799999999999926e+01
5.529600000000000648e+01
5.525500000000000256e+01
5.503899999999999437e+01
5.033100000000000307e+01
4.030699999999999505e+01
2.776000000000000156e+01
1.182099999999999973e+01
-5.967299999999999827e-01
-1.511200000000000010e+01
-2.387099999999999866e+01
-3.372099999999999653e+01
-4.392999999999999972e+01
-4.773799999999999955e+01
-5.134199999999999875e+01
-5.737399999999999523e+01
-5.935699999999999932e+01
-5.778199999999999648e+01
-5.785000000000000142e+01
-5.449499999999999744e+01
-4.427199999999999847e+01
-3.927300000000000324e+01
-3.635900000000000176e+01
-3.746699999999999875e+01
-3.209799999999999898e+01
-2.909800000000000253e+01
-2.045799999999999841e+01
-9.365399999999999281e+00
-5.191600000000000215e+00
-4.473099999999999632e+00
-9.562200000000000699e+00
-6.057800000000000296e+00
-2.310799999999999965e+00
2.431799999999999962e+00
-1.223999999999999977e+00
-8.360099999999999199e+00
-1.638500000000000156e+01
-1.553900000000000148e+01
-1.008600000000000030e+01
-6.031600000000000072e+00
-2.896300000000000097e+00
-2.399599999999999955e+00
2.108900000000000219e+00
1.970299999999999940e+00
4.486299999999999955e+00
1.272099999999999831e+01
1.631500000000000128e+01
1.702499999999999858e+01
2.283300000000000196e+01
3.157199999999999918e+01
3.537500000000000000e+01
3.341900000000000404e+01
2.337000000000000099e+01
1.335900000000000176e+01
2.810799999999999965e+00
-9.746000000000000441e+00
-2.379400000000000048e+01
-2.650300000000000011e+01
-2.407800000000000296e+01
-1.552200000000000024e+01
-8.587099999999999511e+00
-5.704200000000000159e+00
-5.790399999999999991e-01
-1.260799999999999976e-01
-3.148099999999999898e+00
-1.004400000000000048e+01
-1.523900000000000077e+01
-1.328999999999999915e+01
-9.130200000000000315e+00
-1.849800000000000111e+00
5.037399999999999878e+00
1.938700000000000045e+01
2.759099999999999753e+01
3.833599999999999852e+01
5.560999999999999943e+01
6.238300000000000267e+01
6.547199999999999420e+01
6.544700000000000273e+01
6.386299999999999955e+01
5.619300000000000495e+01
4.901500000000000057e+01
4.044200000000000017e+01
3.026599999999999824e+01
1.667599999999999838e+01
3.325600000000000112e+00
-7.446200000000000152e+00
-1.373000000000000043e+01
-2.176300000000000168e+01
-3.009199999999999875e+01
-3.498100000000000165e+01
-3.519800000000000040e+01
-3.332800000000000296e+01
-2.823499999999999943e+01
-2.211599999999999966e+01
-1.071700000000000053e+01
-1.006799999999999917e+00
4.485199999999999743e-01
8.400100000000000122e+00
5.825099999999999945e+00
8.663499999999999535e-01
3.466200000000000170e+00
5.119299999999999962e+00
5.156100000000000350e+00
-1.710800000000000098e+00
-6.876800000000000690e-01
-3.682100000000000151e+00
-5.210099999999999731e+00
-6.192999999999999616e+00
-6.759699999999999598e+00
-8.267400000000000304e+00
-1.053200000000000003e+01
-6.522100000000000009e+00
-1.224099999999999966e+00
2.880799999999999805e+00
5.977199999999999847e+00
5.171800000000000175e+00
-4.249600000000000599e-01
-1.743700000000000028e+00
-4.998499999999999943e+00
-1.242399999999999949e+00
4.188900000000000290e+00
4.610600000000000254e-01
3.290200000000000014e+00
7.493199999999999861e+00
1.015899999999999892e+01
9.702199999999999491e+00
4.816099999999999604e+00
5.576900000000000190e+00
3.769299999999999873e+00
-1.694800000000000084e+00
-1.292699999999999960e+01
-1.937199999999999989e+01
-2.282900000000000063e+01
-2.125900000000000034e+01
-2.196900000000000119e+01
-2.677199999999999847e+01
-3.073000000000000043e+01
-3.356600000000000250e+01
-3.224699999999999989e+01
-2.960399999999999920e+01
-2.011700000000000088e+01
-1.163900000000000112e+01
-1.278000000000000025e+00
1.502599999999999936e+00
-4.794300000000000228e-01
-8.058899999999999508e+00
-1.482300000000000040e+01
-1.883299999999999841e+01
-1.758299999999999841e+01
-1.409299999999999997e+01
-9.784299999999999997e+00
-8.694699999999999207e+00
-9.610400000000000276e+00
-1.154199999999999982e+01
-8.683100000000000263e-01
7.303700000000000081e+00
1.334799999999999898e+01
1.844999999999999929e+01
1.601399999999999935e+01
1.532699999999999996e+01
1.048499999999999943e+01
5.044500000000000206e+00
-2.215300000000000047e+00
-6.518799999999999706e+00
-7.317099999999999937e+00
-7.154499999999999638e+00
-5.698599999999999888e+00
-2.052700000000000191e+00
-3.530199999999999783e+00
-5.016799999999999926e+00
-6.155599999999999739e+00
1.645699999999999941e-01
6.224499999999999922e+00
1.250900000000000034e+01
1.502700000000000102e+01
1.775199999999999889e+01
2.057900000000000063e+01
2.925000000000000000e+01
3.793099999999999739e+01
4.243299999999999983e+01
4.283200000000000074e+01
3.481600000000000250e+01
3.688700000000000045e+01
3.174699999999999989e+01
2.678199999999999648e+01
2.061199999999999832e+01
1.460599999999999987e+01
5.342900000000000205e+00
7.673499999999999766e+00
1.266699999999999982e+01
1.489499999999999957e+01
8.904899999999999594e+00
1.912600000000000078e+00
5.308199999999999585e-01
2.200099999999999945e+00
5.237300000000000288e+00
3.507699999999999818e+00
1.156400000000000095e+00
-8.958500000000000796e+00
-1.820899999999999963e+01
-3.104599999999999937e+01
-4.187800000000000011e+01
-4.924000000000000199e+01
-5.200399999999999778e+01
-4.660000000000000142e+01
-4.022200000000000131e+01
-3.135199999999999676e+01
-2.450199999999999889e+01
-1.947799999999999798e+01
-1.276500000000000057e+01
-9.141199999999999548e+00
-3.964500000000000135e+00
3.324100000000000055e+00
1.002899999999999991e+01
8.030599999999999739e+00
5.946799999999999642e+00
9.002900000000000347e+00
8.010799999999999699e+00
3.328399999999999803e+00
-2.066899999999999959e+00
-9.334500000000000242e+00
-1.176299999999999990e+01
-1.389099999999999824e+01
-1.280099999999999838e+01
-1.241000000000000014e+01
-1.443299999999999983e+01
-1.423299999999999876e+01
-1.493400000000000105e+01
-1.183400000000000141e+01
-9.311199999999999477e+00
-9.003600000000000492e+00
-8.512199999999999989e+00
-7.841099999999999959e+00
-4.007200000000000095e+00
-1.228299999999999947e+00
-1.427000000000000046e+00
-3.669900000000000162e+00
-3.682599999999999874e+00
-5.432000000000000384e+00
-7.026500000000000412e+00
-9.239800000000000679e+00
-8.971799999999999997e+00
-1.044599999999999973e+01
-1.646400000000000219e+01
-2.121999999999999886e+01
-2.750499999999999901e+01
-2.727199999999999847e+01
-2.847500000000000142e+01
-2.489199999999999946e+01
-2.600000000000000000e+01
-3.024300000000000210e+01
-3.353999999999999915e+01
-3.508400000000000318e+01
-3.684000000000000341e+01
-3.919100000000000250e+01
-3.749300000000000210e+01
-3.724300000000000210e+01
-3.340299999999999869e+01
-3.207300000000000040e+01
-2.068199999999999861e+01
-1.309700000000000131e+01
-2.523899999999999810e+00
1.289000000000000057e+01
3.049800000000000111e+01
5.130899999999999750e+01
6.604800000000000182e+01
8.160600000000000875e+01
8.514299999999998647e+01
8.140600000000000591e+01
8.101000000000000512e+01
7.415100000000001046e+01
7.025499999999999545e+01
6.417499999999999716e+01
5.636600000000000676e+01
5.074399999999999977e+01
4.295799999999999841e+01
3.650800000000000267e+01
3.158300000000000196e+01
2.703500000000000014e+01
2.619300000000000139e+01
2.744099999999999895e+01
2.676999999999999957e+01
2.709600000000000009e+01
2.275800000000000267e+01
1.807799999999999940e+01
1.488599999999999923e+01
9.677899999999999281e+00
3.568400000000000016e+00
6.311399999999999899e+00
1.043799999999999883e+01
1.047799999999999976e+01
4.913000000000000256e+00
-2.749200000000000088e+00
-6.257699999999999818e+00
-1.308599999999999852e+01
-8.183299999999999130e+00
6.112899999999999778e+00
1.645499999999999829e+01
2.756199999999999761e+01
3.396699999999999875e+01
3.955100000000000193e+01
4.183500000000000085e+01
4.780399999999999494e+01
5.265800000000000125e+01
5.528499999999999659e+01
5.053300000000000125e+01
3.917999999999999972e+01
3.546399999999999864e+01
2.352599999999999980e+01
1.390599999999999881e+01
6.267899999999999583e-01
-7.282899999999999707e+00
-1.794800000000000040e+01
-3.157699999999999818e+01
-4.328300000000000125e+01
-5.329200000000000159e+01
-6.279600000000000648e+01
-6.879200000000000159e+01
-7.247800000000000864e+01
-7.390699999999999648e+01
-6.968000000000000682e+01
-6.683400000000000318e+01
-5.962500000000000000e+01
-4.828199999999999648e+01
-3.567300000000000182e+01
-2.534699999999999775e+01
-1.688100000000000023e+01
-9.968099999999999739e+00
-1.451000000000000068e+00
5.789799999999999613e+00
1.559799999999999898e+01
1.954899999999999949e+01
2.550900000000000034e+01
2.945499999999999829e+01
3.211899999999999977e+01
3.279299999999999926e+01
3.171099999999999852e+01
2.146800000000000352e+01
1.717599999999999838e+01
1.585099999999999909e+01
1.209299999999999997e+01
9.957800000000000651e+00
4.838099999999999845e+00
5.085899999999999643e+00
2.011600000000000055e+00
-7.129699999999999704e+00
-1.511700000000000088e+01
-2.693599999999999994e+01
-3.952900000000000347e+01
-5.061699999999999733e+01
-5.954299999999999926e+01
-5.756300000000000239e+01
-5.634600000000000364e+01
-5.969699999999999562e+01
-6.538100000000000023e+01
-7.204899999999999238e+01
-7.922599999999999909e+01
-8.822899999999999920e+01
-9.081399999999999295e+01
-8.206999999999999318e+01
-7.444299999999999784e+01
-6.355499999999999972e+01
-5.782800000000000296e+01
-4.726699999999999591e+01
-3.822999999999999687e+01
-3.073600000000000065e+01
-2.255400000000000205e+01
-1.582200000000000095e+01
-5.461800000000000210e+00
-4.522300000000000431e+00
-6.918300000000000560e-01
6.589199999999999946e+00
1.724699999999999989e+01
2.808900000000000219e+01
4.182699999999999818e+01
5.202799999999999869e+01
6.221000000000000085e+01
7.126600000000000534e+01
7.986700000000000443e+01
8.615799999999998704e+01
9.170999999999999375e+01
9.652500000000000568e+01
9.535099999999999909e+01
9.267200000000001125e+01
8.840700000000001069e+01
8.425100000000000477e+01
7.815399999999999636e+01
6.773199999999999932e+01
5.459399999999999409e+01
4.220899999999999608e+01
2.911800000000000210e+01
2.352400000000000091e+01
1.347499999999999964e+01
6.999600000000000044e+00
-1.803800000000000070e+00
-9.706899999999999196e+00
-2.046699999999999875e+01
-3.046000000000000085e+01
-3.690599999999999881e+01
-4.070700000000000074e+01
-3.911099999999999710e+01
-4.639500000000000313e+01
-4.846800000000000352e+01
-5.417899999999999494e+01
-5.062199999999999989e+01
-4.506100000000000705e+01
-3.562599999999999767e+01
-2.226800000000000068e+01
-1.422400000000000020e+01
-3.939099999999999824e+00
-2.583099999999999841e-01
8.130800000000000693e+00
1.842900000000000205e+01
2.820300000000000296e+01
3.842999999999999972e+01
3.930899999999999750e+01
3.992199999999999704e+01
3.641900000000000404e+01
3.742099999999999937e+01
3.289500000000000313e+01
3.184900000000000020e+01
2.478900000000000148e+01
2.138800000000000168e+01
1.711899999999999977e+01
7.033400000000000318e+00
5.285199999999999676e+00
-6.344899999999999984e+00
-1.248700000000000010e+01
-2.039999999999999858e+01
-2.710399999999999920e+01
-2.877599999999999980e+01
-2.635699999999999932e+01
-2.398400000000000176e+01
-1.995499999999999829e+01
-1.801500000000000057e+01
-1.788799999999999812e+01
-1.789199999999999946e+01
-1.872700000000000031e+01
-1.555799999999999983e+01
-1.153900000000000148e+01
-4.333800000000000097e+00
-1.265499999999999958e-01
3.096400000000000041e+00
1.103799999999999892e+00
1.204199999999999937e+00
2.979099999999999859e+00
4.451999999999999957e+00
1.054700000000000060e+01
1.147000000000000064e+01
1.552900000000000169e+01
1.331799999999999962e+01
1.036700000000000088e+01
6.660700000000000287e+00
3.615600000000000147e+00
9.590799999999999770e+00
1.411500000000000021e+01
1.887099999999999866e+01
1.803699999999999903e+01
1.558699999999999974e+01
9.550300000000000011e+00
3.290200000000000014e+00
-6.268500000000000405e+00
-1.726500000000000057e+01
-2.667900000000000205e+01
-4.205699999999999505e+01
-5.157100000000000506e+01
-6.559300000000000352e+01
-7.323000000000000398e+01
-8.027899999999999636e+01
-7.930100000000000193e+01
-7.057500000000000284e+01
-6.282600000000000051e+01
-5.038000000000000256e+01
-4.289100000000000534e+01
-3.311800000000000210e+01
-1.995499999999999829e+01
-6.677299999999999791e+00
6.913100000000000023e+00
1.668900000000000006e+01
2.585699999999999932e+01
3.204699999999999704e+01
3.183500000000000085e+01
3.104100000000000037e+01
3.455699999999999505e+01
3.810399999999999920e+01
3.967900000000000205e+01
3.595400000000000063e+01
2.943300000000000338e+01
2.270499999999999829e+01
1.811299999999999955e+01
1.476700000000000124e+01
5.157399999999999984e+00
1.633599999999999941e+00
-7.963799999999999990e+00
-1.421499999999999986e+01
-2.168699999999999761e+01
-2.846499999999999986e+01
-2.870400000000000063e+01
-2.963500000000000156e+01
-2.390500000000000114e+01
-2.115800000000000125e+01
-2.124800000000000111e+01
-2.139900000000000091e+01
-1.633599999999999852e+01
-4.983799999999999564e+00
4.765600000000000058e+00
1.462599999999999945e+01
1.939000000000000057e+01
2.854500000000000171e+01
3.682300000000000040e+01
4.450500000000000256e+01
5.132800000000000296e+01
5.545600000000000307e+01
6.392699999999999960e+01
6.728799999999999670e+01
6.846500000000000341e+01
6.468500000000000227e+01
5.509199999999999875e+01
4.675899999999999324e+01
3.765800000000000125e+01
2.556099999999999994e+01
1.818200000000000216e+01
1.152200000000000024e+01
7.571699999999999875e+00
-4.736200000000000188e+00
-1.272000000000000064e+01
-1.938799999999999812e+01
-2.209400000000000119e+01
-2.365599999999999881e+01
-2.327199999999999847e+01
-1.724200000000000088e+01
-1.594500000000000028e+01
-1.227099999999999902e+01
-1.637000000000000099e+01
-1.806700000000000017e+01
-2.183900000000000219e+01
-2.872899999999999920e+01
-3.399000000000000199e+01
-3.801599999999999824e+01
-3.220199999999999818e+01
-2.826599999999999824e+01
-2.327899999999999991e+01
-2.376199999999999690e+01
-2.418900000000000006e+01
-2.530199999999999960e+01
-2.715599999999999881e+01
-2.615399999999999991e+01
-2.274300000000000210e+01
-1.802299999999999969e+01
-1.361400000000000077e+01
-6.441099999999999604e+00
1.704099999999999948e+00
4.992899999999999672e+00
4.985100000000000087e+00
4.635100000000000442e+00
2.438099999999999934e+00
4.455499999999999794e+00
4.318299999999999805e+00
6.713199999999999612e+00
1.015299999999999869e+01
9.350899999999999324e+00
8.998100000000000875e+00
1.386700000000000088e+01
2.055499999999999972e+01
2.352199999999999847e+01
2.775099999999999767e+01
3.048800000000000310e+01
3.441199999999999903e+01
4.093500000000000227e+01
3.919300000000000495e+01
4.074399999999999977e+01
3.990099999999999625e+01
3.711999999999999744e+01
3.699900000000000233e+01
2.804699999999999704e+01
2.004400000000000048e+01
1.136500000000000021e+01
5.756100000000000660e-01
-6.583099999999999952e+00
-1.200300000000000011e+01
-1.572700000000000031e+01
-1.611499999999999844e+01
-1.599799999999999933e+01
-1.568999999999999950e+01
-1.398000000000000043e+01
-1.271199999999999974e+01
-1.158400000000000141e+01
-1.585200000000000031e+01
-2.019299999999999784e+01
-1.736100000000000065e+01
-1.652299999999999969e+01
-8.800000000000000711e+00
7.792100000000000692e-01
1.035200000000000031e+01
1.850799999999999912e+01
2.386300000000000310e+01
2.832400000000000162e+01
3.015699999999999648e+01
3.231600000000000250e+01
3.005400000000000205e+01
2.529400000000000048e+01
2.302199999999999847e+01
1.951599999999999824e+01
1.693200000000000216e+01
1.331000000000000050e+01
1.018100000000000094e+01
2.759999999999999787e+00
-7.154099999999999682e+00
-1.637300000000000111e+01
-2.065500000000000114e+01
-2.594900000000000162e+01
-3.340400000000000347e+01
-3.671300000000000097e+01
-4.500300000000000011e+01
-4.685600000000000165e+01
-5.070399999999999352e+01
-5.115100000000000335e+01
-4.536399999999999721e+01
-4.671699999999999875e+01
-3.946699999999999875e+01
-3.569899999999999807e+01
-2.932000000000000028e+01
-2.240699999999999648e+01
-1.841700000000000159e+01
-1.292200000000000060e+01
-5.246400000000000396e+00
1.600000000000000089e+00
6.469400000000000261e+00
1.477799999999999869e+01
1.903300000000000125e+01
2.330099999999999838e+01
2.333199999999999719e+01
2.148400000000000176e+01
1.978300000000000125e+01
2.052699999999999747e+01
1.953200000000000003e+01
1.730900000000000105e+01
1.896799999999999997e+01
1.410999999999999943e+01
1.013799999999999990e+01
5.243199999999999861e+00
3.358699999999999797e+00
3.524900000000000144e+00
2.001799999999999802e+00
1.971400000000000041e+00
2.843999999999999861e+00
2.782500000000000195e+00
5.239099999999999646e+00
3.832300000000000040e+00
2.554600000000000204e+00
2.793800000000000061e+00
4.365700000000000358e+00
7.557599999999999874e+00
4.234899999999999665e+00
1.040200000000000014e+00
-3.560999999999999943e+00
-5.226899999999999658e+00
-7.825499999999999901e+00
-1.101500000000000057e+01
-1.570299999999999940e+01
-1.551999999999999957e+01
-1.408599999999999852e+01
-1.628699999999999903e+01
-2.303999999999999915e+01
-2.931199999999999761e+01
-3.728199999999999648e+01
-4.081000000000000227e+01
-3.934100000000000108e+01
-3.876099999999999568e+01
-3.438199999999999790e+01
-3.153699999999999903e+01
-2.671499999999999986e+01
-2.216400000000000148e+01
-1.607700000000000173e+01
-8.481099999999999639e+00
-1.155399999999999983e+00
7.700400000000000134e+00
1.298700000000000010e+01
1.812500000000000000e+01
1.925400000000000134e+01
1.970700000000000074e+01
1.912199999999999989e+01
2.203000000000000114e+01
2.493800000000000239e+01
2.316000000000000014e+01
2.383800000000000097e+01
2.200400000000000134e+01
2.131900000000000261e+01
2.047299999999999898e+01
1.776599999999999824e+01
1.862099999999999866e+01
1.924800000000000111e+01
2.018099999999999739e+01
1.561800000000000033e+01
1.175500000000000078e+01
1.455400000000000027e+01
8.326200000000000045e+00
1.207000000000000028e+01
1.423000000000000043e+01
1.399400000000000155e+01
9.692500000000000782e+00
6.410099999999999909e+00
3.446099999999999941e+00
-1.628400000000000125e-01
-6.709699999999999553e-01
-1.265600000000000058e+00
-2.671300000000000008e+00
-8.799799999999999400e+00
-1.468299999999999983e+01
-1.933900000000000219e+01
-2.416000000000000014e+01
-2.809900000000000020e+01
-2.347100000000000009e+01
-2.067300000000000182e+01
-1.597200000000000131e+01
-9.804500000000000881e+00
-3.115099999999999980e+00
-6.200600000000000556e-01
4.557800000000000296e+00
6.774499999999999744e+00
1.124499999999999922e+01
1.390900000000000070e+01
1.672599999999999909e+01
2.091800000000000281e+01
2.301000000000000156e+01
2.852800000000000225e+01
3.015699999999999648e+01
2.915099999999999980e+01
2.342199999999999704e+01
1.682700000000000173e+01
1.299400000000000155e+01
8.067700000000000315e+00
7.150199999999999889e+00
9.223300000000000054e+00
6.560599999999999987e+00
3.000700000000000145e+00
-2.887300000000000200e+00
-6.811799999999999855e+00
-9.600500000000000256e+00
-1.282000000000000028e+01
-1.572000000000000064e+01
-2.037900000000000134e+01
-2.469900000000000162e+01
-2.791000000000000014e+01
-2.972800000000000153e+01
-2.800199999999999889e+01
-2.627800000000000225e+01
-1.897299999999999898e+01
-1.503400000000000070e+01
-1.282099999999999973e+01
-1.027200000000000024e+01
-7.889599999999999724e+00
-6.557599999999999874e+00
-4.656299999999999883e+00
-4.376999999999999780e+00
-6.199200000000000266e+00
-3.680499999999999883e+00
-1.151200000000000001e+00
2.672899999999999832e+00
6.145999999999999908e+00
1.295900000000000141e+01
2.067300000000000182e+01
2.712699999999999889e+01
3.430499999999999972e+01
4.003300000000000125e+01
4.781600000000000250e+01
5.252799999999999869e+01
5.511899999999999977e+01
5.749499999999999744e+01
5.687199999999999989e+01
5.687399999999999523e+01
5.275500000000000256e+01
4.709300000000000352e+01
3.983299999999999841e+01
3.551300000000000523e+01
3.062099999999999866e+01
2.355900000000000105e+01
1.884900000000000020e+01
1.101099999999999923e+01
3.472999999999999865e+00
-2.685000000000000053e+00
-8.758499999999999730e+00
-1.805700000000000216e+01
-2.736300000000000310e+01
-3.423900000000000432e+01
-4.050199999999999534e+01
-4.183500000000000085e+01
-4.393600000000000705e+01
-5.073100000000000165e+01
-5.102499999999999858e+01
-5.243600000000000705e+01
-5.493100000000000449e+01
-5.177000000000000313e+01
-5.199600000000000222e+01
-4.867199999999999704e+01
-4.411500000000000199e+01
-4.438100000000000023e+01
-4.362199999999999989e+01
-4.159399999999999409e+01
-4.377899999999999636e+01
-4.396999999999999886e+01
-4.100600000000000023e+01
-3.551200000000000045e+01
-2.990399999999999991e+01
-2.362099999999999866e+01
-1.565099999999999980e+01
-1.003999999999999915e+01
-4.128800000000000026e+00
-4.795600000000000307e+00
1.837099999999999955e+00
3.630300000000000082e+00
9.899300000000000210e+00
1.723600000000000065e+01
2.544900000000000162e+01
3.085500000000000043e+01
3.034600000000000009e+01
3.763499999999999801e+01
3.978300000000000125e+01
4.659199999999999875e+01
5.153300000000000125e+01
5.229800000000000182e+01
5.152499999999999858e+01
5.129299999999999926e+01
4.975100000000000477e+01
4.838100000000000023e+01
4.957800000000000296e+01
4.570700000000000074e+01
4.190299999999999869e+01
3.564199999999999591e+01
2.788300000000000267e+01
2.312699999999999889e+01
1.879899999999999949e+01
1.558200000000000074e+01
1.240299999999999869e+01
8.896800000000000708e+00
1.779800000000000049e+00
-3.562399999999999789e+00
-7.504500000000000171e+00
-1.213499999999999979e+01
-2.199699999999999989e+01
-2.990099999999999980e+01
-3.492399999999999949e+01
-4.393299999999999983e+01
-3.933200000000000074e+01
-4.143199999999999505e+01
-4.692100000000000648e+01
-4.756600000000000250e+01
-5.119300000000000495e+01
-5.308299999999999841e+01
-5.066700000000000159e+01
-4.792499999999999716e+01
-4.232699999999999818e+01
-3.654500000000000171e+01
-3.440299999999999869e+01
-3.129599999999999937e+01
-2.796099999999999852e+01
-2.499399999999999977e+01
-2.296000000000000085e+01
-1.892800000000000082e+01
-1.444200000000000017e+01
-1.235500000000000043e+01
-9.070299999999999585e+00
-5.679100000000000037e+00
-4.147999999999999687e+00
-1.823299999999999921e+00
-5.810299999999999798e+00
-6.074300000000000033e+00
-8.430999999999999162e+00
-6.149799999999999933e+00
-7.305699999999999861e+00
-2.822799999999999976e+00
-4.110400000000000276e+00
-6.957200000000000273e+00
-8.056800000000000850e+00
-8.528399999999999537e+00
-8.243399999999999395e+00
-9.816700000000000870e+00
-9.669000000000000483e+00
-9.973699999999999122e+00
-9.016299999999999315e+00
-1.026900000000000013e+01
-6.587399999999999700e+00
-7.490899999999999892e+00
-2.325499999999999901e+00
-1.136600000000000055e+00
2.658399999999999874e+00
4.349300000000000388e+00
7.761999999999999567e+00
1.014600000000000080e+01
1.229900000000000126e+01
1.434299999999999997e+01
1.618799999999999883e+01
1.961400000000000077e+01
2.092399999999999949e+01
2.145599999999999952e+01
2.092300000000000182e+01
2.255999999999999872e+01
2.194599999999999795e+01
2.390800000000000125e+01
2.351999999999999957e+01
2.685099999999999909e+01
2.742099999999999937e+01
2.695699999999999719e+01
2.598499999999999943e+01
2.603000000000000114e+01
2.796900000000000119e+01
3.009499999999999886e+01
3.277700000000000102e+01
3.497599999999999909e+01
3.438400000000000034e+01
3.520799999999999841e+01
3.190199999999999747e+01
2.748000000000000043e+01
2.557999999999999829e+01
2.240500000000000114e+01
1.861799999999999855e+01
1.914099999999999824e+01
2.223099999999999810e+01
1.813500000000000156e+01
1.617800000000000082e+01
1.154599999999999937e+01
9.484099999999999753e+00
8.880200000000000315e+00
2.832199999999999829e+00
3.241099999999999870e+00
4.622799999999999798e+00
3.219300000000000050e+00
4.280599999999999739e+00
1.961500000000000021e+00
-4.150599999999999845e+00
-4.831800000000000317e+00
-1.217999999999999972e+01
-1.192799999999999905e+01
-1.148400000000000176e+01
-1.039900000000000091e+01
-9.778600000000000847e+00
-1.109099999999999930e+01
-1.051500000000000057e+01
-7.068999999999999950e+00
-2.908999999999999808e+00
-7.177200000000000246e-01
4.490000000000000213e+00
4.425200000000000244e+00
7.856200000000000294e+00
1.010399999999999920e+01
1.434900000000000020e+01
1.624399999999999977e+01
1.544400000000000084e+01
1.435099999999999909e+01
1.543999999999999950e+01
1.485900000000000176e+01
1.525099999999999945e+01
1.666799999999999926e+01
1.869599999999999795e+01
1.464499999999999957e+01
9.759199999999999875e+00
5.107300000000000395e+00
3.097799999999999887e+00
2.659500000000000197e-01
-6.900900000000000034e+00
-1.236599999999999966e+01
-1.962300000000000111e+01
-2.584300000000000352e+01
-3.048999999999999844e+01
-3.386500000000000199e+01
-3.576699999999999591e+01
-3.705899999999999750e+01
-3.568699999999999761e+01
-2.943900000000000006e+01
-2.849699999999999989e+01
-2.415300000000000225e+01
-2.214900000000000091e+01
-2.021199999999999974e+01
-1.701699999999999946e+01
-1.650099999999999767e+01
-1.786899999999999977e+01
-1.790599999999999881e+01
-1.508900000000000041e+01
-1.531799999999999962e+01
-1.505099999999999838e+01
-1.303999999999999915e+01
-1.248000000000000043e+01
-6.129299999999999748e+00
-1.469100000000000072e+00
4.036900000000000155e+00
1.091200000000000081e+01
1.703500000000000014e+01
2.180599999999999739e+01
2.405199999999999960e+01
2.625300000000000011e+01
2.529599999999999937e+01
2.778199999999999648e+01
2.661899999999999977e+01
2.534199999999999875e+01
2.032999999999999829e+01
1.469700000000000095e+01
1.173099999999999987e+01
6.706500000000000128e+00
6.690699999999999648e+00
7.550799999999999734e+00
4.938699999999999868e+00
5.677999999999999714e-01
-1.332900000000000196e-01
-1.647699999999999942e+00
1.637599999999999889e-01
-3.093900000000000095e+00
-5.439300000000000246e+00
-3.980100000000000193e+00
-7.940199999999999925e+00
-8.482699999999999463e+00
-6.829699999999999882e+00
-7.980100000000000193e+00
-7.764000000000000234e+00
-6.298300000000000232e+00
-3.288199999999999790e+00
-2.786999999999999922e+00
-2.501099999999999990e-01
1.485100000000000087e+00
3.812699999999999978e+00
4.828899999999999970e+00
2.335100000000000176e+00
1.109099999999999975e+00
2.910400000000000209e-01
1.594400000000000039e+00
-7.781000000000000139e-01
-4.091400000000000037e-01
-5.110000000000000320e+00
-2.457599999999999785e+00
-6.668599999999999528e-02
4.906600000000000406e-01
4.704500000000000348e+00
5.426599999999999646e+00
9.129799999999999471e+00
8.352100000000000080e+00
6.545099999999999696e+00
3.690999999999999837e+00
4.951899999999999635e-01
2.957500000000000018e+00
1.763099999999999890e+00
3.372300000000000297e-01
-3.358299999999999841e+00
-6.805699999999999861e+00
-1.002899999999999991e+01
-1.585400000000000098e+01
-1.424000000000000021e+01
-1.656500000000000128e+01
-1.626599999999999824e+01
-1.946999999999999886e+01
-2.019599999999999795e+01
-1.801099999999999923e+01
-1.646599999999999753e+01
-1.443299999999999983e+01
-1.371299999999999919e+01
-1.021899999999999942e+01
-8.724399999999999267e+00
-5.237499999999999822e+00
-4.646200000000000330e+00
-2.505300000000000304e-01
2.140099999999999891e+00
1.217700000000000005e+00
7.501699999999999591e+00
5.295899999999999608e+00
8.172000000000000597e+00
6.752900000000000347e+00
4.471700000000000230e+00
9.691000000000000725e+00
8.005399999999999849e+00
8.264900000000000801e+00
7.753300000000000303e+00
6.834299999999999820e+00
1.865899999999999892e+00
2.526600000000000179e+00
-1.684700000000000086e+00
-4.964900000000000091e+00
-8.499100000000000321e+00
-1.817000000000000171e+01
-1.925700000000000145e+01
-2.147699999999999676e+01
-2.635099999999999909e+01
-2.549599999999999866e+01
-2.798499999999999943e+01
-2.692599999999999838e+01
-2.861899999999999977e+01
-3.194599999999999795e+01
-3.224099999999999966e+01
-3.459499999999999886e+01
-3.525600000000000023e+01
-3.585499999999999687e+01
-3.707500000000000284e+01
-3.442099999999999937e+01
-3.077300000000000324e+01
-2.879599999999999937e+01
-2.687500000000000000e+01
-2.440699999999999648e+01
-2.046599999999999753e+01
-1.656200000000000117e+01
-1.265200000000000102e+01
-8.514799999999999258e+00
-3.063200000000000145e+00
-1.609199999999999964e+00
4.346599999999999575e+00
1.036999999999999922e+01
1.578099999999999881e+01
2.185500000000000043e+01
2.611699999999999733e+01
3.120400000000000063e+01
3.343599999999999994e+01
3.348199999999999932e+01
3.288000000000000256e+01
3.170699999999999719e+01
2.959499999999999886e+01
2.601199999999999690e+01
2.229400000000000048e+01
1.842500000000000071e+01
1.723499999999999943e+01
1.567799999999999905e+01
1.304199999999999982e+01
1.299900000000000055e+01
9.974600000000000577e+00
1.027400000000000091e+01
9.089700000000000557e+00
7.986900000000000333e+00
7.507200000000000095e+00
6.674000000000000377e+00
2.349000000000000199e+00
2.558300000000000018e+00
-1.830000000000000071e+00
-1.448900000000000077e+00
-2.422499999999999876e+00
-4.990000000000000213e+00
-1.892200000000000104e+00
-8.365799999999998793e-01
5.906700000000000284e-01
2.426299999999999901e+00
6.623099999999999987e+00
6.967200000000000060e+00
1.048299999999999876e+01
1.212299999999999933e+01
1.378500000000000014e+01
1.589900000000000091e+01
1.876599999999999824e+01
1.726999999999999957e+01
1.987300000000000111e+01
1.700900000000000034e+01
1.627299999999999969e+01
1.648700000000000188e+01
1.333300000000000018e+01
1.181099999999999994e+01
7.165499999999999758e+00
3.937199999999999811e+00
-2.713900000000000201e+00
-5.615000000000000213e+00
-1.152099999999999902e+01
-1.492400000000000126e+01
-1.588499999999999979e+01
-1.475400000000000134e+01
-7.858100000000000307e+00
-8.094500000000000028e+00
-2.462099999999999955e+00
1.995300000000000074e+00
3.650300000000000100e+00
9.092299999999999827e+00
7.377699999999999925e+00
1.083799999999999919e+01
1.297599999999999909e+01
1.083699999999999974e+01
1.035500000000000043e+01
1.074900000000000055e+01
6.442300000000000360e+00
3.576400000000000023e+00
4.700700000000000323e+00
4.244200000000000195e+00
7.132299999999999862e+00
4.730699999999999683e+00
4.316399999999999793e+00
4.851700000000000124e+00
4.303399999999999892e+00
3.593700000000000117e+00
3.476799999999999891e+00
6.507900000000000240e+00
6.564099999999999824e+00
7.262400000000000411e+00
9.462799999999999656e+00
8.719099999999999184e+00
8.616899999999999338e+00
1.136800000000000033e+01
9.429899999999999949e+00
1.317599999999999838e+01
1.260200000000000031e+01
1.869999999999999929e+01
2.371999999999999886e+01
2.441400000000000148e+01
2.415300000000000225e+01
2.471699999999999875e+01
2.427100000000000080e+01
2.319500000000000028e+01
2.215199999999999747e+01
2.031299999999999883e+01
1.656700000000000017e+01
1.229499999999999993e+01
1.270500000000000007e+01
5.778500000000000192e+00
8.814899999999999736e+00
3.673399999999999999e+00
2.390400000000000080e+00
-1.648099999999999898e+00
-4.069600000000000328e+00
-4.856099999999999639e+00
-1.086099999999999888e+01
-7.793700000000000294e+00
-6.935999999999999943e+00
-8.416800000000000281e+00
-9.963800000000000878e+00
-1.044099999999999895e+01
-1.171599999999999930e+01
-8.304100000000000037e+00
-9.742599999999999483e+00
-7.821500000000000341e+00
-9.811600000000000321e+00
-1.228599999999999959e+01
-1.138299999999999912e+01
-1.234599999999999831e+01
-1.351099999999999923e+01
-1.548099999999999987e+01
-1.553999999999999915e+01
-1.538599999999999923e+01
-1.630000000000000071e+01
-1.883999999999999986e+01
-2.057099999999999795e+01
-2.728900000000000148e+01
-2.764400000000000190e+01
-3.476800000000000068e+01
-3.854599999999999937e+01
-4.040800000000000125e+01
-4.313800000000000523e+01
-4.092999999999999972e+01
-4.150000000000000000e+01
-3.729899999999999949e+01
-3.557900000000000063e+01
-2.996300000000000097e+01
-2.877400000000000091e+01
-2.512500000000000000e+01
-2.219000000000000128e+01
-1.915800000000000125e+01
-1.459200000000000053e+01
-1.233099999999999952e+01
-8.186600000000000321e+00
-4.443299999999999805e+00
7.411900000000000155e-01
6.807900000000000063e+00
8.868499999999999162e+00
1.638599999999999923e+01
1.515700000000000003e+01
1.939700000000000202e+01
2.136800000000000210e+01
2.598400000000000176e+01
2.844099999999999895e+01
2.973600000000000065e+01
3.671399999999999864e+01
3.581700000000000017e+01
4.088000000000000256e+01
3.827000000000000313e+01
3.719200000000000017e+01
3.424399999999999977e+01
3.492900000000000205e+01
3.017500000000000071e+01
2.850199999999999889e+01
2.318300000000000338e+01
2.037999999999999901e+01
1.773799999999999955e+01
1.220700000000000074e+01
1.377700000000000102e+01
7.718099999999999739e+00
1.019700000000000095e+01
8.803599999999999426e+00
5.926300000000000345e+00
3.082599999999999785e+00
-8.087499999999999689e-01
-1.915599999999999969e+00
-2.645500000000000185e+00
-4.214100000000000179e+00
-3.078399999999999803e+00
-4.894000000000000128e+00
-6.965200000000000280e+00
-6.006400000000000183e+00
-9.172000000000000597e+00
-7.502299999999999969e+00
-9.017799999999999372e+00
-9.554299999999999571e+00
-1.020500000000000007e+01
-1.237599999999999945e+01
-1.140799999999999947e+01
-1.452700000000000102e+01
-1.501500000000000057e+01
-1.795799999999999841e+01
-2.202100000000000080e+01
-2.516199999999999903e+01
-2.577599999999999980e+01
-2.562500000000000000e+01
-2.802199999999999847e+01
-2.245699999999999719e+01
-2.147100000000000009e+01
-1.930400000000000205e+01
-1.820899999999999963e+01
-1.732600000000000051e+01
-1.217300000000000004e+01
-1.344700000000000095e+01
-1.240400000000000169e+01
-1.262199999999999989e+01
-1.418900000000000006e+01
-1.086599999999999966e+01
-1.005199999999999960e+01
-9.233900000000000219e+00
-8.297100000000000364e+00
-1.049599999999999866e+01
-1.175099999999999945e+01
-1.416499999999999915e+01
-1.260299999999999976e+01
-1.377700000000000102e+01
-1.502099999999999902e+01
-1.468400000000000105e+01
-1.487199999999999989e+01
-1.519099999999999895e+01
-1.503500000000000014e+01
-1.570400000000000063e+01
-1.390700000000000003e+01
-1.007399999999999984e+01
-7.761000000000000121e+00
-5.333099999999999952e+00
-4.848700000000000010e+00
-4.378499999999999837e+00
-1.374600000000000044e+00
-1.965500000000000025e+00
4.190900000000000070e+00
4.350900000000000212e+00
9.054000000000000270e+00
1.231700000000000017e+01
1.188799999999999990e+01
1.592900000000000027e+01
1.528099999999999881e+01
1.904200000000000159e+01
1.739099999999999824e+01
2.047899999999999920e+01
2.026200000000000045e+01
2.071300000000000097e+01
2.147100000000000009e+01
2.417399999999999949e+01
2.709099999999999753e+01
2.738400000000000034e+01
2.893699999999999761e+01
2.792099999999999937e+01
2.821900000000000119e+01
2.605999999999999872e+01
2.702699999999999747e+01
2.225099999999999767e+01
2.135099999999999909e+01
1.707199999999999918e+01
1.182400000000000162e+01
8.374900000000000233e+00
3.476799999999999891e+00
4.099999999999999645e+00
-1.448099999999999943e+00
1.177999999999999936e+00
-2.182799999999999851e+00
3.958500000000000213e-02
-2.059800000000000075e+00
-1.186500000000000110e+00
2.716000000000000192e+00
-1.069900000000000073e+00
8.697200000000000486e-01
5.301699999999999469e-02
3.315599999999999881e+00
4.418700000000000294e+00
4.437100000000000044e+00
4.087799999999999656e+00
4.323900000000000077e+00
3.973199999999999843e+00
7.137500000000000178e+00
6.122099999999999653e+00
5.563500000000000334e+00
5.424199999999999910e+00
1.672299999999999898e+00
1.808799999999999963e+00
-1.723200000000000065e+00
-4.227100000000000080e+00
-2.686300000000000132e+00
-4.710799999999999876e+00
-3.673000000000000043e+00
-4.179599999999999760e+00
-8.066300000000000026e+00
-6.674000000000000377e+00
-1.106900000000000084e+01
-9.152900000000000702e+00
-1.454099999999999859e+01
-1.283699999999999974e+01
-1.058900000000000041e+01
-1.203400000000000070e+01
-1.163099999999999845e+01
-1.251900000000000013e+01
-6.561799999999999855e+00
-1.030799999999999983e+01
-8.467900000000000205e+00
-9.630699999999999150e+00
-8.583899999999999864e+00
-6.389300000000000423e+00
-5.749100000000000321e+00
-4.881999999999999673e+00
-3.732800000000000118e+00
2.349699999999999844e-01
-5.136399999999999855e-01
1.378400000000000070e+00
1.735400000000000054e+00
1.730399999999999938e+00
3.838200000000000056e+00
5.037799999999999834e+00
6.569799999999999862e+00
8.286099999999999355e+00
8.880100000000000549e+00
8.216699999999999449e+00
1.007200000000000095e+01
1.020199999999999996e+01
5.384699999999999598e+00
2.220499999999999918e+00
-9.603899999999999659e-01
-4.630799999999999805e+00
-5.449900000000000411e+00
-5.474300000000000388e+00
-5.565000000000000391e+00
-4.608799999999999564e+00
-6.020699999999999719e+00
-6.207900000000000418e+00
-6.988400000000000389e+00
-7.692300000000000360e+00
-5.199900000000000411e+00
-6.008499999999999730e+00
-3.982800000000000118e+00
9.693000000000000504e-01
-1.057500000000000107e+00
3.551400000000000112e+00
5.425099999999999589e+00
9.617900000000000560e+00
1.167799999999999905e+01
1.374699999999999989e+01
1.388599999999999923e+01
1.426299999999999990e+01
1.447299999999999898e+01
1.479099999999999859e+01
1.362900000000000134e+01
7.459200000000000053e+00
1.031599999999999895e+01
4.592500000000000249e+00
5.512800000000000367e+00
2.139600000000000168e+00
4.544500000000000206e-01
-1.728699999999999903e+00
-4.943999999999999950e+00
-1.040799999999999947e+01
-1.028200000000000003e+01
-1.543900000000000006e+01
-1.782000000000000028e+01
-1.682300000000000040e+01
-1.932600000000000051e+01
