-3.074699999999999989e+01
-9.235799999999999343e+00
-4.706500000000000128e+00
3.181299999999999795e+00
1.073000000000000043e+01
1.412700000000000067e+01
1.639099999999999824e+01
1.186299999999999955e+01
7.334800000000000431e+00
1.297500000000000098e+00
-5.117300000000000182e+00
-1.191000000000000014e+01
-1.832499999999999929e+01
-2.511800000000000210e+01
-3.153300000000000125e+01
-3.153400000000000247e+01
-3.379800000000000182e+01
-3.908200000000000074e+01
-4.549800000000000466e+01
-4.851800000000000068e+01
-3.719800000000000040e+01
-2.399099999999999966e+01
-8.898099999999999454e+00
8.837199999999999278e+00
2.242099999999999937e+01
2.238100000000000023e+01
2.087000000000000099e+01
1.709600000000000009e+01
2.313100000000000023e+01
3.705400000000000205e+01
4.497699999999999676e+01
3.969300000000000495e+01
2.233199999999999719e+01
5.725600000000000023e+00
-3.139300000000000423e-01
6.098799999999999777e+00
-5.224099999999999966e+00
-1.956599999999999895e+01
-2.221000000000000085e+01
-1.466599999999999859e+01
3.445500000000000007e+00
2.382000000000000028e+01
3.362899999999999778e+01
3.739999999999999858e+01
3.400099999999999767e+01
2.758300000000000196e+01
1.173099999999999987e+01
-4.121000000000000441e+00
-7.180699999999999861e+00
-3.787300000000000111e+00
-2.658199999999999896e+00
-4.925600000000000200e+00
-6.438100000000000378e+00
9.407799999999999940e+00
2.449900000000000233e+01
2.751500000000000057e+01
2.826599999999999824e+01
2.335599999999999810e+01
1.841000000000000014e+01
1.123599999999999888e+01
2.884900000000000242e-01
-6.506999999999999673e+00
-1.141699999999999982e+01
-1.557099999999999973e+01
-2.127400000000000091e+01
-3.259799999999999898e+01
-4.543199999999999505e+01
-5.336100000000000421e+01
-4.166799999999999926e+01
-1.223799999999999955e+01
2.775900000000000034e+01
3.190500000000000114e+01
2.057999999999999829e+01
2.084400000000000031e+00
-1.263700000000000045e+01
-2.811400000000000077e+01
-3.528900000000000148e+01
-3.306700000000000017e+01
-2.741199999999999903e+01
-2.288899999999999935e+01
-1.459200000000000053e+01
-2.898899999999999810e+00
8.038899999999999935e+00
1.520299999999999940e+01
1.595199999999999996e+01
1.066300000000000026e+01
1.405299999999999905e+01
2.197199999999999775e+01
3.253199999999999648e+01
3.101599999999999824e+01
2.270800000000000196e+01
1.511599999999999966e+01
1.510900000000000176e+01
2.000799999999999912e+01
2.905800000000000338e+01
2.263500000000000156e+01
3.005199999999999871e+00
-2.002200000000000202e+01
-3.625600000000000023e+01
-4.984899999999999665e+01
-4.457399999999999807e+01
-2.424199999999999733e+01
-1.986499999999999932e+00
2.706199999999999761e+01
4.893999999999999773e+01
4.704399999999999693e+01
4.024199999999999733e+01
2.026999999999999957e+01
2.901400000000000201e+00
-2.391399999999999970e+00
-5.797600000000000087e+00
-5.246600000000000152e-01
4.709299999999999820e+00
9.982200000000000628e+00
-2.104999999999999982e+00
-9.663199999999999790e+00
-1.344800000000000040e+01
-8.177300000000000679e+00
-3.283799999999999830e+00
1.481700000000000017e+01
2.084300000000000352e+01
5.357700000000000351e+00
-6.353399999999999714e+00
-2.074399999999999977e+01
-3.471999999999999886e+01
-5.511100000000000421e+01
-5.701200000000000045e+01
-3.815899999999999892e+01
-6.098099999999999632e+00
2.294400000000000261e+01
3.123099999999999810e+01
2.857300000000000040e+01
1.610399999999999920e+01
7.031399999999999650e+00
-3.966200000000000170e+00
-4.737599999999999589e+00
5.663699999999999291e-01
7.718099999999999739e+00
1.487099999999999866e+01
1.334299999999999997e+01
6.909900000000000375e+00
-8.203099999999999170e+00
-2.293900000000000006e+01
-2.371300000000000097e+01
-2.075199999999999889e+01
-1.209200000000000053e+01
9.397800000000000153e+00
1.956599999999999895e+01
1.652700000000000102e+01
1.197799999999999976e+01
5.163700000000000401e+00
-3.536999999999999922e+00
-2.803999999999999826e+00
1.362700000000000022e+00
1.001999999999999957e+01
2.241199999999999903e+01
3.408800000000000097e+01
4.500800000000000267e+01
2.913599999999999923e+01
9.111800000000000566e+00
3.125700000000000006e-02
-7.539900000000000269e+00
-6.809400000000000119e+00
-8.721399999999999153e+00
-1.138700000000000045e+01
-2.126099999999999923e+01
-2.845699999999999719e+01
-2.999099999999999966e+01
-1.677100000000000035e+00
5.466899999999999871e+00
-3.238399999999999945e+00
-8.170299999999999230e+00
-1.159299999999999997e+01
-1.426099999999999923e+01
-1.843900000000000006e+01
-2.525800000000000267e+01
-3.362400000000000233e+01
-4.044400000000000261e+01
-4.349100000000000676e+01
-3.710199999999999676e+01
-2.275199999999999889e+01
-3.911000000000000032e+00
1.341999999999999993e+01
2.546800000000000352e+01
3.751599999999999824e+01
4.616799999999999926e+01
5.670600000000000307e+01
5.365999999999999659e+01
3.170699999999999719e+01
6.018500000000000405e+00
-1.778300000000000125e+01
-3.026300000000000168e+01
-3.289399999999999835e+01
-2.839400000000000190e+01
-1.596900000000000119e+01
-6.938900000000000290e+00
-1.375799999999999912e+01
-2.057800000000000296e+01
-2.324699999999999989e+01
-1.006499999999999950e+01
3.454899999999999860e+00
1.739099999999999824e+01
2.910000000000000142e+01
4.152700000000000102e+01
4.376500000000000057e+01
4.336199999999999477e+01
3.843099999999999739e+01
3.161300000000000310e+01
1.913599999999999923e+01
-1.070099999999999874e+01
-3.864999999999999858e+01
-5.867399999999999949e+01
-5.571600000000000108e+01
-3.796600000000000108e+01
-2.176300000000000168e+01
-9.333099999999999952e+00
1.965700000000000003e+00
1.590599999999999881e+01
3.173400000000000176e+01
3.775099999999999767e+01
2.527699999999999747e+01
1.129400000000000048e+01
-6.838400000000000034e+00
-3.046199999999999797e+00
6.746400000000000396e+00
4.086400000000000254e+00
-1.214099999999999957e+00
-8.778700000000000614e+00
-1.072000000000000064e+01
-8.472500000000000142e+00
-5.846300000000000274e+00
-3.219399999999999817e+00
-1.153599999999999959e+01
-2.245599999999999952e+01
-1.378900000000000148e+01
-1.002899999999999991e+01
-1.343599999999999994e+01
-6.655300000000000438e+00
1.635499999999999954e+00
5.021899999999999586e+00
8.031399999999999650e+00
4.626500000000000057e+00
1.141099999999999959e+01
2.766800000000000281e+01
4.615200000000000102e+01
4.652300000000000324e+01
4.010399999999999920e+01
2.458900000000000219e+01
-4.848600000000000243e+00
-3.466300000000000381e+01
-4.711699999999999733e+01
-5.202499999999999858e+01
-3.843999999999999773e+01
-1.240200000000000102e+01
1.141000000000000014e+01
2.612900000000000134e+01
3.556499999999999773e+01
4.990899999999999892e+01
5.670600000000000307e+01
3.897400000000000375e+01
1.294200000000000017e+01
-1.007000000000000028e+01
-3.346000000000000085e+01
-5.722500000000000142e+01
-6.891400000000000148e+01
-7.754600000000000648e+01
-6.885600000000000875e+01
-3.412699999999999534e+01
-4.303399999999999892e+00
2.137000000000000099e+01
3.345900000000000318e+01
3.536099999999999710e+01
2.103699999999999903e+01
6.298199999999999577e+00
3.674100000000000144e+00
7.842600000000000016e+00
1.201299999999999990e+01
1.244700000000000095e+01
1.171199999999999974e+01
1.173400000000000176e+01
1.477400000000000091e+01
2.347699999999999676e+01
2.085800000000000054e+01
1.371299999999999919e+01
1.486999999999999922e+01
2.282099999999999795e+01
2.058300000000000196e+01
1.457200000000000095e+01
2.901800000000000157e+00
-5.371500000000000163e+00
-7.228900000000000325e+00
-2.255399999999999849e+00
3.435799999999999965e+00
3.844599999999999795e+00
4.805499999999999772e-01
-9.961700000000001110e-01
-2.849600000000000133e+00
-2.438200000000000145e+00
9.931200000000001138e-01
6.507399999999999851e-01
-1.200099999999999945e+00
-4.559899999999999842e+00
-9.428499999999999659e+00
-1.466299999999999937e+00
1.781700000000000017e+01
3.181800000000000139e+01
1.827299999999999969e+01
-5.461500000000000021e+00
-1.976099999999999923e+01
-2.156900000000000261e+01
-2.266000000000000014e+01
-3.016600000000000037e+01
-3.352000000000000313e+01
-3.272299999999999898e+01
-2.664300000000000068e+01
-2.169300000000000139e+01
-2.089499999999999957e+01
-1.632300000000000040e+01
-1.325999999999999979e+01
3.388399999999999856e+00
2.041400000000000148e+01
2.310099999999999909e+01
2.805199999999999960e+01
3.413599999999999568e+01
3.304899999999999949e+01
2.177400000000000091e+01
9.367100000000000648e+00
2.243599999999999817e+00
4.554100000000000037e+00
4.222999999999999865e+00
-5.163999999999999702e+00
-1.040000000000000036e+01
-1.296799999999999953e+00
8.561199999999999477e+00
1.238199999999999967e+01
1.091900000000000048e+01
9.456099999999999284e+00
1.201400000000000023e+00
-2.616399999999999837e-01
-2.149699999999999944e-01
9.638600000000000501e-01
-9.178699999999999193e+00
-1.177299999999999969e+01
-1.965299999999999869e+01
-2.413400000000000034e+01
-2.408900000000000219e+01
-1.913700000000000045e+01
-1.267699999999999960e+01
-1.263099999999999845e+01
-1.711499999999999844e+01
-1.857900000000000063e+01
-1.061099999999999888e+01
-1.056700000000000017e+01
-1.052400000000000091e+01
-6.706599999999999895e+00
-2.512999999999999901e+00
1.711400000000000143e-01
4.741900000000000226e+00
9.689500000000000668e+00
1.010700000000000109e+01
8.261900000000000688e+00
-4.528299999999999770e+00
-1.430000000000000071e+01
-9.695000000000000284e+00
7.702600000000000335e+00
2.925000000000000000e+01
4.211899999999999977e+01
3.989099999999999824e+01
2.671900000000000119e+01
1.166099999999999959e+01
2.224299999999999944e+00
-6.043499999999999872e+00
-1.129199999999999982e+01
-1.352299999999999969e+01
-1.311400000000000077e+01
-1.308200000000000074e+01
-7.013499999999999623e+00
9.997600000000000264e+00
4.210300000000000153e+01
5.798100000000000165e+01
4.857399999999999807e+01
2.973400000000000176e+01
1.730700000000000216e+01
1.620100000000000051e+01
1.698000000000000043e+01
1.738100000000000023e+01
1.664900000000000091e+01
1.285999999999999943e+01
-5.987099999999999866e+00
-1.879700000000000060e+01
-2.934400000000000119e+01
-4.743800000000000239e+01
-6.176100000000000279e+01
-7.117900000000000205e+01
-7.074699999999999989e+01
-5.828000000000000114e+01
-4.505899999999999750e+01
-3.296999999999999886e+01
-1.827899999999999991e+01
-1.287099999999999911e+00
1.985500000000000043e+01
3.156199999999999761e+01
2.591000000000000014e+01
1.534999999999999964e+01
8.940799999999999415e+00
5.549400000000000333e+00
3.289000000000000146e+00
-1.044400000000000051e-01
1.029300000000000104e+00
5.520400000000000418e+00
1.118099999999999916e+01
8.915200000000000458e+00
9.885099999999999998e-01
-9.203699999999999548e+00
-9.584899999999999309e+00
2.485300000000000065e+00
2.289400000000000190e+01
4.477300000000000324e+01
5.793500000000000227e+01
6.924600000000000932e+01
7.036799999999999500e+01
6.695999999999999375e+01
6.694800000000000750e+01
6.089699999999999847e+01
4.390100000000000335e+01
2.422500000000000142e+01
-1.503700000000000081e+01
-3.882900000000000063e+01
-3.696000000000000085e+01
-3.320599999999999596e+01
-2.454699999999999704e+01
-2.305800000000000338e+01
-2.647699999999999676e+01
-3.031099999999999994e+01
-3.712800000000000011e+01
-4.281300000000000239e+01
-5.227300000000000324e+01
-5.946899999999999409e+01
-4.553399999999999892e+01
-1.344900000000000162e+01
2.044699999999999918e+01
4.494500000000000028e+01
4.906499999999999773e+01
3.620300000000000296e+01
2.069900000000000162e+01
-8.910400000000000265e-02
-2.238699999999999690e+01
-3.604500000000000171e+01
-5.155199999999999960e+01
-6.479600000000000648e+01
-8.030400000000000205e+01
-8.260600000000000875e+01
-6.905800000000000693e+01
-4.385199999999999676e+01
-3.135299999999999976e+00
1.229599999999999937e+01
1.150200000000000067e+01
-5.771399999999999864e-01
-1.382599999999999874e+01
-3.160399999999999920e+01
-4.451399999999999579e+01
-5.776399999999999579e+01
-5.667600000000000193e+01
-5.520899999999999608e+01
-5.751800000000000068e+01
-6.510999999999999943e+01
-5.689000000000000057e+01
-3.919899999999999807e+01
-2.679199999999999804e+01
-1.174200000000000088e+01
-1.598799999999999999e+00
1.269500000000000028e+01
4.695100000000000051e+01
8.656900000000000261e+01
1.125600000000000023e+02
1.238299999999999983e+02
1.362400000000000091e+02
1.448700000000000045e+02
1.421399999999999864e+02
1.315300000000000011e+02
1.114800000000000040e+02
7.709899999999998954e+01
4.610699999999999932e+01
2.756900000000000261e+01
1.578700000000000081e+01
4.796299999999999564e+00
1.003399999999999892e+01
3.036400000000000077e+01
5.522399999999999665e+01
6.838600000000000989e+01
5.400000000000000000e+01
2.976599999999999824e+01
-4.619500000000000384e+00
-4.127100000000000080e+01
-6.886199999999999477e+01
-8.513299999999999557e+01
-9.234499999999999886e+01
-9.620200000000001239e+01
-9.435700000000001353e+01
-9.285299999999999443e+01
-8.950600000000000023e+01
-8.501600000000000534e+01
-8.392499999999999716e+01
-7.683400000000000318e+01
-6.781900000000000261e+01
-6.031300000000000239e+01
-6.828100000000000591e+01
-7.511100000000000421e+01
-8.383200000000000784e+01
-8.919299999999999784e+01
-6.847700000000000387e+01
-3.681700000000000017e+01
-2.891599999999999948e+00
3.178900000000000148e+01
3.329899999999999949e+01
1.020599999999999952e+01
-1.888700000000000045e+01
-3.363599999999999568e+01
-3.857999999999999829e+01
-2.427499999999999858e+01
3.376400000000000290e+01
1.001500000000000057e+02
1.680500000000000114e+02
2.381999999999999886e+02
2.725099999999999909e+02
2.588899999999999864e+02
2.430200000000000102e+02
2.275099999999999909e+02
2.139399999999999977e+02
1.829300000000000068e+02
1.364900000000000091e+02
8.098600000000000421e+01
3.416599999999999682e+01
5.045200000000000351e+00
-1.950799999999999912e+01
-3.462800000000000011e+01
-2.333300000000000196e+01
-7.502299999999999969e+00
2.904100000000000037e+01
3.920199999999999818e+01
-1.909000000000000030e+00
-4.646399999999999864e+01
-1.034599999999999937e+02
-1.608499999999999943e+02
-2.005200000000000102e+02
-2.167700000000000102e+02
-2.333899999999999864e+02
-2.254799999999999898e+02
-1.964499999999999886e+02
-1.847599999999999909e+02
-1.742100000000000080e+02
-1.678100000000000023e+02
-1.720200000000000102e+02
-1.493899999999999864e+02
-1.075199999999999960e+02
-6.904099999999999682e+01
-3.392199999999999704e+01
-2.261400000000000077e+01
-9.417999999999999261e+00
3.401100000000000012e+00
2.641000000000000014e+01
6.183399999999999608e+01
7.314699999999999136e+01
6.973999999999999488e+01
6.482399999999999807e+01
5.839999999999999858e+01
7.915000000000000568e+01
1.187699999999999960e+02
1.583799999999999955e+02
1.730900000000000034e+02
1.564799999999999898e+02
1.198700000000000045e+02
8.175199999999999534e+01
6.548399999999999466e+01
6.623300000000000409e+01
6.739900000000000091e+01
8.136199999999999477e+01
1.062600000000000051e+02
1.115499999999999972e+02
1.074000000000000057e+02
9.946899999999999409e+01
7.908800000000000807e+01
7.644700000000000273e+01
7.871099999999999852e+01
7.720199999999999818e+01
9.003600000000000136e+01
7.192000000000000171e+01
4.021999999999999886e+01
-3.167699999999999960e+00
-6.240800000000000125e+01
-1.227900000000000063e+02
-1.737599999999999909e+02
-2.126200000000000045e+02
-2.254499999999999886e+02
-2.216699999999999875e+02
-2.144900000000000091e+02
-2.167599999999999909e+02
-2.224099999999999966e+02
-2.303300000000000125e+02
-2.363600000000000136e+02
-2.155999999999999943e+02
-1.450300000000000011e+02
-9.105100000000000193e+01
-4.991100000000000136e+01
-4.990100000000000335e+01
-5.479699999999999704e+01
-3.856099999999999994e+01
-2.835999999999999943e+01
-1.736700000000000088e+01
-7.926800000000000068e+00
3.321999999999999886e+01
7.964799999999999613e+01
1.309799999999999898e+02
1.547599999999999909e+02
1.521399999999999864e+02
1.253599999999999994e+02
1.046200000000000045e+02
8.576399999999999579e+01
9.370600000000000307e+01
1.110699999999999932e+02
1.258100000000000023e+02
1.363899999999999864e+02
1.481100000000000136e+02
1.485000000000000000e+02
1.308199999999999932e+02
1.074399999999999977e+02
8.556700000000000728e+01
5.615899999999999892e+01
4.522699999999999676e+01
5.996300000000000097e+01
8.186799999999999500e+01
8.754799999999998761e+01
6.039600000000000080e+01
2.834800000000000253e+01
-7.862899999999999778e+00
-2.784600000000000009e+01
-2.933199999999999719e+01
-2.705199999999999960e+01
-5.519599999999999618e+00
2.733199999999999719e+01
3.188100000000000023e+01
1.530199999999999960e+01
-5.788499999999999801e+01
-1.344699999999999989e+02
-2.031299999999999955e+02
-2.408400000000000034e+02
-2.083600000000000136e+02
-1.615500000000000114e+02
-1.079399999999999977e+02
-6.263600000000000279e+01
-3.729599999999999937e+01
-2.142000000000000171e+01
-1.045500000000000007e+01
-2.884300000000000086e+00
3.072400000000000020e+01
6.999399999999999977e+01
9.416700000000000159e+01
1.111700000000000017e+02
1.266700000000000017e+02
1.440900000000000034e+02
1.418400000000000034e+02
1.335600000000000023e+02
1.267999999999999972e+02
9.851999999999999602e+01
4.910899999999999466e+01
3.064000000000000057e+01
1.255000000000000071e+01
-2.570300000000000362e-01
-2.170599999999999952e+01
-3.375900000000000034e+01
-3.335800000000000409e+01
-3.522200000000000131e+01
-5.146500000000000341e+01
-1.039000000000000057e+02
-1.363300000000000125e+02
-1.287500000000000000e+02
-1.230300000000000011e+02
-9.584399999999999409e+01
-7.318300000000000693e+01
-6.410300000000000864e+01
-5.653699999999999903e+01
-3.839699999999999847e+01
-3.536199999999999477e+01
-4.813300000000000267e+01
-5.603300000000000125e+01
-6.167300000000000182e+01
-7.561499999999999488e+01
-7.937000000000000455e+01
-7.670799999999999841e+01
-7.366599999999999682e+01
-6.949600000000000932e+01
-2.226800000000000068e+01
6.114899999999999380e+01
1.464499999999999886e+02
2.445800000000000125e+02
2.823399999999999750e+02
2.371100000000000136e+02
1.846800000000000068e+02
1.130000000000000000e+02
3.075400000000000134e+01
-2.356800000000000139e+01
-4.807800000000000296e+01
-8.768200000000000216e+01
-1.147999999999999972e+02
-1.302899999999999920e+02
-1.378199999999999932e+02
-1.015699999999999932e+02
-5.249699999999999989e+01
-2.617599999999999788e-02
5.172800000000000153e+01
9.627700000000000102e+01
1.238400000000000034e+02
1.080100000000000051e+02
7.066800000000000637e+01
1.483500000000000085e+01
-3.039099999999999824e+01
-4.132000000000000028e+01
-4.696199999999999619e+01
-4.769899999999999807e+01
-4.919100000000000250e+01
-4.838100000000000023e+01
-3.440099999999999625e+01
-2.307199999999999918e+00
4.841599999999999682e+00
-2.608399999999999963e+01
-6.225399999999999778e+01
-1.037399999999999949e+02
-1.388300000000000125e+02
-1.327599999999999909e+02
-1.052000000000000028e+02
-9.156100000000000705e+01
-6.097600000000000620e+01
-2.133500000000000085e+01
1.264700000000000024e+01
5.681700000000000017e+01
5.196800000000000352e+01
3.085500000000000043e+01
4.458999999999999631e+00
-6.503000000000000114e+00
4.838099999999999845e+00
-7.180600000000000094e+00
-2.942500000000000071e+01
-2.412199999999999989e+01
4.275199999999999556e-01
4.384499999999999886e+01
8.541299999999999670e+01
1.160000000000000000e+02
1.484799999999999898e+02
1.556599999999999966e+02
1.496500000000000057e+02
1.210300000000000011e+02
6.142800000000000438e+01
2.480900000000000105e+01
-8.377100000000000435e+00
-4.609399999999999409e+01
-8.002899999999999636e+01
-5.468299999999999983e+01
-7.870800000000000018e+00
4.762500000000000000e+01
9.595100000000000762e+01
9.676299999999999102e+01
6.660099999999999909e+01
3.413400000000000034e+01
-1.313800000000000079e+00
-2.732800000000000296e+01
-4.274000000000000199e+01
-5.743299999999999983e+01
-5.778399999999999892e+01
-2.002599999999999980e+01
1.133499999999999952e+00
1.893200000000000216e+01
4.989999999999999858e+01
9.218999999999999773e+01
9.221399999999999864e+01
4.767000000000000171e+01
1.477499999999999925e-01
-8.016800000000000637e+01
-1.722199999999999989e+02
-2.303100000000000023e+02
-2.178400000000000034e+02
-1.469000000000000057e+02
-6.872499999999999432e+01
1.657999999999999829e+01
8.717299999999998761e+01
1.404000000000000057e+02
1.491399999999999864e+02
1.438799999999999955e+02
1.424000000000000057e+02
1.476999999999999886e+02
1.673400000000000034e+02
1.941599999999999966e+02
1.907800000000000011e+02
1.629199999999999875e+02
1.202900000000000063e+02
2.706699999999999662e+01
-7.744299999999999784e+01
-1.495000000000000000e+02
-2.083499999999999943e+02
-1.992400000000000091e+02
-1.448799999999999955e+02
-9.508700000000000330e+01
-4.525999999999999801e+01
-1.477800000000000002e+00
4.536999999999999744e+01
6.576000000000000512e+01
7.936100000000000421e+01
4.541100000000000136e+01
-2.816300000000000026e+01
-1.070199999999999960e+02
-1.730900000000000034e+02
-2.368199999999999932e+02
-2.692599999999999909e+02
-2.352800000000000011e+02
-1.798100000000000023e+02
-1.028199999999999932e+02
-2.239900000000000091e+01
6.251200000000000045e+01
9.610200000000000387e+01
7.421600000000000819e+01
4.931199999999999761e+01
3.606700000000000017e+01
2.814300000000000068e+01
2.134699999999999775e+01
7.763899999999999579e+00
-1.488499999999999979e+01
6.653699999999999726e+00
4.665500000000000114e+01
5.796399999999999864e+01
6.475199999999999534e+01
8.210200000000000387e+01
1.141700000000000017e+02
1.643499999999999943e+02
1.715099999999999909e+02
1.420600000000000023e+02
1.035499999999999972e+02
5.938600000000000279e+01
1.333099999999999952e+01
-3.310099999999999909e+01
-3.881800000000000495e+01
-1.125200000000000067e+01
1.665200000000000102e+01
6.266899999999999693e+01
1.252900000000000063e+02
1.339499999999999886e+02
1.037300000000000040e+02
5.502600000000000335e+01
-2.387000000000000099e+01
-9.336899999999999977e+01
-1.345300000000000011e+02
-1.805699999999999932e+02
-1.911599999999999966e+02
-1.364799999999999898e+02
-1.097099999999999937e+02
-8.182399999999999807e+01
-8.336899999999999977e+01
-1.075499999999999972e+02
-1.306100000000000136e+02
-1.544600000000000080e+02
-1.609099999999999966e+02
-1.198199999999999932e+02
-5.193699999999999761e+01
4.013499999999999801e+01
9.782999999999999829e+01
1.513700000000000045e+02
1.630200000000000102e+02
1.618499999999999943e+02
1.463300000000000125e+02
1.266599999999999966e+02
9.944499999999999318e+01
8.166700000000000159e+01
4.724000000000000199e+01
-1.111699999999999910e+00
-2.342500000000000071e+01
-6.536100000000000421e+01
-7.673199999999999932e+01
-7.942399999999999238e+01
-7.872199999999999420e+01
-1.191500000000000057e+02
-1.686399999999999864e+02
-2.030600000000000023e+02
-2.223600000000000136e+02
-2.367599999999999909e+02
-2.485099999999999909e+02
-2.281800000000000068e+02
-1.421999999999999886e+02
-5.051600000000000534e+01
3.509700000000000131e+01
1.078700000000000045e+02
1.806500000000000057e+02
2.179499999999999886e+02
2.073400000000000034e+02
1.853899999999999864e+02
1.328899999999999864e+02
6.717499999999999716e+01
5.010100000000000620e+01
4.249800000000000466e+01
5.942999999999999972e+01
7.107399999999999807e+01
7.672100000000000364e+01
8.342499999999999716e+01
7.922299999999999898e+01
5.649300000000000210e+01
3.908400000000000318e+01
3.035500000000000043e+01
2.502300000000000324e+01
1.931400000000000006e+01
1.775600000000000023e+01
1.808599999999999852e+01
1.313299999999999912e+01
8.937799999999999301e+00
1.795100000000000051e+01
2.884699999999999775e+01
3.974600000000000222e+01
5.177799999999999869e+01
5.928199999999999648e+01
6.980599999999999739e+01
4.674699999999999989e+01
-1.218299999999999939e+00
-3.220000000000000284e+01
-4.657800000000000296e+01
-5.340899999999999892e+01
-6.061399999999999721e+01
-6.521600000000000819e+01
-6.830500000000000682e+01
-6.946999999999999886e+01
-4.007000000000000028e+01
1.408600000000000074e+00
4.141600000000000392e+01
8.138700000000000045e+01
1.281500000000000057e+02
1.734099999999999966e+02
1.635699999999999932e+02
1.352400000000000091e+02
7.559799999999999898e+01
3.500199999999999978e+00
-6.452199999999999136e+01
-1.320900000000000034e+02
-1.902299999999999898e+02
-2.325000000000000000e+02
-2.593199999999999932e+02
-2.585699999999999932e+02
-2.442500000000000000e+02
-1.932800000000000011e+02
-1.137099999999999937e+02
-4.805600000000000449e+01
-1.654700000000000060e+00
4.060999999999999943e+01
5.381100000000000705e+01
4.097299999999999898e+01
8.138299999999999201e+00
-2.658199999999999719e+01
-6.205600000000000449e+01
-9.564399999999999125e+01
-1.114899999999999949e+02
-8.850600000000000023e+01
-5.680300000000000438e+01
-3.264699999999999847e+01
4.713599999999999568e+00
6.434300000000000352e+01
1.481299999999999955e+02
2.186999999999999886e+02
2.402599999999999909e+02
2.556999999999999886e+02
2.338300000000000125e+02
2.104399999999999977e+02
1.772500000000000000e+02
1.319799999999999898e+02
8.520900000000000318e+01
5.843500000000000227e+01
4.260399999999999920e+01
6.710899999999999466e+01
7.354699999999999704e+01
6.828699999999999193e+01
3.246099999999999852e+01
1.206700000000000017e+01
-1.281299999999999883e+01
-1.127799999999999869e+01
1.067099999999999854e-01
4.661900000000000155e+00
1.293199999999999905e+00
1.895300000000000040e-01
-1.944200000000000017e+01
-5.526200000000000045e+01
-9.900499999999999545e+01
-1.212399999999999949e+02
-1.230900000000000034e+02
-1.306100000000000136e+02
-1.302299999999999898e+02
-1.086899999999999977e+02
-1.056400000000000006e+02
-1.074500000000000028e+02
-9.873600000000000421e+01
-8.817000000000000171e+01
-5.643800000000000239e+01
-9.232699999999999463e+00
2.061599999999999966e+01
2.329500000000000171e+01
7.860899999999999999e+00
-1.248000000000000043e+01
-2.791300000000000026e+01
-2.598900000000000077e+01
-3.198900000000000077e+01
-3.043800000000000239e+01
-1.685000000000000142e+01
-3.613399999999999945e+00
1.609400000000000119e+01
1.424099999999999966e+01
1.314499999999999957e+01
2.488599999999999923e+01
3.620700000000000074e+01
5.322800000000000153e+01
4.534499999999999886e+01
7.643900000000000361e+00
-2.061899999999999977e+01
-3.642999999999999972e+01
-2.771099999999999852e+01
-1.183000000000000007e+01
1.235900000000000176e+01
4.522600000000000620e+01
7.696200000000000330e+01
1.003499999999999943e+02
9.740500000000000114e+01
8.876600000000000534e+01
8.011700000000000443e+01
7.977800000000000580e+01
6.886499999999999488e+01
3.641100000000000136e+01
2.100200000000000067e+00
-1.707799999999999940e+01
-1.553500000000000014e+01
-3.089300000000000157e+00
1.694000000000000128e+01
3.583800000000000097e+01
4.533800000000000097e+01
4.838499999999999801e+01
4.233600000000000563e+01
4.122999999999999687e+01
3.672699999999999676e+01
8.826800000000000423e+00
-2.775300000000000011e+01
-6.282300000000000040e+01
-9.487700000000000955e+01
-1.178799999999999955e+02
-1.235199999999999960e+02
-1.261400000000000006e+02
-1.185699999999999932e+02
-9.780200000000000671e+01
-8.382299999999999329e+01
-8.607299999999999329e+01
-7.100000000000000000e+01
-5.094899999999999807e+01
-4.829299999999999926e+01
-2.979100000000000037e+01
-1.544099999999999895e+01
1.622899999999999920e+01
5.250500000000000256e+01
5.968100000000000449e+01
5.704699999999999704e+01
6.007100000000000506e+01
6.346899999999999409e+01
5.102199999999999847e+01
3.781700000000000017e+01
3.178199999999999648e+01
5.027000000000000313e+01
8.234600000000000364e+01
1.159300000000000068e+02
1.446500000000000057e+02
1.732899999999999920e+02
1.778100000000000023e+02
1.778000000000000114e+02
1.555300000000000011e+02
8.986599999999999966e+01
2.004599999999999937e+01
-4.902100000000000080e+01
-1.052600000000000051e+02
-1.396100000000000136e+02
-1.653199999999999932e+02
-1.656999999999999886e+02
-1.471899999999999977e+02
-1.272000000000000028e+02
-9.816200000000000614e+01
-7.968899999999999295e+01
-6.838500000000000512e+01
-8.387399999999999523e+01
-9.521200000000000330e+01
-9.372399999999998954e+01
-7.562699999999999534e+01
-7.829000000000000625e+01
-9.189600000000000080e+01
-1.092800000000000011e+02
-1.255199999999999960e+02
-1.417700000000000102e+02
-1.497199999999999989e+02
-1.305000000000000000e+02
-9.014499999999999602e+01
-3.771600000000000108e+01
1.810900000000000176e+01
6.604699999999999704e+01
9.696500000000000341e+01
1.116500000000000057e+02
9.649799999999999045e+01
8.250900000000000034e+01
6.440800000000000125e+01
5.192699999999999960e+01
5.831600000000000250e+01
7.111899999999999977e+01
8.392200000000001125e+01
9.748100000000000875e+01
1.023599999999999994e+02
1.064800000000000040e+02
1.121099999999999994e+02
1.185000000000000000e+02
1.320699999999999932e+02
1.298100000000000023e+02
1.184599999999999937e+02
1.067000000000000028e+02
7.874800000000000466e+01
5.683600000000000563e+01
2.967699999999999960e+01
9.651899999999999480e+00
5.855500000000000149e+00
-1.571599999999999930e+01
-3.611800000000000210e+01
-4.444300000000000495e+01
-3.427700000000000102e+01
1.209899999999999975e+00
4.382999999999999829e+01
7.399800000000000466e+01
8.039199999999999591e+01
7.395799999999999841e+01
2.110399999999999920e+01
-4.381700000000000017e+01
-1.012000000000000028e+02
-1.714000000000000057e+02
-2.412299999999999898e+02
-2.782300000000000182e+02
-2.891899999999999977e+02
-2.775000000000000000e+02
-2.503499999999999943e+02
-2.069600000000000080e+02
-1.510900000000000034e+02
-8.920700000000000784e+01
-4.695499999999999829e+01
-8.886900000000000688e+00
3.001099999999999923e+01
6.887199999999999989e+01
9.565899999999999181e+01
1.073499999999999943e+02
9.565000000000000568e+01
8.960999999999999943e+01
8.507999999999999829e+01
8.847499999999999432e+01
1.187000000000000028e+02
1.549300000000000068e+02
1.953100000000000023e+02
2.077700000000000102e+02
1.949399999999999977e+02
1.579699999999999989e+02
6.548100000000000875e+01
2.850800000000000267e+01
1.232799999999999940e+01
1.913299999999999912e+01
4.706499999999999773e+01
6.934399999999999409e+01
5.992399999999999949e+01
4.371199999999999619e+01
2.410500000000000043e+01
-1.538599999999999968e+00
-2.982300000000000040e+01
-5.735100000000000620e+01
-8.412399999999999523e+01
-1.097600000000000051e+02
-1.395099999999999909e+02
-1.610000000000000000e+02
-1.598499999999999943e+02
-1.530300000000000011e+02
-1.062099999999999937e+02
-5.183899999999999864e+01
5.926300000000000345e+00
3.840899999999999892e+01
5.919300000000000495e+01
4.790399999999999636e+01
3.133199999999999719e+01
1.551700000000000124e+01
-6.759600000000000053e-01
-1.988700000000000045e+01
-1.947400000000000020e+01
-1.566300000000000026e+01
-6.154700000000000060e+00
1.803500000000000014e+01
3.656400000000000006e+01
4.867899999999999494e+01
6.457099999999999795e+01
9.668399999999999750e+01
1.416299999999999955e+02
1.658300000000000125e+02
1.545500000000000114e+02
1.368600000000000136e+02
1.002900000000000063e+02
5.169399999999999551e+01
1.211599999999999966e+01
-7.084500000000000242e+00
-8.171400000000000219e+00
6.967800000000000438e+00
-5.061499999999999666e+00
-3.294100000000000250e+01
-6.119600000000000506e+01
-9.020799999999999841e+01
-9.431100000000000705e+01
-1.048299999999999983e+02
-1.311999999999999886e+02
-1.523199999999999932e+02
-1.703899999999999864e+02
-1.884499999999999886e+02
-2.129300000000000068e+02
-2.245900000000000034e+02
-2.248799999999999955e+02
-2.199300000000000068e+02
-1.847899999999999920e+02
-1.356899999999999977e+02
-8.469799999999999329e+01
-3.332900000000000063e+01
1.803599999999999781e+01
6.147999999999999687e+01
1.045799999999999983e+02
1.378300000000000125e+02
1.329699999999999989e+02
1.171599999999999966e+02
9.908799999999999386e+01
1.021500000000000057e+02
1.237000000000000028e+02
1.524199999999999875e+02
1.800099999999999909e+02
2.083899999999999864e+02
2.352199999999999989e+02
2.378899999999999864e+02
2.398199999999999932e+02
2.425000000000000000e+02
2.406100000000000136e+02
2.342299999999999898e+02
1.987800000000000011e+02
1.459900000000000091e+02
8.077100000000000080e+01
2.004500000000000171e+01
-1.954899999999999949e+01
-5.540600000000000591e+01
-7.614000000000000057e+01
-6.969599999999999795e+01
-5.608699999999999619e+01
-4.059400000000000119e+01
-3.902700000000000102e+01
-5.183800000000000097e+01
-7.634699999999999420e+01
-8.806499999999999773e+01
-9.408700000000000330e+01
-9.445000000000000284e+01
-9.741799999999999216e+01
-1.083499999999999943e+02
-1.396999999999999886e+02
-1.898799999999999955e+02
-2.294900000000000091e+02
-2.434499999999999886e+02
-2.475600000000000023e+02
-2.147599999999999909e+02
-1.626899999999999977e+02
-1.068400000000000034e+02
-6.117800000000000438e+01
-3.095599999999999952e+01
-4.544900000000000162e+00
1.054299999999999926e+01
-7.955700000000000216e+00
-4.498399999999999466e+01
-8.310899999999999466e+01
-1.113900000000000006e+02
-1.295099999999999909e+02
-1.434900000000000091e+02
-1.103400000000000034e+02
-5.148799999999999955e+01
8.153000000000000469e+00
6.133899999999999864e+01
1.081099999999999994e+02
1.488400000000000034e+02
1.684699999999999989e+02
1.759600000000000080e+02
1.672500000000000000e+02
1.506100000000000136e+02
1.449199999999999875e+02
1.381299999999999955e+02
1.278700000000000045e+02
1.131200000000000045e+02
8.893399999999999750e+01
5.417699999999999960e+01
3.111899999999999977e+01
2.277699999999999747e+01
3.405599999999999739e+01
5.023899999999999721e+01
6.449699999999999989e+01
7.543300000000000693e+01
8.519899999999999807e+01
7.911499999999999488e+01
6.695100000000000762e+01
4.090200000000000102e+01
-1.461999999999999922e+01
-7.203100000000000591e+01
-1.196700000000000017e+02
-1.389600000000000080e+02
-1.476999999999999886e+02
-1.382800000000000011e+02
-1.221500000000000057e+02
-1.067300000000000040e+02
-8.754500000000000171e+01
-6.001600000000000534e+01
-1.407400000000000162e+01
3.266100000000000136e+01
4.882800000000000296e+01
5.710800000000000409e+01
6.078399999999999892e+01
4.751600000000000534e+01
1.009500000000000064e+01
-1.826900000000000190e+01
-4.436299999999999955e+01
-5.348100000000000165e+01
-6.033800000000000097e+01
-4.945499999999999829e+01
-2.272500000000000142e+01
1.230799999999999983e+01
3.450999999999999801e+01
3.558099999999999596e+01
1.585799999999999876e+01
3.381299999999999972e+00
-1.208499999999999908e+00
-2.024500000000000188e+00
-4.388300000000000090e+00
-1.346700000000000053e+01
-2.673600000000000065e+01
-4.230600000000000449e+01
-5.632800000000000296e+01
-5.223600000000000421e+01
-4.169100000000000250e+01
-2.820199999999999818e+01
-2.599599999999999866e+01
-4.227899999999999636e+01
-5.931700000000000017e+01
-7.107200000000000273e+01
-6.961700000000000443e+01
-6.514300000000000068e+01
-6.368999999999999773e+01
-6.487399999999999523e+01
-6.039300000000000068e+01
-3.029899999999999949e+01
6.673000000000000043e+00
4.360399999999999920e+01
7.336700000000000443e+01
9.932200000000000273e+01
1.215400000000000063e+02
1.385200000000000102e+02
1.464000000000000057e+02
1.508400000000000034e+02
1.534399999999999977e+02
1.583000000000000114e+02
1.624600000000000080e+02
1.638899999999999864e+02
1.544199999999999875e+02
1.226800000000000068e+02
8.755500000000000682e+01
5.129600000000000648e+01
2.069699999999999918e+01
-5.748400000000000176e+00
-8.456799999999999429e+00
-3.579400000000000137e+00
2.432399999999999896e+00
9.237600000000000477e+00
2.015700000000000003e+01
3.104100000000000037e+01
4.120899999999999608e+01
3.175499999999999901e+01
8.756800000000000139e+00
-2.035500000000000043e+01
-4.905100000000000193e+01
-7.585399999999999920e+01
-9.779000000000000625e+01
-1.181800000000000068e+02
-1.290999999999999943e+02
-1.343899999999999864e+02
-1.389600000000000080e+02
-1.438700000000000045e+02
-1.472700000000000102e+02
-1.464799999999999898e+02
-1.442500000000000000e+02
-1.389699999999999989e+02
-1.321800000000000068e+02
-9.783200000000000784e+01
-5.707100000000000506e+01
-1.782199999999999918e+01
2.784699999999999775e+01
6.596899999999999409e+01
8.598000000000000398e+01
9.878399999999999181e+01
9.841700000000000159e+01
8.748700000000000898e+01
6.037600000000000477e+01
7.937199999999999811e+00
-3.510199999999999676e+01
-7.093200000000000216e+01
-8.826899999999999125e+01
-8.937899999999999068e+01
-8.977100000000000080e+01
-7.763400000000000034e+01
-5.081600000000000250e+01
-1.041200000000000081e+01
3.263499999999999801e+01
8.096600000000000819e+01
1.228400000000000034e+02
1.308000000000000114e+02
1.210600000000000023e+02
1.041099999999999994e+02
8.791700000000000159e+01
6.983800000000000807e+01
7.474200000000000443e+01
8.949600000000000932e+01
9.745600000000000307e+01
9.938100000000000023e+01
9.036299999999999955e+01
7.979800000000000182e+01
7.912199999999999989e+01
8.897399999999998954e+01
9.467600000000000193e+01
8.415200000000000102e+01
6.910099999999999909e+01
5.291700000000000159e+01
2.499800000000000111e+01
-9.676099999999999923e+00
-3.944300000000000495e+01
-8.468200000000000216e+01
-1.261400000000000006e+02
-1.177999999999999972e+02
-1.011899999999999977e+02
-8.415799999999998704e+01
-7.165800000000000125e+01
-3.840899999999999892e+01
-1.039400000000000013e+01
3.077800000000000225e+01
1.347000000000000064e+01
-3.742800000000000438e+01
-6.119200000000000017e+01
-7.212699999999999534e+01
-7.396899999999999409e+01
-7.728100000000000591e+01
-7.006100000000000705e+01
-6.058600000000000563e+01
-5.525500000000000256e+01
-3.936099999999999710e+01
-1.214499999999999957e+01
1.016300000000000026e+01
2.077400000000000091e+01
2.949800000000000111e+01
3.105099999999999838e+01
3.260300000000000153e+01
2.770199999999999818e+01
1.566799999999999926e+01
1.231400000000000006e+01
1.801599999999999824e+01
2.937699999999999889e+01
4.262399999999999523e+01
5.775699999999999790e+01
6.798499999999999943e+01
6.273899999999999721e+01
5.556899999999999551e+01
4.617100000000000648e+01
4.016799999999999926e+01
4.095799999999999841e+01
3.268900000000000006e+01
2.328699999999999903e+01
1.350900000000000034e+01
6.746500000000000163e+00
-1.525300000000000100e+00
-1.319400000000000084e+01
-2.033500000000000085e+01
-1.917599999999999838e+01
-2.178999999999999915e+01
-3.195300000000000296e+01
-5.762600000000000477e+01
-7.760399999999999920e+01
-1.300300000000000011e+02
-1.568100000000000023e+02
-1.560300000000000011e+02
-1.446899999999999977e+02
-1.197699999999999960e+02
-8.578499999999999659e+01
-5.180799999999999983e+01
-2.499800000000000111e+01
-6.870199999999999640e+00
-6.479199999999999626e+00
-1.707099999999999795e+01
-3.211599999999999966e+01
-3.361500000000000199e+01
-3.171900000000000119e+01
-1.623799999999999955e+01
-6.041500000000000092e+00
-1.884500000000000064e+00
9.819499999999999673e+00
1.846599999999999753e+01
3.281000000000000227e+01
6.337600000000000477e+01
9.696299999999999386e+01
1.316800000000000068e+02
1.619099999999999966e+02
1.777599999999999909e+02
1.750800000000000125e+02
1.554499999999999886e+02
1.075199999999999960e+02
5.846100000000000563e+01
1.921099999999999852e+01
-1.441900000000000048e+01
-2.155699999999999861e+01
-2.194199999999999662e+01
-2.308199999999999719e+01
-2.573199999999999932e+01
-2.691199999999999903e+01
-2.541199999999999903e+01
-2.391400000000000148e+01
-3.109900000000000020e+01
-4.843100000000000449e+01
-6.659499999999999886e+01
-7.792699999999999250e+01
-9.416799999999999216e+01
-1.092800000000000011e+02
-1.055199999999999960e+02
-9.307999999999999829e+01
-7.535999999999999943e+01
-5.575300000000000011e+01
-4.369600000000000506e+01
-4.145100000000000051e+01
-4.032999999999999829e+01
-4.264899999999999380e+01
-4.262899999999999778e+01
-4.453699999999999903e+01
-3.814099999999999824e+01
-2.272599999999999909e+01
-5.385299999999999976e+00
-2.348300000000000054e+00
-1.613599999999999923e+00
-3.179800000000000182e+00
-7.350299999999999834e+00
-1.076599999999999824e+01
-1.489900000000000091e+01
-5.522499999999999964e+00
2.125000000000000000e+01
5.255199999999999960e+01
1.020100000000000051e+02
1.570800000000000125e+02
1.777800000000000011e+02
1.800200000000000102e+02
1.751399999999999864e+02
1.596100000000000136e+02
1.410900000000000034e+02
1.142800000000000011e+02
7.312899999999999068e+01
3.537599999999999767e+01
-2.757800000000000029e+00
-4.202199999999999847e+01
-5.490299999999999869e+01
-3.979099999999999682e+01
-7.357499999999999929e+00
3.073900000000000077e+01
7.747800000000000864e+01
1.201400000000000006e+02
1.446500000000000057e+02
1.653899999999999864e+02
1.744300000000000068e+02
1.525300000000000011e+02
1.204399999999999977e+02
6.264899999999999380e+01
-7.177100000000000257e+00
-8.149399999999999977e+01
-1.426800000000000068e+02
-1.857100000000000080e+02
-2.113799999999999955e+02
-2.333199999999999932e+02
-2.359399999999999977e+02
-2.163300000000000125e+02
-1.861500000000000057e+02
-1.367199999999999989e+02
-9.182899999999999352e+01
-6.164999999999999858e+01
-5.147100000000000364e+01
-4.732899999999999352e+01
-4.394100000000000250e+01
-3.715699999999999648e+01
-2.735300000000000153e+01
-1.717099999999999937e+01
-4.724899999999999878e+00
1.715500000000000114e+01
3.979099999999999682e+01
4.733299999999999841e+01
4.883800000000000097e+01
4.090899999999999892e+01
2.090399999999999991e+01
6.938200000000000145e+00
-5.517299999999999649e+00
-8.915900000000000603e+00
2.402800000000000047e+00
1.783500000000000085e+01
3.862599999999999767e+01
5.862600000000000477e+01
7.371999999999999886e+01
8.541899999999999693e+01
8.466500000000000625e+01
7.825100000000000477e+01
6.919599999999999795e+01
4.995300000000000296e+01
3.221900000000000119e+01
2.161800000000000210e+01
1.109299999999999997e+01
-9.280400000000000205e+00
-1.384200000000000053e+01
-2.096900000000000119e+01
-3.190800000000000125e+01
-4.586500000000000199e+01
-5.570700000000000074e+01
-5.792699999999999960e+01
-4.735399999999999920e+01
-3.455499999999999972e+01
-2.318800000000000239e+01
-1.034999999999999964e+01
-4.303499999999999659e+00
-5.804000000000000270e+00
-8.058899999999999508e+00
-5.407300000000000217e+00
6.263499999999999623e+00
2.216099999999999781e+01
3.764300000000000068e+01
4.972999999999999687e+01
5.540200000000000102e+01
5.050699999999999790e+01
4.485899999999999466e+01
3.656900000000000261e+01
2.488400000000000034e+01
1.772700000000000031e+01
1.472099999999999831e+01
2.269699999999999918e+01
3.399399999999999977e+01
3.438499999999999801e+01
3.213599999999999568e+01
3.105599999999999739e+01
3.027800000000000225e+01
2.840599999999999881e+01
2.351500000000000057e+01
1.866600000000000037e+01
2.786099999999999799e+00
-1.870499999999999829e+01
-3.755199999999999960e+01
-5.749899999999999523e+01
-6.884399999999999409e+01
-7.184699999999999420e+01
-6.956399999999999295e+01
-6.800100000000000477e+01
-7.519199999999999307e+01
-9.102400000000000091e+01
-1.068599999999999994e+02
-1.230300000000000011e+02
-1.204099999999999966e+02
-1.071800000000000068e+02
-9.395799999999999841e+01
-7.088299999999999557e+01
-3.614800000000000324e+01
-1.273400000000000176e+01
5.736100000000000421e+00
2.088500000000000156e+01
3.599699999999999989e+01
4.318500000000000227e+01
4.278800000000000381e+01
4.585899999999999466e+01
3.833099999999999596e+01
1.759600000000000009e+01
-2.389400000000000190e+00
-1.025900000000000034e+01
-5.749500000000000277e+00
1.059199999999999919e+00
2.485099999999999909e+01
5.581199999999999761e+01
7.624399999999999977e+01
9.626100000000000989e+01
1.075999999999999943e+02
1.083299999999999983e+02
1.117399999999999949e+02
1.152000000000000028e+02
1.189899999999999949e+02
1.159800000000000040e+02
1.073199999999999932e+02
9.827700000000000102e+01
7.908499999999999375e+01
5.075999999999999801e+01
2.247300000000000253e+01
-1.185299999999999976e+01
-4.806399999999999295e+01
-8.201299999999999102e+01
-9.709299999999998931e+01
-8.953200000000001069e+01
-7.891500000000000625e+01
-6.116600000000000392e+01
-4.005799999999999983e+01
-1.476200000000000045e+01
1.053400000000000070e+01
3.394500000000000028e+01
3.399099999999999966e+01
2.154800000000000182e+01
6.088300000000000267e+00
-1.842999999999999972e+01
-5.011800000000000210e+01
-6.331600000000000250e+01
-6.330600000000000449e+01
-6.027799999999999869e+01
-5.721300000000000097e+01
-5.494100000000000250e+01
-5.870600000000000307e+01
-6.586899999999999977e+01
-5.869200000000000017e+01
-4.702499999999999858e+01
-3.305599999999999739e+01
-1.414499999999999957e+01
3.220099999999999962e+00
1.005400000000000027e+01
1.458699999999999974e+01
1.345800000000000018e+01
6.314400000000000013e-01
-1.483699999999999974e+01
-2.464699999999999847e+01
-3.521000000000000085e+01
-4.275699999999999790e+01
-4.049099999999999966e+01
-3.030199999999999960e+01
-1.596199999999999974e+01
-5.359200000000000408e+00
-5.360599999999999810e+00
-8.758200000000000429e+00
-1.366599999999999859e+01
-1.782000000000000028e+01
-1.706799999999999784e+01
-1.065599999999999881e+01
-4.999900000000000233e+00
1.008999999999999986e+01
3.574600000000000222e+01
6.253300000000000125e+01
9.464000000000000057e+01
1.308600000000000136e+02
1.538700000000000045e+02
1.682100000000000080e+02
1.663100000000000023e+02
1.561100000000000136e+02
1.364799999999999898e+02
1.127000000000000028e+02
8.890999999999999659e+01
6.474899999999999523e+01
3.458699999999999619e+01
7.027400000000000091e+00
-3.109800000000000253e+01
-6.507699999999999818e+01
-7.376399999999999579e+01
-8.019299999999999784e+01
-7.567900000000000205e+01
-6.773499999999999943e+01
-5.793800000000000239e+01
-4.776500000000000057e+01
-4.249800000000000466e+01
-4.591100000000000136e+01
-4.894699999999999562e+01
-5.685199999999999676e+01
-6.479500000000000171e+01
-6.443600000000000705e+01
-6.105899999999999750e+01
-5.390800000000000125e+01
-4.223100000000000165e+01
-3.055300000000000082e+01
-2.491300000000000026e+01
-2.417999999999999972e+01
-2.533399999999999963e+01
-2.909199999999999875e+01
-3.515099999999999625e+01
-3.479699999999999704e+01
-3.255599999999999739e+01
-4.276899999999999835e+01
-4.954699999999999704e+01
-2.579699999999999704e+01
-6.199300000000000033e+00
1.453099999999999881e+01
2.661499999999999844e+01
2.466800000000000281e+01
2.426500000000000057e+01
2.499300000000000210e+01
2.425000000000000000e+01
2.196000000000000085e+01
1.400799999999999912e+01
1.907199999999999868e-02
-1.732999999999999829e+01
-2.682900000000000063e+01
-2.912099999999999866e+01
-3.175199999999999889e+01
-2.876199999999999690e+01
-1.482699999999999996e+01
-4.251800000000000246e+00
5.907899999999999707e+00
2.323800000000000310e+01
3.977499999999999858e+01
4.544399999999999551e+01
4.541499999999999915e+01
4.236699999999999733e+01
3.860199999999999676e+01
4.725199999999999534e+01
6.873300000000000409e+01
8.266500000000000625e+01
9.169299999999999784e+01
9.808100000000000307e+01
8.865399999999999636e+01
5.390600000000000591e+01
1.840500000000000114e+01
-1.785099999999999909e+01
-4.844699999999999562e+01
-8.696600000000000819e+01
-1.115199999999999960e+02
-1.213299999999999983e+02
-1.145999999999999943e+02
-1.010499999999999972e+02
-6.971600000000000819e+01
-2.898900000000000077e+01
1.139799999999999969e+01
4.684100000000000108e+01
5.851100000000000279e+01
5.885999999999999943e+01
5.543600000000000705e+01
5.125699999999999790e+01
4.522899999999999920e+01
4.029500000000000171e+01
3.536199999999999477e+01
3.382500000000000284e+01
3.342000000000000171e+01
3.003500000000000014e+01
2.510199999999999676e+01
2.013200000000000145e+01
2.467199999999999704e+01
3.332500000000000284e+01
4.273300000000000409e+01
5.595300000000000296e+01
6.230699999999999505e+01
6.118699999999999761e+01
5.965299999999999869e+01
5.660600000000000165e+01
4.680899999999999750e+01
3.316100000000000136e+01
2.826900000000000190e+01
2.069800000000000040e+01
7.089500000000000135e+00
-4.632200000000000095e+00
-1.861799999999999855e+01
-3.332000000000000028e+01
-6.126800000000000068e+01
-8.472299999999999898e+01
-9.527400000000000091e+01
-1.051099999999999994e+02
-1.077699999999999960e+02
-1.115300000000000011e+02
-1.112099999999999937e+02
-1.040199999999999960e+02
-8.819499999999999318e+01
-7.462399999999999523e+01
-7.012100000000000932e+01
-6.787500000000000000e+01
-7.238600000000000989e+01
-7.768300000000000693e+01
-8.452899999999999636e+01
-7.583400000000000318e+01
-5.094500000000000028e+01
-2.186699999999999733e+01
8.681900000000000617e+00
3.847699999999999676e+01
6.902800000000000580e+01
9.391799999999999216e+01
9.243099999999999739e+01
8.449099999999999966e+01
7.009999999999999432e+01
4.559499999999999886e+01
2.256199999999999761e+01
6.699099999999999611e+00
3.290099999999999802e+00
1.391499999999999959e+00
1.378800000000000026e+00
6.688500000000000334e+00
1.158400000000000141e+01
1.194999999999999929e+01
8.920799999999999841e+00
5.892299999999999649e+00
4.034699999999999953e+00
7.006700000000000372e+00
1.152700000000000102e+01
2.136899999999999977e+01
3.758800000000000097e+01
5.007199999999999562e+01
5.946100000000000563e+01
7.153199999999999648e+01
8.552600000000001046e+01
8.816299999999999670e+01
7.944100000000000250e+01
6.513600000000000989e+01
4.022699999999999676e+01
1.494099999999999895e+01
-9.212799999999999656e+00
-1.902599999999999980e+01
-1.789499999999999957e+01
-1.521599999999999930e+01
-9.142600000000000726e-01
2.587900000000000134e+01
4.818199999999999505e+01
6.063600000000000279e+01
6.177100000000000080e+01
5.535800000000000409e+01
3.686999999999999744e+01
1.536400000000000077e+01
-7.989600000000000257e+00
-3.289099999999999824e+01
-5.405499999999999972e+01
-6.914399999999999125e+01
-8.117499999999999716e+01
-8.569599999999999795e+01
-8.459499999999999886e+01
-8.303799999999999670e+01
-8.114300000000000068e+01
-8.075600000000000023e+01
-7.806699999999999307e+01
-7.205599999999999739e+01
-6.449699999999999989e+01
-5.656100000000000705e+01
-4.934000000000000341e+01
-4.706300000000000239e+01
-4.708800000000000097e+01
-4.594100000000000250e+01
-4.249300000000000210e+01
-3.870300000000000296e+01
-3.604599999999999937e+01
-3.074599999999999866e+01
-2.242599999999999838e+01
-1.372799999999999976e+01
-5.020799999999999708e-01
1.461200000000000010e+01
2.749900000000000233e+01
3.317999999999999972e+01
3.693699999999999761e+01
3.809199999999999875e+01
3.811400000000000432e+01
3.553300000000000125e+01
2.687800000000000011e+01
2.422300000000000253e+01
2.688899999999999935e+01
2.993400000000000105e+01
3.377100000000000080e+01
3.945900000000000318e+01
4.476899999999999835e+01
4.966600000000000392e+01
5.497800000000000153e+01
5.991300000000000381e+01
6.601899999999999125e+01
6.718200000000000216e+01
4.947800000000000153e+01
2.607600000000000051e+01
3.466299999999999937e+00
-1.536800000000000033e+01
-2.250400000000000134e+01
-2.243199999999999861e+01
-1.824500000000000099e+01
-1.066200000000000081e+01
-2.739300000000000068e+00
2.204099999999999948e+00
2.241499999999999826e+00
3.931600000000000095e-01
-4.850900000000000212e+00
-8.962400000000000588e+00
-1.496000000000000085e+01
-1.571199999999999974e+01
-5.859600000000000364e+00
8.182100000000000151e+00
2.143199999999999861e+01
3.506000000000000227e+01
4.944300000000000495e+01
6.458100000000000307e+01
6.613500000000000512e+01
5.221699999999999875e+01
3.260199999999999676e+01
9.250999999999999446e+00
-1.523200000000000109e+01
-3.707199999999999562e+01
-4.834499999999999886e+01
-5.697800000000000153e+01
-6.145799999999999841e+01
-6.103499999999999659e+01
-5.909899999999999665e+01
-5.791499999999999915e+01
-5.677300000000000324e+01
-5.710000000000000142e+01
-4.761600000000000676e+01
-2.567900000000000205e+01
-8.269600000000000506e+00
9.894500000000000739e+00
2.428500000000000014e+01
3.565699999999999648e+01
3.985999999999999943e+01
3.345900000000000318e+01
2.407600000000000051e+01
1.431799999999999962e+01
4.898100000000000342e+00
-3.351599999999999913e+00
-1.310999999999999943e+01
-2.135999999999999943e+01
-2.583599999999999852e+01
-3.031099999999999994e+01
-2.988100000000000023e+01
-2.496000000000000085e+01
-1.924599999999999866e+01
-1.051400000000000112e+01
-1.027400000000000091e+00
5.818299999999999805e+00
1.115400000000000169e+01
1.875400000000000134e+01
2.937300000000000111e+01
4.372699999999999676e+01
6.151500000000000057e+01
7.288899999999999579e+01
7.784600000000000364e+01
7.601200000000000045e+01
6.964799999999999613e+01
5.683200000000000074e+01
3.948599999999999710e+01
1.236700000000000088e+01
-1.324300000000000033e+01
-3.658899999999999864e+01
-5.620000000000000284e+01
-7.237699999999999534e+01
-7.987500000000000000e+01
-8.209000000000000341e+01
-8.358899999999999864e+01
-8.429600000000000648e+01
-7.858899999999999864e+01
-7.363500000000000512e+01
-6.834399999999999409e+01
-6.377000000000000313e+01
-5.278100000000000591e+01
-3.235900000000000176e+01
-9.673199999999999577e+00
1.259700000000000131e+01
2.848900000000000077e+01
4.438000000000000256e+01
5.344100000000000250e+01
6.065200000000000102e+01
6.371000000000000085e+01
6.073100000000000165e+01
5.884499999999999886e+01
5.624000000000000199e+01
4.722200000000000131e+01
3.325699999999999790e+01
2.574500000000000099e+01
2.238300000000000267e+01
2.426699999999999946e+01
2.656300000000000239e+01
2.659499999999999886e+01
2.549399999999999977e+01
2.397599999999999909e+01
1.607999999999999829e+01
5.881199999999999761e+00
-1.639399999999999968e+00
-9.123200000000000642e+00
-1.517500000000000071e+01
-2.043400000000000105e+01
-2.531800000000000139e+01
-2.721999999999999886e+01
-2.757800000000000296e+01
-2.718199999999999861e+01
-2.682499999999999929e+01
-2.642999999999999972e+01
-2.301900000000000190e+01
-1.058999999999999986e+01
3.762500000000000178e+00
1.807600000000000051e+01
3.129400000000000048e+01
4.149100000000000676e+01
4.674399999999999977e+01
5.090200000000000102e+01
4.784899999999999665e+01
3.917399999999999949e+01
3.049699999999999989e+01
1.687500000000000000e+01
3.666700000000000070e+00
-1.180700000000000038e+01
-1.332000000000000028e+01
-1.250199999999999978e+00
1.153599999999999959e+01
2.586899999999999977e+01
4.016100000000000136e+01
5.449100000000000676e+01
6.617600000000000193e+01
5.820100000000000051e+01
3.743099999999999739e+01
1.360299999999999976e+01
-1.094400000000000084e+01
-3.590800000000000125e+01
-6.158899999999999864e+01
-8.127199999999999136e+01
-8.695600000000000307e+01
-8.920900000000000318e+01
-8.134799999999999898e+01
-6.967799999999999727e+01
-5.767100000000000648e+01
-3.996600000000000108e+01
-1.890399999999999991e+01
-2.334099999999999842e+00
1.083799999999999919e+01
2.396999999999999886e+01
2.770499999999999829e+01
2.121300000000000097e+01
1.362400000000000055e+01
5.279300000000000104e+00
-8.025600000000000511e-01
-6.923600000000000421e+00
-1.263099999999999845e+01
-1.833999999999999986e+01
-2.484099999999999753e+01
-2.979800000000000182e+01
-3.139699999999999847e+01
-3.296000000000000085e+01
-3.380699999999999505e+01
-3.008900000000000219e+01
-2.339099999999999824e+01
-1.548700000000000010e+01
-8.375700000000000145e+00
2.092299999999999827e+00
1.222000000000000064e+01
1.891199999999999903e+01
2.488699999999999690e+01
2.742599999999999838e+01
2.434300000000000352e+01
2.310599999999999810e+01
-2.621300000000000185e+00
-3.178400000000000247e+01
-4.313600000000000279e+01
-5.377199999999999847e+01
-6.255899999999999750e+01
-6.413899999999999579e+01
-5.254999999999999716e+01
-3.865999999999999659e+01
-1.420500000000000007e+01
1.360900000000000176e+01
3.730899999999999750e+01
4.927300000000000324e+01
5.942300000000000182e+01
6.459300000000000352e+01
5.999000000000000199e+01
4.708299999999999841e+01
2.696900000000000119e+01
3.118300000000000072e+00
-1.322200000000000131e+01
-2.688400000000000034e+01
-3.530100000000000193e+01
-3.688800000000000523e+01
-3.470100000000000051e+01
-2.911800000000000210e+01
-1.900600000000000023e+01
-5.913499999999999979e+00
4.198100000000000165e+00
1.242300000000000004e+01
1.910099999999999909e+01
1.789300000000000068e+01
1.589200000000000124e+01
1.166499999999999915e+01
5.212100000000000399e+00
-2.825600000000000112e+00
-6.673000000000000043e+00
-9.804100000000000037e+00
-9.878299999999999415e+00
-8.063900000000000290e+00
-6.287600000000000300e+00
-4.850100000000000300e+00
-6.430399999999999672e+00
-1.144500000000000028e+01
-1.676000000000000156e+01
-1.686599999999999966e+01
-1.429299999999999926e+01
-1.020899999999999963e+01
-1.144599999999999973e+01
-1.339799999999999969e+01
-7.047799999999999621e+00
-7.340200000000000058e-01
7.882799999999999585e+00
2.257600000000000051e+01
3.798699999999999477e+01
4.581499999999999773e+01
4.726600000000000534e+01
4.569899999999999807e+01
4.409499999999999886e+01
4.177700000000000102e+01
3.945799999999999841e+01
3.748100000000000165e+01
3.592099999999999937e+01
3.511599999999999966e+01
3.095400000000000063e+01
2.709499999999999886e+01
1.987900000000000134e+01
7.380799999999999805e+00
-1.719700000000000006e+00
-4.441300000000000026e+00
-4.481600000000000250e+00
4.158500000000000085e+00
1.921499999999999986e+01
3.159400000000000119e+01
4.857800000000000296e+01
6.967499999999999716e+01
8.171800000000000352e+01
8.693299999999999272e+01
7.558299999999999841e+01
5.253499999999999659e+01
2.571599999999999753e+01
3.697900000000000076e-01
-2.380499999999999972e+01
-3.171400000000000219e+01
-3.437699999999999534e+01
-3.632099999999999795e+01
-4.803699999999999903e+01
-6.050699999999999790e+01
-7.108800000000000807e+01
-7.827299999999999613e+01
-8.281200000000001182e+01
-8.738899999999999579e+01
-8.777700000000000102e+01
-7.797299999999999898e+01
-6.397999999999999687e+01
-4.813600000000000279e+01
-3.191400000000000148e+01
-1.606700000000000017e+01
-9.744099999999999984e-01
9.553300000000000125e+00
1.747899999999999920e+01
2.389699999999999847e+01
2.465500000000000114e+01
2.164199999999999946e+01
1.825199999999999889e+01
1.414599999999999902e+01
1.075900000000000034e+01
7.749500000000000277e+00
6.627900000000000347e+00
5.885799999999999699e+00
5.898699999999999832e+00
6.253000000000000114e+00
7.400599999999999845e+00
7.795200000000000351e+00
8.190400000000000347e+00
1.386900000000000155e+01
2.373800000000000310e+01
3.507999999999999829e+01
4.642199999999999704e+01
4.719899999999999807e+01
4.005400000000000205e+01
3.177599999999999980e+01
2.274500000000000099e+01
1.560099999999999909e+01
1.147799999999999976e+01
8.486399999999999721e+00
3.232299999999999951e+00
-5.002299999999999969e+00
-1.327400000000000091e+01
-2.267699999999999960e+01
-2.981599999999999895e+01
-3.129300000000000281e+01
-3.201400000000000290e+01
-2.858500000000000085e+01
-2.209800000000000253e+01
-1.489299999999999891e+01
-7.687700000000000422e+00
-3.124099999999999877e+00
-1.917699999999999960e+00
-4.145500000000000185e+00
-6.749799999999999578e+00
-9.731199999999999406e+00
-1.271199999999999974e+01
-1.305099999999999838e+01
-9.615800000000000125e+00
-6.520400000000000418e+00
-2.330200000000000049e+00
1.860400000000000054e+00
7.182800000000000296e+00
1.175099999999999945e+01
1.598099999999999987e+01
2.054899999999999949e+01
2.779699999999999704e+01
2.934699999999999775e+01
2.410500000000000043e+01
1.546700000000000053e+01
7.960399999999999920e+00
3.850200000000000067e+00
-5.996399999999999508e-01
-3.200400000000000134e+00
-5.801099999999999923e+00
-7.646899999999999586e+00
-9.077799999999999869e+00
-1.130099999999999838e+01
-1.273200000000000109e+01
-1.193700000000000117e+01
-1.076500000000000057e+01
-8.837699999999999889e+00
-7.250499999999999723e+00
-5.701500000000000234e+00
-5.661900000000000155e+00
-7.509500000000000064e+00
-1.082900000000000063e+01
-1.531700000000000017e+01
-1.980700000000000216e+01
-2.467500000000000071e+01
-3.097699999999999676e+01
-3.848599999999999710e+01
-4.599600000000000222e+01
-5.124199999999999733e+01
-5.343199999999999505e+01
-5.754600000000000648e+01
-5.939800000000000324e+01
-5.521000000000000085e+01
-4.947800000000000153e+01
-4.189500000000000313e+01
-3.129500000000000171e+01
-1.914799999999999969e+01
-5.151200000000000223e+00
9.259100000000000108e+00
2.178199999999999648e+01
2.785199999999999676e+01
3.429999999999999716e+01
4.002900000000000347e+01
4.383299999999999841e+01
4.952399999999999380e+01
5.449699999999999989e+01
5.490399999999999636e+01
5.455499999999999972e+01
5.231899999999999551e+01
4.181800000000000495e+01
3.207199999999999562e+01
2.643800000000000239e+01
2.197300000000000253e+01
1.709400000000000119e+01
1.602499999999999858e+01
1.982300000000000040e+01
2.475199999999999889e+01
3.009699999999999775e+01
3.578099999999999881e+01
3.806700000000000017e+01
3.548499999999999943e+01
3.210999999999999943e+01
2.835699999999999932e+01
2.652800000000000225e+01
2.692599999999999838e+01
3.377499999999999858e+01
4.213300000000000267e+01
5.007600000000000051e+01
5.654699999999999704e+01
6.335699999999999932e+01
6.114600000000000080e+01
4.682199999999999562e+01
2.872400000000000020e+01
1.028599999999999959e+01
-1.083099999999999952e+01
-3.266700000000000159e+01
-5.454100000000000392e+01
-6.924600000000000932e+01
-7.712000000000000455e+01
-8.390000000000000568e+01
-8.992700000000000671e+01
-9.327400000000000091e+01
-8.798100000000000875e+01
-7.846099999999999852e+01
-6.788600000000000989e+01
-5.387699999999999534e+01
-3.801899999999999835e+01
-2.367199999999999704e+01
-1.343799999999999883e+01
-5.883099999999999774e+00
2.840500000000000025e+00
5.488599999999999923e+00
2.890699999999999825e+00
-8.772399999999999087e-01
-9.551199999999999690e+00
-1.969699999999999918e+01
-2.233399999999999963e+01
-1.889600000000000080e+01
-2.002499999999999858e+01
-2.187000000000000099e+01
-2.145100000000000051e+01
-1.729700000000000060e+01
-1.687900000000000134e+01
-2.102800000000000225e+01
-2.630800000000000338e+01
-3.155099999999999838e+01
-3.721000000000000085e+01
-3.754699999999999704e+01
-3.490400000000000347e+01
-2.958199999999999719e+01
-1.750499999999999901e+01
-4.673300000000000232e+00
8.951299999999999812e+00
2.291400000000000148e+01
3.691599999999999682e+01
4.597299999999999898e+01
4.714399999999999835e+01
4.601300000000000523e+01
4.412800000000000011e+01
4.265699999999999648e+01
3.892199999999999704e+01
3.518699999999999761e+01
3.179199999999999804e+01
2.801900000000000190e+01
2.390800000000000125e+01
2.202300000000000324e+01
2.244000000000000128e+01
2.281800000000000139e+01
2.357600000000000051e+01
2.361499999999999844e+01
2.361800000000000210e+01
2.478999999999999915e+01
2.630199999999999960e+01
2.819199999999999662e+01
3.012000000000000099e+01
2.974599999999999866e+01
2.597599999999999909e+01
2.186699999999999733e+01
1.809700000000000131e+01
1.361200000000000010e+01
8.333199999999999719e+00
2.678500000000000103e+00
-3.317099999999999937e+00
-8.971099999999999852e+00
-1.386999999999999922e+01
-1.873199999999999932e+01
-2.325300000000000011e+01
-2.547199999999999775e+01
-1.716199999999999903e+01
-9.229799999999999116e+00
-2.353200000000000180e+00
5.957399999999999807e+00
1.162800000000000011e+01
9.787800000000000722e+00
6.401500000000000412e+00
2.261299999999999866e+00
-2.973399999999999821e+00
-1.654700000000000060e+01
-3.313900000000000290e+01
-4.931600000000000250e+01
-5.798300000000000409e+01
-6.363000000000000256e+01
-6.810800000000000409e+01
-6.469700000000000273e+01
-5.638100000000000023e+01
-4.840399999999999636e+01
-3.857800000000000296e+01
-2.837300000000000111e+01
-1.816900000000000048e+01
-7.926700000000000301e+00
1.523800000000000043e+00
4.560100000000000264e+00
2.351100000000000190e+00
-2.729699999999999904e-01
-4.405999999999999694e+00
-5.896600000000000286e+00
-3.575899999999999856e+00
5.939499999999999780e-01
4.387599999999999945e+00
1.123700000000000010e+01
2.144599999999999795e+01
3.014499999999999957e+01
3.356300000000000239e+01
3.777199999999999847e+01
4.156700000000000017e+01
4.347500000000000142e+01
4.387500000000000000e+01
4.204699999999999704e+01
3.754099999999999682e+01
3.265800000000000125e+01
2.852899999999999991e+01
2.817500000000000071e+01
2.823499999999999943e+01
2.825800000000000267e+01
2.677199999999999847e+01
2.453000000000000114e+01
1.926999999999999957e+01
1.404800000000000004e+01
8.788700000000000401e+00
3.528500000000000192e+00
-5.996000000000000218e-01
3.196899999999999853e+00
1.193700000000000117e+01
1.912900000000000134e+01
2.519099999999999895e+01
2.974199999999999733e+01
3.089600000000000080e+01
3.280599999999999739e+01
2.829899999999999949e+01
1.967900000000000205e+01
9.512000000000000455e+00
-4.806199999999999584e+00
-1.987999999999999901e+01
-2.967099999999999937e+01
-3.719800000000000040e+01
-4.363100000000000023e+01
-4.323300000000000409e+01
-3.491300000000000381e+01
-2.391300000000000026e+01
-1.219700000000000095e+01
-2.745000000000000107e+00
3.309899999999999842e+00
1.087400000000000055e+01
1.692699999999999960e+01
2.222599999999999909e+01
1.922100000000000009e+01
9.801099999999999923e+00
-1.128900000000000015e+00
-1.281400000000000006e+01
-2.223699999999999832e+01
-3.165900000000000247e+01
-3.727199999999999847e+01
-3.914999999999999858e+01
-3.649900000000000233e+01
-3.158599999999999852e+01
-2.629500000000000171e+01
-1.911899999999999977e+01
-1.122700000000000031e+01
-8.581400000000000361e+00
-7.823400000000000354e+00
-7.821299999999999919e+00
-2.913899999999999935e+00
2.370299999999999851e+00
5.765799999999999592e+00
9.914400000000000546e+00
1.142200000000000060e+01
1.292699999999999960e+01
1.405499999999999972e+01
1.555799999999999983e+01
1.706099999999999994e+01
1.780799999999999983e+01
1.813799999999999812e+01
1.963700000000000045e+01
2.264499999999999957e+01
2.602899999999999991e+01
2.790199999999999747e+01
2.973699999999999832e+01
3.424900000000000233e+01
3.725000000000000000e+01
3.987400000000000233e+01
4.211899999999999977e+01
4.134300000000000352e+01
3.717000000000000171e+01
3.337500000000000000e+01
1.863400000000000034e+01
-2.561900000000000066e+00
-1.655099999999999838e+01
-2.865300000000000225e+01
-4.113499999999999801e+01
-5.440999999999999659e+01
-6.538500000000000512e+01
-7.107600000000000762e+01
-7.488299999999999557e+01
-7.533199999999999363e+01
-7.272599999999999909e+01
-6.936599999999999966e+01
-6.562899999999999068e+01
-6.302600000000000335e+01
-5.891399999999999437e+01
-5.631300000000000239e+01
-5.752399999999999380e+01
-5.534000000000000341e+01
-5.047699999999999676e+01
-4.637100000000000222e+01
-4.150899999999999324e+01
-3.249900000000000233e+01
-1.896000000000000085e+01
-4.328899999999999970e+00
8.453300000000000480e+00
1.972500000000000142e+01
2.948699999999999832e+01
3.547400000000000375e+01
3.949800000000000466e+01
4.397399999999999665e+01
4.845000000000000284e+01
5.254800000000000182e+01
5.664600000000000080e+01
5.579899999999999949e+01
5.347999999999999687e+01
5.078300000000000125e+01
4.544399999999999551e+01
3.746300000000000097e+01
2.827499999999999858e+01
1.991600000000000037e+01
2.061400000000000077e+01
2.395199999999999818e+01
2.800800000000000267e+01
3.285600000000000165e+01
3.694899999999999807e+01
3.990899999999999892e+01
3.868099999999999739e+01
2.805699999999999861e+01
1.211200000000000010e+01
-1.058799999999999919e+01
-2.917500000000000071e+01
-4.508200000000000074e+01
-5.532899999999999352e+01
-6.331199999999999761e+01
-6.567199999999999704e+01
-6.233299999999999841e+01
-5.484199999999999875e+01
-4.663600000000000279e+01
-3.729599999999999937e+01
-2.791699999999999804e+01
-1.929500000000000171e+01
-1.221700000000000053e+01
-4.725600000000000023e+00
8.810399999999999343e-01
2.714599999999999902e+00
3.000900000000000123e+00
2.155199999999999783e+00
9.715299999999998937e-01
-3.645900000000000141e+00
-1.086599999999999966e+01
-1.431299999999999883e+01
-1.775700000000000145e+01
-1.671099999999999852e+01
-7.701100000000000279e+00
3.572999999999999954e+00
1.364099999999999824e+01
2.265300000000000225e+01
3.128900000000000148e+01
3.913300000000000267e+01
4.135600000000000165e+01
3.301300000000000523e+01
2.089900000000000091e+01
6.859600000000000364e+00
-9.026300000000000878e+00
-1.928900000000000148e+01
-2.049300000000000210e+01
-1.977299999999999969e+01
-1.754100000000000037e+01
-1.006299999999999883e+01
9.546900000000001218e-02
7.237099999999999866e+00
1.169999999999999929e+01
1.088099999999999845e+01
9.724399999999999267e+00
7.436200000000000365e+00
5.112300000000000288e+00
2.449699999999999989e+00
3.184800000000000075e+00
5.015500000000000291e+00
9.526899999999999480e+00
1.554900000000000126e+01
2.262900000000000134e+01
2.752199999999999847e+01
3.203900000000000148e+01
3.727400000000000091e+01
4.254899999999999949e+01
4.556000000000000227e+01
4.702700000000000102e+01
4.815399999999999636e+01
4.777300000000000324e+01
4.543199999999999505e+01
4.316700000000000159e+01
4.052700000000000102e+01
3.750999999999999801e+01
2.955099999999999838e+01
1.974500000000000099e+01
8.807800000000000296e+00
-2.165900000000000158e+00
-1.162900000000000134e+01
-1.728000000000000114e+01
-2.258900000000000219e+01
-2.144400000000000261e+01
-1.992099999999999937e+01
-1.956599999999999895e+01
-1.992699999999999960e+01
-1.991000000000000014e+01
-2.030700000000000216e+01
-2.070199999999999818e+01
-2.030400000000000205e+01
-1.952799999999999869e+01
-1.841000000000000014e+01
-1.800900000000000034e+01
-1.836200000000000188e+01
-1.875000000000000000e+01
-1.872400000000000020e+01
-1.907300000000000040e+01
-1.983699999999999974e+01
-2.097699999999999676e+01
-1.679599999999999937e+01
-1.110400000000000098e+01
-5.072099999999999831e+00
6.215300000000000269e-01
5.183099999999999596e+00
8.198900000000000077e+00
9.742499999999999716e+00
6.382299999999999862e+00
2.983999999999999986e+00
-3.755000000000000004e-01
-3.772400000000000198e+00
-6.753599999999999604e+00
-9.772199999999999775e+00
-1.237500000000000000e+01
-1.120400000000000063e+01
-8.522800000000000153e+00
-4.746800000000000352e+00
-2.065500000000000114e+00
3.258300000000000196e+00
9.714199999999999946e+00
1.269800000000000040e+01
1.236200000000000010e+01
1.579900000000000126e+01
1.961400000000000077e+01
2.452300000000000324e+01
2.758399999999999963e+01
2.460599999999999810e+01
1.747799999999999798e+01
8.424500000000000099e+00
-2.135199999999999876e-01
-3.946299999999999919e+00
-6.961400000000000254e+00
-8.090700000000000003e+00
-4.276500000000000412e+00
-2.349699999999999900e+00
-3.819100000000000161e+00
-4.910800000000000054e+00
-5.663899999999999935e+00
-4.870499999999999829e+00
-1.124699999999999989e+01
-1.309599999999999831e+01
-9.321600000000000108e+00
-5.510500000000000398e+00
-2.832699999999999996e+00
2.227199999999999736e-01
3.654300000000000104e+00
7.387800000000000367e+00
8.932199999999999918e+00
8.588499999999999801e+00
8.621700000000000585e+00
9.786300000000000665e+00
1.204499999999999993e+01
1.396299999999999919e+01
1.588099999999999845e+01
1.553400000000000070e+01
1.292099999999999937e+01
9.930400000000000560e+00
6.523699999999999832e+00
8.899600000000000843e-01
-6.631700000000000372e+00
-1.377599999999999980e+01
-1.752599999999999980e+01
-2.127599999999999980e+01
-2.472500000000000142e+01
-2.847699999999999676e+01
-3.109900000000000020e+01
-3.296500000000000341e+01
-3.483299999999999841e+01
-3.670199999999999818e+01
-3.819400000000000261e+01
-3.968800000000000239e+01
-4.084199999999999875e+01
-4.196000000000000085e+01
-4.157000000000000028e+01
-3.514199999999999591e+01
-2.720599999999999952e+01
-1.813899999999999935e+01
-1.058200000000000074e+01
-5.290399999999999991e+00
-7.544199999999999795e-01
3.742700000000000138e+00
5.635299999999999976e+00
3.753400000000000070e+00
7.153599999999999959e+00
1.206299999999999883e+01
1.734799999999999898e+01
2.263199999999999790e+01
2.753800000000000026e+01
3.168900000000000006e+01
3.093300000000000338e+01
2.904400000000000048e+01
2.677699999999999747e+01
2.405599999999999739e+01
2.216499999999999915e+01
2.140399999999999991e+01
2.177499999999999858e+01
2.327800000000000225e+01
2.478000000000000114e+01
2.665900000000000247e+01
2.627199999999999847e+01
2.475199999999999889e+01
2.172300000000000253e+01
1.831500000000000128e+01
1.415299999999999869e+01
9.234899999999999665e+00
3.184200000000000141e+00
-2.867100000000000204e+00
-7.786900000000000155e+00
-1.308500000000000085e+01
-1.800499999999999901e+01
-2.254899999999999949e+01
-2.671599999999999753e+01
-3.012900000000000134e+01
-3.014600000000000080e+01
-2.827599999999999980e+01
-2.527499999999999858e+01
-2.151900000000000190e+01
-1.474499999999999922e+01
-1.932900000000000063e+00
1.050200000000000067e+01
1.501099999999999923e+01
1.612300000000000111e+01
1.459500000000000064e+01
8.538299999999999557e+00
1.725999999999999979e+00
-5.086199999999999832e+00
-9.218999999999999417e+00
-1.414499999999999957e+01
-2.020200000000000173e+01
-2.286300000000000310e+01
-2.439199999999999946e+01
-2.667599999999999838e+01
-3.009199999999999875e+01
-3.350699999999999790e+01
-3.729999999999999716e+01
-3.996000000000000085e+01
-4.261999999999999744e+01
-4.411100000000000421e+01
-4.224100000000000676e+01
-3.924000000000000199e+01
-3.472999999999999687e+01
-3.059600000000000009e+01
-2.457499999999999929e+01
-1.779899999999999949e+01
-1.555099999999999838e+01
-1.405700000000000038e+01
-1.293999999999999950e+01
-1.257599999999999874e+01
-1.259099999999999930e+01
-1.411299999999999955e+01
-1.257900000000000063e+01
-8.062500000000000000e+00
2.491999999999999993e+00
1.908500000000000085e+01
3.567800000000000438e+01
5.268800000000000239e+01
6.626399999999999579e+01
7.946099999999999852e+01
9.190899999999999181e+01
9.643200000000000216e+01
9.948200000000001353e+01
9.495000000000000284e+01
8.814799999999999613e+01
8.059799999999999898e+01
7.681900000000000261e+01
7.304999999999999716e+01
6.851600000000000534e+01
6.436499999999999488e+01
6.025199999999999534e+01
5.534799999999999898e+01
4.591499999999999915e+01
3.157800000000000296e+01
1.611100000000000065e+01
1.058100000000000041e+00
-1.214400000000000013e+01
-2.459099999999999753e+01
-3.549000000000000199e+01
-4.114199999999999591e+01
-4.528399999999999892e+01
-4.867100000000000648e+01
-5.017000000000000171e+01
-4.789500000000000313e+01
-4.520300000000000296e+01
-4.292600000000000193e+01
-4.479899999999999949e+01
-4.742600000000000193e+01
-5.005100000000000193e+01
-5.305399999999999494e+01
-5.567899999999999494e+01
-5.785000000000000142e+01
-5.971800000000000352e+01
-6.045300000000000296e+01
-5.854600000000000648e+01
-5.512899999999999778e+01
-4.831499999999999773e+01
-3.315999999999999659e+01
-1.691099999999999781e+01
-6.606600000000000250e-01
1.483599999999999852e+01
2.693599999999999994e+01
3.790500000000000114e+01
4.555399999999999494e+01
4.558200000000000074e+01
4.145799999999999841e+01
3.695700000000000074e+01
3.207999999999999829e+01
2.984400000000000119e+01
3.066600000000000037e+01
3.522500000000000142e+01
4.016100000000000136e+01
4.509799999999999898e+01
5.003399999999999892e+01
5.542399999999999949e+01
5.734300000000000352e+01
5.813100000000000023e+01
5.363399999999999324e+01
4.385499999999999687e+01
3.222800000000000153e+01
1.829899999999999949e+01
4.747499999999999609e+00
-7.671400000000000219e+00
-1.895799999999999841e+01
-3.024500000000000099e+01
-3.922999999999999687e+01
-4.523399999999999466e+01
-5.119899999999999807e+01
-5.305199999999999960e+01
-4.962199999999999989e+01
-4.539800000000000324e+01
-4.045900000000000318e+01
-3.400999999999999801e+01
-2.642800000000000082e+01
-1.960200000000000031e+01
-1.239900000000000091e+01
-7.421800000000000175e+00
-3.199899999999999967e+00
6.066199999999999370e-01
3.658599999999999852e+00
3.313499999999999890e+00
-1.145499999999999963e+00
-4.887500000000000178e+00
-7.120599999999999596e+00
-9.730999999999999872e+00
-1.234200000000000053e+01
-1.231200000000000117e+01
-1.149000000000000021e+01
-8.026899999999999480e+00
-1.583199999999999941e+00
5.237199999999999633e+00
1.394400000000000084e+01
2.344300000000000139e+01
2.950699999999999790e+01
3.141800000000000281e+01
3.219800000000000040e+01
3.071300000000000097e+01
2.926500000000000057e+01
2.517399999999999949e+01
2.066800000000000281e+01
1.540599999999999881e+01
8.256700000000000372e+00
3.520599999999999841e-01
-6.006400000000000183e+00
-9.762000000000000455e+00
-1.314099999999999824e+01
-1.312400000000000055e+01
-1.084500000000000064e+01
-8.566200000000000259e+00
-6.212900000000000311e+00
-3.558499999999999996e+00
-9.051100000000000811e-01
2.379400000000000126e-01
1.757400000000000073e+00
2.181599999999999984e+00
1.434900000000000064e+00
-6.739199999999999358e-02
-1.947999999999999954e+00
-4.206900000000000084e+00
-4.165099999999999802e+00
-3.746799999999999908e+00
-2.989900000000000002e+00
-1.479300000000000059e+00
-1.101699999999999902e+00
-1.479800000000000004e+00
-7.269800000000000706e-01
6.271499999999999297e-02
1.190700000000000092e+00
1.940299999999999914e+00
2.312199999999999811e+00
-6.760699999999999488e-01
-4.834500000000000242e+00
-8.956599999999999895e+00
-1.311700000000000088e+01
-1.916600000000000037e+01
-2.521599999999999753e+01
-2.937900000000000134e+01
-3.278900000000000148e+01
-3.657699999999999818e+01
-3.844200000000000017e+01
-3.657199999999999562e+01
-3.583400000000000318e+01
-3.241900000000000404e+01
-2.753300000000000125e+01
-2.226999999999999957e+01
-1.662999999999999901e+01
-1.208599999999999852e+01
-6.825700000000000323e+00
-6.849000000000000199e+00
-9.137900000000000134e+00
-1.142699999999999960e+01
-1.409400000000000119e+01
-1.600799999999999912e+01
-1.746900000000000119e+01
-2.051599999999999824e+01
-2.545100000000000051e+01
-2.623499999999999943e+01
-2.588800000000000168e+01
-2.365399999999999991e+01
-1.878000000000000114e+01
-1.013299999999999912e+01
3.457699999999999996e+00
1.474499999999999922e+01
2.263599999999999923e+01
2.863899999999999935e+01
3.505799999999999983e+01
3.804200000000000159e+01
3.762899999999999778e+01
3.796999999999999886e+01
3.834900000000000375e+01
3.906600000000000250e+01
3.902900000000000347e+01
3.936899999999999977e+01
3.933099999999999596e+01
3.929299999999999926e+01
3.925500000000000256e+01
3.921600000000000108e+01
3.955400000000000205e+01
3.804400000000000404e+01
3.615500000000000114e+01
3.347500000000000142e+01
2.890699999999999648e+01
2.698000000000000043e+01
3.071400000000000219e+01
3.671300000000000097e+01
4.157800000000000296e+01
4.606700000000000017e+01
4.942300000000000182e+01
4.674199999999999733e+01
4.145600000000000307e+01
3.462500000000000000e+01
2.817000000000000171e+01
1.869699999999999918e+01
8.091400000000000148e+00
-2.136200000000000099e+00
-1.194900000000000162e+01
-2.104500000000000171e+01
-2.976199999999999690e+01
-3.847999999999999687e+01
-4.757600000000000051e+01
-5.704699999999999704e+01
-6.614100000000000534e+01
-7.598899999999999011e+01
-8.093200000000000216e+01
-8.285500000000000398e+01
-8.440200000000000102e+01
-8.515399999999999636e+01
-8.179300000000000637e+01
-7.616700000000000159e+01
-7.016400000000000148e+01
-6.189600000000000080e+01
-5.211800000000000210e+01
-3.928300000000000125e+01
-3.025900000000000034e+01
-2.010200000000000031e+01
-1.296299999999999919e+01
-9.221399999999999153e+00
-6.610100000000000087e+00
-4.376299999999999635e+00
-2.140400000000000080e+00
-6.597399999999999931e-01
1.576300000000000034e+00
5.700000000000000178e+00
9.862299999999999400e+00
1.436400000000000077e+01
1.811299999999999955e+01
2.563500000000000156e+01
3.730899999999999750e+01
5.011600000000000676e+01
6.292399999999999949e+01
7.044899999999999807e+01
7.193800000000000239e+01
7.003100000000000591e+01
6.737000000000000455e+01
6.320000000000000284e+01
5.563499999999999801e+01
4.807000000000000028e+01
4.050600000000000023e+01
3.294300000000000495e+01
2.617300000000000182e+01
2.087599999999999767e+01
1.331599999999999895e+01
5.755200000000000315e+00
-2.181400000000000006e+00
-7.097900000000000098e+00
-1.163700000000000045e+01
-1.240099999999999980e+01
-1.241000000000000014e+01
-1.128599999999999959e+01
-8.651600000000000179e+00
-5.639000000000000234e+00
-2.625900000000000123e+00
3.881399999999999850e-01
1.516000000000000014e+00
1.135199999999999987e+00
-2.263700000000000045e+00
-6.039299999999999891e+00
-9.814099999999999824e+00
-1.358799999999999919e+01
-1.698400000000000176e+01
-1.396400000000000041e+01
-8.679700000000000415e+00
-3.016900000000000137e+00
1.137100000000000000e+00
4.537099999999999689e+00
6.428200000000000358e+00
8.320199999999999818e+00
9.835200000000000387e+00
1.021899999999999942e+01
1.098099999999999987e+01
1.136500000000000021e+01
1.363700000000000045e+01
1.402400000000000091e+01
1.063599999999999923e+01
5.363599999999999923e+00
9.120799999999999741e-02
-5.559000000000000163e+00
-9.320600000000000662e+00
-1.119599999999999973e+01
-1.231599999999999895e+01
-1.343500000000000050e+01
-1.304499999999999993e+01
-1.189799999999999969e+01
-9.997099999999999653e+00
-9.605399999999999494e+00
-1.411800000000000033e+01
-1.863200000000000145e+01
-2.314400000000000190e+01
-2.803300000000000125e+01
-3.292399999999999949e+01
-3.743500000000000227e+01
-4.043699999999999761e+01
-4.155199999999999960e+01
-4.342100000000000648e+01
-4.038400000000000034e+01
-3.432800000000000296e+01
-2.714000000000000057e+01
-1.806500000000000128e+01
-9.366500000000000270e+00
-1.800300000000000011e+00
3.879199999999999982e+00
9.935900000000000176e+00
1.410599999999999987e+01
1.601200000000000045e+01
1.754100000000000037e+01
1.790099999999999980e+01
1.867500000000000071e+01
1.869400000000000261e+01
1.871400000000000219e+01
1.873400000000000176e+01
2.101900000000000190e+01
2.330199999999999960e+01
2.558599999999999852e+01
2.824699999999999989e+01
2.826699999999999946e+01
2.564499999999999957e+01
2.302300000000000324e+01
2.040099999999999980e+01
1.740099999999999980e+01
1.251500000000000057e+01
6.873400000000000176e+00
1.231800000000000006e+00
-4.409699999999999953e+00
-9.674099999999999255e+00
-1.493900000000000006e+01
-1.982700000000000173e+01
-2.056400000000000006e+01
-1.941400000000000148e+01
-1.788599999999999923e+01
-1.485099999999999909e+01
-9.550399999999999778e+00
-3.873200000000000198e+00
1.803600000000000092e+00
7.480299999999999727e+00
1.277900000000000169e+01
1.803999999999999915e+01
2.367800000000000082e+01
2.822100000000000009e+01
3.012300000000000111e+01
3.126900000000000190e+01
3.203800000000000381e+01
3.242900000000000205e+01
3.168800000000000239e+01
2.830400000000000205e+01
2.454300000000000281e+01
2.040399999999999991e+01
1.626399999999999935e+01
1.212500000000000000e+01
7.985199999999999854e+00
3.089799999999999880e+00
-1.805399999999999894e+00
-6.701399999999999579e+00
-7.824600000000000222e+00
-6.683600000000000207e+00
-5.164699999999999847e+00
-4.024899999999999700e+00
-3.639499999999999957e+00
-4.386899999999999800e+00
-8.531299999999999883e+00
-1.418500000000000050e+01
-1.987599999999999767e+01
-2.628599999999999781e+01
-2.816699999999999804e+01
-2.740699999999999648e+01
-2.589300000000000068e+01
-2.588899999999999935e+01
-2.626199999999999690e+01
-2.780499999999999972e+01
-2.893400000000000105e+01
-3.006199999999999761e+01
-3.194599999999999795e+01
-3.609499999999999886e+01
-4.024300000000000210e+01
-4.439300000000000068e+01
-4.891799999999999926e+01
-5.155899999999999750e+01
-5.155699999999999505e+01
-5.193299999999999983e+01
-4.589500000000000313e+01
-3.532800000000000296e+01
-2.438400000000000034e+01
-1.645899999999999963e+01
-9.288500000000000867e+00
-2.872199999999999864e+00
3.541900000000000048e+00
1.033500000000000085e+01
1.637400000000000233e+01
2.278900000000000148e+01
2.807199999999999918e+01
3.222299999999999898e+01
3.637400000000000233e+01
4.014800000000000324e+01
4.161999999999999744e+01
4.199899999999999523e+01
4.233800000000000097e+01
4.271699999999999875e+01
4.347200000000000131e+01
4.347399999999999665e+01
4.309899999999999665e+01
4.310000000000000142e+01
4.347999999999999687e+01
4.084100000000000108e+01
3.367499999999999716e+01
2.612999999999999901e+01
1.783200000000000074e+01
1.028999999999999915e+01
2.370200000000000085e+00
-5.171800000000000175e+00
-1.195900000000000141e+01
-1.610299999999999798e+01
-1.873700000000000188e+01
-2.099300000000000210e+01
-2.136199999999999832e+01
-2.173000000000000043e+01
-2.209699999999999775e+01
-2.133199999999999719e+01
-1.833900000000000219e+01
-1.757199999999999918e+01
-1.680400000000000205e+01
-1.678900000000000148e+01
-1.526400000000000112e+01
-1.449300000000000033e+01
-1.221099999999999852e+01
-9.928399999999999892e+00
-9.154400000000000759e+00
-8.755800000000000693e+00
-8.733800000000000452e+00
-7.956199999999999939e+00
-6.422399999999999665e+00
-3.000000000000000000e+00
4.233399999999999386e-01
3.848100000000000076e+00
6.481700000000000017e+00
9.154799999999999827e+00
1.107400000000000162e+01
9.598800000000000665e+00
7.370199999999999640e+00
4.728399999999999714e+00
3.258399999999999963e+00
3.676299999999999901e+00
4.096300000000000274e+00
4.517900000000000027e+00
4.942000000000000171e+00
5.366799999999999571e+00
5.416500000000000092e+00
6.600200000000000067e+00
1.042699999999999960e+01
1.350200000000000067e+01
1.393700000000000117e+01
1.437400000000000055e+01
1.481200000000000117e+01
1.449900000000000055e+01
1.531900000000000084e+01
1.463299999999999912e+01
9.797700000000000742e+00
6.474300000000000388e+00
3.908199999999999896e+00
1.721100000000000074e+00
-1.217600000000000016e+00
-3.399599999999999955e+00
-6.711500000000000021e+00
-1.194500000000000028e+01
-1.374099999999999966e+01
-1.440400000000000169e+01
-1.430900000000000105e+01
-1.458799999999999919e+01
-1.335599999999999987e+01
-9.479499999999999815e+00
-4.089900000000000091e+00
-2.078800000000000092e-01
1.790999999999999925e+00
5.301300000000000345e+00
1.032499999999999929e+01
1.384099999999999930e+01
1.321000000000000085e+01
9.940599999999999881e+00
4.787099999999999689e+00
-1.495500000000000052e+00
-7.773900000000000254e+00
-1.291799999999999926e+01
-1.730400000000000205e+01
-1.602499999999999858e+01
-9.838499999999999801e+00
-3.271100000000000119e+00
3.677500000000000213e+00
1.138400000000000034e+01
1.796199999999999974e+01
-2.239999999999999858e+01
