5.072600000000000442e-01
9.837399999999999478e-01
2.773099999999999898e+00
1.178800000000000026e+01
1.936899999999999977e+01
6.523100000000000342e+00
-9.034399999999999764e+00
-9.786500000000000199e-01
-2.452999999999999847e+00
-1.920299999999999940e+01
1.683299999999999841e+01
-1.719299999999999784e+01
-4.475900000000000212e+00
-1.738400000000000034e+01
-3.258400000000000318e+01
5.901500000000000057e+01
1.736799999999999899e+00
2.613800000000000168e+01
2.338499999999999801e+00
-2.319999999999999840e+00
3.630699999999999505e+01
7.996999999999999664e-01
5.424800000000000466e+01
1.905400000000000205e+01
9.442600000000000193e+01
6.099000000000000199e+01
-2.395100000000000051e+01
1.957799999999999940e+01
-7.780299999999999727e+01
-4.190899999999999892e+01
1.410099999999999909e+02
1.391100000000000136e+02
6.962900000000000311e+00
-3.383200000000000074e+01
-2.574199999999999733e+01
-1.299600000000000080e+02
-7.706799999999999784e+01
7.977400000000000091e+01
1.948799999999999955e+01
-1.217999999999999972e+02
-3.418599999999999994e+01
-5.758100000000000307e+01
-2.251100000000000136e+02
-6.986100000000000421e+01
1.618300000000000125e+02
1.633100000000000023e+02
8.246099999999999852e+01
-3.295000000000000284e+01
-8.810600000000000875e+00
-5.579999999999999716e+01
-6.752900000000000347e+00
3.313400000000000034e+01
1.772699999999999942e+00
1.398000000000000114e+02
1.042999999999999972e+02
2.535399999999999920e+01
-7.736100000000000421e+01
-1.171299999999999955e+02
-1.080600000000000023e+02
-4.893699999999999761e+01
-1.154700000000000060e+01
4.780199999999999960e+01
8.841700000000000159e+01
3.846800000000000352e+01
-2.494699999999999918e+01
-1.364600000000000080e+02
-6.053499999999999659e+01
-2.008100000000000218e+00
-7.667900000000000205e+01
3.691799999999999926e+01
9.871999999999999886e+01
9.807600000000000762e+01
5.662500000000000000e+01
1.300900000000000034e+01
-8.156399999999999295e+01
-9.708799999999999386e+01
1.403600000000000136e+02
2.608100000000000023e+02
7.885699999999999932e+01
-2.328400000000000247e+01
-2.346300000000000097e+01
-7.976200000000000045e+01
-9.373000000000000398e+01
-8.747899999999999920e+01
-6.507699999999999818e+01
-5.222200000000000131e+01
5.518999999999999773e+01
3.387300000000000466e+01
-1.039599999999999937e+02
-1.527800000000000011e+02
-5.441899999999999693e+01
3.935099999999999909e+01
2.023799999999999955e+01
2.188300000000000267e+01
-8.372199999999999420e+00
-1.117299999999999960e+00
4.679600000000000648e+01
4.517699999999999960e+01
1.138100000000000023e+02
1.965699999999999932e+02
1.218599999999999994e+02
1.242400000000000126e+01
-1.079500000000000028e+02
-1.972899999999999920e+02
-1.481500000000000057e+02
-8.882799999999998875e+01
-2.443099999999999739e+01
8.056100000000000705e+01
6.470699999999999896e+00
-8.775799999999999557e+01
-1.349000000000000021e+01
9.291500000000000625e+01
1.756200000000000045e+02
3.081299999999999955e+02
1.665399999999999920e+02
-1.711299999999999955e+02
-7.465600000000000591e+01
2.204499999999999886e+02
2.454300000000000068e+02
1.750699999999999932e+02
1.168299999999999983e+02
-1.099500000000000028e+02
-2.521500000000000057e+02
-3.959300000000000068e+02
-5.764500000000000455e+02
-5.276100000000000136e+02
-4.218799999999999955e+02
-3.520299999999999727e+02
-2.335399999999999920e+02
8.357300000000000395e+00
2.356200000000000045e+02
2.506999999999999886e+02
1.817599999999999909e+02
1.301899999999999977e+02
9.766599999999999682e+01
2.254000000000000057e+02
3.559399999999999977e+02
2.829300000000000068e+02
1.681699999999999875e+02
1.512500000000000000e+01
-1.784699999999999989e+02
-4.117400000000000091e+02
-3.580899999999999750e+02
-2.140200000000000102e+02
-1.714099999999999966e+02
-5.647699999999999676e+01
-1.272100000000000009e+00
-9.236799999999999500e+01
-1.334300000000000068e+02
-1.742500000000000000e+02
-3.025000000000000000e+02
-1.710800000000000125e+02
1.190900000000000034e+02
4.483399999999999750e+02
5.370099999999999909e+02
4.921999999999999886e+02
4.128000000000000114e+02
2.258499999999999943e+02
-4.328300000000000125e+01
-8.457200000000000273e+01
1.327500000000000000e+02
1.763700000000000045e+02
1.095999999999999943e+02
2.503299999999999859e+00
-5.655399999999999494e+01
-7.114900000000000091e+01
5.437800000000000189e+00
1.116299999999999955e+02
1.047600000000000051e+02
3.305699999999999505e+01
-3.748400000000000176e+01
-1.011599999999999966e+02
-1.766599999999999966e+02
-2.305200000000000102e+02
-8.981100000000000705e+01
-2.727499999999999858e+01
-1.403899999999999864e+02
-4.528499999999999659e+01
6.849600000000000932e+01
-1.744400000000000261e+01
-9.517200000000001125e+01
-5.226899999999999835e+01
-7.858899999999999864e+01
-2.580000000000000071e+01
1.478199999999999932e+02
2.324099999999999966e+02
2.790500000000000114e+02
3.146600000000000250e+02
1.715600000000000023e+02
-7.189900000000000091e+01
-1.912299999999999898e+02
-2.030000000000000000e+02
-7.228300000000000125e+01
-5.812299999999999578e+00
3.524900000000000233e+01
-3.836699999999999733e+01
-2.810199999999999818e+02
-1.579099999999999966e+02
7.877899999999999636e+01
9.386100000000000421e+01
4.747500000000000142e+01
6.662999999999999545e+01
5.505499999999999972e+01
-4.036900000000000155e+00
2.214000000000000057e+01
9.645000000000000284e+01
5.706599999999999895e+00
-1.001200000000000045e+02
-7.727299999999999613e+01
-2.612300000000000111e+01
-3.329200000000000159e+01
-1.063799999999999955e+02
-1.490699999999999932e+02
-7.896300000000000807e+01
1.309299999999999997e+01
-5.028199999999999648e+01
-9.429299999999999216e+01
3.123300000000000054e+01
8.924399999999999977e+01
1.275999999999999943e+02
1.688100000000000023e+02
4.454000000000000181e-01
-9.679600000000000648e+01
-7.503100000000000591e+01
2.388100000000000023e+02
2.616899999999999977e+02
-1.421899999999999977e+02
-2.230800000000000125e+02
-2.873800000000000310e+01
2.208799999999999955e+02
2.542199999999999989e+02
1.630000000000000000e+02
5.468100000000000449e+01
-1.708399999999999963e+01
-4.863499999999999801e+01
-1.106899999999999977e+02
-2.379199999999999875e+02
-1.511599999999999966e+02
1.042800000000000011e+02
1.969900000000000091e+02
1.520600000000000023e+02
2.830800000000000338e+01
-2.571699999999999875e+01
-3.813499999999999801e+01
-9.860799999999998988e+01
-1.400500000000000114e+02
-1.612400000000000091e+02
-4.700100000000000477e+01
1.060900000000000034e+02
9.696099999999999852e+01
-5.950300000000000011e+01
-1.660999999999999943e+02
-5.817600000000000193e+01
9.372799999999999443e+01
9.738299999999999557e+01
-1.398200000000000109e+01
-4.035699999999999932e+01
-2.107200000000000184e+00
6.645999999999999686e-01
-3.768599999999999994e+01
-8.017300000000000182e+01
-4.477499999999999858e+01
6.793699999999999761e+01
1.399399999999999977e+02
1.488100000000000023e+02
8.446200000000000330e+01
3.447299999999999898e+01
6.074000000000000199e+01
7.080899999999999750e+01
-2.241800000000000281e+01
-1.365200000000000102e+02
-2.229000000000000057e+02
-2.245300000000000011e+02
-1.516800000000000068e+02
-1.267600000000000051e+02
-1.107000000000000028e+02
-5.727600000000000335e+01
1.096500000000000057e+02
2.195900000000000034e+02
8.919200000000000728e+01
-7.451899999999999125e+01
-1.376500000000000057e+02
-1.420300000000000011e+02
-2.211100000000000065e+01
1.839499999999999886e+02
2.813600000000000136e+02
2.554900000000000091e+02
1.745600000000000023e+02
1.130100000000000051e+02
8.592499999999999716e+01
5.785800000000000409e+01
6.003199999999999648e+00
-7.921699999999999875e+01
-1.492899999999999920e+02
-1.632700000000000102e+02
-1.454600000000000080e+02
-1.047799999999999976e+01
1.012999999999999972e+02
4.198699999999999477e+01
-3.507699999999999818e+01
-9.145700000000000784e+01
-5.130799999999999983e+01
-7.636599999999999611e+00
-1.270300000000000011e+02
-2.342299999999999898e+02
-2.515600000000000023e+02
-2.088799999999999955e+02
-5.725399999999999778e+01
1.143100000000000023e+02
2.617900000000000205e+02
3.215600000000000023e+02
1.848400000000000034e+02
-2.747800000000000153e+01
-1.450200000000000102e+02
-1.552500000000000000e+02
-2.017399999999999949e+01
1.359199999999999875e+02
1.402299999999999898e+02
1.096199999999999974e+01
-1.106099999999999994e+02
-4.151099999999999568e+00
1.141599999999999966e+02
1.459099999999999966e+02
1.762899999999999920e+02
1.280699999999999932e+02
3.609100000000000108e+01
-4.577700000000000102e+01
-3.117500000000000071e+01
-3.799000000000000199e+01
-6.407999999999999829e+01
-4.553800000000000381e+01
-4.233500000000000263e+00
6.159300000000000352e+01
2.611899999999999977e+01
-6.331000000000000227e+01
-2.009399999999999977e+02
-2.522599999999999909e+02
-1.678799999999999955e+02
-1.337099999999999866e+01
1.344900000000000091e+02
9.447899999999999920e+01
4.164300000000000224e-01
-8.583200000000000784e+01
-9.259499999999999886e+01
1.474000000000000021e+01
8.248299999999998988e+01
9.234000000000000341e+01
1.004599999999999937e+02
1.222099999999999937e+02
1.134599999999999937e+02
5.027700000000000102e+01
-5.649499999999999744e+01
-8.025300000000000011e+01
-5.546800000000000175e+00
1.069700000000000095e+01
-2.383300000000000196e+01
1.303999999999999915e+01
9.426899999999999125e+01
1.377599999999999909e+02
7.776100000000000989e+01
-2.931999999999999940e+00
1.955599999999999739e+01
1.267399999999999949e+02
1.716200000000000045e+02
1.024599999999999937e+02
5.480399999999999494e+01
1.846099999999999852e+01
1.631200000000000117e+01
1.661100000000000065e+01
2.987599999999999767e+01
1.331799999999999962e+01
-7.902500000000000568e+01
-1.630099999999999909e+02
-1.800999999999999943e+02
-1.679199999999999875e+02
-1.739300000000000068e+02
-1.334699999999999989e+02
-7.079899999999999238e+01
-2.879199999999999804e+01
1.908599999999999852e+01
2.461300000000000310e+01
-5.209500000000000242e+00
-3.347599999999999909e+01
-4.471500000000000341e+01
-2.200499999999999901e+01
1.203900000000000148e+01
-9.398199999999999221e+00
-5.594300000000000495e+01
-6.537999999999999545e+01
-4.823100000000000165e+01
-2.985500000000000043e+01
-5.535699999999999932e+01
-4.022999999999999687e+01
-1.053200000000000003e+01
-1.314599999999999902e+01
-3.305199999999999960e+01
-5.095799999999999841e+01
-4.471800000000000352e+01
-2.879300000000000281e+01
1.495800000000000018e+01
6.281399999999999295e+01
1.117099999999999937e+02
1.230400000000000063e+02
1.323700000000000045e+02
1.411500000000000057e+02
1.454300000000000068e+02
1.436699999999999875e+02
1.158599999999999994e+02
9.260999999999999943e+01
7.813299999999999557e+01
5.652100000000000080e+01
1.024000000000000021e+01
-2.689699999999999847e+01
-4.440899999999999892e+01
-4.989600000000000080e+01
-6.019699999999999562e+01
-7.184100000000000819e+01
-7.908499999999999375e+01
-8.301000000000000512e+01
-1.056200000000000045e+02
-1.299000000000000057e+02
-9.615600000000000591e+01
-8.953000000000000114e+01
-1.108299999999999983e+02
-1.085000000000000000e+02
-1.033299999999999983e+02
-9.410700000000001353e+01
-7.193999999999999773e+01
-3.859300000000000352e+01
-2.522100000000000009e+01
-1.546700000000000053e+01
-5.098600000000000909e-01
5.604499999999999815e+00
1.226599999999999824e+01
2.047899999999999920e+01
4.775399999999999778e+01
5.141100000000000136e+01
6.172800000000000153e+01
8.885200000000000387e+01
1.011700000000000017e+02
8.765600000000000591e+01
6.811899999999999977e+01
7.869400000000000261e+01
7.461399999999999011e+01
9.765399999999999636e+01
7.632999999999999829e+01
1.345500000000000007e+01
-2.126000000000000156e+01
-3.119500000000000028e+01
-1.766099999999999781e+01
2.775099999999999767e+01
5.291499999999999915e+01
4.810199999999999676e+01
5.563100000000000023e+01
6.402899999999999636e+01
8.988600000000000989e+01
5.664600000000000080e+01
2.089999999999999858e+01
1.117500000000000071e+01
-8.065599999999999881e+00
-4.505899999999999572e+00
-1.701699999999999946e+01
-4.370700000000000074e+01
-6.829399999999999693e+01
-7.842699999999999250e+01
-5.504899999999999949e+01
-4.012400000000000233e+01
-4.238800000000000523e+01
-3.071099999999999852e+01
-3.665999999999999659e+01
-3.358599999999999852e+01
-2.655000000000000071e+01
-5.405199999999999960e+01
-5.528000000000000114e+01
-2.331800000000000139e+01
-1.445400000000000018e+00
-5.134299999999999642e+00
-4.333800000000000097e+01
-7.091800000000000637e+01
-6.054299999999999926e+01
-2.878400000000000247e+01
-2.537000000000000099e+01
-4.695000000000000284e+01
-6.032699999999999818e+01
-5.508100000000000307e+01
-2.518800000000000239e+01
7.885699999999999932e+00
2.508300000000000196e+01
1.821099999999999852e+01
3.252499999999999858e+01
5.716499999999999915e+01
6.162399999999999523e+01
6.685800000000000409e+01
6.439699999999999136e+01
7.253699999999999193e+01
7.771999999999999886e+01
6.840500000000000114e+01
6.790600000000000591e+01
6.579399999999999693e+01
7.800100000000000477e+01
9.485600000000000875e+01
8.675799999999999557e+01
6.765600000000000591e+01
5.481100000000000705e+01
4.646999999999999886e+01
1.802100000000000080e+01
-1.946499999999999986e+01
-2.034400000000000119e+01
-6.662399999999999878e+00
1.080499999999999972e+01
1.981299999999999883e+01
1.142700000000000049e+00
-3.716599999999999682e+01
-7.136299999999999955e+01
-8.988899999999999579e+01
-1.120400000000000063e+02
-1.225000000000000000e+02
-8.713500000000000512e+01
-5.621899999999999409e+01
-4.253100000000000591e+01
-2.236300000000000310e+01
-2.870100000000000051e+01
-5.125300000000000011e+01
-4.635600000000000165e+01
-6.332099999999999618e+00
1.002799999999999869e+01
1.243999999999999950e+01
1.731900000000000261e+01
-3.609100000000000197e+00
-6.268500000000000405e+00
8.373599999999999710e+00
1.416999999999999993e+01
2.376199999999999868e+00
-7.381099999999999994e+00
-3.317699999999999960e+01
-2.696300000000000097e+01
-1.429099999999999859e+01
-5.607699999999999818e+01
-5.145300000000000296e+01
-3.526499999999999968e+00
-8.906700000000000728e+00
-4.062800000000000011e+01
-1.421499999999999986e+01
1.278700000000000081e+01
3.793399999999999750e+01
4.540600000000000591e+01
1.333000000000000007e+01
1.376999999999999957e+01
2.938699999999999690e+01
2.117000000000000171e+01
-1.905099999999999838e+01
-1.098400000000000176e+01
4.396800000000000352e+01
5.983699999999999619e+01
6.131700000000000017e+01
5.404899999999999949e+01
3.861400000000000432e+01
2.856099999999999994e+01
4.160800000000000409e+01
4.266499999999999915e+01
2.134100000000000108e+00
-2.568900000000000183e+00
2.338400000000000034e+01
3.303800000000000381e+01
3.538100000000000023e+01
1.791000000000000014e+01
-4.162600000000000300e+00
-2.955800000000000338e+01
-1.177400000000000091e+01
1.022400000000000020e+01
1.231400000000000006e+01
3.582900000000000063e+01
3.394100000000000250e+01
2.090199999999999836e+00
-3.646199999999999619e+01
-3.087099999999999866e+01
-7.817000000000000171e+00
-6.217600000000000016e+00
-4.050300000000000011e+00
-2.283300000000000196e+01
-1.712300000000000111e+01
-3.479699999999999704e+01
-6.138300000000000267e+01
-4.650899999999999324e+01
-3.855400000000000205e+01
-5.402700000000000102e+01
-5.603600000000000136e+01
-4.090800000000000125e+01
-3.104699999999999704e+01
-5.281100000000000350e+00
-1.256799999999999962e+01
-2.231699999999999662e+01
-1.576099999999999923e+01
2.050699999999999790e+01
3.797999999999999687e+01
3.074199999999999733e+01
5.171000000000000085e+01
8.102899999999999636e+01
8.078900000000000148e+01
6.766899999999999693e+01
7.781399999999999295e+01
6.868999999999999773e+01
5.669899999999999807e+01
2.562199999999999989e+01
-4.173199999999999577e+00
2.313000000000000167e+00
8.263299999999999201e+00
7.378899999999999793e+00
-2.041700000000000159e+01
-5.377399999999999380e+01
-5.869300000000000495e+01
-4.347899999999999920e+01
-3.025400000000000134e+01
-2.611400000000000077e+01
-1.797700000000000031e+01
-1.962199999999999989e+01
-3.714699999999999847e+01
-3.812199999999999989e+01
-2.681199999999999761e+01
-1.751900000000000190e+01
-1.233999999999999986e+01
-1.397000000000000064e+01
-9.299799999999999400e+00
-2.166199999999999903e+00
-1.381799999999999962e+01
-3.119400000000000261e+01
-5.067700000000000315e+00
2.000099999999999767e+01
2.296900000000000119e+01
6.648200000000000109e+00
4.421599999999999753e+00
4.464000000000000412e+00
1.557099999999999973e+01
3.806900000000000261e+01
4.735399999999999920e+01
5.432699999999999818e+01
4.134000000000000341e+01
2.559400000000000119e+01
1.614799999999999969e+01
1.238700000000000045e+01
-1.309900000000000064e+00
8.623899999999999899e-01
2.497599999999999820e+00
-1.610700000000000021e+00
-1.354700000000000060e+01
-2.913100000000000023e+01
-2.603400000000000247e+01
-2.337500000000000000e+01
-1.824099999999999966e+01
-1.367699999999999960e+01
-3.459300000000000352e+01
-4.765999999999999659e+01
-5.738899999999999579e+01
-5.212399999999999523e+01
-3.650900000000000034e+01
-2.625499999999999901e+01
-9.478100000000000414e-01
5.617200000000000415e+00
1.236199999999999966e+00
-2.975499999999999812e+00
4.662399999999999878e+00
1.262599999999999945e+01
2.789499999999999957e+01
2.995599999999999952e+01
6.951299999999999812e+00
-1.347599999999999909e+01
-2.472500000000000142e+01
-5.511599999999999611e+00
1.744099999999999895e+01
2.397100000000000009e+01
2.137400000000000233e+01
9.916100000000000136e+00
3.732699999999999907e+00
1.863700000000000045e+01
3.383699999999999619e+01
3.488700000000000045e+01
3.412800000000000011e+01
3.665800000000000125e+01
1.609799999999999898e+01
-8.595100000000000406e+00
-1.705499999999999972e+01
3.430899999999999839e+00
2.542999999999999972e+01
3.138899999999999935e+01
3.357900000000000063e+01
2.131900000000000261e+01
2.660899999999999821e+00
-5.034600000000000186e+00
4.656299999999999883e+00
-2.581599999999999895e+00
-1.995700000000000074e+01
-9.632699999999999818e+00
-6.183900000000000396e+00
-2.193099999999999739e+01
-2.581699999999999662e+01
-3.264600000000000080e+01
-3.501099999999999568e+01
-3.274399999999999977e+01
-4.007000000000000028e+01
-4.858299999999999841e+01
-4.830499999999999972e+01
-4.864699999999999847e+01
-4.907399999999999807e+01
-5.165299999999999869e+01
-4.214300000000000068e+01
-2.124300000000000210e+01
-4.662700000000000067e+00
3.263300000000000090e+00
8.541700000000000959e-01
-6.985500000000000043e+00
1.248000000000000043e+01
5.616399999999999437e+01
6.862399999999999523e+01
5.355300000000000438e+01
3.908800000000000097e+01
5.532800000000000296e+01
8.188299999999999557e+01
7.829000000000000625e+01
6.110699999999999932e+01
5.876300000000000523e+01
5.979200000000000159e+01
5.913300000000000267e+01
4.006499999999999773e+01
1.275999999999999979e+01
-7.574699999999999989e+00
-7.563500000000000334e+00
6.887500000000000178e+00
-1.671599999999999975e+00
-1.832900000000000063e+01
-1.859900000000000020e+01
-2.152400000000000091e+01
-3.512400000000000233e+01
-3.207199999999999562e+01
-3.225300000000000011e+01
-2.409499999999999886e+01
-7.092299999999999827e+00
5.635499999999999954e-01
1.030200000000000005e+00
1.197700000000000031e+01
1.944699999999999918e+01
-1.134200000000000069e-01
-1.902700000000000102e+01
-2.997400000000000020e+01
-3.534799999999999898e+01
-4.361600000000000676e+01
-3.845599999999999596e+01
-1.991600000000000037e+01
-4.459699999999999775e+00
1.088700000000000045e+01
-1.254099999999999859e+01
-3.550500000000000256e+01
-2.648099999999999810e+01
-2.191699999999999804e+01
-1.946099999999999852e+01
-1.352200000000000024e+01
-1.826400000000000023e+00
4.510600000000000165e+00
-8.340700000000000003e+00
-1.899900000000000233e+01
-2.125199999999999889e+01
-2.488300000000000267e+01
-6.466999999999999638e+00
1.052700000000000102e+01
1.281499999999999950e+01
3.922899999999999832e+00
-8.490899999999999892e+00
-1.047099999999999831e+01
2.905199999999999783e+00
1.005700000000000038e+01
1.252299999999999969e+01
2.140500000000000114e+01
1.679400000000000048e+01
1.182599999999999874e+01
1.092799999999999905e+01
1.639499999999999957e+01
1.879200000000000159e+01
2.796400000000000219e+01
3.858400000000000318e+01
3.660600000000000165e+01
3.774900000000000233e+01
3.976300000000000523e+01
3.271099999999999852e+01
2.067000000000000171e+01
1.740200000000000102e+01
1.861400000000000077e+01
1.027599999999999980e+01
-3.137900000000000134e+00
-3.079299999999999926e+00
-2.409899999999999931e+00
-1.460599999999999987e+01
-2.174900000000000233e+01
-1.633900000000000219e+01
-8.541900000000000048e+00
-2.298099999999999810e+00
1.072000000000000064e+00
-8.070100000000000051e+00
-2.375199999999999889e+01
-1.962400000000000233e+01
-1.282099999999999973e+01
-7.475100000000000300e+00
-1.081900000000000084e+01
-1.849599999999999866e+01
-1.601900000000000190e+01
-1.271299999999999919e+01
-2.014900000000000091e+01
-2.861499999999999844e+01
-1.605700000000000216e+01
-8.702299999999999258e+00
-1.325699999999999967e+01
-1.802100000000000080e+01
-2.851900000000000190e+01
-3.615899999999999892e+01
-3.669500000000000028e+01
-2.861499999999999844e+01
-2.605599999999999739e+01
-2.184300000000000352e+01
-7.980199999999999960e+00
-5.783299999999999663e+00
-6.657300000000000217e+00
-3.014600000000000168e+00
4.391199999999999548e-01
8.437200000000000255e-01
1.161400000000000077e+01
1.269700000000000095e+01
1.174699999999999989e+01
9.526099999999999568e+00
1.383200000000000074e+01
1.920899999999999963e+01
2.112199999999999989e+01
2.469599999999999795e+01
1.793900000000000006e+01
1.457799999999999940e+01
1.709900000000000020e+01
1.929200000000000159e+01
1.158699999999999974e+01
1.198499999999999943e+01
6.974899999999999878e+00
1.940299999999999914e+00
1.019700000000000051e+00
8.233599999999999142e+00
1.188099999999999845e+01
-6.146099999999999897e-01
-5.470299999999999940e+00
-1.446799999999999997e+01
-2.056800000000000139e+01
-2.325800000000000267e+01
-2.979699999999999704e+01
-1.467599999999999838e+01
1.222400000000000020e+01
2.545699999999999719e+01
2.444099999999999895e+01
2.238800000000000168e+01
2.913400000000000034e+01
2.112400000000000233e+01
1.035700000000000109e+01
1.402900000000000169e+01
2.189300000000000068e+01
2.646900000000000119e+01
1.369800000000000040e+01
5.179800000000000182e+00
5.818399999999999572e+00
9.419999999999999929e+00
1.730999999999999872e+01
2.699300000000000210e+01
3.126599999999999824e+01
2.170300000000000296e+01
1.855599999999999739e+01
2.750800000000000267e+01
2.941800000000000281e+01
1.888299999999999912e+01
4.102599999999999802e+00
-7.771799999999999820e+00
-6.311899999999999622e+00
-5.229899999999999771e+00
-9.206899999999999196e+00
-1.458200000000000074e+01
-2.036499999999999844e+01
-2.679400000000000048e+01
-3.251200000000000045e+01
-3.875800000000000267e+01
-3.495300000000000296e+01
-2.592500000000000071e+01
-2.743499999999999872e+01
-2.350900000000000034e+01
-1.483699999999999974e+01
-1.524099999999999966e+01
-1.916099999999999781e+01
-1.201500000000000057e+01
-8.542600000000000193e+00
-6.014000000000000234e+00
-6.684999999999999609e+00
-1.665800000000000125e+01
-1.475500000000000078e+01
-6.326200000000000045e+00
1.107400000000000051e-01
3.799700000000000077e+00
3.562600000000000211e+00
5.068699999999999761e+00
6.011999999999999567e+00
1.010799999999999876e+01
2.199300000000000210e+01
3.129500000000000171e+01
2.347199999999999775e+01
1.103900000000000148e+01
6.540000000000000036e+00
1.625300000000000011e+01
2.509699999999999775e+01
2.337599999999999767e+01
1.309400000000000119e+01
-1.562699999999999978e+00
-6.341700000000000337e+00
-4.092699999999999783e+00
-4.148600000000000065e+00
-4.474599999999999689e+00
6.019499999999999851e+00
7.573199999999999932e-01
-1.669099999999999895e+01
-1.433000000000000007e+01
-1.084599999999999831e+01
-1.310700000000000109e+01
-1.131599999999999895e+01
-4.968600000000000350e+00
2.233999999999999986e+00
-1.972499999999999920e+00
-6.948299999999999699e+00
-6.712600000000000122e+00
-9.739699999999999136e+00
-1.100400000000000134e+01
-1.296099999999999852e+01
-5.574099999999999611e+00
4.427900000000000169e+00
6.598600000000000243e+00
3.640499999999999847e+00
-2.550699999999999967e+00
-7.561399999999999899e+00
-7.807800000000000296e+00
-6.436099999999999710e+00
-5.615700000000000358e+00
-1.012600000000000028e-01
2.347100000000000186e+00
-2.941699999999999871e-01
-6.563799999999999635e+00
-6.985699999999999577e+00
-6.174800000000000288e+00
-1.635299999999999976e+00
1.777099999999999902e+00
3.279700000000000060e+00
6.484200000000000408e+00
3.357000000000000206e+00
6.663899999999999935e+00
5.759500000000000064e+00
8.669999999999999929e+00
1.724500000000000099e+01
1.584599999999999831e+01
1.097499999999999964e+01
9.233900000000000219e+00
4.091999999999999638e+00
2.955700000000000216e+00
6.034500000000000419e+00
3.811300000000000132e+00
-1.739400000000000113e-01
-8.282999999999999474e+00
-1.798000000000000043e+01
-1.914700000000000202e+01
-1.332400000000000162e+01
-7.163299999999999557e+00
-5.171899999999999942e+00
-8.062099999999999156e+00
-5.545799999999999841e+00
-1.314700000000000024e+01
-2.108099999999999952e+01
-1.989199999999999946e+01
-2.049099999999999966e+01
-1.942000000000000171e+01
-1.636599999999999966e+01
-9.505599999999999383e+00
1.759300000000000030e-01
9.675800000000000622e+00
6.488299999999999734e+00
5.476499999999999702e+00
1.292099999999999937e+01
1.700300000000000011e+01
1.913899999999999935e+01
1.477200000000000024e+01
1.267799999999999905e+01
5.333800000000000097e+00
-3.538800000000000279e-01
-1.436900000000000066e+00
6.979700000000000237e+00
1.659499999999999886e+01
1.962500000000000000e+01
1.514599999999999902e+01
3.995699999999999807e+00
3.570600000000000218e+00
9.131099999999999994e+00
1.556599999999999895e+01
1.003500000000000014e+01
1.129999999999999893e+00
-4.425799999999999734e+00
-3.309300000000000019e-01
9.742699999999999250e+00
1.242999999999999972e+01
1.370599999999999952e+01
1.211599999999999966e+01
7.041999999999999815e+00
3.605300000000000171e+00
4.213000000000000078e+00
4.194499999999999673e+00
3.044799999999999951e+00
6.950800000000000312e-01
-6.144800000000000262e-01
1.998299999999999965e+00
-8.154399999999999427e-01
-1.424400000000000110e+00
-2.837600000000000122e+00
1.044499999999999984e+00
7.074499999999999567e+00
1.491499999999999915e+01
1.221199999999999974e+01
3.427599999999999980e+00
3.186199999999999588e-01
-3.638100000000000112e+00
-2.969800000000000217e+00
-4.767599999999999838e+00
-3.270799999999999930e+00
-3.244600000000000151e+00
-3.917699999999999960e+00
-1.094700000000000095e+01
-1.820599999999999952e+01
-1.691600000000000037e+01
-1.273499999999999943e+01
-7.782099999999999795e+00
-3.306299999999999795e+00
-1.059399999999999897e+00
-1.987700000000000022e+00
-9.372299999999999187e+00
-1.238000000000000078e+01
-8.593299999999999272e+00
-1.298799999999999955e+01
-1.584099999999999930e+01
-8.783699999999999619e+00
-9.507600000000000051e+00
-9.805199999999999250e+00
-7.977599999999999802e+00
-3.784100000000000019e+00
-2.022299999999999931e-01
-5.464199999999999946e+00
-8.159499999999999531e+00
-6.176199999999999690e+00
1.663899999999999935e+00
5.838899999999999757e+00
7.358600000000000030e+00
5.069700000000000095e+00
-4.074999999999999734e-01
3.944999999999999840e+00
9.420999999999999375e+00
8.461199999999999832e+00
6.380399999999999849e+00
5.822000000000000064e+00
3.641999999999999904e+00
2.405299999999999994e+00
4.567300000000000360e+00
8.706699999999999662e+00
9.433299999999999130e+00
1.037599999999999945e+01
6.752900000000000347e+00
6.122099999999999653e+00
7.736299999999999955e+00
3.245699999999999807e+00
-1.875900000000000067e-01
-1.459400000000000031e+00
6.928199999999999914e-01
-2.996099999999999874e-01
6.248800000000000132e+00
9.326700000000000657e+00
2.888900000000000023e+00
-3.370899999999999785e+00
-7.924299999999999677e+00
-7.478299999999999947e+00
-2.650999999999999801e+00
1.034400000000000119e+01
1.199799999999999933e+01
4.312299999999999578e+00
3.485399999999999832e+00
4.064000000000000057e+00
1.678099999999999925e+00
2.353400000000000158e+00
1.189299999999999891e+01
1.318799999999999883e+01
1.060900000000000176e+01
7.386700000000000266e+00
3.193599999999999994e+00
7.676500000000000545e-01
8.951800000000000035e-02
-4.029700000000000060e+00
-5.227899999999999991e+00
-2.450600000000000112e+00
-5.139000000000000234e+00
2.240499999999999936e+00
4.484499999999999709e+00
-2.870299999999999851e+00
-1.327599999999999980e+01
-1.701200000000000045e+01
-9.957000000000000739e+00
-3.759399999999999853e+00
-9.054399999999999338e+00
-1.401299999999999990e+01
-1.117900000000000027e+01
-1.192999999999999972e+01
-1.386500000000000021e+01
-1.797100000000000009e+01
-1.786200000000000188e+01
-1.967000000000000171e+01
-1.783599999999999852e+01
-1.662000000000000099e+01
-1.808999999999999986e+01
-1.984700000000000131e+01
-1.322400000000000020e+01
-1.094600000000000017e+00
-1.835900000000000087e+00
-3.390099999999999891e+00
-8.583600000000000563e+00
-6.227299999999999613e+00
2.355399999999999938e+00
6.387900000000000134e+00
2.210300000000000153e+00
-5.936899999999999622e+00
-9.627299999999999969e+00
-1.691500000000000004e+00
5.513700000000000045e+00
7.335499999999999687e+00
1.616700000000000159e+01
2.713599999999999923e+01
2.933399999999999963e+01
2.042800000000000082e+01
1.508000000000000007e+01
7.657899999999999707e+00
4.175399999999999778e+00
5.453599999999999781e+00
9.666900000000000048e+00
7.852199999999999847e+00
8.437500000000000000e+00
1.530199999999999960e+01
1.314499999999999957e+01
1.215200000000000102e+01
1.482900000000000063e+01
1.365000000000000036e+01
9.758599999999999497e+00
6.478200000000000180e+00
4.173899999999999721e+00
6.079900000000000304e+00
-1.637699999999999989e-01
-3.961800000000000210e+00
-7.576100000000000279e+00
-5.554000000000000270e+00
3.432399999999999896e+00
1.086700000000000088e+01
1.007900000000000063e+01
4.400100000000000122e+00
2.600299999999999834e+00
5.508899999999999686e+00
9.492800000000000793e+00
4.141399999999999970e+00
-2.925899999999999945e+00
-8.482699999999999463e+00
-1.358799999999999919e+01
-1.808200000000000074e+01
-1.385099999999999909e+01
-1.071700000000000053e+01
-1.137299999999999933e+01
-9.132999999999999119e+00
-1.239900000000000091e+01
-1.651000000000000156e+01
-1.176200000000000045e+01
-1.152200000000000024e+01
-1.274599999999999866e+01
-7.037099999999999689e+00
-2.580700000000000216e+00
1.387999999999999901e+00
7.471999999999999753e-01
-3.331700000000000106e+00
-5.139100000000000001e+00
-9.016000000000000014e+00
-1.223200000000000109e+01
-3.042100000000000026e+00
7.625399999999999956e-01
-8.456799999999999429e+00
-4.505799999999999805e+00
-3.383900000000000130e+00
-2.428900000000000059e+00
6.639000000000000234e+00
1.191200000000000081e+01
1.286800000000000033e+01
9.985400000000000276e+00
1.010999999999999943e+01
3.732800000000000118e+00
5.199399999999999800e+00
1.010700000000000109e+01
1.567500000000000071e+01
1.441799999999999926e+01
9.930199999999999250e+00
6.722900000000000098e+00
5.264899999999999913e+00
1.057000000000000028e+01
1.411499999999999977e+00
3.830999999999999961e+00
8.913999999999999702e+00
9.501300000000000523e+00
5.310900000000000176e+00
-6.879100000000000215e+00
-1.165200000000000102e+01
-1.715399999999999991e+01
-1.235400000000000098e+01
2.339900000000000035e-01
5.666500000000000092e+00
9.967800000000000438e+00
1.165499999999999936e+01
-5.587600000000000122e+00
-1.955599999999999739e+01
-3.587400000000000233e+01
-3.534799999999999898e+01
-2.231800000000000139e+01
-1.039200000000000124e+01
4.988699999999999690e+00
8.393500000000000405e-01
-6.583099999999999952e+00
-2.149699999999999989e+01
-1.919400000000000261e+01
-4.273799999999999599e+00
1.364200000000000124e+01
1.088400000000000034e+01
-1.155499999999999972e+01
-1.941499999999999915e+01
-1.885500000000000043e+01
-8.899100000000000676e+00
1.597099999999999831e+01
1.193099999999999916e+01
4.096700000000000230e+00
8.822800000000000864e+00
-4.232100000000000306e-01
-3.689499999999999780e+00
-5.437000000000000277e+00
3.775500000000000078e+00
4.605800000000000338e+00
-1.421199999999999963e-01
-5.251599999999999824e+00
-7.988199999999999745e-01
4.656600000000000072e+00
4.878400000000000070e+00
1.692500000000000071e+01
1.950600000000000023e+01
1.605799999999999983e+01
4.751599999999999824e+00
-3.119200000000000195e+00
1.006499999999999950e+01
1.753599999999999781e+01
1.549099999999999966e+01
2.165399999999999991e+01
2.582099999999999795e+01
1.971099999999999852e+01
1.099499999999999922e+01
1.159000000000000030e+00
-8.121800000000000352e+00
-8.820399999999999352e+00
-7.837799999999999656e+00
-1.294599999999999973e+00
1.872500000000000053e+00
7.788000000000000256e+00
1.895299999999999940e+01
1.818700000000000117e+01
1.085500000000000043e+01
1.146200000000000108e+00
-6.450899999999999856e+00
-7.185500000000000220e+00
-3.501700000000000035e+00
-3.014800000000000146e+00
7.354600000000000026e-01
3.595200000000000173e+00
5.792699999999999960e+00
9.714700000000000557e+00
4.531500000000000306e+00
-3.858000000000000096e+00
-9.500500000000000611e+00
-1.597400000000000020e+01
-2.825900000000000034e+01
-3.146300000000000097e+01
-2.358800000000000097e+01
-1.210099999999999909e+01
-2.515200000000000102e+00
1.222399999999999931e+00
3.728099999999999969e+00
4.917900000000000382e+00
7.244600000000000151e+00
2.701400000000000023e+00
1.047600000000000087e+00
1.540799999999999947e+00
7.655800000000000161e+00
5.504599999999999937e+00
1.486599999999999921e+00
2.035499999999999865e+00
5.840099999999999625e+00
3.359300000000000175e+00
-3.957300000000000040e+00
-3.288600000000000190e+00
-5.446600000000000108e+00
-2.177599999999999980e+00
-6.593700000000000117e+00
-5.115899999999999892e+00
-2.444300000000000139e+00
-2.168800000000000061e+00
-8.747000000000000330e-01
-7.217399999999999594e+00
-6.095299999999999940e+00
-1.613599999999999923e+00
-2.677700000000000191e+00
-5.656799999999999606e+00
5.880499999999999616e+00
1.457099999999999973e+01
1.563900000000000112e+01
2.133300000000000196e+00
-4.815699999999999648e+00
-3.686100000000000154e+00
-8.456699999999999662e+00
-1.102700000000000102e+01
-1.124599999999999866e+01
-8.844900000000000873e+00
-7.519099999999999895e+00
4.026600000000000179e+00
1.099599999999999866e+01
1.320500000000000007e+01
1.279800000000000004e+01
1.512999999999999901e+00
-1.511200000000000010e+01
-1.871699999999999875e+01
-1.505799999999999983e+01
-1.010399999999999920e+01
-6.129800000000000360e+00
5.024300000000000210e+00
1.216099999999999959e+01
3.998800000000000132e+00
-4.738300000000000289e-01
-6.833300000000000374e+00
-5.685399999999999565e+00
5.133800000000000585e-01
9.015900000000000303e-02
7.264999999999999680e+00
9.230600000000000804e+00
1.002200000000000024e+01
1.284799999999999898e+01
7.889999999999999680e+00
7.212299999999999933e+00
9.532799999999999940e+00
1.108099999999999952e+01
1.086700000000000088e+01
1.108000000000000007e+01
1.223499999999999943e+01
1.154800000000000004e+01
1.075799999999999912e+01
1.099300000000000033e+01
9.573000000000000398e+00
1.060099999999999909e+01
1.064400000000000013e+01
8.440200000000000813e+00
5.952499999999999680e+00
2.751199999999999868e+00
1.923000000000000043e+00
3.354099999999999859e+00
6.734700000000000131e+00
4.238800000000000345e+00
8.500799999999999468e-01
-3.245099999999999874e+00
8.349499999999999700e-01
4.200099999999999945e+00
-2.144699999999999829e+00
-6.542099999999999582e+00
-1.282499999999999929e+01
-1.668400000000000105e+01
-1.459900000000000020e+01
-1.549099999999999966e+01
-1.935999999999999943e+01
-1.453599999999999959e+01
-6.529600000000000293e+00
-5.907799999999999940e+00
-3.155699999999999950e+00
1.007700000000000040e+00
-4.365700000000000358e+00
-1.466300000000000026e+01
-1.942099999999999937e+01
-1.460599999999999987e+01
-1.453500000000000014e+01
-1.074300000000000033e+01
-5.706999999999999851e+00
-4.307199999999999918e+00
-3.891900000000000359e-01
6.604600000000000748e-02
2.717799999999999994e+00
7.259900000000000020e+00
1.078800000000000026e+01
9.220200000000000173e+00
4.347599999999999909e+00
2.683499999999999774e-01
5.336999999999999522e-01
-2.686700000000000088e+00
-4.458199999999999719e+00
-7.614900000000000002e-01
1.339900000000000091e+00
2.911599999999999966e+00
6.261099999999999888e+00
8.216200000000000614e+00
6.472599999999999909e+00
5.689400000000000013e+00
5.128599999999999604e+00
6.522599999999999731e+00
6.550799999999999734e+00
4.104499999999999815e+00
-1.317199999999999926e+00
-8.052500000000000213e+00
-4.958000000000000185e+00
-4.191900000000000404e+00
-1.128800000000000026e+01
-1.279299999999999926e+01
-2.487099999999999866e+00
2.515699999999999825e+00
1.655000000000000027e+00
6.845600000000000129e+00
-2.129700000000000149e+00
-4.406699999999999839e+00
-1.205799999999999983e+00
4.868399999999999395e-01
3.399799999999999933e+00
1.871599999999999930e+00
-8.250499999999999501e-01
-7.762100000000000666e-01
-2.044299999999999784e+00
-4.576299999999999812e+00
-7.355500000000000149e+00
-5.869699999999999918e+00
-4.543700000000000294e+00
-4.723300000000000054e+00
3.385800000000000143e+00
-7.320900000000000185e-01
-6.807999999999999607e-01
-1.638300000000000034e-01
-5.067099999999999937e-01
1.293400000000000105e+00
4.074699999999999989e+00
8.065400000000000347e+00
7.725900000000000212e+00
2.953699999999999992e+00
-1.264399999999999968e+00
-2.238799999999999901e+00
2.534400000000000208e+00
1.371799999999999997e+01
1.465299999999999869e+01
6.160800000000000054e+00
-1.342500000000000027e+00
-2.707500000000000018e+00
-4.437800000000000189e+00
2.847500000000000142e+00
8.820499999999999119e+00
8.011900000000000688e+00
3.278399999999999981e+00
2.751500000000000057e+00
8.582900000000000418e+00
9.369699999999999918e+00
4.609600000000000364e+00
-5.592299999999999827e+00
-5.052399999999999558e+00
-1.170500000000000096e+00
1.373499999999999943e+00
-2.145700000000000163e+00
-2.450099999999999945e+00
1.840500000000000025e+00
-1.304999999999999938e+00
1.157999999999999918e+00
2.533599999999999852e+00
2.691300000000000026e+00
8.616799999999998905e-01
8.706599999999999895e-01
-1.448900000000000077e+00
-3.520300000000000207e+00
4.122500000000000053e-01
-1.869699999999999918e+00
-1.245200000000000085e+00
-2.537799999999999834e+00
-5.425699999999999967e+00
-7.850399999999999601e+00
-5.393500000000000405e+00
-1.022400000000000020e+01
-1.434900000000000020e+01
-1.369700000000000095e+01
-8.890000000000000568e+00
-4.332200000000000273e+00
-4.896700000000000053e+00
-3.459499999999999797e+00
1.677499999999999991e+00
3.036200000000000010e+00
9.876200000000000534e-01
6.009800000000000253e+00
2.933100000000000041e+00
5.660800000000000054e+00
8.653399999999999537e+00
1.208999999999999986e+01
1.450599999999999845e+01
7.778599999999999959e+00
-3.225000000000000089e-01
2.668899999999999828e+00
1.815299999999999914e+00
-8.103500000000000147e-01
5.566300000000000692e-01
2.435199999999999865e-01
-6.560900000000000176e+00
-8.253099999999999881e+00
-4.407399999999999984e+00
8.594799999999999329e+00
9.540800000000000836e+00
-6.001100000000000101e+00
-6.383499999999999730e+00
-2.057499999999999929e+01
-8.647000000000000242e+00
6.084900000000000198e+00
3.559600000000000097e+00
3.667400000000000215e+00
-3.102100000000000080e+00
-7.394499999999999851e+00
-7.722899999999999210e-01
-5.675500000000000433e+00
-7.934400000000000119e+00
4.867899999999999672e+00
4.703500000000000014e+00
-4.599899999999999878e+00
-1.177099999999999902e+01
-1.615899999999999892e+00
3.251199999999999868e+00
9.109000000000000430e-01
-8.810400000000000176e-02
-4.760500000000000398e+00
-5.834500000000000242e+00
5.347800000000000331e-01
4.174500000000000099e+00
3.870600000000000041e+00
5.747799999999999798e+00
7.097400000000000375e+00
9.530200000000000671e+00
1.238099999999999845e+01
1.426099999999999923e+01
1.273700000000000010e+01
7.711899999999999977e+00
4.653900000000000148e+00
4.853600000000000136e+00
1.072699999999999987e+00
-6.126400000000000290e+00
-3.151100000000000012e+00
3.863900000000000112e+00
9.452599999999999891e-01
1.955000000000000071e+00
8.408799999999999386e+00
8.547900000000000276e+00
4.072499999999999787e+00
6.674000000000000377e+00
8.420500000000000540e+00
-4.164300000000000224e-01
-7.735000000000000320e+00
-8.440599999999999881e+00
-6.880600000000000271e+00
-2.912399999999999878e+00
-3.707199999999999829e+00
-3.580400000000000027e+00
-3.104099999999999859e+00
-4.711700000000000443e+00
-2.452599999999999891e+00
-2.402000000000000135e+00
-2.675699999999999967e+00
-2.023899999999999810e+00
-2.133100000000000218e+00
-7.753899999999999793e+00
-1.620200000000000173e+01
-1.485299999999999976e+01
-8.610900000000000887e+00
-6.368999999999999773e+00
-7.339299999999999713e+00
-4.829900000000000304e+00
-3.336399999999999810e+00
-6.467899999999999761e-01
2.824199999999999822e+00
-3.523499999999999965e-01
-5.268599999999999950e-01
3.941899999999999959e+00
6.467100000000000293e+00
4.762400000000000411e+00
7.387900000000000134e+00
4.685500000000000220e+00
4.085399999999999920e+00
4.277400000000000091e+00
1.372800000000000020e+00
1.750899999999999901e+00
5.698100000000000165e+00
8.134800000000000253e+00
6.979800000000000004e+00
3.597500000000000142e+00
1.272399999999999975e+00
-1.161599999999999966e+00
-1.306000000000000050e+00
4.418300000000000338e+00
4.351300000000000168e+00
5.789100000000000357e+00
3.883399999999999963e+00
4.082799999999999763e+00
4.802999999999999936e+00
1.707400000000000029e+00
-4.654200000000000004e-01
1.534699999999999953e+00
-4.070699999999999874e-01
-4.475100000000000300e+00
-3.186300000000000132e+00
-1.046000000000000041e+00
2.695199999999999818e-01
-8.509999999999999787e-01
-1.936399999999999899e+00
-4.618500000000000050e+00
-1.058500000000000085e+01
-6.828100000000000058e+00
-2.787500000000000089e+00
-8.483599999999999142e+00
-1.122900000000000098e+01
-1.334700000000000131e+01
-1.475699999999999967e+01
-1.368599999999999994e+01
-6.985100000000000087e+00
-2.993100000000000094e+00
-1.687400000000000011e+00
-2.038699999999999957e+00
-4.829600000000000115e+00
-3.550499999999999989e+00
9.471700000000000674e-01
4.104599999999999582e+00
1.982599999999999918e+00
-2.300800000000000178e+00
-3.047600000000000087e+00
4.031100000000000350e+00
8.046099999999999142e+00
8.675700000000000855e+00
1.006099999999999994e+01
7.780800000000000161e+00
5.338199999999999612e+00
4.681000000000000050e+00
2.202100000000000168e+00
1.281199999999999894e+00
3.782999999999999918e+00
6.379299999999999748e+00
4.032300000000000217e+00
-1.916500000000000092e+00
-2.492799999999999905e+00
-1.483400000000000052e+00
-2.963200000000000056e+00
-4.104300000000000281e+00
-1.263800000000000034e+00
8.128200000000000355e-03
-1.387400000000000022e-01
2.380800000000000138e-01
2.477599999999999802e+00
1.414900000000000047e-01
6.199200000000000266e-01
3.126700000000000035e+00
1.865899999999999892e+00
1.970599999999999907e+00
1.093199999999999950e+00
-2.927700000000000191e+00
-3.026199999999999779e+00
2.449400000000000188e-01
1.521700000000000053e+00
1.503100000000000103e+00
-1.678500000000000103e+00
-5.190100000000000158e+00
-4.947499999999999787e+00
-1.973799999999999999e+00
1.434099999999999930e+00
3.268400000000000194e+00
2.642700000000000049e+00
-7.734999999999999654e-01
-4.531900000000000261e+00
-7.107400000000000162e+00
-4.195299999999999585e+00
-2.637999999999999901e+00
-1.927200000000000024e+00
3.572000000000000064e+00
2.311199999999999921e+00
-2.916700000000000070e+00
-5.419599999999999973e+00
-3.224800000000000111e+00
-3.731499999999999817e-01
1.674099999999999921e+00
3.335599999999999898e+00
3.549300000000000122e+00
-1.552800000000000014e-02
2.686100000000000154e+00
-7.068999999999999728e-01
-3.447999999999999954e+00
5.042399999999999105e-01
3.230100000000000193e+00
1.511100000000000110e+00
-4.981900000000000439e+00
-4.566200000000000259e+00
-4.290700000000000180e+00
-1.786200000000000010e+00
2.515199999999999658e-01
1.620400000000000063e+00
-1.730199999999999960e+00
-3.158999999999999808e+00
1.670299999999999896e+00
5.208999999999999631e+00
3.970200000000000173e+00
8.625199999999999534e+00
1.140400000000000169e+01
5.616500000000000270e+00
1.411100000000000021e+00
8.653600000000000181e-01
6.440999999999999837e+00
6.537600000000000300e+00
8.349099999999999966e+00
8.733499999999999375e+00
3.919500000000000206e+00
1.237900000000000000e+00
4.596499999999999808e+00
8.253800000000000026e+00
5.846700000000000230e+00
8.309200000000000585e+00
9.233000000000000540e+00
6.238199999999999967e+00
2.920399999999999885e+00
1.330999999999999961e+00
1.847299999999999942e+00
-6.286899999999999711e-01
-2.213200000000000056e+00
-5.250399999999999956e+00
-5.752399999999999736e+00
-6.733399999999999608e+00
-7.693800000000000416e+00
-5.978799999999999670e+00
-8.319300000000000139e+00
-6.120400000000000063e+00
-2.692699999999999871e+00
-3.472799999999999887e+00
-5.865199999999999747e+00
-7.602100000000000080e+00
-7.431600000000000428e+00
-7.141300000000000203e+00
-4.043700000000000294e+00
-3.971099999999999852e+00
-3.076000000000000068e+00
-4.740199999999999747e+00
-6.544800000000000395e+00
-8.551600000000000312e-01
-2.319799999999999862e+00
-4.795600000000000307e+00
-2.621999999999999886e+00
1.013900000000000023e+00
4.094599999999999795e+00
5.715399999999999814e+00
5.380499999999999616e+00
1.854899999999999993e+00
2.972000000000000197e-01
3.143299999999999983e+00
2.341600000000000126e+00
3.739900000000000002e+00
6.541299999999999670e+00
6.715700000000000003e+00
7.501999999999999780e+00
5.924999999999999822e+00
5.310800000000000409e+00
2.933199999999999807e+00
1.308899999999999952e+00
1.819499999999999895e+00
7.928800000000000292e-01
3.353699999999999903e+00
5.592699999999999783e+00
7.790600000000000414e+00
7.451100000000000279e+00
2.462099999999999955e+00
1.352700000000000014e-01
1.782899999999999929e+00
4.158599999999999852e+00
1.649299999999999988e+00
-2.590899999999999870e-01
1.447799999999999976e+00
1.137299999999999978e+00
2.459600000000000009e+00
2.434600000000000097e+00
9.931299999999999573e-01
1.946499999999999897e+00
2.385899999999999910e+00
3.285200000000000120e+00
5.523900000000000254e+00
3.490299999999999958e+00
-1.115099999999999980e+00
-1.735500000000000043e+00
-5.469999999999999751e+00
-5.127299999999999969e+00
-5.110000000000000320e+00
-3.315900000000000070e+00
-8.372400000000000675e-02
-8.416700000000000292e-01
-2.107600000000000140e+00
-4.035199999999999676e+00
-3.548599999999999977e+00
-3.916999999999999815e+00
-1.605299999999999949e+00
-1.777700000000000058e+00
-2.665200000000000014e+00
-2.589700000000000113e+00
-4.224400000000000155e+00
-5.011499999999999844e+00
-4.595100000000000406e+00
-4.627399999999999736e+00
-5.291100000000000136e+00
-5.475299999999999834e+00
-5.747099999999999653e+00
-5.492399999999999949e+00
-6.009599999999999831e+00
-6.672299999999999898e+00
-4.964900000000000091e+00
-5.991299999999999848e+00
-4.110100000000000087e+00
-2.855300000000000171e+00
-5.607700000000000351e+00
-6.477999999999999758e+00
-6.194499999999999673e+00
-3.443599999999999994e+00
-4.069700000000000095e+00
-3.630100000000000104e+00
-3.495400000000000063e+00
-1.915300000000000002e+00
-2.558199999999999807e+00
-1.709799999999999986e+00
-2.861000000000000153e-04
1.573800000000000088e+00
2.387000000000000011e+00
1.542100000000000026e+00
-3.599199999999999622e-01
5.972899999999999876e-01
-1.279200000000000059e-01
8.499100000000000543e-01
5.112700000000000244e+00
2.741400000000000059e+00
3.687699999999999978e+00
5.287200000000000344e+00
3.386299999999999866e+00
1.800000000000000044e+00
4.634400000000000297e+00
5.003800000000000026e+00
6.022599999999999731e+00
4.188299999999999912e+00
3.971100000000000185e-01
3.653500000000000192e+00
6.799999999999999822e+00
7.205700000000000216e+00
7.018699999999999939e+00
7.965099999999999625e+00
7.557900000000000063e+00
3.708600000000000119e+00
4.265399999999999636e+00
3.620000000000000107e+00
6.113400000000000389e+00
8.417899999999999494e+00
6.964500000000000135e+00
8.377700000000000813e+00
7.022300000000000431e+00
3.373699999999999921e+00
1.757100000000000106e+00
-4.031100000000000350e+00
-7.536999999999999922e+00
2.604000000000000092e+00
6.905499999999999972e+00
5.438900000000000290e+00
6.376500000000000057e+00
7.641099999999999781e+00
2.234900000000000109e+00
-7.843499999999999694e+00
-7.940999999999999837e+00
-3.062600000000000211e+00
-7.248300000000000409e+00
-4.911100000000000243e+00
-3.239199999999999857e+00
-4.344199999999999839e+00
-5.442099999999999937e+00
-8.245300000000000296e+00
-4.381800000000000139e+00
-3.693099999999999827e+00
-5.110299999999999621e+00
-7.561499999999999666e+00
-4.590600000000000236e+00
-2.810999999999999943e+00
-2.619600000000000151e+00
-3.375199999999999978e+00
-4.796000000000000263e+00
-1.648500000000000076e+00
1.989999999999999991e+00
-9.644200000000000550e-01
-2.276400000000000201e+00
1.260099999999999831e-01
-2.528500000000000192e+00
-1.871499999999999941e+00
3.302199999999999580e-01
4.961800000000000099e-01
7.650200000000000333e-01
-7.651000000000000856e-02
1.355799999999999894e+00
1.403299999999999992e+00
1.692600000000000104e+00
3.146700000000000053e+00
3.365899999999999892e+00
-1.751200000000000090e+00
2.021500000000000075e+00
6.327499999999999680e+00
2.798399999999999999e+00
6.927900000000000169e+00
4.234600000000000364e+00
2.978099999999999969e+00
2.738700000000000023e-01
-5.300500000000000524e-03
9.237700000000000911e-01
-2.249800000000000022e+00
-1.687200000000000033e+00
-1.572100000000000053e+00
-1.051800000000000068e+00
-1.512499999999999956e+00
-1.268000000000000016e+00
8.555800000000000904e-02
2.005800000000000083e-01
-1.077700000000000102e+00
-3.303100000000000147e+00
-4.366200000000000081e+00
-2.551800000000000068e+00
-2.485199999999999854e+00
-3.098300000000000054e+00
2.146300000000000152e-01
1.941400000000000070e-01
-1.219700000000000006e+00
-2.195699999999999985e+00
-2.017900000000000027e+00
-2.204800000000000093e-01
3.795000000000000040e-01
4.000099999999999767e-01
1.326600000000000001e+00
1.730599999999999916e+00
4.545300000000000451e-01
-5.566399999999999126e-01
-3.165500000000000203e+00
2.537800000000000056e-01
-1.999600000000000044e+00
-5.943800000000000416e+00
-3.200699999999999878e+00
-3.377299999999999969e+00
-3.546699999999999964e+00
-4.271300000000000097e+00
-2.800600000000000200e+00
-2.876900000000000013e+00
-5.508799999999999919e+00
-1.960199999999999942e+00
-2.524399999999999977e-01
9.352200000000000513e-01
2.095000000000000195e+00
6.930300000000000349e-01
3.010499999999999843e-01
3.360199999999999854e-01
2.431900000000000173e+00
3.088499999999999801e+00
4.571200000000000152e+00
3.932500000000000107e+00
1.694700000000000095e+00
3.037100000000000133e+00
3.865400000000000169e+00
3.243599999999999817e+00
-4.286499999999999755e-01
4.951200000000000045e-01
1.271500000000000075e+00
2.157799999999999940e+00
5.485000000000000320e+00
5.771399999999999864e+00
3.136800000000000033e+00
-1.326900000000000024e-01
-2.393499999999999961e+00
-2.086599999999999788e+00
-4.745399999999999618e-01
2.054300000000000015e+00
3.714700000000000113e+00
-3.652900000000000036e-01
-8.396600000000000730e-01
-6.222199999999999953e-01
-4.108999999999999875e-01
-2.687500000000000000e+00
-1.974299999999999944e-01
-9.790299999999999558e-01
-1.641299999999999981e-01
1.276100000000000012e+00
4.553100000000000896e-03
3.138599999999999723e-01
-2.265099999999999891e+00
1.317299999999999860e-01
-1.481999999999999984e+00
1.771200000000000108e+00
3.811300000000000132e+00
3.893200000000000216e+00
3.077599999999999891e+00
5.699300000000000477e-01
3.264000000000000234e-01
5.763599999999999834e-01
4.991999999999999910e-02
-1.845699999999999896e+00
-1.888500000000000068e+00
-1.418400000000000105e+00
-9.107899999999999885e-01
-1.311500000000000110e+00
-2.249299999999999855e+00
-4.148600000000000065e+00
-4.910999999999999588e+00
-3.578500000000000014e+00
-5.564999999999999808e-02
-3.534600000000000186e+00
-4.477299999999999613e+00
-3.361200000000000188e+00
-3.181400000000000006e+00
-4.744600000000000151e+00
-6.022199999999999775e+00
-7.050799999999999734e+00
-7.522800000000000153e+00
-4.815199999999999925e+00
-4.306499999999999773e+00
5.819299999999999473e-02
-1.230299999999999949e+00
1.133799999999999919e+00
1.931599999999999984e+00
6.732899999999999441e-01
-5.164799999999999947e-02
-1.378900000000000015e+00
3.325600000000000112e+00
3.573100000000000165e+00
3.836300000000000043e+00
3.791199999999999903e+00
2.356199999999999850e+00
5.608800000000000452e-01
1.830700000000000105e-01
1.032899999999999929e+00
1.379599999999999937e+00
3.020399999999999974e+00
4.467500000000000249e+00
3.440399999999999903e+00
3.528300000000000214e+00
3.844700000000000006e+00
1.688900000000000068e+00
1.637699999999999934e+00
1.131699999999999928e+00
1.026000000000000023e+00
2.871300000000000185e+00
4.282300000000000217e+00
3.829600000000000115e+00
3.785499999999999865e+00
4.468499999999999694e+00
4.614399999999999835e+00
6.146399999999999864e+00
4.053600000000000314e+00
1.596899999999999986e-01
-1.080400000000000110e-01
5.118000000000000327e-02
-5.479500000000000481e-01
-6.136800000000000033e-01
-7.677100000000000035e-01
-1.572500000000000009e+00
-3.743900000000000006e+00
-3.377800000000000136e+00
-2.771199999999999775e-01
1.044499999999999984e+00
-1.396700000000000053e+00
-2.408300000000000107e+00
-1.522100000000000009e+00
-1.891399999999999970e+00
-1.010000000000000009e+00
-7.177100000000000701e-01
-3.450400000000000134e+00
-2.910099999999999909e+00
7.083800000000000097e-01
3.040499999999999869e-01
1.299099999999999921e+00
8.270299999999999319e-01
8.907399999999999762e-01
3.599699999999999900e+00
3.717799999999999994e+00
2.165700000000000180e+00
7.550499999999999989e-01
-1.987200000000000077e+00
-4.790000000000000036e+00
-4.098499999999999588e+00
-6.758499999999999508e-01
8.586500000000000243e-01
-1.923499999999999988e+00
-1.568200000000000038e+00
1.707200000000000106e-01
8.767599999999999838e-01
1.039700000000000069e+00
8.749600000000000710e-01
1.225400000000000045e+00
-2.717799999999999994e+00
-4.240899999999999892e+00
-2.234599999999999920e+00
-8.076600000000000446e-01
1.661899999999999933e+00
1.141599999999999948e+00
-7.424500000000000544e-02
-2.607200000000000184e+00
-3.468599999999999905e+00
-1.381299999999999972e+00
-1.818100000000000049e+00
-8.603399999999999936e-01
-6.320100000000000717e-01
-2.116299999999999848e+00
-2.470800000000000107e+00
-4.663899999999999935e+00
-4.243100000000000094e+00
-1.925899999999999945e+00
-5.811699999999999644e-01
4.576399999999999912e-01
4.985999999999999877e-01
3.690100000000000047e-01
2.524199999999999999e+00
3.165099999999999802e+00
1.729200000000000070e+00
2.275799999999999823e+00
1.342000000000000082e+00
-5.800999999999999490e-01
-1.269700000000000051e+00
-1.610800000000000010e+00
7.379399999999999293e-01
1.045099999999999918e+00
1.025600000000000067e+00
2.487800000000000011e+00
7.774800000000000599e-01
-8.106800000000000672e-01
1.544200000000000017e+00
1.253400000000000070e-01
1.385599999999999943e+00
4.181899999999999729e+00
9.561399999999999899e-01
1.800400000000000000e+00
2.660200000000000120e+00
1.403499999999999970e+00
8.785899999999999821e-01
3.723300000000000054e+00
5.232800000000000118e+00
5.111799999999999677e+00
5.200199999999999712e+00
4.588099999999999845e+00
1.138600000000000056e+00
-1.058999999999999941e+00
2.943299999999999805e+00
4.422500000000000320e+00
2.378499999999999837e+00
4.042799999999999727e+00
3.859100000000000197e+00
2.249200000000000088e+00
2.782700000000000173e+00
2.405400000000000205e+00
2.406699999999999839e+00
3.148200000000000109e+00
3.068499999999999783e+00
4.865899999999999892e+00
4.262400000000000411e+00
1.577399999999999913e+00
-1.071299999999999919e+00
-1.511500000000000066e+00
3.467000000000000082e+00
4.826600000000000001e+00
1.667599999999999971e+00
-1.740799999999999903e+00
-3.424199999999999910e+00
-4.244100000000000428e+00
-5.152300000000000324e+00
-4.437400000000000233e+00
-2.905899999999999928e+00
-3.803199999999999914e+00
-2.710900000000000087e+00
-4.187599999999999767e+00
-5.678700000000000081e+00
-4.004500000000000171e+00
-4.280100000000000016e+00
-2.832100000000000062e+00
-8.144399999999999418e-01
-1.381700000000000150e-01
-2.149399999999999977e+00
-3.780800000000000161e+00
-1.328899999999999970e+00
-2.828399999999999803e+00
-3.009599999999999831e+00
-8.589200000000001278e-01
-4.227199999999999847e+00
-6.249299999999999855e+00
-5.424100000000000144e+00
-4.091000000000000192e+00
-3.067499999999999893e+00
-1.496099999999999985e+00
-1.905899999999999928e+00
-1.107299999999999951e-01
5.184499999999999664e-01
-1.539800000000000058e+00
3.218799999999999994e-01
-5.160299999999999887e-01
-1.647799999999999931e+00
6.770500000000000407e-01
-7.994499999999999940e-01
4.163999999999999924e-01
1.139999999999999902e+00
1.470499999999999918e+00
3.611600000000000144e+00
4.363000000000000433e+00
2.972300000000000164e+00
1.093099999999999961e+00
-5.721399999999999819e-01
-7.592999999999999750e-01
6.246599999999999930e-01
-1.362200000000000077e+00
-1.040200000000000014e+00
-1.889000000000000012e+00
-7.916300000000000558e-01
-7.296500000000000208e-01
9.312499999999999944e-02
1.987500000000000044e+00
3.083699999999999886e+00
3.659699999999999953e+00
3.340700000000000003e+00
2.098800000000000221e+00
2.232599999999999862e-01
1.191200000000000037e+00
7.319299999999999695e-01
9.572100000000000053e-01
5.529700000000000587e-02
2.157700000000000173e+00
1.636700000000000044e+00
-8.351600000000000135e-01
9.455299999999999816e-01
5.709199999999999831e-01
-4.205300000000000149e-01
1.025099999999999900e+00
2.888999999999999901e-01
2.203899999999999970e+00
1.344300000000000050e+00
7.882399999999999407e-01
2.995899999999999785e+00
2.995000000000000107e+00
2.706300000000000150e+00
2.029300000000000104e+00
1.677599999999999980e+00
-7.870099999999999874e-01
-1.309199999999999919e+00
-1.795099999999999918e+00
-6.953000000000000291e-01
-2.130700000000000038e+00
-4.088599999999999568e+00
-5.543199999999999683e+00
-6.209399999999999586e+00
-5.900500000000000078e+00
-5.470900000000000318e+00
-4.245300000000000296e+00
-5.291299999999999670e+00
-5.114399999999999835e+00
-3.612999999999999989e+00
-2.012500000000000178e+00
-1.725500000000000034e+00
-2.060299999999999798e+00
-1.477000000000000091e+00
-1.471899999999999986e+00
4.140699999999999936e-01
1.244099999999999984e+00
9.263100000000000778e-01
2.779500000000000082e+00
2.529500000000000082e+00
1.531900000000000039e+00
-9.333099999999999730e-02
-8.699600000000000388e-02
7.369700000000000140e-01
1.559700000000000086e+00
1.663999999999999924e+00
-3.253400000000000181e-01
-6.274300000000000432e-01
3.215500000000000025e+00
3.560400000000000009e+00
3.519600000000000062e+00
1.302799999999999958e+00
-9.647499999999999964e-01
1.060200000000000031e+00
1.073800000000000088e+00
2.936700000000000088e+00
2.162900000000000045e+00
2.573199999999999932e+00
5.094000000000000306e+00
2.358299999999999841e+00
2.365800000000000125e+00
2.102399999999999824e+00
2.499299999999999855e+00
4.946399999999999686e+00
5.550099999999999589e+00
5.752399999999999736e+00
3.997599999999999820e+00
1.340500000000000025e+00
-7.438000000000000167e-02
-4.309800000000000297e-01
-1.150500000000000078e+00
4.221600000000000352e-01
1.868900000000000006e+00
3.454800000000000093e+00
2.431700000000000195e+00
2.991899999999999782e+00
9.238299999999999290e-01
-1.651100000000000012e+00
-2.563400000000000123e-01
6.424699999999999855e-01
2.152099999999999902e+00
-1.398800000000000043e+00
-3.014600000000000168e+00
-2.236699999999999910e+00
-1.023500000000000076e+00
-4.500000000000000111e-01
-5.828999999999999737e-01
-2.230199999999999960e+00
-3.821699999999999875e+00
-3.282200000000000006e+00
-3.305000000000000160e+00
-2.625100000000000211e+00
-3.164499999999999869e+00
-3.627600000000000158e+00
-2.352700000000000014e+00
-1.043900000000000050e+00
-8.151800000000000157e-01
-8.066699999999999982e-01
-1.570999999999999952e+00
-3.489199999999999857e+00
-7.326500000000000234e-01
6.220999999999999863e-01
-1.262299999999999978e+00
5.738300000000000622e-01
-2.432999999999999829e+00
-1.470099999999999962e+00
-9.500200000000000866e-01
-2.451000000000000068e+00
-6.040100000000000469e-01
-1.728900000000000103e+00
-2.588699999999999779e+00
-1.601799999999999891e+00
2.592799999999999994e+00
3.882099999999999884e+00
3.671699999999999964e+00
3.189099999999999824e+00
8.099899999999999878e-01
-3.959099999999999842e-01
4.410899999999999821e-01
1.631199999999999983e+00
1.889999999999999902e+00
8.340999999999999526e-01
2.137900000000000134e+00
1.863299999999999956e+00
1.883899999999999908e+00
3.216699999999999893e+00
1.281500000000000083e+00
-8.255700000000000260e-01
-8.280100000000000238e-01
-4.204399999999999804e-01
-2.717600000000000016e-01
-1.509000000000000064e-01
4.973800000000000443e-01
9.931299999999999573e-01
6.737600000000000255e-01
4.934899999999999842e-01
-1.929200000000000026e+00
-1.749100000000000099e+00
-2.468900000000000095e+00
-2.145999999999999908e+00
-3.722100000000000186e+00
-5.340600000000000236e+00
-6.113500000000000156e+00
-6.500600000000000378e+00
-2.643699999999999939e+00
-2.237400000000000055e+00
-1.867399999999999949e+00
-2.293299999999999894e+00
-1.958399999999999919e+00
-2.449600000000000222e+00
-2.432700000000000085e+00
-3.324300000000000033e+00
-3.903799999999999937e+00
-2.584400000000000031e+00
-1.020699999999999941e+00
-2.034299999999999997e+00
-2.849699999999999900e+00
-3.391700000000000159e+00
-1.286200000000000010e+00
9.198499999999999455e-01
2.011899999999999800e+00
3.835599999999999898e+00
2.047800000000000065e+00
2.560400000000000009e+00
2.912300000000000111e+00
4.063500000000000334e+00
2.309600000000000097e+00
2.669799999999999951e+00
3.153500000000000192e+00
1.619599999999999929e+00
1.659399999999999986e+00
4.168899999999999828e+00
3.909800000000000164e+00
2.617700000000000027e-01
-6.189999999999999947e-01
4.560800000000000409e-01
-2.310800000000000076e-01
-6.195000000000000506e-01
-4.516300000000000314e-01
-3.985699999999999799e-01
-1.798799999999999844e-01
2.359800000000000231e-01
1.106600000000000028e+00
-2.348999999999999977e-01
-9.052399999999999336e-01
-1.265000000000000013e-01
3.703800000000000425e-01
-6.263600000000000279e-01
1.127199999999999980e+00
2.214300000000000157e+00
8.038300000000000445e-01
8.754099999999999382e-02
2.157999999999999918e+00
3.687899999999999956e+00
2.922000000000000153e+00
2.171899999999999942e+00
2.827199999999999935e+00
2.510200000000000209e+00
1.333099999999999952e+00
4.354699999999999682e-01
7.727300000000000280e-01
-1.683999999999999941e+00
-3.164600000000000080e+00
-1.661399999999999988e+00
-3.048999999999999932e+00
-2.547099999999999920e+00
-7.403699999999999726e-01
-1.523099999999999898e+00
-9.899600000000000621e-01
-1.385599999999999943e+00
-6.685999999999999721e-01
3.193400000000000127e-01
-1.421300000000000008e+00
-1.411799999999999944e+00
-2.374800000000000022e+00
-1.095299999999999940e+00
2.043200000000000127e+00
2.922299999999999898e+00
1.914600000000000080e+00
-2.462800000000000100e+00
-5.479400000000000048e+00
-5.763899999999999579e+00
-1.755800000000000027e+00
1.986299999999999955e+00
4.198299999999999699e+00
4.020299999999999763e+00
3.239299999999999957e-01
-2.260899999999999910e+00
-2.626300000000000079e+00
-8.412700000000000733e-01
-7.712799999999999656e-01
2.642999999999999794e+00
3.089100000000000179e+00
-2.709599999999999786e-01
-9.024799999999999489e-01
-1.729899999999999993e+00
4.966700000000000004e-01
5.872500000000000497e-01
1.141100000000000003e+00
-3.830399999999999916e-01
-2.307400000000000007e-01
-1.542000000000000037e+00
-7.740399999999999503e-01
8.877000000000000446e-01
2.308300000000000074e-01
-2.931600000000000178e-02
-2.786000000000000143e-01
1.720599999999999907e+00
-5.931999999999999496e-01
-8.267799999999999594e-01
-3.237099999999999977e-01
2.241499999999999881e-01
-6.141100000000000447e-01
7.380100000000000549e-01
-1.981499999999999928e-01
-5.998200000000000198e-01
-8.925200000000000911e-01
-4.451199999999999601e-01
2.357299999999999951e+00
-1.218299999999999939e-02
4.147199999999999775e-01
-1.044000000000000039e+00
-1.093599999999999905e+00
1.314500000000000002e+00
1.917999999999999927e+00
1.466900000000000093e+00
-2.530800000000000272e-01
-1.007900000000000018e+00
-3.038600000000000190e+00
-1.853299999999999947e+00
1.557000000000000051e-01
1.899799999999999933e+00
1.100400000000000045e+00
-3.860899999999999888e-01
-5.542100000000000914e-01
4.617999999999999883e-01
-3.158799999999999941e-01
-1.156400000000000095e+00
-1.675300000000000011e+00
-4.510399999999999743e+00
-4.090499999999999581e+00
-3.530600000000000183e+00
8.471000000000000751e-02
1.468499999999999917e+00
1.039099999999999913e+00
1.792499999999999927e-01
1.282399999999999984e+00
2.720600000000000129e+00
1.324899999999999967e+00
-2.497499999999999998e-01
1.496799999999999908e+00
1.832000000000000073e+00
3.427299999999999791e+00
6.568500000000000227e+00
4.843899999999999650e+00
4.210300000000000153e+00
1.446600000000000108e+00
1.383899999999999908e+00
2.194300000000000139e+00
1.785700000000000065e+00
3.910899999999999821e+00
3.971499999999999808e+00
1.552699999999999969e+00
1.627799999999999914e+00
2.454400000000000193e-01
-5.478600000000000136e-01
8.335600000000000787e-01
1.956099999999999950e+00
2.120800000000000018e+00
8.293599999999999584e-02
-1.697300000000000031e+00
-3.026400000000000201e+00
-3.438600000000000101e+00
-1.505700000000000038e+00
-5.100600000000000689e-01
-4.651800000000000379e-01
1.963799999999999990e+00
2.379400000000000126e-01
-8.165399999999999325e-01
-1.571899999999999964e-01
-4.218699999999999672e-01
8.633899999999999908e-02
-1.033799999999999997e-01
-2.756699999999999515e-03
-2.916400000000000103e-01
-4.813199999999999701e-01
-7.218600000000000572e-01
-6.284699999999999731e-01
7.438799999999999579e-02
-9.207999999999999519e-01
-3.617599999999999705e-01
-1.343699999999999894e+00
-2.619499999999999940e+00
8.556600000000000872e-01
8.498399999999999288e-01
1.606000000000000094e+00
8.659700000000000175e-01
1.380200000000000093e+00
1.782099999999999795e-01
7.843899999999999206e-01
2.036500000000000199e+00
-8.915200000000000902e-01
3.423800000000000177e-01
-2.253000000000000114e+00
-1.337200000000000055e-01
1.535600000000000076e+00
-6.678199999999999692e-01
1.101900000000000102e+00
2.713200000000000056e+00
2.228400000000000158e+00
2.076200000000000045e+00
1.574500000000000011e+00
9.590600000000000236e-01
1.372900000000000009e+00
5.059299999999999908e-01
1.402400000000000091e+00
-3.027500000000000191e-01
-1.912900000000000156e-01
5.188699999999999424e-01
-5.416199999999999903e-01
-1.011599999999999999e-01
1.836699999999999999e+00
1.240599999999999925e+00
-6.956100000000000616e-01
2.132499999999999840e+00
2.322499999999999787e+00
1.959899999999999975e+00
1.177499999999999991e+00
-1.181999999999999940e+00
1.453699999999999992e+00
9.700100000000000389e-01
1.441899999999999959e+00
1.968199999999999950e+00
-4.154899999999999705e-01
-7.662800000000000167e-02
1.001200000000000007e-01
-5.673500000000000210e-01
-3.240899999999999892e-01
2.924500000000000016e-02
-1.506699999999999928e+00
-1.614100000000000090e+00
4.566699999999999648e-01
-4.684300000000000130e-01
-3.648799999999999960e-02
-1.140600000000000058e+00
-4.281399999999999650e-01
-1.389400000000000079e-01
-1.815199999999999925e+00
-1.473999999999999977e+00
-2.528599999999999959e+00
-2.457100000000000062e+00
-5.222000000000000419e+00
-5.229099999999999859e+00
-2.420500000000000096e+00
-1.381499999999999950e+00
-1.088700000000000001e+00
1.322899999999999944e-02
-1.729600000000000026e-01
-1.596500000000000030e+00
-1.423399999999999999e+00
-3.530099999999999905e-01
1.527800000000000047e+00
-7.145500000000000185e-01
-8.463600000000000012e-01
-1.498299999999999965e+00
-3.792699999999999960e+00
-3.342799999999999994e+00
-4.563100000000000378e+00
-1.582899999999999974e+00
1.417799999999999949e+00
8.989399999999999613e-01
-3.009199999999999653e-01
-1.719700000000000006e+00
-3.009699999999999598e-01
-6.771699999999999386e-01
-1.268600000000000005e-01
-5.417899999999999938e-01
2.357299999999999951e+00
2.856799999999999784e+00
-1.392599999999999949e-01
-2.133799999999999919e+00
-2.621399999999999952e+00
-2.219899999999999984e+00
-1.109699999999999909e+00
-1.543299999999999950e-01
1.410600000000000076e+00
3.141300000000000203e+00
-2.297399999999999998e-01
-5.008500000000000174e-01
-1.875000000000000000e+00
-4.879100000000000104e-02
-9.790999999999999703e-01
-1.998899999999999899e+00
-9.129700000000000593e-01
3.180800000000000294e-01
1.824300000000000088e-01
1.163100000000000023e+00
1.338300000000000045e+00
8.868700000000000472e-01
3.067400000000000126e+00
2.065700000000000092e+00
-1.041800000000000059e+00
3.318499999999999783e-01
1.728599999999999914e+00
-6.472200000000000175e-01
2.529900000000000038e+00
2.876700000000000035e+00
3.978299999999999947e+00
1.747600000000000042e+00
1.072000000000000036e-01
1.889599999999999946e+00
3.963499999999999801e+00
1.446199999999999930e+00
4.818899999999999850e-01
4.101899999999999435e-01
-7.368000000000000105e-01
-2.724499999999999922e+00
-5.264800000000000146e+00
-3.195800000000000196e+00
-1.518599999999999950e+00
-3.663500000000000090e-01
-1.738399999999999945e+00
-2.172800000000000287e-01
3.587400000000000144e+00
4.043000000000000149e+00
1.356999999999999873e-01
-4.592699999999999783e+00
-5.535400000000000098e+00
-1.790100000000000025e+00
2.957800000000000429e-01
-1.703500000000000014e-01
5.137300000000000200e-01
-3.046400000000000219e+00
-3.200600000000000112e+00
-1.793199999999999905e+00
5.466400000000000148e-01
4.315999999999999837e+00
1.346200000000000063e+00
9.622000000000000552e-01
-1.136900000000000022e+00
8.777300000000000380e-02
-1.571099999999999941e+00
-2.555000000000000160e+00
1.323299999999999921e+00
2.449999999999999956e-01
-1.999300000000000077e+00
-4.481699999999999573e-01
2.836300000000000043e+00
1.760299999999999976e+00
1.890300000000000091e+00
-4.277299999999999991e-01
-3.831999999999999851e+00
-2.110300000000000065e+00
1.532300000000000051e-01
1.329399999999999915e+00
-1.796599999999999975e+00
-5.382299999999999862e+00
7.842700000000000227e-01
5.694099999999999717e+00
7.246400000000000396e+00
4.784399999999999764e+00
6.217399999999999594e-01
-4.040399999999999991e+00
-3.205400000000000027e+00
-1.665200000000000014e+00
-1.061199999999999921e+00
2.352500000000000036e+00
6.439399999999999569e-01
3.093700000000000117e+00
2.592099999999999849e+00
9.815200000000000591e-01
-9.278700000000000836e-01
-1.281800000000000050e+00
1.853699999999999903e+00
4.910100000000000575e-01
1.362200000000000077e+00
2.736399999999999944e-02
-1.839599999999999902e+00
-1.835599999999999898e+00
5.529500000000000387e-02
3.822599999999999887e-01
2.967899999999999983e-01
-1.745200000000000085e-01
-1.970199999999999951e+00
-1.700099999999999945e+00
-2.113300000000000178e+00
-1.568599999999999994e+00
-2.066600000000000215e+00
6.129200000000000204e-01
1.127299999999999969e+00
8.447100000000000719e-01
-1.092500000000000027e+00
-7.474100000000000188e-01
3.602399999999999824e+00
1.811500000000000110e+00
3.726499999999999813e-01
-2.403999999999999915e+00
-1.333700000000000163e-01
4.028400000000000314e-01
-3.007000000000000228e-01
-6.461899999999999311e-01
-1.238399999999999945e+00
-7.820500000000000229e-01
4.762600000000000167e-01
3.533100000000000129e+00
2.835599999999999926e-02
-2.917199999999999793e-01
-1.020599999999999952e+00
-8.121500000000000385e-01
9.940299999999999692e-01
1.352500000000000036e+00
-5.326600000000000223e-01
-3.451999999999999957e+00
-4.894499999999999851e+00
-4.400500000000000078e+00
-8.731399999999999162e-01
3.948499999999999788e-01
-3.160899999999999821e-02
-1.599900000000000100e+00
-4.332900000000000418e+00
-2.202399999999999913e+00
-1.818500000000000005e+00
-1.660800000000000054e+00
-7.181400000000000006e-01
-6.062999999999999501e-01
1.470900000000000096e+00
1.546399999999999997e+00
5.818100000000000493e-01
1.471300000000000052e+00
1.855299999999999949e+00
1.023700000000000054e+00
-4.706500000000000128e-01
-1.259900000000000020e+00
-4.857499999999999929e+00
-5.523399999999999643e+00
1.023099999999999898e+00
5.750399999999999956e+00
2.041500000000000092e+00
-3.647400000000000198e+00
-4.205499999999999794e+00
5.062200000000000033e-01
-8.453399999999999803e-01
-5.449200000000000266e+00
-5.876000000000000112e-01
8.543799999999999173e+00
2.049500000000000099e+01
1.879599999999999937e+01
1.363499999999999979e+01
-4.801400000000000112e+00
-2.079800000000000182e+01
-2.108399999999999963e+01
-1.144500000000000028e+01
5.752299999999999969e+00
9.791700000000000514e+00
1.067400000000000126e+01
8.221199999999999619e+00
2.814400000000000235e-01
-7.769300000000000317e+00
-5.656600000000000072e+00
4.218799999999999883e+00
8.220700000000000784e+00
1.866999999999999993e+00
3.255199999999999871e+00
1.229700000000000060e+01
5.678700000000000081e+00
-6.403100000000000236e+00
-1.775800000000000045e+00
2.440399999999999903e+00
-2.644499999999999851e+00
-1.578999999999999959e+00
4.153999999999999915e+00
4.492600000000000371e+00
-2.100499999999999812e+00
-7.177999999999999936e+00
-4.302999999999999936e+00
-4.095599999999999796e-01
5.182000000000000384e+00
5.797500000000000320e+00
1.597199999999999953e+00
-2.060599999999999932e-01
-2.228800000000000225e-01
2.647499999999999964e+00
2.127499999999999947e+00
4.949000000000000066e-01
-1.136500000000000066e+00
1.443599999999999994e+00
4.574099999999999611e+00
-2.325800000000000090e+00
-2.810500000000000220e+00
-4.942499999999999893e+00
-6.849800000000000111e+00
-3.998299999999999965e+00
7.639500000000000179e-01
2.872599999999999820e+00
2.233200000000000074e+00
5.769099999999999895e+00
-1.602300000000000058e+00
-6.908100000000000129e+00
-5.117200000000000415e+00
-4.589199999999999946e+00
-6.748800000000000132e+00
-3.313099999999999934e+00
-4.639800000000000035e-01
-4.777599999999999625e+00
-9.293799999999998729e-01
3.593799999999999883e+00
-1.532499999999999973e+00
-7.980699999999999683e+00
-4.959699999999999775e+00
-1.148800000000000043e+00
-3.587499999999999911e+00
6.551599999999999646e+00
9.514699999999999491e+00
3.988300000000000178e+00
2.331100000000000172e+00
3.567099999999999937e+00
-2.126699999999999702e-01
-5.337399999999999700e+00
-1.114999999999999991e+00
-4.576600000000000001e+00
-1.557500000000000107e+00
1.240099999999999980e+00
4.312400000000000233e+00
1.016900000000000048e+01
7.463499999999999801e+00
1.255400000000000071e+00
-2.245899999999999785e+00
-2.878099999999999881e+00
1.113599999999999923e+00
5.422200000000000131e+00
5.668199999999999683e+00
4.953800000000000203e+00
3.124299999999999855e+00
3.427200000000000024e+00
1.842200000000000060e+00
-1.701100000000000056e+00
-5.091899999999999871e+00
-6.580099999999999838e+00
2.458599999999999952e-01
4.652800000000000047e+00
2.628899999999999793e+00
1.010299999999999976e+00
-1.711400000000000032e+00
-8.692700000000001120e-03
1.781099999999999905e+00
3.875699999999999701e-01
-8.644299999999999207e-01
-1.922800000000000065e+00
-4.905599999999999739e+00
-9.021299999999998764e-01
3.410899999999999821e+00
7.743499999999999828e-01
-1.338999999999999913e-01
1.220900000000000096e+00
2.171900000000000219e-01
-6.941600000000000215e+00
-5.765699999999999825e+00
-3.022200000000000220e+00
4.064700000000000202e+00
1.975000000000000089e+00
-6.104300000000000281e-01
2.144099999999999895e+00
6.037700000000000289e-01
1.218299999999999939e-01
-4.513600000000000279e+00
-2.222100000000000186e+00
-2.176600000000000090e+00
-1.284399999999999986e+00
-9.872600000000000264e-01
-2.414800000000000058e+00
-2.916999999999999815e+00
-6.568699999999999761e+00
-2.243700000000000028e+00
-4.670500000000000207e-01
-3.919000000000000039e+00
-3.316800000000000193e+00
-2.014100000000000001e+00
-9.447499999999999787e-01
8.840999999999999970e-01
3.633500000000000174e+00
8.579299999999999704e-01
-6.959899999999999975e-01
-4.985199999999999632e-01
-4.812199999999999811e-01
1.000899999999999901e+00
1.407799999999999940e+00
1.795400000000000107e+00
3.137300000000000200e+00
2.608200000000000074e+00
-8.708000000000000185e-01
1.078500000000000014e+00
-5.462399999999999478e-01
7.064000000000000279e-01
4.236699999999999910e+00
4.681600000000000428e+00
4.403200000000000003e+00
1.663599999999999968e+00
2.011899999999999800e+00
1.899399999999999977e+00
2.677200000000000024e+00
3.338900000000000201e+00
1.945699999999999985e+00
-1.270100000000000007e+00
-4.164200000000000124e+00
-1.963700000000000001e+00
-4.705300000000000260e+00
-2.990899999999999892e+00
1.234399999999999942e+00
-1.485200000000000076e+00
1.881599999999999939e+00
4.855199999999999960e+00
-3.968999999999999750e-01
-3.543200000000000127e+00
-1.659100000000000019e+00
-2.773299999999999876e+00
-2.559400000000000119e+00
-3.553700000000000081e+00
-4.344500000000000028e-01
8.028300000000000436e-01
1.050799999999999956e+00
2.449199999999999822e+00
2.300600000000000200e+00
-3.227300000000000307e-02
-1.386600000000000055e+00
6.965799999999999770e-01
-2.561199999999999588e-01
