1.397899999999999920e+00
-1.708999999999999986e+01
-2.086100000000000065e+01
-2.044299999999999784e+01
-6.100799999999999557e+00
1.692099999999999937e+01
3.277199999999999847e+01
3.277400000000000091e+01
2.900199999999999889e+01
2.371999999999999886e+01
1.957099999999999795e+01
1.504299999999999926e+01
1.089299999999999891e+01
6.365400000000000169e+00
1.459500000000000020e+00
-9.861299999999999955e+00
-2.344599999999999795e+01
-3.703199999999999648e+01
-5.024000000000000199e+01
-6.005300000000000438e+01
-4.873399999999999466e+01
-2.948900000000000077e+01
-7.604400000000000048e+00
1.692299999999999827e+01
3.427900000000000347e+01
3.657900000000000063e+01
3.732999999999999829e+01
3.657199999999999562e+01
3.505899999999999750e+01
2.633900000000000219e+01
2.746800000000000352e+01
1.991600000000000037e+01
3.307900000000000063e+00
-1.858299999999999841e+01
-4.500300000000000011e+01
-6.123499999999999943e+01
-5.822200000000000131e+01
-4.086899999999999977e+01
-2.917599999999999838e+01
-1.861599999999999966e+01
2.457199999999999940e-01
1.910699999999999932e+01
2.740300000000000225e+01
2.965900000000000247e+01
2.474699999999999989e+01
1.605999999999999872e+01
-1.306799999999999962e+00
-1.867299999999999827e+01
-2.324800000000000111e+01
-2.136899999999999977e+01
-1.496299999999999919e+01
-5.160499999999999865e+00
3.132400000000000073e+00
1.368900000000000006e+01
1.971799999999999997e+01
1.140599999999999881e+01
2.339100000000000179e+00
3.461300000000000043e+00
1.141300000000000026e+01
1.932700000000000173e+01
2.044800000000000040e+01
1.213499999999999979e+01
1.935400000000000009e+00
-9.019199999999999662e+00
-1.925799999999999912e+01
-2.228800000000000026e+01
-2.380900000000000105e+01
-1.891499999999999915e+01
-5.719800000000000217e+00
1.389099999999999824e+01
4.331199999999999761e+01
3.462100000000000222e+01
2.026900000000000190e+01
8.557700000000000529e+00
1.375000000000000000e+00
-7.317899999999999849e+00
-9.971600000000000463e+00
-3.230100000000000193e+00
6.190699999999999648e+00
1.598900000000000077e+01
1.748499999999999943e+01
1.256599999999999895e+01
5.382399999999999629e+00
-6.329500000000000348e+00
-1.162599999999999945e+01
-1.239400000000000013e+01
-2.973700000000000010e+00
1.173000000000000043e+01
2.530099999999999838e+01
2.755199999999999960e+01
2.225499999999999901e+01
1.465599999999999881e+01
-1.206599999999999895e+00
-1.442799999999999905e+01
-2.274399999999999977e+01
-2.237900000000000134e+01
-2.843099999999999739e+01
-3.712400000000000233e+01
-5.260899999999999466e+01
-7.149099999999999966e+01
-6.244699999999999562e+01
-3.004500000000000171e+01
5.791299999999999670e+00
4.766499999999999915e+01
6.274699999999999989e+01
4.424399999999999977e+01
2.536300000000000310e+01
1.538699999999999957e+00
-1.658599999999999852e+01
-2.263699999999999690e+01
-2.604500000000000171e+01
-2.832099999999999795e+01
-3.289900000000000091e+01
-3.517499999999999716e+01
-2.084600000000000009e+01
-8.027200000000000557e+00
-1.245400000000000063e+00
1.232900000000000063e+01
2.703599999999999781e+01
5.645899999999999608e+01
7.456300000000000239e+01
5.606199999999999761e+01
3.001500000000000057e+01
-9.765299999999998981e-01
-2.626900000000000190e+01
-5.193800000000000239e+01
-5.836199999999999477e+01
-5.384100000000000108e+01
-4.743399999999999750e+01
-1.838500000000000156e+01
1.104099999999999859e+01
3.254400000000000404e+01
4.348100000000000165e+01
4.951200000000000045e+01
5.437300000000000466e+01
5.285800000000000409e+01
4.602199999999999847e+01
3.960199999999999676e+01
2.940800000000000125e+01
2.233099999999999863e+00
-2.607199999999999918e+01
-4.117100000000000648e+01
-4.985499999999999687e+01
-4.306499999999999773e+01
-3.178500000000000014e+01
-1.782499999999999929e+01
2.172899999999999832e+00
1.009600000000000009e+01
4.056799999999999962e+00
-3.492300000000000182e+00
-1.254900000000000126e+01
-1.745599999999999952e+01
-1.066300000000000026e+01
2.429699999999999915e-01
1.571599999999999930e+01
3.416900000000000404e+01
5.341600000000000392e+01
6.964499999999999602e+01
6.360899999999999466e+01
3.379999999999999716e+01
-5.443200000000000038e+00
-4.468600000000000705e+01
-4.996600000000000108e+01
-4.128199999999999648e+01
-3.108900000000000219e+01
-2.583900000000000219e+01
-2.243800000000000239e+01
-2.167800000000000082e+01
8.101000000000000867e+00
1.527700000000000102e+01
6.603699999999999903e+00
1.704499999999999904e+00
-9.302799999999998848e-01
-3.564999999999999947e+00
-5.444399999999999906e+00
-3.927299999999999791e+00
-2.446600000000000108e+00
-9.291599999999999859e-01
-4.694499999999999673e+00
-1.289800000000000058e+00
9.248599999999999710e+00
2.435199999999999676e+01
3.341900000000000404e+01
2.512699999999999889e+01
1.683500000000000085e+01
8.920199999999999463e+00
6.293499999999999650e-01
-9.171099999999999142e+00
-1.221700000000000053e+01
-1.296000000000000085e+01
-1.634499999999999886e+01
-2.274900000000000233e+01
-2.239699999999999847e+01
-1.634799999999999898e+01
-8.633899999999999908e-01
2.556400000000000006e+01
3.463300000000000267e+01
3.615599999999999881e+01
3.277199999999999847e+01
2.259600000000000009e+01
1.200500000000000078e+01
3.338900000000000201e+00
-4.610299999999999621e+00
-1.101200000000000045e+01
-8.734899999999999665e+00
-2.305899999999999839e+00
1.858300000000000063e+00
4.890399999999999636e+00
1.507600000000000051e+00
-1.923400000000000176e+01
-3.733299999999999841e+01
-4.826300000000000523e+01
-3.772099999999999653e+01
-1.472599999999999909e+01
6.796700000000000408e+00
2.530099999999999838e+01
3.512599999999999767e+01
3.853499999999999659e+01
4.307699999999999818e+01
3.705300000000000438e+01
1.480199999999999960e+01
-9.713900000000000645e+00
-3.083300000000000196e+01
-2.859400000000000119e+01
-1.876999999999999957e+01
-2.139900000000000091e+01
-2.667000000000000171e+01
-3.345000000000000284e+01
-3.460800000000000409e+01
-3.233200000000000074e+01
-2.892300000000000182e+01
-2.476099999999999923e+01
-1.720200000000000173e+01
-9.304500000000000881e+00
2.051800000000000068e+01
4.467999999999999972e+01
6.242600000000000193e+01
6.621099999999999852e+01
4.961699999999999733e+01
2.660699999999999932e+01
3.975099999999999856e+00
-1.450599999999999845e+01
-2.430900000000000105e+01
-2.622500000000000142e+01
-3.112199999999999989e+01
-2.167999999999999972e+01
-6.954399999999999693e+00
1.603400000000000247e+01
3.264500000000000313e+01
3.001099999999999923e+01
1.228099999999999881e+01
-9.222099999999999298e+00
-1.449900000000000055e+01
-5.060299999999999798e+00
8.869699999999999918e+00
1.302500000000000036e+01
1.114299999999999891e+01
2.845400000000000151e+00
2.094500000000000028e+00
9.267400000000000304e+00
9.648300000000000765e+00
3.990400000000000169e+00
-6.573999999999999844e+00
-2.053400000000000247e+01
-3.977700000000000102e+01
-5.830499999999999972e+01
-6.245499999999999829e+01
-3.754899999999999949e+01
-1.226599999999999824e+01
1.490400000000000169e+01
3.377100000000000080e+01
4.395899999999999608e+01
4.471199999999999619e+01
4.278600000000000136e+01
2.731099999999999994e+01
8.818199999999999150e+00
-5.147400000000000198e+00
-1.386700000000000088e+01
-2.141800000000000281e+01
-2.821499999999999986e+01
-3.425800000000000267e+01
-3.237599999999999767e+01
-1.841799999999999926e+01
2.330299999999999816e+00
1.251299999999999990e+01
1.816799999999999926e+01
1.287800000000000011e+01
7.948699999999999655e-01
-9.401300000000000878e+00
-7.899700000000000166e+00
1.682499999999999968e-02
3.366899999999999782e+00
7.165799999999999947e-01
-5.707699999999999996e+00
-5.339800000000000324e+00
-6.648300000000000043e-02
7.093300000000000161e+00
1.274300000000000033e+01
1.461999999999999922e+01
1.045800000000000018e+01
4.785999999999999588e+00
-1.640700000000000047e+00
-2.029900000000000038e+00
5.882699999999999818e+00
1.228599999999999959e+01
1.114099999999999824e+01
-9.475100000000000744e-01
-1.718700000000000117e+01
-2.248300000000000054e+01
-1.536400000000000077e+01
-6.699099999999999611e+00
-1.124099999999999966e+01
-1.993400000000000105e+01
-2.674199999999999733e+01
-2.826500000000000057e+01
-1.960000000000000142e+01
-9.049099999999999255e+00
5.275900000000000034e+00
1.960000000000000142e+01
3.543500000000000227e+01
4.107999999999999829e+01
2.936599999999999966e+01
1.463299999999999912e+01
-5.759400000000000297e+00
-1.521000000000000085e+01
-1.598000000000000043e+01
-1.637300000000000111e+01
-1.223799999999999955e+01
-9.329499999999999460e-01
1.527799999999999869e+01
3.677199999999999847e+01
3.449099999999999966e+01
1.485200000000000031e+01
-1.012799999999999923e+00
5.009000000000000341e+00
1.706900000000000261e+01
3.139199999999999946e+01
3.590500000000000114e+01
2.758699999999999974e+01
1.549599999999999866e+01
1.517700000000000049e+00
-2.227199999999999847e+01
-3.926800000000000068e+01
-4.041599999999999682e+01
-2.835599999999999810e+01
-7.993900000000000006e+00
1.199099999999999966e+01
1.386400000000000077e+01
4.036699999999999733e+00
-4.279499999999999638e+00
-2.030100000000000016e+00
9.653499999999999304e+00
1.567699999999999960e+01
8.870900000000000674e+00
-3.973399999999999821e+00
-1.794900000000000162e+01
-3.117099999999999937e+01
-4.099499999999999744e+01
-4.666799999999999926e+01
-4.856800000000000495e+01
-4.518399999999999750e+01
-2.859300000000000352e+01
-1.426500000000000057e+01
-8.201900000000000190e+00
5.371800000000000352e+00
2.158699999999999974e+01
3.817999999999999972e+01
4.118800000000000239e+01
3.476200000000000045e+01
2.494099999999999895e+01
7.987599999999999589e+00
-1.315400000000000169e+01
-3.278600000000000136e+01
-4.638000000000000256e+01
-3.846399999999999864e+01
-2.413300000000000267e+01
-5.272599999999999731e+00
7.172299999999999898e+00
2.792000000000000171e+01
4.678100000000000591e+01
5.545399999999999352e+01
5.695700000000000074e+01
4.676200000000000045e+01
3.128500000000000014e+01
1.618499999999999872e+01
2.218199999999999950e+00
-1.061700000000000088e+01
-2.190399999999999991e+01
-3.322899999999999920e+01
-3.549600000000000222e+01
-2.946199999999999974e+01
-1.436999999999999922e+01
-3.051200000000000134e+00
4.871900000000000119e+00
1.584999999999999964e+01
1.773600000000000065e+01
1.584799999999999898e+01
1.056499999999999950e+01
2.677799999999999958e+00
-7.510500000000000398e+00
-1.430299999999999905e+01
-5.622200000000000308e+00
6.076900000000000190e+00
6.078400000000000247e+00
4.193699999999999761e+00
3.818499999999999783e+00
4.575899999999999856e+00
4.201399999999999579e+00
1.061999999999999922e+01
2.500099999999999767e+01
3.972200000000000131e+01
4.802799999999999869e+01
4.690100000000000335e+01
4.728300000000000125e+01
3.634499999999999886e+01
1.521799999999999997e+01
-1.342799999999999994e+00
-1.265799999999999947e+01
-1.450099999999999945e+01
-1.524900000000000055e+01
-2.467599999999999838e+01
-4.089500000000000313e+01
-4.918999999999999773e+01
-2.729500000000000171e+01
8.562400000000000233e+00
4.407999999999999829e+01
5.389999999999999858e+01
4.824899999999999523e+01
2.901199999999999690e+01
1.015299999999999869e+01
-1.587599999999999945e+01
-3.850800000000000267e+01
-5.547999999999999687e+01
-6.297899999999999920e+01
-5.693100000000000449e+01
-4.597699999999999676e+01
-3.351500000000000057e+01
-3.237100000000000222e+01
-3.198300000000000054e+01
-1.570800000000000018e+01
3.208899999999999864e+00
1.416300000000000026e+01
2.587300000000000111e+01
2.890399999999999991e+01
3.080199999999999960e+01
1.760699999999999932e+01
-1.747700000000000031e+01
-4.912500000000000000e+01
-6.081100000000000705e+01
-5.815800000000000125e+01
-5.474899999999999523e+01
-5.549100000000000676e+01
-5.547899999999999920e+01
-4.373100000000000165e+01
-2.107600000000000051e+01
-1.162900000000000134e+01
-3.315100000000000158e+00
-3.264400000000000190e+00
8.990100000000000868e-01
5.817400000000000126e+00
1.945299999999999940e+01
3.871199999999999619e+01
3.985699999999999932e+01
1.043500000000000050e+01
-1.823099999999999810e+01
-5.067199999999999704e+01
-6.420600000000000307e+01
-4.343800000000000239e+01
-1.134999999999999964e+01
2.639900000000000091e+01
6.754500000000000171e+01
9.397200000000000841e+01
9.440100000000001046e+01
8.879399999999999693e+01
9.446700000000001296e+01
1.103199999999999932e+02
1.258100000000000023e+02
1.345000000000000000e+02
1.266299999999999955e+02
1.205999999999999943e+02
1.187199999999999989e+02
1.055300000000000011e+02
8.063600000000000989e+01
5.611999999999999744e+01
3.767699999999999960e+01
1.919900000000000162e+01
1.090799999999999947e+01
-1.911299999999999999e+00
-1.322099999999999831e+01
-3.849300000000000210e+01
-6.263399999999999324e+01
-8.145399999999999352e+01
-1.067300000000000040e+02
-1.335099999999999909e+02
-1.527400000000000091e+02
-1.704699999999999989e+02
-1.814000000000000057e+02
-1.889000000000000057e+02
-1.696500000000000057e+02
-1.401699999999999875e+02
-1.080900000000000034e+02
-7.184899999999998954e+01
-6.014100000000000534e+01
-7.707500000000000284e+01
-9.744599999999999795e+01
-1.185699999999999932e+02
-1.030900000000000034e+02
-7.365000000000000568e+01
-4.006000000000000227e+01
-8.317000000000000171e+00
-1.895799999999999930e+00
-4.908000000000000362e+00
-1.018500000000000050e+01
-1.017900000000000027e+01
2.005300000000000082e+01
5.518999999999999773e+01
8.727100000000000080e+01
1.344399999999999977e+02
1.846399999999999864e+02
2.555800000000000125e+02
3.001600000000000250e+02
3.001600000000000250e+02
2.963899999999999864e+02
2.631800000000000068e+02
1.790399999999999920e+02
1.375300000000000011e+02
1.330099999999999909e+02
1.356500000000000057e+02
1.371999999999999886e+02
1.213799999999999955e+02
1.029000000000000057e+02
9.044499999999999318e+01
6.704899999999999238e+01
2.059600000000000009e+01
-3.336599999999999966e+01
-8.695200000000001239e+01
-1.579000000000000057e+02
-2.326200000000000045e+02
-3.257900000000000205e+02
-3.812599999999999909e+02
-3.649900000000000091e+02
-3.385799999999999841e+02
-3.012300000000000182e+02
-2.438700000000000045e+02
-1.694900000000000091e+02
-1.117600000000000051e+02
-5.214199999999999591e+01
-1.554199999999999982e+01
-1.366099999999999959e+01
-3.592800000000000438e+01
-6.611899999999999977e+01
-9.668799999999998818e+01
-1.106200000000000045e+02
-7.893000000000000682e+01
-2.572500000000000142e+01
3.011899999999999977e+01
8.562399999999999523e+01
1.135400000000000063e+02
1.161800000000000068e+02
1.124000000000000057e+02
1.157900000000000063e+02
1.324199999999999875e+02
1.392100000000000080e+02
1.373199999999999932e+02
1.346599999999999966e+02
1.312599999999999909e+02
1.323899999999999864e+02
1.357800000000000011e+02
1.391599999999999966e+02
1.131200000000000045e+02
8.065399999999999636e+01
6.517600000000000193e+01
5.044699999999999562e+01
6.443800000000000239e+01
9.084299999999998931e+01
1.221899999999999977e+02
1.414300000000000068e+02
1.474600000000000080e+02
1.308499999999999943e+02
1.017800000000000011e+02
7.044899999999999807e+01
2.137999999999999901e+01
-5.749800000000000466e+01
-1.435500000000000114e+02
-2.318600000000000136e+02
-2.862200000000000273e+02
-2.816899999999999977e+02
-2.583100000000000023e+02
-2.247299999999999898e+02
-1.919099999999999966e+02
-1.602299999999999898e+02
-1.417100000000000080e+02
-1.187000000000000028e+02
-8.021399999999999864e+01
-5.004200000000000159e+01
-2.175099999999999767e+01
-5.911500000000000199e+00
1.030199999999999960e+01
2.349699999999999989e+01
4.160600000000000165e+01
6.007600000000000051e+01
5.365699999999999648e+01
2.232300000000000040e+01
-3.844400000000000261e+01
-6.109600000000000364e+01
-5.634999999999999787e+00
7.926000000000000512e+01
1.686800000000000068e+02
2.551200000000000045e+02
3.324700000000000273e+02
3.336000000000000227e+02
3.113299999999999841e+02
2.803700000000000045e+02
2.331800000000000068e+02
1.897800000000000011e+02
1.335399999999999920e+02
6.221300000000000097e+01
-2.383900000000000219e+01
-8.536200000000000898e+01
-1.193299999999999983e+02
-1.446299999999999955e+02
-1.567100000000000080e+02
-1.631299999999999955e+02
-1.725800000000000125e+02
-1.933799999999999955e+02
-2.183000000000000114e+02
-2.432100000000000080e+02
-2.636000000000000227e+02
-2.451100000000000136e+02
-2.122899999999999920e+02
-1.760699999999999932e+02
-1.583400000000000034e+02
-1.734399999999999977e+02
-1.859099999999999966e+02
-1.942100000000000080e+02
-1.878100000000000023e+02
-1.629000000000000057e+02
-1.372500000000000000e+02
-8.933200000000000784e+01
-3.235499999999999687e+01
4.914999999999999858e+01
1.329199999999999875e+02
1.917800000000000011e+02
2.314000000000000057e+02
2.555500000000000114e+02
2.585600000000000023e+02
2.389399999999999977e+02
2.215800000000000125e+02
2.004399999999999977e+02
1.830800000000000125e+02
1.456899999999999977e+02
1.034200000000000017e+02
6.455199999999999250e+01
2.907999999999999829e+01
1.889199999999999946e+01
4.681800000000000495e+01
8.757299999999999329e+01
1.241800000000000068e+02
1.607899999999999920e+02
1.765999999999999943e+02
1.615099999999999909e+02
1.373600000000000136e+02
1.139699999999999989e+02
6.906499999999999773e+01
3.030699999999999950e+00
-1.394599999999999973e+01
-1.695899999999999963e+01
-1.393500000000000050e+01
-1.736200000000000188e+01
-4.603499999999999659e+01
-8.716100000000000136e+01
-1.350800000000000125e+02
-1.898300000000000125e+02
-2.241599999999999966e+02
-2.203799999999999955e+02
-1.743300000000000125e+02
-1.249200000000000017e+02
-8.415700000000001069e+01
-8.792399999999999238e+01
-1.105499999999999972e+02
-1.384699999999999989e+02
-1.543000000000000114e+02
-1.361800000000000068e+02
-1.014899999999999949e+02
-5.506000000000000227e+01
8.726399999999999935e+00
8.006100000000000705e+01
1.140400000000000063e+02
9.103200000000001069e+01
5.859100000000000108e+01
2.275600000000000023e+01
2.084499999999999886e+01
4.161500000000000199e+01
6.125300000000000011e+01
1.072999999999999972e+02
1.118400000000000034e+02
3.483899999999999864e+01
-4.325399999999999778e+01
-8.022100000000000364e+01
-1.035999999999999943e+02
-8.622499999999999432e+01
-1.186800000000000033e+01
5.041300000000000381e+01
4.284600000000000364e+01
4.709999999999999964e+00
-3.300800000000000267e+01
-2.619999999999999929e+01
-2.030800000000000161e+00
2.628800000000000026e+01
5.758800000000000097e+01
8.779700000000001125e+01
1.244099999999999966e+02
1.297199999999999989e+02
1.150199999999999960e+02
1.150300000000000011e+02
1.119899999999999949e+02
8.220200000000001239e+01
4.712399999999999523e+01
7.896200000000000330e+00
-2.831300000000000239e+01
-6.606999999999999318e+01
-8.529899999999999238e+01
-9.471600000000000819e+01
-9.134100000000000819e+01
-7.773899999999999011e+01
-6.417499999999999716e+01
-4.906199999999999761e+01
-3.584300000000000352e+01
-3.808599999999999852e+01
-4.373100000000000165e+01
-4.073699999999999477e+01
-1.098200000000000065e+00
5.136999999999999744e+01
7.025300000000000011e+01
7.290899999999999181e+01
5.816799999999999926e+01
3.780400000000000205e+01
2.045899999999999963e+01
-9.377200000000000202e+00
-6.068500000000000227e+01
-9.089900000000000091e+01
-8.371799999999998931e+01
-4.370600000000000307e+01
-1.086400000000000077e+01
2.273199999999999932e+01
5.515699999999999648e+01
7.743399999999999750e+01
8.574500000000000455e+01
5.669399999999999551e+01
6.894400000000000084e+00
-2.559400000000000119e+01
-2.256400000000000006e+01
1.098900000000000077e+01
5.854299999999999926e+01
1.045900000000000034e+02
1.362899999999999920e+02
1.117300000000000040e+02
7.475199999999999534e+01
3.664199999999999591e+01
-1.014799999999999969e+01
-4.716100000000000136e+01
-6.150199999999999534e+01
-7.587899999999999068e+01
-8.342600000000000193e+01
-9.889700000000000557e+01
-1.242199999999999989e+02
-1.540300000000000011e+02
-1.717700000000000102e+02
-1.461200000000000045e+02
-8.800200000000000955e+01
-1.445800000000000018e+01
7.384000000000000341e+01
1.689300000000000068e+02
1.787400000000000091e+02
1.311399999999999864e+02
7.528799999999999670e+01
-2.872300000000000075e+00
-6.250100000000000477e+01
-9.345799999999999841e+01
-1.202600000000000051e+02
-1.082300000000000040e+02
-9.506900000000000261e+01
-7.470600000000000307e+01
-7.056900000000000261e+01
-7.548100000000000875e+01
-4.270799999999999841e+01
6.337200000000000166e+00
6.745900000000000318e+01
1.315900000000000034e+02
1.647800000000000011e+02
1.900500000000000114e+02
1.836200000000000045e+02
1.480999999999999943e+02
1.190199999999999960e+02
6.651000000000000512e+01
7.999500000000000277e+00
-1.880900000000000105e+01
-2.486899999999999977e+01
-1.888700000000000045e+01
-4.683200000000000074e+01
-8.538100000000000023e+01
-1.238900000000000006e+02
-1.631599999999999966e+02
-1.760500000000000114e+02
-1.202199999999999989e+02
-5.156899999999999551e+01
-1.762999999999999901e+01
-1.652100000000000080e+01
-1.390299999999999869e+01
-4.000500000000000256e+01
-7.742100000000000648e+01
-1.182099999999999937e+02
-1.061500000000000057e+02
-8.844100000000000250e+01
-7.865300000000000580e+01
-7.003799999999999670e+01
-6.515800000000000125e+01
-6.480700000000000216e+01
-3.237800000000000011e+01
6.842699999999999783e+00
7.055400000000000205e+01
1.327899999999999920e+02
2.006999999999999886e+02
2.595400000000000205e+02
2.987599999999999909e+02
2.560500000000000114e+02
1.964099999999999966e+02
9.901399999999999579e+01
2.427400000000000091e+01
-3.620400000000000063e+01
-7.660800000000000409e+01
-9.663200000000000500e+01
-7.892199999999999704e+01
-5.781300000000000239e+01
-3.896999999999999886e+01
-1.672700000000000031e+01
1.117400000000000126e+01
3.567999999999999972e+01
3.977000000000000313e+01
3.857800000000000296e+01
3.402700000000000102e+01
4.230799999999999983e+01
7.096399999999999864e+01
4.113399999999999324e+01
2.621300000000000185e+00
-2.721099999999999852e+01
-8.345700000000000784e+01
-1.257800000000000011e+02
-1.382500000000000000e+02
-1.549099999999999966e+02
-1.360600000000000023e+02
-5.343800000000000239e+01
2.774599999999999955e+00
5.181499999999999773e+01
6.010300000000000153e+01
4.649800000000000466e+01
2.573099999999999810e+01
3.958999999999999742e-01
-1.508999999999999986e+01
-6.421999999999999709e+00
-1.171799999999999997e+01
-3.289900000000000091e+01
-2.649500000000000099e+01
-1.443099999999999916e+01
1.687900000000000134e+01
4.517600000000000193e+01
8.479099999999999682e+01
1.172300000000000040e+02
1.194899999999999949e+02
1.191099999999999994e+02
7.717699999999999250e+01
1.452900000000000169e+01
-1.679599999999999937e+01
-2.472400000000000020e+01
9.234799999999999898e+00
5.564899999999999380e+01
9.413799999999999102e+01
8.998499999999999943e+01
7.224800000000000466e+01
3.259000000000000341e+01
-1.685000000000000142e+01
-6.288300000000000267e+01
-1.190999999999999943e+02
-1.485399999999999920e+02
-1.568400000000000034e+02
-1.632800000000000011e+02
-1.576200000000000045e+02
-1.572400000000000091e+02
-1.568499999999999943e+02
-1.277800000000000011e+02
-8.626799999999998647e+01
-5.606899999999999551e+01
3.941500000000000004e+00
7.489699999999999136e+01
1.130600000000000023e+02
1.477800000000000011e+02
1.564799999999999898e+02
1.244099999999999966e+02
8.099200000000000443e+01
3.342099999999999937e+01
-2.412599999999999856e+00
-1.820899999999999963e+01
-2.725000000000000000e+01
-2.761100000000000065e+01
-3.363199999999999790e+01
-1.814300000000000068e+01
2.564900000000000091e+01
7.359199999999999875e+01
1.192699999999999960e+02
1.604300000000000068e+02
1.529000000000000057e+02
1.193299999999999983e+02
8.199500000000000455e+01
4.126200000000000045e+01
-2.255400000000000182e-01
-4.397699999999999676e+01
-8.131300000000000239e+01
-9.978100000000000591e+01
-1.012699999999999960e+02
-8.992100000000000648e+01
-7.706600000000000250e+01
-6.156899999999999551e+01
-5.780899999999999750e+01
-7.434699999999999420e+01
-9.281100000000000705e+01
-8.297599999999999909e+01
-4.672299999999999898e+01
-5.903599999999999959e+00
3.789699999999999847e+01
7.641500000000000625e+01
9.757200000000000273e+01
6.288700000000000045e+01
1.046199999999999974e+01
-1.668099999999999739e+01
-3.363400000000000034e+01
-5.247299999999999898e+01
-7.546200000000000330e+01
-8.525000000000000000e+01
-8.068800000000000239e+01
-5.688700000000000045e+01
-1.006899999999999906e+01
5.788399999999999324e+01
1.194599999999999937e+02
1.523600000000000136e+02
1.652199999999999989e+02
1.520399999999999920e+02
1.422599999999999909e+02
9.889499999999999602e+01
5.212800000000000011e+01
1.781700000000000017e+01
-1.309799999999999898e+01
-4.174899999999999523e+01
-7.078100000000000591e+01
-1.130199999999999960e+02
-1.367199999999999989e+02
-1.344300000000000068e+02
-1.260999999999999943e+02
-1.015400000000000063e+02
-6.680100000000000193e+01
-1.923000000000000043e+01
3.022899999999999920e+01
5.935499999999999687e+01
8.546099999999999852e+01
7.491800000000000637e+01
5.531700000000000017e+01
2.967699999999999960e+01
-1.406400000000000006e+01
-7.291400000000000148e+01
-1.230799999999999983e+02
-1.600399999999999920e+02
-1.565800000000000125e+02
-1.025900000000000034e+02
-2.408199999999999719e+01
8.046800000000000352e+01
1.416599999999999966e+02
1.786599999999999966e+02
1.628300000000000125e+02
1.183599999999999994e+02
6.177399999999999380e+01
8.583099999999999952e+00
-4.687100000000000222e+01
-9.285500000000000398e+01
-1.219000000000000057e+02
-1.505600000000000023e+02
-1.561999999999999886e+02
-1.173199999999999932e+02
-6.900900000000000034e+01
-1.046599999999999930e+01
5.332100000000000506e+01
7.672599999999999909e+01
8.620999999999999375e+01
8.055800000000000693e+01
7.230100000000000193e+01
6.099100000000000676e+01
4.779100000000000392e+01
5.572299999999999898e+01
5.836999999999999744e+01
4.667699999999999960e+01
3.317099999999999937e+01
3.732600000000000051e+01
7.091400000000000148e+01
1.192199999999999989e+02
1.682700000000000102e+02
2.113300000000000125e+02
2.471800000000000068e+02
2.517400000000000091e+02
2.241999999999999886e+02
1.755099999999999909e+02
9.437600000000000477e+01
1.138900000000000112e+01
-8.031499999999999773e+01
-1.425900000000000034e+02
-1.720300000000000011e+02
-1.912899999999999920e+02
-2.010999999999999943e+02
-1.915999999999999943e+02
-1.750200000000000102e+02
-1.501200000000000045e+02
-1.203199999999999932e+02
-9.316799999999999216e+01
-7.653799999999999670e+01
-8.255299999999999727e+01
-1.048400000000000034e+02
-1.278700000000000045e+02
-1.561999999999999886e+02
-1.746999999999999886e+02
-1.679000000000000057e+02
-1.615000000000000000e+02
-1.384699999999999989e+02
-1.045300000000000011e+02
-7.998699999999999477e+01
-5.623799999999999955e+01
-3.437699999999999534e+01
-2.342199999999999704e+01
-1.212900000000000134e+01
7.503800000000000026e+00
3.577700000000000102e+01
7.272899999999999920e+01
9.458499999999999375e+01
1.070799999999999983e+02
1.149699999999999989e+02
1.175799999999999983e+02
1.254800000000000040e+02
1.484600000000000080e+02
1.768000000000000114e+02
1.963899999999999864e+02
2.035200000000000102e+02
1.963199999999999932e+02
1.766599999999999966e+02
1.396800000000000068e+02
9.099600000000000932e+01
8.303200000000001069e+01
9.393600000000000705e+01
1.150300000000000011e+02
1.240799999999999983e+02
1.127600000000000051e+02
6.554800000000000182e+01
7.014499999999999957e+00
-5.189600000000000080e+01
-8.099299999999999500e+01
-8.896200000000000330e+01
-9.157099999999999795e+01
-1.059500000000000028e+02
-1.222199999999999989e+02
-1.249099999999999966e+02
-1.306100000000000136e+02
-1.381699999999999875e+02
-1.464799999999999898e+02
-1.261400000000000006e+02
-8.241200000000000614e+01
-4.585199999999999676e+01
-4.129399999999999693e+01
-4.926300000000000523e+01
-6.553499999999999659e+01
-9.161599999999999966e+01
-9.882999999999999829e+01
-1.033700000000000045e+02
-1.083100000000000023e+02
-1.049200000000000017e+02
-1.015699999999999932e+02
-8.538799999999999102e+01
-4.128199999999999648e+01
2.523600000000000065e+00
5.342499999999999716e+01
9.640000000000000568e+01
1.250400000000000063e+02
1.348100000000000023e+02
1.201200000000000045e+02
9.668899999999999295e+01
7.325399999999999068e+01
4.792800000000000438e+01
2.185199999999999676e+01
3.039800000000000280e-01
9.019800000000000040e+00
1.388799999999999990e+01
9.700100000000000833e+00
3.626100000000000101e+00
4.006499999999999950e+00
2.359400000000000119e+01
3.676699999999999591e+01
1.639400000000000190e+01
-1.420400000000000063e+01
-5.117899999999999494e+01
-7.045499999999999829e+01
-6.029600000000000648e+01
-4.296500000000000341e+01
-2.412500000000000000e+01
-4.453999999999999737e+00
-4.102599999999999802e+00
-3.318399999999999750e+01
-6.377199999999999847e+01
-1.011500000000000057e+02
-1.132600000000000051e+02
-7.323899999999999011e+01
-2.042500000000000071e+01
3.733400000000000318e+01
1.142900000000000063e+02
1.708799999999999955e+02
1.807199999999999989e+02
1.705200000000000102e+02
1.350300000000000011e+02
7.958299999999999841e+01
2.296800000000000352e+01
-1.628599999999999781e+01
-4.006800000000000495e+01
-3.400000000000000000e+01
-2.457099999999999795e+01
3.302499999999999880e-01
5.127000000000000313e+01
9.542200000000001125e+01
1.249300000000000068e+02
1.536100000000000136e+02
1.626699999999999875e+02
1.460600000000000023e+02
1.207800000000000011e+02
5.588300000000000267e+01
-8.633900000000000574e+00
-5.654699999999999704e+01
-1.124000000000000057e+02
-1.791800000000000068e+02
-1.980000000000000000e+02
-1.911899999999999977e+02
-1.428700000000000045e+02
-8.282099999999999795e+01
-1.974699999999999989e+01
3.347899999999999920e+01
7.613899999999999579e+01
7.577700000000000102e+01
4.523499999999999943e+01
6.011199999999999655e+00
-4.151300000000000523e+01
-8.186700000000000443e+01
-9.915999999999999659e+01
-1.112099999999999937e+02
-1.213700000000000045e+02
-1.149300000000000068e+02
-9.754500000000000171e+01
-5.826800000000000068e+01
4.104600000000000648e+01
9.390899999999999181e+01
1.283199999999999932e+02
1.389199999999999875e+02
1.321599999999999966e+02
1.106899999999999977e+02
5.826899999999999835e+01
-7.732899999999999885e+00
-3.863800000000000523e+01
-2.878900000000000148e+01
-1.327799999999999869e+01
6.007500000000000284e+00
2.680300000000000082e+01
4.646600000000000108e+01
6.805299999999999727e+01
5.338100000000000023e+01
3.987999999999999989e+00
-4.200699999999999790e+01
-5.781199999999999761e+01
-6.078499999999999659e+01
-6.111699999999999733e+01
-3.767600000000000193e+01
-4.044599999999999973e+00
2.039299999999999891e+00
-1.753699999999999903e+01
-4.164199999999999591e+01
-6.914199999999999591e+01
-6.947199999999999420e+01
-2.678199999999999648e+01
2.232199999999999918e+01
7.486100000000000421e+01
9.226799999999998647e+01
9.118500000000000227e+01
8.821399999999999864e+01
9.203900000000000148e+01
1.075600000000000023e+02
1.268499999999999943e+02
1.223700000000000045e+02
8.166700000000000159e+01
3.681000000000000227e+01
1.383699999999999974e+01
5.923499999999999766e+00
1.012299999999999933e+01
4.073699999999999477e+01
5.776600000000000534e+01
6.234300000000000352e+01
3.672999999999999687e+01
-1.076999999999999957e+01
-6.242100000000000648e+01
-1.140699999999999932e+02
-1.445900000000000034e+02
-1.453000000000000114e+02
-1.263900000000000006e+02
-1.120400000000000063e+02
-1.006700000000000017e+02
-9.232299999999999329e+01
-9.190000000000000568e+01
-1.073299999999999983e+02
-1.280800000000000125e+02
-1.457700000000000102e+02
-1.445999999999999943e+02
-1.407800000000000011e+02
-1.358300000000000125e+02
-1.305099999999999909e+02
-1.161299999999999955e+02
-8.627700000000000102e+01
-5.306399999999999295e+01
-2.057400000000000162e+01
-2.166300000000000026e+01
-3.143400000000000105e+01
-4.422800000000000153e+01
-3.438000000000000256e+01
-1.434299999999999997e+01
3.804300000000000015e+00
2.383699999999999974e+01
6.572599999999999909e+01
1.114200000000000017e+02
1.359799999999999898e+02
1.477199999999999989e+02
1.435999999999999943e+02
1.319000000000000057e+02
1.270199999999999960e+02
1.293100000000000023e+02
1.202900000000000063e+02
1.221700000000000017e+02
1.203100000000000023e+02
1.184500000000000028e+02
1.157999999999999972e+02
1.222500000000000000e+02
1.150999999999999943e+02
1.037999999999999972e+02
9.062299999999999045e+01
9.287399999999999523e+01
9.591899999999999693e+01
8.952600000000001046e+01
6.724399999999999977e+01
3.858699999999999619e+01
1.106200000000000117e+01
-1.537099999999999866e+01
-2.855800000000000338e+01
-5.461500000000000199e+01
-9.950000000000000000e+01
-1.315600000000000023e+02
-1.575800000000000125e+02
-1.881699999999999875e+02
-1.847899999999999920e+02
-1.613799999999999955e+02
-1.341999999999999886e+02
-9.984399999999999409e+01
-5.685100000000000620e+01
-1.457400000000000162e+01
3.902199999999999847e+01
4.846699999999999875e+01
2.202400000000000091e+01
-7.778200000000000003e+00
-4.139199999999999591e+01
-7.232600000000000762e+01
-1.051500000000000057e+02
-1.029200000000000017e+02
-7.800700000000000500e+01
-4.709600000000000364e+01
-1.275200000000000067e+01
1.291300000000000026e+01
4.612300000000000466e+01
7.400900000000000034e+01
9.435399999999999920e+01
1.098299999999999983e+02
1.151099999999999994e+02
1.086899999999999977e+02
9.355700000000000216e+01
7.955199999999999250e+01
8.068399999999999750e+01
7.539799999999999613e+01
6.105300000000000438e+01
3.040599999999999881e+01
-5.437499999999999556e-01
-1.489000000000000057e+01
-2.584099999999999753e+01
-3.871800000000000352e+01
-5.499000000000000199e+01
-7.009499999999999886e+01
-7.086199999999999477e+01
-6.562500000000000000e+01
-5.624000000000000199e+01
-1.964900000000000091e+01
1.128200000000000003e+01
2.557000000000000028e+01
3.045899999999999963e+01
3.157900000000000063e+01
2.887999999999999901e+01
2.920300000000000296e+01
2.730199999999999960e+01
3.369899999999999807e+01
4.835899999999999466e+01
7.622800000000000864e+01
6.639699999999999136e+01
2.146999999999999886e+01
-1.934400000000000119e+01
-6.166799999999999926e+01
-1.080999999999999943e+02
-1.326599999999999966e+02
-1.391699999999999875e+02
-1.290099999999999909e+02
-8.903000000000000114e+01
-4.679299999999999926e+01
-7.950700000000000323e+00
3.081599999999999895e+01
6.210899999999999466e+01
8.585500000000000398e+01
1.050699999999999932e+02
1.057600000000000051e+02
9.399600000000000932e+01
8.340000000000000568e+01
7.431300000000000239e+01
6.443300000000000693e+01
6.134499999999999886e+01
6.018199999999999505e+01
5.897999999999999687e+01
5.253199999999999648e+01
3.551699999999999591e+01
1.959700000000000131e+01
2.166599999999999859e+00
-9.188200000000000145e+00
-2.092000000000000171e+01
-3.046599999999999753e+01
-3.465200000000000102e+01
-4.827199999999999847e+01
-6.566599999999999682e+01
-8.842200000000001125e+01
-1.137399999999999949e+02
-1.356599999999999966e+02
-1.342299999999999898e+02
-1.275100000000000051e+02
-1.147199999999999989e+02
-1.030600000000000023e+02
-9.445299999999998875e+01
-8.354799999999998761e+01
-6.890699999999999648e+01
-6.177600000000000335e+01
-5.807699999999999818e+01
-5.471699999999999875e+01
-5.060300000000000153e+01
-3.823100000000000165e+01
-1.943799999999999883e+01
-4.002100000000000435e+00
-2.672300000000000231e-01
1.581800000000000095e+00
7.135000000000000231e-01
-4.985100000000000087e+00
-8.042099999999999582e+00
1.188199999999999967e+01
3.863800000000000523e+01
6.728000000000000114e+01
7.927899999999999636e+01
7.584600000000000364e+01
7.162100000000000932e+01
6.743399999999999750e+01
8.211399999999999011e+01
9.373799999999999955e+01
1.038499999999999943e+02
1.128799999999999955e+02
1.252900000000000063e+02
1.335200000000000102e+02
1.410300000000000011e+02
1.292700000000000102e+02
1.065900000000000034e+02
8.085399999999999920e+01
5.403300000000000125e+01
2.116499999999999915e+01
-1.663599999999999923e+01
-5.444200000000000017e+01
-9.069899999999999807e+01
-1.247000000000000028e+02
-1.318899999999999864e+02
-1.274699999999999989e+02
-1.116500000000000057e+02
-9.243600000000000705e+01
-6.038800000000000523e+01
-2.154699999999999704e+01
1.084099999999999930e+01
4.967899999999999494e+01
1.036200000000000045e+02
1.224300000000000068e+02
1.159800000000000040e+02
9.176899999999999125e+01
4.457500000000000284e+01
1.134400000000000119e+01
-7.924599999999999866e+00
-2.421099999999999852e+01
-2.502499999999999858e+01
-2.617900000000000205e+01
-3.789699999999999847e+01
-5.225699999999999790e+01
-6.737100000000000932e+01
-7.459499999999999886e+01
-4.857800000000000296e+01
-2.372800000000000153e+01
2.293200000000000127e+00
2.604899999999999949e+01
5.093999999999999773e+01
5.428300000000000125e+01
3.804099999999999682e+01
7.459999999999999964e+00
-2.010200000000000031e+01
-3.596399999999999864e+01
-4.959899999999999665e+01
-5.115800000000000125e+01
-4.362300000000000466e+01
-3.042699999999999960e+01
2.016000000000000014e+00
3.747699999999999676e+01
7.105299999999999727e+01
8.459100000000000819e+01
9.363899999999999579e+01
9.853700000000000614e+01
9.022799999999999443e+01
3.663199999999999790e+01
-1.620299999999999940e+01
-6.304299999999999926e+01
-1.056899999999999977e+02
-1.324799999999999898e+02
-1.475900000000000034e+02
-1.521599999999999966e+02
-1.668700000000000045e+02
-1.170699999999999932e+02
-1.933399999999999963e+01
3.390800000000000125e+01
5.990600000000000591e+01
7.462300000000000466e+01
8.929999999999999716e+01
9.420000000000000284e+01
8.628000000000000114e+01
7.344800000000000750e+01
5.080499999999999972e+01
1.457900000000000063e+01
-1.070299999999999940e+01
-1.447700000000000031e+01
-1.334299999999999997e+01
-2.164400000000000190e+01
-4.428399999999999892e+01
-6.130100000000000193e+01
-7.186499999999999488e+01
-6.997499999999999432e+01
-6.506699999999999307e+01
-6.204500000000000171e+01
-5.713600000000000279e+01
-5.260399999999999920e+01
-4.392000000000000171e+01
-1.599200000000000088e+01
1.914400000000000190e+01
5.575300000000000011e+01
9.198499999999999943e+01
1.025600000000000023e+02
9.350299999999998590e+01
8.105500000000000682e+01
6.747499999999999432e+01
5.691399999999999437e+01
4.559899999999999665e+01
4.069899999999999807e+01
4.560999999999999943e+01
6.033399999999999608e+01
7.732099999999999795e+01
9.053399999999999181e+01
8.755700000000000216e+01
9.020600000000000307e+01
3.247500000000000142e+01
-1.921900000000000119e+01
-4.638300000000000267e+01
-6.977299999999999613e+01
-8.033100000000000307e+01
-9.768099999999999739e+01
-1.097500000000000000e+02
-1.139000000000000057e+02
-1.078499999999999943e+02
-8.407099999999999795e+01
-4.402700000000000102e+01
2.809299999999999908e+00
3.451500000000000057e+01
5.376600000000000534e+01
6.018800000000000239e+01
5.377799999999999869e+01
2.850099999999999767e+01
-7.341999999999999638e+00
-4.918600000000000705e+01
-7.936799999999999500e+01
-8.653100000000000591e+01
-8.841200000000000614e+01
-8.538700000000000045e+01
-7.553499999999999659e+01
-5.137500000000000000e+01
-4.039199999999999591e+01
-3.132600000000000051e+01
3.016599999999999948e+00
3.773900000000000432e+01
6.415899999999999181e+01
8.797599999999999909e+01
8.688600000000000989e+01
7.745699999999999363e+01
6.199000000000000199e+01
4.727799999999999869e+01
5.750800000000000267e+01
7.713500000000000512e+01
1.020499999999999972e+02
1.190300000000000011e+02
1.160600000000000023e+02
1.093100000000000023e+02
9.194799999999999329e+01
6.063199999999999790e+01
1.987999999999999901e+01
-7.286100000000000243e+00
-3.030199999999999960e+01
-5.626100000000000279e+01
-8.342799999999999727e+01
-1.083299999999999983e+02
-1.287100000000000080e+02
-1.479399999999999977e+02
-1.456399999999999864e+02
-1.297500000000000000e+02
-1.105000000000000000e+02
-8.219899999999999807e+01
-4.630899999999999750e+01
-2.743900000000000006e+01
-2.966199999999999903e+01
-3.569800000000000040e+01
-4.245000000000000284e+01
-4.659799999999999898e+01
-5.150100000000000477e+01
-5.410300000000000153e+01
-5.292999999999999972e+01
-5.858800000000000097e+01
-6.726500000000000057e+01
-7.515200000000000102e+01
-7.967499999999999716e+01
-5.887899999999999778e+01
-2.038599999999999923e+01
1.701299999999999812e+01
5.743299999999999983e+01
9.629899999999999238e+01
1.366800000000000068e+02
1.680800000000000125e+02
1.839399999999999977e+02
1.745000000000000000e+02
1.684699999999999989e+02
1.511500000000000057e+02
1.194899999999999949e+02
1.013799999999999955e+02
8.214000000000000057e+01
5.652199999999999847e+01
3.203199999999999648e+01
2.638100000000000023e+01
2.071800000000000352e+01
2.910500000000000043e+01
3.891599999999999682e+01
4.307300000000000040e+01
2.613400000000000034e+01
-2.163499999999999979e+00
-2.664900000000000091e+01
-5.000699999999999790e+01
-6.811199999999999477e+01
-7.263400000000000034e+01
-7.183499999999999375e+01
-7.066100000000000136e+01
-7.141100000000000136e+01
-6.310499999999999687e+01
-4.000000000000000000e+01
-8.674799999999999400e+00
2.680400000000000205e+01
4.386699999999999733e+01
6.010000000000000142e+01
5.444699999999999562e+01
2.577499999999999858e+01
-3.577300000000000146e+00
-3.187099999999999866e+01
-5.412800000000000011e+01
-6.687500000000000000e+01
-7.592300000000000182e+01
-6.685800000000000409e+01
-4.798100000000000165e+01
-2.865099999999999980e+01
-1.769800000000000040e+01
-1.655599999999999739e+01
-1.911299999999999955e+01
-2.627300000000000324e+01
-2.928099999999999881e+01
-2.885599999999999810e+01
-3.295799999999999841e+01
-3.407900000000000063e+01
-2.652100000000000080e+01
-1.700000000000000000e+01
-2.076199999999999690e+01
-2.792000000000000171e+01
-3.990800000000000125e+01
-5.536800000000000210e+01
-5.875100000000000477e+01
-5.568100000000000449e+01
-3.978000000000000114e+01
-4.295300000000000118e+00
1.764300000000000068e+01
3.090300000000000225e+01
3.582300000000000040e+01
3.923400000000000176e+01
3.400300000000000011e+01
2.424500000000000099e+01
2.426000000000000156e+01
3.035199999999999676e+01
3.795300000000000296e+01
4.702600000000000335e+01
5.006199999999999761e+01
4.562500000000000000e+01
4.111500000000000199e+01
4.452899999999999636e+01
5.024399999999999977e+01
5.331899999999999551e+01
5.673300000000000409e+01
6.505500000000000682e+01
6.929999999999999716e+01
6.441299999999999670e+01
5.801800000000000068e+01
5.124499999999999744e+01
5.020799999999999841e+01
5.513300000000000267e+01
6.345600000000000307e+01
6.162699999999999534e+01
5.338399999999999324e+01
3.189600000000000080e+01
5.501999999999999780e+00
-2.349599999999999866e+01
-5.211500000000000199e+01
-8.039499999999999602e+01
-1.056599999999999966e+02
-1.316399999999999864e+02
-1.466699999999999875e+02
-1.492899999999999920e+02
-1.477500000000000000e+02
-1.359900000000000091e+02
-1.049899999999999949e+02
-7.477899999999999636e+01
-5.135800000000000409e+01
-3.016400000000000148e+01
-1.840500000000000114e+01
-1.007699999999999996e+01
-2.505999999999999783e+00
5.480000000000000426e+00
6.674299999999999677e+00
1.038699999999999957e+00
-3.842499999999999805e+00
-1.698799999999999955e+01
-4.035900000000000176e+01
-5.467399999999999949e+01
-5.347999999999999687e+01
-2.247300000000000253e+01
1.377900000000000169e+01
5.116199999999999903e+01
8.556499999999999773e+01
1.180799999999999983e+02
1.309399999999999977e+02
1.305800000000000125e+02
1.287199999999999989e+02
1.148199999999999932e+02
9.752500000000000568e+01
8.170100000000000762e+01
6.474299999999999500e+01
4.816399999999999437e+01
3.765999999999999659e+01
2.598600000000000065e+01
2.223600000000000065e+01
2.984400000000000119e+01
4.307300000000000040e+01
5.861100000000000421e+01
7.372899999999999920e+01
6.922199999999999420e+01
5.452600000000000335e+01
3.794599999999999795e+01
2.857099999999999795e+01
2.447899999999999920e+01
2.035000000000000142e+01
1.093799999999999883e+01
-2.626900000000000013e+00
-1.090799999999999947e+01
-2.598199999999999932e+01
-4.634000000000000341e+01
-6.515100000000001046e+01
-8.135800000000000409e+01
-9.488700000000000045e+01
-1.118499999999999943e+02
-1.288100000000000023e+02
-1.438899999999999864e+02
-1.393100000000000023e+02
-1.343799999999999955e+02
-1.279500000000000028e+02
-1.154800000000000040e+02
-8.980899999999999750e+01
-6.904000000000000625e+01
-5.770499999999999829e+01
-4.788000000000000256e+01
-4.028199999999999648e+01
-3.272200000000000131e+01
-1.912500000000000000e+01
-6.229899999999999327e-01
3.146400000000000219e+01
7.188899999999999579e+01
1.017099999999999937e+02
1.070400000000000063e+02
1.055400000000000063e+02
8.965999999999999659e+01
7.230899999999999750e+01
4.854200000000000159e+01
1.986899999999999977e+01
8.931400000000000006e+00
8.936400000000000787e+00
1.120599999999999952e+01
1.573799999999999955e+01
3.008099999999999952e+01
4.102700000000000102e+01
5.008600000000000563e+01
5.314399999999999835e+01
4.710699999999999932e+01
4.144600000000000506e+01
3.503099999999999881e+01
2.937000000000000099e+01
1.729299999999999926e+01
-4.453399999999999581e-01
-1.969400000000000261e+01
-3.554599999999999937e+01
-4.309700000000000131e+01
-4.876200000000000045e+01
-3.635199999999999676e+01
-1.748999999999999844e+01
-8.817500000000000782e+00
-8.824600000000000222e+00
6.646899999999999586e+00
2.512400000000000233e+01
4.021300000000000097e+01
5.416700000000000159e+01
6.887399999999999523e+01
5.905399999999999494e+01
2.655300000000000082e+01
-5.533500000000000085e+00
-4.667699999999999960e+01
-7.914399999999999125e+01
-8.481100000000000705e+01
-9.123799999999999955e+01
-8.974200000000000443e+01
-8.640000000000000568e+01
-8.112899999999999068e+01
-7.699099999999999966e+01
-6.492900000000000205e+01
-4.343399999999999750e+01
-2.307199999999999918e+01
-1.067099999999999937e+01
-2.006800000000000139e+00
-2.399999999999999911e+00
-5.057299999999999685e+00
-5.450400000000000134e+00
-4.410199999999999676e+00
-6.313100000000000378e+00
-1.576400000000000112e+01
-2.332800000000000296e+01
-3.051500000000000057e+01
-3.509799999999999898e+01
-3.662400000000000233e+01
-3.249099999999999966e+01
-2.269599999999999795e+01
1.060599999999999987e+00
2.968400000000000105e+01
6.853499999999999659e+01
9.946200000000000330e+01
1.194399999999999977e+02
1.216500000000000057e+02
1.083900000000000006e+02
9.139200000000001012e+01
7.099800000000000466e+01
5.811199999999999477e+01
4.753000000000000114e+01
4.260699999999999932e+01
3.768500000000000227e+01
3.159400000000000119e+01
1.757700000000000173e+01
-3.571600000000000108e+00
-2.513400000000000034e+01
-4.628199999999999648e+01
-5.573199999999999932e+01
-5.653999999999999915e+01
-5.391199999999999903e+01
-4.185199999999999676e+01
-2.077100000000000080e+01
-8.370699999999999363e+00
4.447000000000000064e+00
1.801900000000000190e+01
3.306199999999999761e+01
3.418099999999999739e+01
2.473499999999999943e+01
5.402300000000000324e+00
-2.102499999999999858e+01
-5.084899999999999665e+01
-7.919899999999999807e+01
-8.750900000000000034e+01
-8.902899999999999636e+01
-8.458499999999999375e+01
-7.591500000000000625e+01
-4.573499999999999943e+01
-2.876199999999999690e+01
-1.748600000000000065e+01
-3.946400000000000130e+00
-2.443799999999999972e+00
1.449400000000000155e+01
3.939399999999999835e+01
4.274699999999999989e+01
3.368500000000000227e+01
9.152100000000000790e+00
-7.908999999999999808e+00
-2.187500000000000000e+01
-2.904800000000000182e+01
-2.003200000000000003e+01
-5.317400000000000126e+00
1.007699999999999996e+01
2.366099999999999781e+01
3.535800000000000409e+01
4.324399999999999977e+01
4.965899999999999892e+01
5.603800000000000381e+01
6.656600000000000250e+01
7.901999999999999602e+01
9.222899999999999920e+01
1.084200000000000017e+02
1.178199999999999932e+02
1.121200000000000045e+02
1.023199999999999932e+02
9.099500000000000455e+01
7.209399999999999409e+01
4.941799999999999926e+01
1.806200000000000117e+01
-1.212199999999999989e+01
-2.872100000000000009e+01
-4.124499999999999744e+01
-4.916499999999999915e+01
-4.278300000000000125e+01
-2.013599999999999923e+01
-5.452199999999999269e-01
2.442299999999999915e+00
3.956900000000000084e+00
-1.000000000000000000e+01
-2.663599999999999923e+01
-4.893500000000000227e+01
-7.651399999999999579e+01
-1.006599999999999966e+02
-1.180100000000000051e+02
-1.263799999999999955e+02
-1.248700000000000045e+02
-1.120699999999999932e+02
-9.772100000000000364e+01
-7.888299999999999557e+01
-5.665399999999999636e+01
-4.608299999999999841e+01
-3.894500000000000028e+01
-3.252499999999999858e+01
-2.535199999999999676e+01
-1.900700000000000145e+01
-1.221000000000000085e+01
-7.716599999999999682e+00
-4.316799999999999748e+00
3.949899999999999967e+00
2.240599999999999881e+01
4.844600000000000506e+01
7.335399999999999920e+01
8.724200000000000443e+01
9.818600000000000705e+01
1.042199999999999989e+02
1.057000000000000028e+02
1.045600000000000023e+02
9.882700000000001239e+01
9.278700000000000614e+01
8.674700000000001410e+01
8.104600000000000648e+01
7.043800000000000239e+01
5.835800000000000409e+01
4.322100000000000364e+01
2.925300000000000011e+01
2.053000000000000114e+01
1.482499999999999929e+01
1.255199999999999960e+01
1.967599999999999838e+01
1.702499999999999858e+01
1.584400000000000119e+01
1.126700000000000124e+01
8.237099999999999866e+00
4.827399999999999913e+00
2.098599999999999910e-01
-7.351899999999999658e+00
-2.057499999999999929e+01
-3.534599999999999653e+01
-5.351500000000000057e+01
-6.749500000000000455e+01
-7.396800000000000352e+01
-7.059100000000000819e+01
-5.664999999999999858e+01
-4.203000000000000114e+01
-3.186499999999999844e+01
-2.245499999999999829e+01
-1.270599999999999952e+01
-6.569199999999999484e-01
6.826399999999999579e+00
9.062200000000000699e+00
7.486100000000000421e+00
-8.457399999999999363e-01
-1.487700000000000067e+01
-2.626800000000000068e+01
-3.573400000000000176e+01
-4.520300000000000296e+01
-5.244399999999999551e+01
-5.780100000000000193e+01
-6.462999999999999545e+01
-7.108299999999999841e+01
-7.757399999999999807e+01
-7.912300000000000466e+01
-7.995499999999999829e+01
-7.735500000000000398e+01
-6.422800000000000864e+01
-4.766700000000000159e+01
-2.997400000000000020e+01
-9.641400000000000858e+00
1.363499999999999979e+01
3.660800000000000409e+01
5.580600000000000449e+01
7.085399999999999920e+01
8.208899999999999864e+01
8.543600000000000705e+01
8.761299999999999955e+01
8.643099999999999739e+01
7.807899999999999352e+01
6.478199999999999648e+01
4.397600000000000620e+01
2.765900000000000247e+01
1.666300000000000026e+01
6.043700000000000294e+00
-4.613100000000000200e+00
-1.334599999999999831e+01
-2.170199999999999818e+01
-2.971800000000000352e+01
-3.581099999999999994e+01
-3.548799999999999955e+01
-3.407000000000000028e+01
-3.299399999999999977e+01
-4.097399999999999665e+01
-5.163199999999999790e+01
-6.149800000000000466e+01
-6.683599999999999852e+01
-6.576000000000000512e+01
-6.736100000000000421e+01
-6.703900000000000148e+01
-6.407399999999999807e+01
-6.227899999999999636e+01
-5.440800000000000125e+01
-4.012300000000000466e+01
-2.696800000000000352e+01
-1.645400000000000063e+01
-7.827200000000000379e+00
1.932399999999999896e+00
6.371999999999999886e+00
5.566300000000000026e+00
5.855900000000000105e+00
6.183699999999999974e+00
8.398999999999999133e+00
1.288000000000000078e+01
2.037999999999999901e+01
2.184300000000000352e+01
1.689099999999999824e+01
1.530000000000000071e+01
1.601099999999999923e+01
1.785500000000000043e+01
2.385099999999999909e+01
3.965999999999999659e+01
5.886600000000000676e+01
7.467699999999999250e+01
8.634000000000000341e+01
9.045399999999999352e+01
8.400100000000000477e+01
7.600600000000000023e+01
6.804899999999999238e+01
5.556499999999999773e+01
4.044100000000000250e+01
3.135500000000000043e+01
2.227199999999999847e+01
1.696300000000000097e+01
1.391900000000000048e+01
5.972199999999999953e+00
-4.270800000000000152e-01
-5.352100000000000080e+00
-9.899300000000000210e+00
-1.259599999999999831e+01
-1.034700000000000131e+01
-6.586800000000000210e+00
-3.580099999999999838e+00
-4.346599999999999575e+00
-5.864799999999999791e+00
-3.231500000000000039e+00
3.970400000000000151e+00
1.113499999999999979e+01
1.603800000000000026e+01
1.943299999999999983e+01
1.867900000000000205e+01
1.641600000000000037e+01
1.113700000000000045e+01
2.838999999999999968e+00
-3.153700000000000170e+00
-5.033199999999999896e+00
-5.023299999999999876e+00
-3.879900000000000126e+00
3.302900000000000169e+00
8.223000000000000753e+00
9.031200000000000117e+00
1.051999999999999957e+01
8.275299999999999656e+00
3.768100000000000005e+00
-5.267299999999999649e+00
-1.199799999999999933e+01
-1.536900000000000155e+01
-1.156900000000000084e+01
-3.239300000000000068e+00
5.129999999999999893e+00
1.421599999999999930e+01
1.387099999999999866e+01
5.980699999999999683e+00
-3.758300000000000196e+00
-1.428800000000000026e+01
-2.292999999999999972e+01
-2.515599999999999881e+01
-2.737900000000000134e+01
-2.164000000000000057e+01
-6.503999999999999559e+00
1.014299999999999891e+01
2.230099999999999838e+01
3.253600000000000136e+01
3.862100000000000222e+01
3.640500000000000114e+01
3.083099999999999952e+01
2.371099999999999852e+01
1.017699999999999960e+01
-8.979499999999999815e+00
-2.628500000000000014e+01
-3.868500000000000227e+01
-4.576300000000000523e+01
-3.966900000000000404e+01
-2.829199999999999804e+01
-1.578299999999999947e+01
-2.102199999999999847e+00
5.879999999999999893e+00
4.844400000000000261e+00
3.754399999999999959e-01
-4.809899999999999842e+00
-9.240399999999999281e+00
-1.295299999999999940e+01
-1.704200000000000159e+01
-2.335699999999999932e+01
-3.046499999999999986e+01
-3.681700000000000017e+01
-4.313199999999999790e+01
-4.948300000000000409e+01
-5.281700000000000017e+01
-4.705399999999999494e+01
-3.868800000000000239e+01
-2.651000000000000156e+01
-1.172799999999999976e+01
3.466999999999999943e-02
6.929700000000000415e+00
1.491900000000000048e+01
1.803999999999999915e+01
1.621799999999999997e+01
1.439599999999999902e+01
1.525400000000000134e+01
1.720599999999999952e+01
1.998700000000000188e+01
2.533399999999999963e+01
3.143699999999999761e+01
3.757600000000000051e+01
4.367800000000000438e+01
4.981700000000000017e+01
5.591899999999999693e+01
5.937800000000000011e+01
4.551600000000000534e+01
3.237100000000000222e+01
2.001800000000000068e+01
8.380900000000000460e+00
-2.086699999999999999e+00
-1.410099999999999909e+01
-2.004100000000000037e+01
-1.205700000000000038e+01
-2.148200000000000109e+00
1.344899999999999984e+00
-2.747900000000000009e+00
-7.180699999999999861e+00
-1.882199999999999918e+01
-3.382199999999999562e+01
-4.433200000000000074e+01
-5.069200000000000017e+01
-5.777000000000000313e+01
-5.469699999999999562e+01
-4.215299999999999869e+01
-2.851500000000000057e+01
-1.555799999999999983e+01
-4.940400000000000347e+00
4.959100000000000286e+00
1.519800000000000040e+01
2.468099999999999739e+01
3.571000000000000085e+01
3.688900000000000290e+01
2.867199999999999704e+01
1.966099999999999781e+01
9.932000000000000384e+00
9.192200000000000371e-01
-8.810600000000000875e+00
-1.816499999999999915e+01
-2.831199999999999761e+01
-3.728900000000000148e+01
-4.215500000000000114e+01
-4.358699999999999619e+01
-4.354899999999999949e+01
-4.007699999999999818e+01
-3.098400000000000176e+01
-2.525000000000000000e+01
4.456899999999999751e-01
2.957499999999999929e+01
4.021199999999999619e+01
5.005600000000000449e+01
5.804999999999999716e+01
6.185399999999999920e+01
5.324300000000000210e+01
4.308299999999999841e+01
2.160199999999999676e+01
-2.483600000000000030e+00
-2.321199999999999974e+01
-2.918699999999999761e+01
-3.327400000000000091e+01
-3.170199999999999818e+01
-2.564099999999999824e+01
-2.561800000000000210e+01
-2.216199999999999903e+01
-1.572599999999999909e+01
-1.680000000000000071e+01
-2.055400000000000205e+01
-2.125199999999999889e+01
-2.425300000000000011e+01
-3.102800000000000225e+01
-3.508699999999999619e+01
-3.846699999999999875e+01
-4.407500000000000284e+01
-4.594699999999999562e+01
-4.517800000000000438e+01
-4.059900000000000375e+01
-2.888800000000000168e+01
-1.563099999999999845e+01
-1.474300000000000055e-01
1.688200000000000145e+01
2.862800000000000011e+01
3.392099999999999937e+01
3.774000000000000199e+01
3.850300000000000011e+01
3.737899999999999778e+01
3.629200000000000159e+01
3.478900000000000148e+01
3.479400000000000404e+01
3.823400000000000176e+01
4.280399999999999494e+01
5.341199999999999903e+01
6.662300000000000466e+01
8.058899999999999864e+01
9.081700000000000728e+01
9.044200000000000728e+01
8.101000000000000512e+01
7.085899999999999466e+01
5.840699999999999648e+01
4.146399999999999864e+01
2.372800000000000153e+01
1.357499999999999929e+01
4.517000000000000348e+00
-6.051400000000000112e+00
-1.658200000000000074e+01
-2.564199999999999946e+01
-3.394699999999999562e+01
-4.108299999999999841e+01
-4.863499999999999801e+01
-5.392300000000000182e+01
-5.275800000000000267e+01
-4.895199999999999818e+01
-4.857999999999999829e+01
-5.198399999999999466e+01
-5.878300000000000125e+01
-6.969599999999999795e+01
-7.876000000000000512e+01
-8.593799999999998818e+01
-9.047599999999999909e+01
-9.384399999999999409e+01
-9.117399999999999238e+01
-7.608800000000000807e+01
-4.892999999999999972e+01
-2.550699999999999790e+01
8.980700000000000349e-01
2.164000000000000057e+01
4.087400000000000233e+01
5.788000000000000256e+01
7.371699999999999875e+01
8.317399999999999238e+01
8.957500000000000284e+01
9.450399999999999068e+01
8.958400000000000318e+01
7.711599999999999966e+01
6.275999999999999801e+01
5.104600000000000648e+01
4.197200000000000131e+01
3.218099999999999739e+01
2.725800000000000267e+01
2.799399999999999977e+01
2.612699999999999889e+01
2.535300000000000153e+01
2.495599999999999952e+01
2.569000000000000128e+01
2.416000000000000014e+01
2.115800000000000125e+01
1.924900000000000233e+01
1.658599999999999852e+01
1.052500000000000036e+01
5.973600000000000243e+00
1.043700000000000072e+00
-3.093599999999999905e+00
-7.269800000000000040e+00
-1.031400000000000006e+01
-1.449099999999999966e+01
-1.980099999999999838e+01
-2.511100000000000065e+01
-3.000600000000000023e+01
-3.418599999999999994e+01
-3.761099999999999710e+01
-4.103699999999999903e+01
-3.917900000000000205e+01
-3.313599999999999568e+01
-2.712900000000000134e+01
-2.112300000000000111e+01
-1.889099999999999824e+01
-2.156599999999999895e+01
-2.386300000000000310e+01
-2.691699999999999804e+01
-2.582000000000000028e+01
-1.793099999999999739e+01
-9.664999999999999147e+00
1.618900000000000006e+00
1.520400000000000063e+01
1.818499999999999872e+01
1.776900000000000190e+01
1.508799999999999919e+01
6.746500000000000163e+00
-3.860100000000000087e+00
-1.182599999999999874e+01
-1.454700000000000060e+01
-1.572200000000000131e+01
-1.614199999999999946e+01
-1.392099999999999937e+01
-1.204099999999999859e+01
-1.284099999999999930e+01
-1.401799999999999891e+01
-1.557300000000000040e+01
-1.712900000000000134e+01
-1.377999999999999936e+01
-5.902400000000000091e+00
2.313600000000000101e+00
1.094400000000000084e+01
1.806400000000000006e+01
2.480800000000000338e+01
3.079500000000000171e+01
3.644300000000000495e+01
4.016599999999999682e+01
4.196300000000000097e+01
3.813800000000000523e+01
2.978400000000000247e+01
2.407000000000000028e+01
2.099800000000000111e+01
2.132099999999999795e+01
2.198499999999999943e+01
2.230800000000000338e+01
2.112099999999999866e+01
1.993400000000000105e+01
1.840700000000000003e+01
1.684299999999999997e+01
1.448499999999999943e+01
1.065499999999999936e+01
5.693699999999999761e+00
7.314300000000000246e-01
-4.645800000000000374e+00
-9.231099999999999639e+00
-1.607999999999999829e+01
-2.406099999999999994e+01
-3.132600000000000051e+01
-3.817499999999999716e+01
-4.427100000000000080e+01
-5.074199999999999733e+01
-5.872399999999999665e+01
-6.783700000000000330e+01
-7.695000000000000284e+01
-8.455500000000000682e+01
-8.917799999999999727e+01
-9.262999999999999545e+01
-9.155500000000000682e+01
-8.368399999999999750e+01
-7.509899999999998954e+01
-6.383299999999999841e+01
-4.954800000000000182e+01
-3.454599999999999937e+01
-1.686400000000000077e+01
4.784999999999999809e-01
1.661400000000000077e+01
1.882499999999999929e+01
1.462199999999999989e+01
9.627299999999999969e+00
6.557000000000000384e+00
6.128499999999999837e+00
8.683299999999999130e+00
1.580400000000000027e+01
2.367999999999999972e+01
3.419899999999999807e+01
4.996300000000000097e+01
5.976500000000000057e+01
6.462600000000000477e+01
6.831699999999999307e+01
7.167000000000000171e+01
7.196699999999999875e+01
7.041500000000000625e+01
6.924200000000000443e+01
6.840999999999999659e+01
6.799399999999999977e+01
6.191799999999999926e+01
5.165500000000000114e+01
4.067499999999999716e+01
2.932000000000000028e+01
1.679599999999999937e+01
3.556099999999999817e+00
-4.059499999999999886e+00
-1.008999999999999986e+01
-1.426900000000000013e+01
-1.773099999999999810e+01
-2.002100000000000080e+01
-1.857400000000000162e+01
-2.312599999999999767e+01
-3.069500000000000028e+01
-3.716900000000000404e+01
-3.492399999999999949e+01
-3.045199999999999818e+01
-2.518599999999999994e+01
-2.406900000000000261e+01
-2.298800000000000310e+01
-2.149099999999999966e+01
-1.999299999999999855e+01
-1.664400000000000190e+01
-1.363299999999999912e+01
-1.477200000000000024e+01
-1.553200000000000003e+01
-2.047899999999999920e+01
-2.651999999999999957e+01
-3.180400000000000205e+01
-3.221900000000000119e+01
-3.070699999999999719e+01
-2.960900000000000176e+01
-2.243400000000000105e+01
-1.001200000000000045e+01
3.580600000000000005e+00
2.208099999999999952e+01
4.129899999999999949e+01
5.376500000000000057e+01
5.789199999999999591e+01
5.602100000000000080e+01
5.192399999999999949e+01
4.473399999999999466e+01
3.456499999999999773e+01
2.737800000000000011e+01
2.475900000000000034e+01
2.251900000000000190e+01
2.024200000000000088e+01
1.838100000000000023e+01
2.176800000000000068e+01
2.821199999999999974e+01
3.348799999999999955e+01
3.276400000000000290e+01
2.977800000000000225e+01
2.675600000000000023e+01
2.339499999999999957e+01
1.999800000000000111e+01
1.248900000000000077e+01
3.809899999999999842e+00
-2.565399999999999903e+00
-8.939199999999999591e+00
-1.497200000000000131e+01
-1.942000000000000171e+01
-2.167699999999999960e+01
-2.427400000000000091e+01
-2.649099999999999966e+01
-2.912400000000000233e+01
-2.945300000000000296e+01
-2.755599999999999739e+01
-2.561800000000000210e+01
-2.330400000000000205e+01
-2.102599999999999980e+01
-1.720100000000000051e+01
-1.227999999999999936e+01
-6.188600000000000101e+00
-4.744499999999999829e-01
5.958099999999999952e+00
9.409499999999999531e+00
1.248400000000000176e+01
1.514400000000000013e+01
1.821999999999999886e+01
2.125800000000000267e+01
2.508900000000000219e+01
2.929800000000000182e+01
3.384700000000000131e+01
3.201800000000000068e+01
2.566300000000000026e+01
1.926800000000000068e+01
1.253500000000000014e+01
4.254599999999999937e+00
-1.379900000000000126e+01
-3.223100000000000165e+01
-4.198199999999999932e+01
-4.946999999999999886e+01
-5.280699999999999505e+01
-4.863499999999999801e+01
-4.291499999999999915e+01
-3.643999999999999773e+01
-2.887199999999999989e+01
-2.277499999999999858e+01
-1.969800000000000040e+01
-1.779100000000000037e+01
-2.188400000000000034e+01
-2.673199999999999932e+01
-3.199599999999999866e+01
-2.929800000000000182e+01
-2.169500000000000028e+01
-1.375200000000000067e+01
-5.395199999999999996e+00
5.603100000000000414e+00
1.735599999999999810e+01
2.982400000000000162e+01
4.082099999999999795e+01
4.690999999999999659e+01
4.843299999999999983e+01
4.886100000000000421e+01
4.928899999999999437e+01
4.858299999999999841e+01
4.255600000000000449e+01
3.618800000000000239e+01
2.944199999999999662e+01
1.963799999999999812e+01
6.474999999999999645e+00
-5.178799999999999848e+00
-1.004199999999999982e+01
-1.116900000000000048e+01
-1.112900000000000134e+01
-8.447800000000000864e+00
-4.258200000000000429e+00
-1.616400000000000059e+00
-1.580400000000000027e+00
-1.921200000000000019e+00
-3.774500000000000188e+00
-8.647199999999999775e+00
-1.468999999999999950e+01
-2.145199999999999818e+01
-2.896999999999999886e+01
-3.573300000000000409e+01
-4.023400000000000176e+01
-4.326399999999999579e+01
-4.550399999999999778e+01
-4.774499999999999744e+01
-5.111800000000000210e+01
-5.562600000000000477e+01
-5.753100000000000591e+01
-5.713499999999999801e+01
-5.409899999999999665e+01
-4.502600000000000335e+01
-3.180400000000000205e+01
-1.858299999999999841e+01
-4.985800000000000232e+00
1.045900000000000141e+01
2.594099999999999895e+01
4.104299999999999926e+01
5.689899999999999380e+01
6.671600000000000819e+01
7.426699999999999591e+01
8.215700000000001069e+01
9.159200000000001296e+01
9.385700000000001353e+01
9.495000000000000284e+01
9.532600000000000762e+01
9.343600000000000705e+01
8.210999999999999943e+01
6.701000000000000512e+01
5.190800000000000125e+01
3.756000000000000227e+01
2.094599999999999795e+01
4.708700000000000330e+00
-1.228400000000000070e+01
-2.550499999999999901e+01
-3.344500000000000028e+01
-4.063000000000000256e+01
-4.332600000000000051e+01
-4.372200000000000131e+01
-4.789100000000000534e+01
-5.357100000000000506e+01
-6.038499999999999801e+01
-6.833100000000000307e+01
-7.933599999999999852e+01
-8.879399999999999693e+01
-9.636700000000000443e+01
-1.031899999999999977e+02
-1.050999999999999943e+02
-9.984499999999999886e+01
-9.194899999999999807e+01
-8.405400000000000205e+01
-7.427400000000000091e+01
-6.072100000000000364e+01
-4.678999999999999915e+01
-3.248400000000000176e+01
-1.817699999999999960e+01
-4.627200000000000202e+00
9.337500000000000355e+00
2.137800000000000011e+01
3.190699999999999648e+01
4.205899999999999750e+01
5.070000000000000284e+01
5.854800000000000182e+01
6.228300000000000125e+01
6.224399999999999977e+01
6.107100000000000506e+01
5.952199999999999847e+01
6.099100000000000676e+01
6.585500000000000398e+01
7.034199999999999875e+01
7.898000000000000398e+01
9.256100000000000705e+01
9.667000000000000171e+01
1.004000000000000057e+02
9.922599999999999909e+01
9.197499999999999432e+01
8.250000000000000000e+01
6.698300000000000409e+01
5.109100000000000108e+01
3.561299999999999955e+01
1.783500000000000085e+01
5.512200000000000433e-02
-1.810099999999999909e+01
-3.361599999999999966e+01
-4.762100000000000222e+01
-5.936299999999999955e+01
-6.812199999999999989e+01
-7.265500000000000114e+01
-6.854600000000000648e+01
-6.292800000000000438e+01
-5.655399999999999494e+01
-4.527499999999999858e+01
-3.173099999999999810e+01
-2.456300000000000239e+01
-2.233999999999999986e+01
-2.087000000000000099e+01
-1.789099999999999824e+01
-1.717399999999999949e+01
-1.759099999999999753e+01
-1.838299999999999912e+01
-1.917500000000000071e+01
-1.958800000000000097e+01
-2.000199999999999889e+01
-1.773600000000000065e+01
-1.399599999999999866e+01
-9.879699999999999704e+00
-4.629400000000000404e+00
-2.020199999999999996e+00
9.666299999999998782e-01
1.690700000000000092e+00
-5.885900000000000354e+00
-1.685900000000000176e+01
-2.553000000000000114e+01
-3.121699999999999875e+01
-3.388499999999999801e+01
-3.542000000000000171e+01
-3.352000000000000313e+01
-3.656300000000000239e+01
-3.964300000000000068e+01
-3.589000000000000057e+01
-3.021300000000000097e+01
-2.494999999999999929e+01
-2.157199999999999918e+01
-1.970299999999999940e+01
-1.213400000000000034e+01
-6.488400000000000389e+00
-3.483900000000000219e+00
2.382699999999999818e-01
4.415199999999999569e+00
8.555300000000000793e+00
1.345199999999999996e+01
1.763100000000000023e+01
2.139800000000000324e+01
2.705199999999999960e+01
3.572699999999999676e+01
4.368500000000000227e+01
5.194699999999999562e+01
6.138000000000000256e+01
6.896399999999999864e+01
7.085099999999999909e+01
6.821200000000000330e+01
6.557399999999999807e+01
5.769200000000000017e+01
5.090500000000000114e+01
4.638399999999999324e+01
4.375100000000000477e+01
4.300500000000000256e+01
4.263800000000000523e+01
4.306499999999999773e+01
4.685100000000000620e+01
4.384600000000000364e+01
3.706900000000000261e+01
2.844300000000000139e+01
1.940399999999999991e+01
1.070500000000000007e+01
2.083099999999999952e+00
-6.953100000000000058e+00
-1.523299999999999876e+01
-1.743799999999999883e+01
-1.703599999999999781e+01
-1.210700000000000109e+01
-7.514800000000000146e+00
-7.525999999999999801e+00
-8.630699999999999150e+00
-1.011100000000000065e+01
-1.155400000000000027e+01
-1.341099999999999959e+01
-1.866300000000000026e+01
-2.500800000000000267e+01
-2.950400000000000134e+01
-3.173499999999999943e+01
-3.434199999999999875e+01
-3.242099999999999937e+01
-2.408399999999999963e+01
-1.344299999999999962e+01
-2.840399999999999814e+00
5.498499999999999943e+00
1.236700000000000088e+01
1.957600000000000051e+01
2.225600000000000023e+01
1.852200000000000202e+01
1.478800000000000026e+01
9.923600000000000421e+00
4.681799999999999962e+00
-4.674000000000000377e+00
-1.368900000000000006e+01
-2.232600000000000051e+01
-3.092500000000000071e+01
-3.884599999999999653e+01
-4.748199999999999932e+01
-5.570300000000000296e+01
-5.830199999999999960e+01
-5.674800000000000466e+01
-5.251600000000000534e+01
-4.832199999999999562e+01
-4.374899999999999523e+01
-3.951699999999999591e+01
-3.460499999999999687e+01
-2.965599999999999881e+01
-2.432999999999999829e+01
-2.085199999999999676e+01
-1.892200000000000060e+01
-1.699200000000000088e+01
-1.502400000000000091e+01
-1.347200000000000131e+01
-1.154299999999999926e+01
-9.198299999999999699e+00
-5.043099999999999916e+00
4.432800000000000296e+00
1.541799999999999926e+01
2.681699999999999662e+01
3.855599999999999739e+01
4.916199999999999903e+01
5.754200000000000159e+01
6.512899999999999068e+01
6.705500000000000682e+01
6.675399999999999068e+01
6.490500000000000114e+01
6.377199999999999847e+01
6.229999999999999716e+01
6.086399999999999721e+01
5.976699999999999591e+01
5.715999999999999659e+01
5.304399999999999693e+01
4.858600000000000563e+01
4.446800000000000352e+01
3.544300000000000495e+01
1.623000000000000043e+01
-1.098999999999999977e+00
-1.578700000000000081e+01
-2.519199999999999662e+01
-3.421999999999999886e+01
-4.283399999999999608e+01
-4.960100000000000620e+01
-5.032999999999999829e+01
-5.294699999999999562e+01
-5.665999999999999659e+01
-6.003300000000000125e+01
-6.454000000000000625e+01
-6.984000000000000341e+01
-7.393399999999999750e+01
-7.315999999999999659e+01
-6.748300000000000409e+01
-5.840899999999999892e+01
-4.895899999999999608e+01
-3.834100000000000108e+01
-2.625199999999999889e+01
-6.993500000000000050e+00
8.489599999999999369e+00
1.834900000000000020e+01
2.741499999999999915e+01
3.308400000000000318e+01
3.610999999999999943e+01
3.800300000000000011e+01
3.951699999999999591e+01
3.876599999999999824e+01
3.688300000000000267e+01
3.386500000000000199e+01
2.896000000000000085e+01
2.371400000000000219e+01
1.805199999999999960e+01
1.238900000000000112e+01
8.989000000000000767e+00
7.851399999999999935e+00
7.091099999999999959e+00
6.743999999999999773e+00
7.867799999999999905e+00
1.087800000000000011e+01
1.350799999999999912e+01
1.274200000000000088e+01
1.046599999999999930e+01
8.565200000000000813e+00
5.531699999999999839e+00
3.628899999999999793e+00
3.234300000000000175e+00
2.084499999999999797e+00
1.688600000000000101e+00
9.142700000000000271e-01
1.378699999999999926e-01
-9.779499999999999860e-01
-2.132699999999999818e+00
-3.288800000000000168e+00
-2.181400000000000006e+00
-3.203300000000000036e-01
1.917699999999999960e+00
4.154099999999999682e+00
7.899499999999999744e+00
1.088900000000000112e+01
1.466999999999999993e+01
1.803599999999999781e+01
1.762699999999999889e+01
8.914699999999999847e+00
-1.307099999999999929e+00
-1.266200000000000081e+01
-2.175300000000000011e+01
-2.744900000000000162e+01
-3.163699999999999690e+01
-3.091800000000000281e+01
-2.906900000000000261e+01
-2.684300000000000352e+01
-2.423999999999999844e+01
-2.163800000000000168e+01
-1.790399999999999991e+01
-1.454700000000000060e+01
-1.157000000000000028e+01
-9.346500000000000696e+00
-6.746500000000000163e+00
-5.656799999999999606e+00
-6.453800000000000203e+00
-4.987199999999999633e+00
-3.897600000000000176e+00
-2.054300000000000015e+00
-1.720900000000000096e+00
-1.764699999999999935e+00
-2.563600000000000101e+00
-3.739900000000000002e+00
-5.294200000000000017e+00
-6.470500000000000362e+00
-7.269800000000000040e+00
-7.691900000000000404e+00
-9.622999999999999332e+00
-9.668300000000000338e+00
-7.825599999999999667e+00
-5.605999999999999872e+00
-4.895999999999999908e+00
-1.921699999999999964e+00
7.090900000000000425e+00
1.572599999999999909e+01
2.021000000000000085e+01
2.507300000000000040e+01
2.804899999999999949e+01
2.649599999999999866e+01
2.418900000000000006e+01
2.188300000000000267e+01
1.546299999999999919e+01
3.724000000000000199e+00
-9.147299999999999542e+00
-1.937699999999999889e+01
-2.847400000000000020e+01
-3.606000000000000227e+01
-3.798599999999999710e+01
-3.915599999999999881e+01
-3.919400000000000261e+01
-3.885399999999999920e+01
-3.775800000000000267e+01
-3.783200000000000074e+01
-4.126200000000000045e+01
-4.582500000000000284e+01
-4.887699999999999534e+01
-5.230499999999999972e+01
-5.460300000000000153e+01
-5.236899999999999977e+01
-4.485199999999999676e+01
-3.582399999999999807e+01
-2.641900000000000048e+01
-1.776699999999999946e+01
-9.492300000000000182e+00
-1.970499999999999918e+00
4.004599999999999937e+00
6.245099999999999874e+00
1.376999999999999957e+01
2.582400000000000162e+01
3.863300000000000267e+01
5.110399999999999920e+01
6.618000000000000682e+01
8.389499999999999602e+01
1.008599999999999994e+02
1.114099999999999966e+02
1.196599999999999966e+02
1.204099999999999966e+02
1.188799999999999955e+02
1.158499999999999943e+02
1.097999999999999972e+02
9.923000000000000398e+01
8.789600000000000080e+01
7.543699999999999761e+01
6.369500000000000028e+01
5.199100000000000676e+01
4.330699999999999505e+01
3.198300000000000054e+01
2.103800000000000026e+01
9.753099999999999881e+00
1.073499999999999899e+00
-7.604899999999999771e+00
-1.481099999999999994e+01
-2.197800000000000153e+01
-2.989999999999999858e+01
-3.782000000000000028e+01
-4.536199999999999477e+01
-5.214800000000000324e+01
-5.859399999999999409e+01
-6.462399999999999523e+01
-6.272800000000000153e+01
-5.856800000000000495e+01
-5.365100000000000335e+01
-4.835800000000000409e+01
-4.268500000000000227e+01
-3.738900000000000290e+01
-3.246999999999999886e+01
-2.868300000000000338e+01
-2.225300000000000011e+01
-1.431299999999999883e+01
-5.994900000000000340e+00
7.763800000000000701e-01
6.454500000000000348e+00
1.062299999999999933e+01
1.479199999999999982e+01
1.632099999999999795e+01
1.671699999999999875e+01
1.673700000000000188e+01
1.902100000000000080e+01
1.866499999999999915e+01
1.868499999999999872e+01
1.832999999999999829e+01
2.137000000000000099e+01
2.361800000000000210e+01
2.288599999999999923e+01
2.102199999999999847e+01
1.840299999999999869e+01
1.578500000000000014e+01
1.203500000000000014e+01
4.888300000000000090e+00
-3.390499999999999847e+00
-9.404500000000000526e+00
-1.541799999999999926e+01
-2.260199999999999676e+01
-3.125699999999999790e+01
-3.878099999999999881e+01
-4.441700000000000159e+01
-4.892100000000000648e+01
-5.342499999999999716e+01
-5.570399999999999352e+01
-5.492499999999999716e+01
-5.410899999999999466e+01
-5.446199999999999619e+01
-5.406100000000000705e+01
-5.294300000000000495e+01
-5.254299999999999926e+01
-4.912300000000000466e+01
-3.928900000000000148e+01
-2.794500000000000028e+01
-1.547000000000000064e+01
-5.296000000000000263e+00
4.198000000000000398e+00
1.252200000000000024e+01
2.084600000000000009e+01
2.577300000000000324e+01
2.651099999999999923e+01
2.577699999999999747e+01
2.202400000000000091e+01
1.638400000000000034e+01
9.988500000000000156e+00
6.234300000000000175e+00
3.951799999999999979e+00
3.631099999999999994e+00
4.027000000000000135e+00
4.045099999999999696e+00
5.949799999999999756e+00
8.570899999999999963e+00
1.160700000000000109e+01
1.652899999999999991e+01
2.182900000000000063e+01
2.486400000000000077e+01
2.786100000000000065e+01
2.828999999999999915e+01
2.679599999999999937e+01
2.530099999999999838e+01
1.889900000000000091e+01
1.023299999999999876e+01
3.038899999999999935e+00
-1.476699999999999902e+00
-6.369799999999999685e+00
-7.112899999999999778e+00
-5.592299999999999827e+00
-4.071699999999999875e+00
-1.796799999999999953e+00
1.001999999999999974e-01
1.996899999999999897e+00
3.138399999999999856e+00
3.902099999999999902e+00
5.004999999999999893e+00
7.277499999999999858e+00
8.794800000000000395e+00
9.934200000000000585e+00
1.069599999999999973e+01
9.231099999999999639e+00
7.312800000000000189e+00
5.809400000000000119e+00
4.305399999999999672e+00
3.933399999999999785e+00
5.070199999999999818e+00
8.093600000000000350e+00
1.107900000000000063e+01
1.447900000000000098e+01
1.825600000000000023e+01
2.014499999999999957e+01
1.414900000000000091e+01
6.226799999999999891e+00
-2.488100000000000200e+00
-1.191999999999999993e+01
-2.248400000000000176e+01
-3.304999999999999716e+01
-3.870900000000000318e+01
-4.059499999999999886e+01
-4.210399999999999920e+01
-4.100999999999999801e+01
-3.610300000000000153e+01
-2.931099999999999994e+01
-2.059499999999999886e+01
-1.040700000000000003e+01
-5.968100000000000627e-01
8.081699999999999662e+00
1.634400000000000119e+01
2.313599999999999923e+01
2.087000000000000099e+01
1.483000000000000007e+01
8.035399999999999210e+00
1.617699999999999916e+00
-4.044599999999999973e+00
-1.008500000000000085e+01
-1.461599999999999966e+01
-1.650600000000000023e+01
-1.349000000000000021e+01
-8.587799999999999656e+00
-2.552700000000000191e+00
7.632900000000000240e+00
1.404400000000000048e+01
1.777700000000000102e+01
1.852799999999999869e+01
1.437400000000000055e+01
9.841499999999999915e+00
4.215099999999999625e+00
1.946700000000000097e+00
3.075200000000000156e+00
6.467900000000000205e+00
9.822400000000000020e+00
1.359200000000000053e+01
1.660699999999999932e+01
2.000000000000000000e+01
2.301399999999999935e+01
2.602899999999999991e+01
2.904500000000000171e+01
3.205899999999999750e+01
2.865900000000000247e+01
1.963599999999999923e+01
1.016000000000000014e+01
-3.180299999999999794e-02
-1.286599999999999966e+01
-2.683199999999999719e+01
-3.589199999999999591e+01
-4.344399999999999551e+01
-4.986199999999999477e+01
-5.514899999999999380e+01
-6.005799999999999983e+01
-5.892899999999999494e+01
-5.519699999999999562e+01
-5.142699999999999960e+01
-4.727899999999999636e+01
-4.011299999999999955e+01
-3.256900000000000261e+01
-2.464800000000000324e+01
-1.631099999999999994e+01
-8.766799999999999926e+00
-1.599499999999999922e+00
6.322199999999999598e+00
1.386599999999999966e+01
2.103400000000000247e+01
2.857800000000000296e+01
3.612300000000000466e+01
4.177899999999999636e+01
4.592899999999999494e+01
4.970000000000000284e+01
5.494200000000000017e+01
5.758200000000000074e+01
5.871199999999999619e+01
5.870899999999999608e+01
6.097100000000000364e+01
6.549600000000000932e+01
7.232500000000000284e+01
7.383100000000000307e+01
7.194199999999999307e+01
6.703399999999999181e+01
5.797500000000000142e+01
4.778499999999999659e+01
3.721600000000000108e+01
2.664699999999999847e+01
1.607900000000000063e+01
9.284200000000000230e+00
7.394899999999999807e+00
6.222999999999999865e+00
5.465700000000000003e+00
4.708300000000000374e+00
9.319799999999999196e-01
-6.995400000000000063e+00
-1.530000000000000071e+01
-2.435800000000000054e+01
-2.813599999999999923e+01
-3.342199999999999704e+01
-4.059400000000000119e+01
-4.852199999999999847e+01
-5.418600000000000705e+01
-5.720799999999999841e+01
-5.872100000000000364e+01
-5.947899999999999920e+01
-6.023699999999999477e+01
-6.020300000000000296e+01
-5.718899999999999295e+01
-5.190899999999999892e+01
-4.587500000000000000e+01
-3.946399999999999864e+01
-3.078900000000000148e+01
-2.173699999999999832e+01
-1.645899999999999963e+01
-1.193400000000000105e+01
-8.542899999999999494e+00
-8.170500000000000540e+00
-8.175300000000000011e+00
-8.180400000000000560e+00
-8.185499999999999332e+00
-6.304000000000000270e+00
-2.913100000000000023e+00
-1.786399999999999988e+00
-1.037300000000000111e+00
-2.881500000000000172e-01
4.608899999999999664e-01
8.322599999999999998e-01
7.176499999999999546e-02
6.582699999999999663e-02
-3.175600000000000089e-01
8.085299999999999709e-01
1.179699999999999971e+00
7.962799999999999878e-01
4.127399999999999403e-01
4.066599999999999659e-01
1.532499999999999973e+00
2.281000000000000139e+00
4.161500000000000199e+00
7.174199999999999910e+00
1.207400000000000162e+01
1.470900000000000141e+01
1.621300000000000097e+01
1.696099999999999852e+01
1.808800000000000097e+01
2.110099999999999909e+01
2.524599999999999866e+01
2.863699999999999690e+01
3.202799999999999869e+01
3.466400000000000148e+01
3.579099999999999682e+01
3.691799999999999926e+01
3.578099999999999881e+01
3.049300000000000210e+01
2.445100000000000051e+01
1.689900000000000091e+01
8.971000000000000085e+00
1.042999999999999927e+00
-7.262699999999999712e+00
-1.330400000000000027e+01
-1.896699999999999875e+01
-2.462999999999999901e+01
-2.614199999999999946e+01
-2.387999999999999901e+01
-2.199399999999999977e+01
-2.199500000000000099e+01
-2.312800000000000011e+01
-2.388300000000000267e+01
-2.350600000000000023e+01
-2.275099999999999767e+01
-2.010800000000000054e+01
-1.595599999999999952e+01
-1.142599999999999838e+01
-7.989399999999999835e+00
-4.967800000000000438e+00
-1.945899999999999963e+00
1.077599999999999891e+00
4.101200000000000401e+00
5.615099999999999980e+00
7.130499999999999616e+00
7.891300000000000203e+00
9.029799999999999827e+00
7.527899999999999814e+00
4.139400000000000190e+00
-2.816200000000000040e-03
-4.144300000000000317e+00
-7.907799999999999940e+00
-1.129400000000000048e+01
-1.392400000000000126e+01
-1.655300000000000082e+01
-1.842699999999999960e+01
-2.067800000000000082e+01
-2.292800000000000082e+01
-2.480000000000000071e+01
-2.251999999999999957e+01
-1.759799999999999898e+01
-1.305199999999999960e+01
-1.001600000000000001e+01
-7.732700000000000351e+00
-5.826399999999999579e+00
-3.919399999999999995e+00
-2.011600000000000055e+00
-4.803300000000000347e-01
-4.200100000000000500e-01
-5.655800000000000410e-02
-1.542200000000000015e+00
-3.403999999999999915e+00
-4.510600000000000165e+00
-5.993400000000000283e+00
-7.098600000000000243e+00
-7.070299999999999585e+00
-4.399600000000000399e+00
-1.351299999999999946e+00
1.320200000000000040e+00
3.992799999999999905e+00
6.665899999999999714e+00
9.340400000000000702e+00
1.125999999999999979e+01
1.242599999999999838e+01
1.359299999999999997e+01
1.702499999999999858e+01
2.272100000000000009e+01
2.879500000000000171e+01
3.449300000000000210e+01
4.170000000000000284e+01
4.928499999999999659e+01
5.422999999999999687e+01
5.691100000000000136e+01
5.963000000000000256e+01
6.231199999999999761e+01
6.046600000000000108e+01
5.597899999999999920e+01
5.073799999999999955e+01
4.398600000000000421e+01
3.685900000000000176e+01
3.007099999999999795e+01
2.294400000000000261e+01
1.657099999999999795e+01
9.444800000000000750e+00
3.073100000000000165e+00
-2.544200000000000017e+00
-8.915900000000000603e+00
-1.415599999999999881e+01
-2.052800000000000225e+01
-2.803199999999999648e+01
-3.440299999999999869e+01
-3.813499999999999801e+01
-4.186500000000000199e+01
-4.446399999999999864e+01
-4.404399999999999693e+01
-4.362600000000000477e+01
-4.245199999999999818e+01
-4.127899999999999636e+01
-4.048300000000000409e+01
-3.893500000000000227e+01
-3.776400000000000290e+01
-3.697099999999999653e+01
-3.806499999999999773e+01
-3.915999999999999659e+01
-3.987899999999999778e+01
-3.837300000000000466e+01
-3.494300000000000495e+01
-3.072100000000000009e+01
-2.653800000000000026e+01
-2.198000000000000043e+01
-1.742299999999999827e+01
-1.249000000000000021e+01
-7.180600000000000094e+00
-2.250000000000000000e+00
1.924800000000000066e+00
5.342200000000000060e+00
9.134399999999999409e+00
1.217200000000000060e+01
1.596099999999999852e+01
1.861700000000000088e+01
2.164699999999999847e+01
2.467599999999999838e+01
2.883500000000000085e+01
3.450000000000000000e+01
3.978699999999999903e+01
4.393699999999999761e+01
4.808699999999999619e+01
5.147699999999999676e+01
5.449000000000000199e+01
5.368600000000000705e+01
4.914399999999999835e+01
4.384499999999999886e+01
3.854200000000000159e+01
3.248199999999999932e+01
2.641900000000000048e+01
2.110599999999999810e+01
1.730000000000000071e+01
1.575400000000000134e+01
1.458200000000000074e+01
1.378299999999999947e+01
1.298099999999999987e+01
1.066599999999999859e+01
6.458800000000000097e+00
2.248000000000000220e+00
-1.967000000000000082e+00
-6.903400000000000425e+00
-1.263700000000000045e+01
-1.837400000000000233e+01
-2.071999999999999886e+01
-2.231699999999999662e+01
-2.357800000000000296e+01
-2.367500000000000071e+01
-2.189000000000000057e+01
-1.860000000000000142e+01
-1.531599999999999895e+01
-1.203800000000000026e+01
-8.765000000000000568e+00
-5.120099999999999874e+00
-2.613100000000000200e+00
-2.753400000000000070e+00
-5.164100000000000357e+00
-9.467000000000000526e+00
-1.453099999999999881e+01
-1.960099999999999909e+01
-2.467900000000000205e+01
-3.013899999999999935e+01
-3.409700000000000131e+01
-3.390999999999999659e+01
-3.146599999999999753e+01
-2.676500000000000057e+01
-2.169300000000000139e+01
-1.662800000000000011e+01
-1.157099999999999973e+01
-7.653999999999999915e+00
-6.422900000000000276e+00
-1.006700000000000017e+01
-1.485200000000000031e+01
-1.964400000000000190e+01
-2.331099999999999994e+01
-2.623199999999999932e+01
-2.501000000000000156e+01
-2.379699999999999704e+01
-2.032799999999999940e+01
-1.573499999999999943e+01
-8.886100000000000776e+00
2.175800000000000234e-01
7.803200000000000358e+00
1.424799999999999933e+01
2.030700000000000216e+01
2.371499999999999986e+01
2.598099999999999810e+01
2.823900000000000077e+01
2.935399999999999920e+01
2.895100000000000051e+01
2.589600000000000080e+01
2.169999999999999929e+01
1.787099999999999866e+01
1.365499999999999936e+01
9.428900000000000503e+00
1.009799999999999898e+01
1.724699999999999989e+01
