6.398599999999999843e-01
4.721000000000000196e-01
8.785100000000000131e-01
3.285400000000000098e+00
9.013799999999999812e+00
1.993700000000000117e+01
2.742099999999999937e+01
1.704299999999999926e+01
1.657799999999999940e+00
-1.758099999999999952e+01
-2.556500000000000128e+01
-1.960000000000000142e+01
-1.339499999999999957e+01
-6.992700000000000138e+00
-3.022899999999999920e+00
-1.260500000000000043e+01
-2.109499999999999886e+01
-1.097799999999999976e+01
3.544000000000000039e+00
1.203400000000000070e+01
7.482599999999999696e+00
3.166700000000000070e+00
1.961299999999999955e+01
4.174800000000000466e+01
3.394200000000000017e+01
-1.148599999999999888e+01
-2.699099999999999966e+01
-1.018399999999999928e+01
1.121099999999999852e+01
-2.615400000000000363e-02
-1.713899999999999935e+01
-2.563600000000000101e+00
2.754500000000000171e+01
4.010099999999999909e+01
1.894800000000000040e+01
-6.510699999999999932e+00
-2.255499999999999972e+01
-1.983500000000000085e+01
-2.101000000000000156e+01
-4.147100000000000364e+01
-6.912300000000000466e+01
-4.974600000000000222e+01
-1.889300000000000068e+01
1.577500000000000036e+01
1.952299999999999969e+01
4.193699999999999761e+00
5.012699999999999712e+00
2.052499999999999858e+01
1.866600000000000037e+01
7.938900000000000290e+00
4.012100000000000222e+00
8.501599999999999824e+00
7.330599999999999561e+00
6.906699999999999839e+00
-7.051800000000000068e+00
-1.153400000000000070e+01
1.932500000000000107e+00
2.584699999999999775e+01
3.089800000000000324e+01
1.906599999999999895e+01
1.484999999999999964e+01
2.269800000000000040e+01
2.166400000000000148e+01
-1.568400000000000105e+01
-5.729600000000000648e+01
-5.809899999999999665e+01
-3.521199999999999619e+01
-1.441699999999999982e+01
-1.696199999999999974e+01
-1.636299999999999955e+01
1.872400000000000064e+00
1.338299999999999912e+01
7.080099999999999838e+00
2.098399999999999821e+00
1.770700000000000074e+01
4.467800000000000438e+01
3.186599999999999966e+01
8.351700000000000790e-01
-1.991499999999999915e+01
-2.685699999999999932e+01
-2.478500000000000014e+01
-1.325799999999999912e+01
-4.543099999999999916e+00
2.130500000000000060e+00
3.171400000000000219e+00
4.764499999999999957e+00
-3.258999999999999897e+00
-8.534899999999999709e-01
1.335900000000000176e+01
3.172699999999999676e+01
2.816800000000000281e+01
1.056400000000000006e+01
-1.345900000000000141e+01
-3.978699999999999903e+01
-2.396800000000000352e+01
6.626999999999999780e+00
1.824599999999999866e+01
1.057499999999999929e+01
-1.741400000000000148e+01
-2.120499999999999829e+01
-1.717299999999999827e+01
-7.195899999999999963e+00
-1.294500000000000028e+01
-1.214900000000000091e+01
1.274200000000000088e+01
2.356199999999999761e+01
1.770700000000000074e+01
-4.959900000000000198e+00
-2.748099999999999810e+01
-2.670699999999999719e+01
-7.868699999999999584e+00
1.076200000000000045e+01
2.567300000000000182e+01
3.374300000000000210e+01
3.979800000000000182e+01
2.623999999999999844e+01
1.239799999999999969e+01
1.126400000000000112e+01
1.642800000000000082e+01
2.163199999999999790e+01
1.970400000000000063e+01
-1.003700000000000009e-01
-1.490200000000000102e+01
-1.319800000000000040e+01
-8.363400000000000389e+00
-8.296799999999999287e+00
-2.046900000000000119e+01
-1.696799999999999997e+01
-6.035400000000000098e+00
4.577800000000000202e-01
-6.590099999999999847e-01
1.187299999999999933e+01
3.259300000000000352e+01
2.708399999999999963e+01
-5.464500000000000135e+00
-1.587500000000000000e+01
-1.856400000000000006e+01
-2.533300000000000196e+01
-3.456900000000000261e+01
-9.422900000000000276e+00
2.184400000000000119e+01
5.179399999999999693e+01
3.541300000000000381e+01
2.772500000000000142e+01
3.303900000000000148e+01
3.650999999999999801e+01
8.441599999999999326e+00
-1.991099999999999781e+01
-4.462600000000000477e+01
-4.207100000000000506e+01
-2.710500000000000043e+01
-1.716400000000000148e+01
-2.541099999999999781e+01
-1.161400000000000077e+01
1.222499999999999964e+01
2.528300000000000125e+01
3.606199999999999761e+01
3.703300000000000125e+01
3.830199999999999960e+01
3.789600000000000080e+01
3.410999999999999943e+01
9.948999999999999844e+00
-1.602200000000000202e+01
-1.313199999999999967e+01
-7.337299999999999933e+00
-2.739700000000000024e+00
-4.674599999999999866e+00
-6.665899999999999714e+00
-1.304099999999999859e+01
-2.122500000000000142e+01
-2.697100000000000009e+01
-2.542399999999999949e+01
-1.967699999999999960e+01
-5.907199999999999562e+00
1.356999999999999984e+00
6.915499999999999758e+00
7.019800000000000040e+00
6.519499999999999851e+00
7.783400000000000318e+00
1.726800000000000068e+01
2.841499999999999915e+01
3.881700000000000017e+01
2.882000000000000028e+01
1.994599999999999795e+01
9.516299999999999315e+00
-3.210100000000000176e-01
-4.268799999999999706e+00
-9.295299999999999230e+00
-1.888799999999999812e+01
-2.461699999999999733e+01
-1.677100000000000080e+01
-2.531700000000000061e-01
1.837099999999999866e+01
3.278399999999999892e+01
2.791099999999999781e+01
1.015299999999999869e+01
-1.497900000000000098e+01
-3.345000000000000284e+01
-3.797400000000000375e+01
-2.948000000000000043e+01
-1.648300000000000054e+01
-3.491000000000000103e+00
8.631299999999999528e+00
1.956400000000000006e+01
9.118199999999999861e+00
-2.842499999999999805e+00
-1.381099999999999994e+01
-3.296500000000000341e+01
-4.992899999999999494e+01
-4.693600000000000705e+01
-3.042099999999999937e+01
-1.575599999999999845e+01
-4.448999999999999844e+00
7.816600000000000215e+00
1.788200000000000145e+01
2.962099999999999866e+01
3.191099999999999781e+01
2.567900000000000205e+01
-6.670099999999999696e+00
-2.932400000000000162e+01
-4.299499999999999744e+01
-3.848400000000000176e+01
-2.621499999999999986e+01
-1.183099999999999952e+01
1.541300000000000026e+01
3.755199999999999960e+01
3.782600000000000051e+01
2.453699999999999903e+01
2.380799999999999805e+00
-9.628899999999999793e+00
-1.536700000000000088e+01
-1.941499999999999915e+01
-4.483800000000000097e+01
-3.904800000000000182e+01
-2.307000000000000028e+01
-2.250199999999999889e+01
-1.910299999999999798e+01
-1.901500000000000057e+01
-4.732000000000000206e+00
5.997999999999999687e+01
5.497500000000000142e+01
3.977199999999999847e+01
2.098499999999999943e+01
-8.414500000000000313e-01
-1.804100000000000037e+01
-2.134099999999999753e+01
-1.209999999999999964e+01
3.880599999999999827e+00
2.111499999999999844e+01
4.203600000000000136e+01
2.021300000000000097e+01
-7.831199999999999939e+00
-3.171900000000000119e+01
-4.677499999999999858e+01
-4.352600000000000335e+01
-3.634000000000000341e+01
-3.585900000000000176e+01
-2.315699999999999648e+01
5.362700000000000244e+00
1.422200000000000131e+01
1.219800000000000040e+01
1.450599999999999845e+01
2.871599999999999753e+01
1.874699999999999989e+01
2.072900000000000187e+00
-1.884799999999999898e+01
-4.497399999999999665e+01
-2.171800000000000352e+01
2.094500000000000028e+01
5.575800000000000267e+01
5.617600000000000193e+01
3.619500000000000028e+01
3.206199999999999761e+01
1.948300000000000054e+01
-6.445199999999999818e+00
-3.427799999999999869e+01
-6.118699999999999761e+01
-8.613200000000000500e+01
-1.134899999999999949e+02
-1.379099999999999966e+02
-1.282599999999999909e+02
-9.419599999999999795e+01
-5.470600000000000307e+01
-4.379800000000000360e+00
5.491700000000000159e+01
9.726700000000001012e+01
1.209200000000000017e+02
1.319600000000000080e+02
1.504699999999999989e+02
1.700699999999999932e+02
1.490800000000000125e+02
1.098900000000000006e+02
6.658899999999999864e+01
2.035299999999999798e+01
-1.924200000000000088e+01
-5.492100000000000648e+01
-9.205299999999999727e+01
-1.267099999999999937e+02
-1.431599999999999966e+02
-1.656100000000000136e+02
-1.884300000000000068e+02
-1.719199999999999875e+02
-1.187900000000000063e+02
-3.956300000000000239e+01
4.209100000000000108e+01
7.531300000000000239e+01
1.064899999999999949e+02
1.158100000000000023e+02
9.044299999999999784e+01
4.747600000000000620e+01
3.522699999999999676e+01
5.939500000000000313e+01
1.042099999999999937e+02
1.513300000000000125e+02
1.160499999999999972e+02
7.153600000000000136e+01
3.692099999999999937e+01
7.636700000000000266e+00
2.795100000000000140e+00
7.517199999999999882e+00
-1.384500000000000064e+00
-5.417300000000000004e+00
-7.175699999999999967e+00
-1.269299999999999962e+01
-3.664900000000000091e+01
-8.880899999999999750e+01
-1.213499999999999943e+02
-1.187900000000000063e+02
-1.156200000000000045e+02
-9.404700000000001125e+01
-7.013700000000000045e+01
-4.993699999999999761e+01
-3.239500000000000313e+01
-1.610900000000000176e+01
-1.701500000000000012e+00
1.466999999999999993e+01
2.994999999999999929e+01
4.472699999999999676e+01
4.739800000000000324e+01
7.674200000000000443e+01
1.148599999999999994e+02
1.037399999999999949e+02
9.301999999999999602e+01
8.630100000000000193e+01
1.094300000000000068e+02
1.312100000000000080e+02
1.546500000000000057e+02
1.601999999999999886e+02
1.810000000000000000e+02
1.801899999999999977e+02
1.447199999999999989e+02
1.319600000000000080e+02
8.943099999999999739e+01
4.306300000000000239e+01
5.551000000000000378e-01
-5.365800000000000125e+01
-8.823799999999999955e+01
-1.430399999999999920e+02
-2.140600000000000023e+02
-2.664700000000000273e+02
-3.125000000000000000e+02
-3.150400000000000205e+02
-2.741100000000000136e+02
-1.801500000000000057e+02
-2.319300000000000139e+01
7.601300000000000523e+01
1.223900000000000006e+02
1.632700000000000102e+02
1.917899999999999920e+02
2.084699999999999989e+02
2.094000000000000057e+02
1.578400000000000034e+02
4.694800000000000040e+01
-8.938799999999999102e+01
-2.124399999999999977e+02
-3.140899999999999750e+02
-3.607900000000000205e+02
-2.952599999999999909e+02
-2.254900000000000091e+02
-1.462500000000000000e+02
-6.476999999999999602e+01
-1.663500000000000156e+01
-4.898799999999999599e+00
4.795300000000000296e+01
1.179200000000000017e+02
1.783899999999999864e+02
2.001500000000000057e+02
1.938499999999999943e+02
1.749199999999999875e+02
1.538799999999999955e+02
9.046600000000000819e+01
-2.589600000000000080e+01
-1.568100000000000023e+02
-2.550300000000000011e+02
-2.830600000000000023e+02
-2.354900000000000091e+02
-1.580500000000000114e+02
-3.385600000000000165e+01
7.664499999999999602e+01
1.444199999999999875e+02
1.909399999999999977e+02
2.365800000000000125e+02
2.671800000000000068e+02
3.026600000000000250e+02
3.340299999999999727e+02
3.623100000000000023e+02
3.558899999999999864e+02
3.240699999999999932e+02
2.680400000000000205e+02
1.995000000000000000e+02
1.252199999999999989e+02
3.928399999999999892e+01
-3.118099999999999739e+01
-7.353100000000000591e+01
-1.145400000000000063e+02
-1.520000000000000000e+02
-2.050399999999999920e+02
-2.485999999999999943e+02
-2.866700000000000159e+02
-3.074399999999999977e+02
-2.698399999999999750e+02
-2.221599999999999966e+02
-1.928300000000000125e+02
-2.141800000000000068e+02
-2.564399999999999977e+02
-2.988399999999999750e+02
-3.154300000000000068e+02
-2.322199999999999989e+02
-1.091700000000000017e+02
8.166399999999999437e+00
9.803299999999998704e+01
2.130200000000000102e+02
3.018500000000000227e+02
3.467400000000000091e+02
3.264900000000000091e+02
2.828700000000000045e+02
2.054300000000000068e+02
1.112999999999999972e+02
1.686400000000000077e+01
-2.752100000000000080e+01
-8.644599999999999795e+01
-1.206800000000000068e+02
-1.133900000000000006e+02
-1.015900000000000034e+02
-1.195600000000000023e+02
-1.442400000000000091e+02
-1.587199999999999989e+02
-1.488100000000000023e+02
-5.885499999999999687e+01
4.460800000000000409e+01
1.169800000000000040e+02
1.365099999999999909e+02
1.597100000000000080e+02
9.729700000000001125e+01
3.241800000000000015e+00
-7.457899999999999352e+01
-1.498000000000000114e+02
-2.012299999999999898e+02
-2.169399999999999977e+02
-1.700699999999999932e+02
-8.442299999999998761e+01
-3.841699999999999893e+00
2.985500000000000043e+01
3.610699999999999932e+01
4.478800000000000381e+01
4.475300000000000011e+01
2.739300000000000068e+01
-2.967699999999999960e+01
-3.939999999999999858e+01
-2.354899999999999949e+01
2.298000000000000043e+00
4.400500000000000256e+01
8.833400000000000318e+01
1.489300000000000068e+02
7.151300000000000523e+01
-4.261600000000000676e+01
-1.095999999999999943e+02
-1.521800000000000068e+02
-1.840800000000000125e+02
-1.724300000000000068e+02
-1.613000000000000114e+02
-1.446899999999999977e+02
-1.187199999999999989e+02
-3.079599999999999937e+01
6.989399999999999125e+01
1.381100000000000136e+02
1.831299999999999955e+02
2.084099999999999966e+02
1.595200000000000102e+02
8.264200000000001012e+01
2.316000000000000014e+01
-4.531199999999999761e+01
-4.831700000000000017e+01
1.391400000000000148e+01
7.867699999999999250e+01
1.779199999999999875e+02
2.626200000000000045e+02
3.212099999999999795e+02
3.441499999999999773e+02
2.896100000000000136e+02
2.414499999999999886e+02
1.093299999999999983e+02
-6.026500000000000057e+01
-1.856899999999999977e+02
-2.242800000000000011e+02
-2.275999999999999943e+02
-2.041899999999999977e+02
-1.465399999999999920e+02
-1.244000000000000057e+02
-1.056400000000000006e+02
-1.379099999999999966e+02
-1.648100000000000023e+02
-1.811500000000000057e+02
-1.535300000000000011e+02
-1.055600000000000023e+02
-4.099600000000000222e+01
2.860199999999999676e+01
6.900799999999999557e+01
9.780599999999999739e+01
1.117999999999999972e+02
9.907700000000001239e+01
8.200299999999998590e+01
6.590899999999999181e+01
3.246300000000000097e+01
1.258499999999999952e+00
-3.556900000000000173e+00
2.001699999999999946e+01
4.473899999999999721e+01
7.020900000000000318e+01
9.110999999999999943e+01
1.056299999999999955e+02
9.312600000000000477e+01
9.329399999999999693e+01
7.182099999999999795e+01
4.479200000000000159e+01
-1.451700000000000124e+01
-8.263299999999999557e+01
-1.217000000000000028e+02
-1.361899999999999977e+02
-1.441699999999999875e+02
-1.498700000000000045e+02
-1.225100000000000051e+02
-9.178299999999998704e+01
-7.024500000000000455e+01
-3.773300000000000409e+01
3.068799999999999972e+00
5.544699999999999562e+01
9.803700000000000614e+01
1.249800000000000040e+02
1.501800000000000068e+02
1.904199999999999875e+02
2.233000000000000114e+02
2.598299999999999841e+02
2.525699999999999932e+02
1.904600000000000080e+02
9.989600000000000080e+01
7.551600000000000534e+01
6.737600000000000477e+01
6.402100000000000080e+01
3.497400000000000375e+01
-4.460300000000000153e+01
-1.082999999999999972e+02
-1.646200000000000045e+02
-1.717100000000000080e+02
-1.570699999999999932e+02
-1.440300000000000011e+02
-1.308300000000000125e+02
-1.012800000000000011e+02
-7.329200000000000159e+01
-4.986899999999999977e+01
-4.091300000000000381e+01
-1.958900000000000219e+01
4.929800000000000182e+01
9.732700000000001239e+01
1.388300000000000125e+02
1.740600000000000023e+02
1.596800000000000068e+02
1.259800000000000040e+02
5.567899999999999494e+01
-5.343600000000000350e+00
-3.855400000000000205e+01
-5.616300000000000381e+01
-3.204299999999999926e+01
-1.980999999999999872e+01
-6.146300000000000097e+00
-2.768699999999999761e+01
-8.750200000000000955e+01
-1.483100000000000023e+02
-1.968100000000000023e+02
-1.980999999999999943e+02
-1.546999999999999886e+02
-9.991200000000000614e+01
-3.520799999999999841e+01
3.931900000000000261e+01
9.304000000000000625e+01
1.147600000000000051e+02
8.694200000000000728e+01
6.165699999999999648e+01
3.666499999999999915e+01
2.003200000000000003e+01
1.379499999999999993e+01
1.141999999999999993e+01
1.292500000000000071e+01
2.700000000000000000e+01
3.271199999999999619e+01
3.280300000000000438e+01
3.444899999999999807e+01
5.308200000000000074e+01
8.628299999999998704e+01
1.239500000000000028e+02
1.385500000000000114e+02
1.215799999999999983e+02
8.467600000000000193e+01
3.717999999999999972e+01
3.153799999999999937e+00
-2.460599999999999898e+00
-2.196999999999999886e+01
-5.517199999999999704e+01
-9.847200000000000841e+01
-1.298300000000000125e+02
-1.263799999999999955e+02
-1.165000000000000000e+02
-1.047199999999999989e+02
-1.056800000000000068e+02
-1.091200000000000045e+02
-1.061500000000000057e+02
-9.668000000000000682e+01
-9.031999999999999318e+01
-9.368299999999999272e+01
-1.080600000000000023e+02
-1.160900000000000034e+02
-1.027800000000000011e+02
-7.315899999999999181e+01
-2.986800000000000210e+01
2.207999999999999829e+01
6.198799999999999955e+01
8.320999999999999375e+01
7.824299999999999500e+01
8.666400000000000148e+01
7.779600000000000648e+01
4.973600000000000421e+01
3.828999999999999915e+01
3.903900000000000148e+01
3.150900000000000034e+01
1.603900000000000148e+01
9.701800000000000423e+00
-3.625600000000000023e+01
-8.208200000000000784e+01
-1.138400000000000034e+02
-1.471999999999999886e+02
-1.847199999999999989e+02
-1.823300000000000125e+02
-1.430000000000000000e+02
-9.804700000000001125e+01
-4.234399999999999409e+01
1.238199999999999967e+01
5.117300000000000182e+01
8.026399999999999579e+01
1.156899999999999977e+02
1.650600000000000023e+02
1.816800000000000068e+02
1.740200000000000102e+02
1.520000000000000000e+02
1.168400000000000034e+02
8.664200000000001012e+01
5.383100000000000307e+01
2.515500000000000114e+01
3.196499999999999897e+00
-1.808200000000000074e+01
-3.308099999999999596e+01
-4.424600000000000222e+01
-4.657300000000000040e+01
-4.300000000000000000e+01
-4.601300000000000523e+01
-4.806000000000000227e+01
-5.132999999999999829e+01
-4.878699999999999903e+01
-3.631600000000000250e+01
-7.676400000000000112e+00
1.052999999999999936e+01
4.117199999999999704e+01
7.161299999999999955e+01
6.391799999999999926e+01
3.225800000000000267e+01
-1.110099999999999909e+01
-6.319399999999999551e+01
-8.585700000000001353e+01
-8.981799999999999784e+01
-6.898199999999999932e+01
-2.162199999999999989e+01
2.555800000000000338e+01
7.044899999999999807e+01
9.390799999999998704e+01
1.046400000000000006e+02
7.191500000000000625e+01
3.318299999999999983e+01
4.900199999999999889e+00
-1.086299999999999955e+01
-1.528599999999999959e+01
-7.233699999999999797e+00
1.988299999999999912e+01
4.119100000000000250e+01
5.815600000000000591e+01
7.830899999999999750e+01
1.001200000000000045e+02
1.207000000000000028e+02
1.365000000000000000e+02
1.184399999999999977e+02
7.878900000000000148e+01
8.309900000000000730e+00
-6.732200000000000273e+01
-1.608700000000000045e+02
-2.372599999999999909e+02
-2.681000000000000227e+02
-2.762900000000000205e+02
-2.343100000000000023e+02
-1.667199999999999989e+02
-6.179899999999999949e+01
1.886200000000000188e+01
8.887100000000000932e+01
1.323300000000000125e+02
1.525900000000000034e+02
1.432100000000000080e+02
1.298000000000000114e+02
1.166400000000000006e+02
1.035400000000000063e+02
9.406799999999999784e+01
8.880299999999999727e+01
6.615999999999999659e+01
4.424699999999999989e+01
1.971599999999999753e+01
-5.049500000000000099e+00
-3.292199999999999704e+01
-2.857900000000000063e+01
-7.024399999999999977e+00
1.398599999999999888e+01
2.957699999999999818e+01
3.360399999999999920e+01
3.974099999999999966e+01
4.531199999999999761e+01
4.244500000000000028e+01
1.979899999999999949e+01
-1.576400000000000112e+01
-2.556300000000000239e+01
-5.337399999999999523e+01
-7.016500000000000625e+01
-9.144200000000000728e+01
-1.119599999999999937e+02
-1.344699999999999989e+02
-1.516699999999999875e+02
-1.650999999999999943e+02
-1.520800000000000125e+02
-1.352599999999999909e+02
-8.415700000000001069e+01
-3.081900000000000261e+01
1.735200000000000076e+00
4.131000000000000227e+01
7.006799999999999784e+01
9.599200000000000443e+01
1.138799999999999955e+02
1.285500000000000114e+02
1.371500000000000057e+02
1.408300000000000125e+02
1.268599999999999994e+02
9.556100000000000705e+01
6.893099999999999739e+01
5.266399999999999437e+01
4.541499999999999915e+01
3.886500000000000199e+01
1.416799999999999926e+01
-1.711899999999999977e+01
-3.926899999999999835e+01
-4.576699999999999591e+01
-4.443800000000000239e+01
-4.130600000000000449e+01
-3.981400000000000006e+01
-3.941799999999999926e+01
-4.512300000000000466e+01
-6.822199999999999420e+01
-9.692299999999998761e+01
-1.223700000000000045e+02
-1.342800000000000011e+02
-1.483100000000000023e+02
-1.692199999999999989e+02
-1.468000000000000114e+02
-1.002699999999999960e+02
-4.394200000000000017e+01
1.447099999999999831e+01
6.867699999999999250e+01
1.062199999999999989e+02
1.209200000000000017e+02
1.190199999999999960e+02
1.170300000000000011e+02
9.051000000000000512e+01
6.793699999999999761e+01
5.790899999999999892e+01
5.522100000000000364e+01
4.246999999999999886e+01
4.076800000000000068e+01
4.827300000000000324e+01
4.734600000000000364e+01
3.840200000000000102e+01
2.086599999999999966e+01
-1.053600000000000092e+00
-1.356400000000000006e+01
-2.022500000000000142e+01
-2.571400000000000219e+01
-3.436899999999999977e+01
-4.513100000000000023e+01
-5.797800000000000153e+01
-6.057300000000000040e+01
-5.983100000000000307e+01
-3.530599999999999739e+01
4.546800000000000175e+00
3.970799999999999841e+01
7.429800000000000182e+01
9.686899999999999977e+01
1.143799999999999955e+02
1.043599999999999994e+02
8.963299999999999557e+01
6.892900000000000205e+01
2.910900000000000176e+01
-1.682300000000000040e+01
-4.400699999999999790e+01
-5.735899999999999466e+01
-7.025900000000000034e+01
-6.512999999999999545e+01
-3.766100000000000136e+01
-9.727199999999999847e+00
7.996199999999999974e+00
-1.223600000000000021e+00
-2.392000000000000171e+01
-5.005699999999999505e+01
-7.560300000000000864e+01
-8.710099999999999909e+01
-9.669200000000000728e+01
-9.301700000000001012e+01
-7.396500000000000341e+01
-5.472699999999999676e+01
-3.763599999999999568e+01
-1.949099999999999966e+01
2.879300000000000193e+00
3.419100000000000250e+01
6.670900000000000318e+01
1.036800000000000068e+02
1.380999999999999943e+02
1.637800000000000011e+02
1.650200000000000102e+02
1.526800000000000068e+02
1.204699999999999989e+02
7.852700000000000102e+01
1.533400000000000141e+01
-5.184799999999999898e+01
-1.034099999999999966e+02
-1.350300000000000011e+02
-1.346500000000000057e+02
-1.020300000000000011e+02
-6.491800000000000637e+01
-2.285900000000000176e+01
2.747300000000000253e+01
6.175300000000000011e+01
8.063800000000000523e+01
7.412999999999999545e+01
4.802000000000000313e+01
2.458500000000000085e+01
-8.428299999999999681e-01
-1.916400000000000148e+01
-4.040999999999999659e+01
-4.989100000000000534e+01
-5.611199999999999477e+01
-5.553300000000000125e+01
-4.778199999999999648e+01
-3.517300000000000182e+01
-1.615700000000000003e+01
-3.012100000000000222e+00
5.977199999999999847e+00
1.000099999999999945e+01
1.591499999999999915e+01
2.072100000000000009e+01
2.313699999999999690e+01
2.260699999999999932e+01
2.789400000000000190e+01
3.223300000000000409e+01
2.696499999999999986e+01
3.811300000000000132e+00
-2.226399999999999935e+01
-4.582000000000000028e+01
-6.087399999999999523e+01
-5.706600000000000250e+01
-4.942000000000000171e+01
-4.017499999999999716e+01
-3.055400000000000205e+01
-1.292799999999999905e+01
-6.031400000000000095e-01
7.805100000000000371e+00
8.218700000000000117e+00
-6.467900000000000205e+00
-2.549800000000000111e+01
-4.200500000000000256e+01
-3.313599999999999568e+01
-1.371400000000000041e+01
1.511400000000000077e+01
2.804100000000000037e+01
4.275500000000000256e+01
4.856499999999999773e+01
3.480199999999999960e+01
1.417099999999999937e+01
-5.177500000000000213e+00
-2.370899999999999963e+01
-3.930199999999999960e+01
-5.443600000000000705e+01
-6.267199999999999704e+01
-6.336699999999999733e+01
-6.509799999999999898e+01
-6.497599999999999909e+01
-6.618200000000000216e+01
-6.365299999999999869e+01
-4.774899999999999523e+01
-2.846000000000000085e+01
-8.586399999999999366e+00
1.299200000000000088e+01
2.391400000000000148e+01
3.040699999999999648e+01
3.242399999999999949e+01
3.195599999999999952e+01
2.247800000000000153e+01
7.462100000000000399e+00
-6.195000000000000284e+00
-1.730099999999999838e+01
-2.060999999999999943e+01
-1.962500000000000000e+01
-9.282199999999999562e+00
4.635100000000000442e+00
1.899299999999999855e+01
2.975900000000000034e+01
4.096800000000000352e+01
6.032199999999999562e+01
7.509799999999999898e+01
8.405899999999999750e+01
8.953499999999999659e+01
9.410299999999999443e+01
9.543600000000000705e+01
9.515000000000000568e+01
8.833700000000000330e+01
6.796099999999999852e+01
4.338899999999999579e+01
2.286300000000000310e+01
3.039200000000000124e+00
-1.933900000000000219e+01
-3.303000000000000114e+01
-4.085600000000000165e+01
-4.699600000000000222e+01
-4.801399999999999579e+01
-4.433899999999999864e+01
-3.980699999999999505e+01
-3.320400000000000063e+01
-2.538800000000000168e+01
-5.865400000000000169e+00
1.163499999999999979e+01
2.228599999999999781e+01
2.783800000000000097e+01
2.544500000000000028e+01
2.026599999999999824e+01
9.301299999999999457e+00
-8.004500000000000171e+00
-2.836899999999999977e+01
-4.456300000000000239e+01
-4.798499999999999943e+01
-4.583800000000000097e+01
-4.216399999999999437e+01
-4.090400000000000347e+01
-3.629800000000000182e+01
-3.033399999999999963e+01
-1.564499999999999957e+01
3.240000000000000213e+00
2.032099999999999795e+01
3.431199999999999761e+01
4.794500000000000028e+01
5.167100000000000648e+01
3.955300000000000438e+01
2.423499999999999943e+01
1.462099999999999866e+01
1.235400000000000098e+01
1.656799999999999784e+01
2.284800000000000253e+01
3.041000000000000014e+01
3.916599999999999682e+01
5.102499999999999858e+01
6.268600000000000705e+01
6.614799999999999613e+01
6.013000000000000256e+01
4.267100000000000648e+01
2.591400000000000148e+01
1.513499999999999979e+01
5.344500000000000028e+00
-2.011000000000000121e+00
-6.897100000000000009e+00
-6.274799999999999933e+00
-4.014899999999999913e+00
-2.404999999999999805e+00
-1.698199999999999932e+00
-3.999400000000000066e+00
-6.983399999999999608e+00
-1.176200000000000045e+01
-1.631099999999999994e+01
-1.807799999999999940e+01
-9.031200000000000117e+00
1.969100000000000072e+00
2.994000000000000217e+00
4.526899999999999674e-02
-7.221000000000000085e+00
-1.961299999999999955e+01
-2.752599999999999980e+01
-3.180999999999999872e+01
-3.375300000000000011e+01
-3.626800000000000068e+01
-3.823499999999999943e+01
-3.871900000000000119e+01
-3.064600000000000080e+01
-2.126199999999999690e+01
-9.412900000000000489e+00
-5.063200000000000145e+00
-7.954699999999999882e+00
-1.266099999999999959e+01
-1.903500000000000014e+01
-2.603400000000000247e+01
-2.554300000000000281e+01
-2.336100000000000065e+01
-1.788200000000000145e+01
-1.416799999999999926e+01
-1.636100000000000065e+01
-1.934299999999999997e+01
-2.632800000000000296e+01
-3.725699999999999790e+01
-4.509899999999999665e+01
-5.292699999999999960e+01
-4.571999999999999886e+01
-3.296000000000000085e+01
-2.480099999999999838e+01
-9.268000000000000682e+00
8.087500000000000355e+00
1.841400000000000148e+01
2.148300000000000054e+01
2.226199999999999690e+01
1.986799999999999855e+01
1.268599999999999994e+01
1.109900000000000020e+01
9.286400000000000432e+00
6.249600000000000044e+00
3.692099999999999937e+00
4.438600000000000101e+00
8.708700000000000330e+00
1.314200000000000124e+01
2.303900000000000148e+01
3.332699999999999818e+01
3.452199999999999847e+01
3.211199999999999477e+01
2.796000000000000085e+01
2.378800000000000026e+01
2.542999999999999972e+01
2.246099999999999852e+01
1.288700000000000045e+01
7.486500000000000377e+00
7.146799999999999820e+00
8.593400000000000816e+00
6.599400000000000155e+00
7.245700000000000252e+00
9.569200000000000372e+00
1.003500000000000014e+01
1.714300000000000068e+01
2.530099999999999838e+01
2.826000000000000156e+01
2.926999999999999957e+01
2.780900000000000105e+01
2.058500000000000085e+01
1.029400000000000048e+01
-1.251299999999999912e-01
-6.511700000000000266e+00
-8.739800000000000679e+00
-1.696300000000000097e+01
-2.723900000000000077e+01
-4.072299999999999898e+01
-5.063499999999999801e+01
-5.768600000000000705e+01
-6.296100000000000563e+01
-6.261100000000000421e+01
-4.912800000000000011e+01
-3.718500000000000227e+01
-2.744800000000000040e+01
-1.836599999999999966e+01
-1.080000000000000071e+01
-4.540300000000000225e+00
3.763900000000000023e+00
1.422099999999999831e+01
2.689800000000000324e+01
3.006199999999999761e+01
2.330300000000000082e+01
1.321799999999999997e+01
1.375799999999999912e+00
-1.728500000000000014e+01
-3.343599999999999994e+01
-4.322200000000000131e+01
-4.559100000000000108e+01
-4.576399999999999579e+01
-4.219899999999999807e+01
-3.116900000000000048e+01
-1.680700000000000216e+01
-1.903499999999999970e+00
1.406299999999999883e+01
2.804699999999999704e+01
3.886800000000000210e+01
4.612600000000000477e+01
4.983800000000000097e+01
5.037699999999999534e+01
4.700399999999999778e+01
3.816499999999999915e+01
2.136400000000000077e+01
4.516200000000000436e+00
-1.293599999999999994e+01
-2.678599999999999781e+01
-3.812500000000000000e+01
-4.326800000000000068e+01
-4.336199999999999477e+01
-4.213399999999999324e+01
-3.893500000000000227e+01
-3.075199999999999889e+01
-2.532699999999999818e+01
-2.705300000000000082e+01
-2.860099999999999909e+01
-2.936100000000000065e+01
-2.494599999999999795e+01
-1.274400000000000155e+01
2.435999999999999943e+00
1.774099999999999966e+01
3.175699999999999790e+01
4.505799999999999983e+01
5.632500000000000284e+01
6.559300000000000352e+01
6.421999999999999886e+01
6.102799999999999869e+01
5.203800000000000381e+01
3.770499999999999829e+01
2.116800000000000281e+01
1.201699999999999990e+00
-2.140099999999999980e+01
-4.838800000000000523e+01
-5.898899999999999721e+01
-5.083800000000000097e+01
-3.717399999999999949e+01
-1.147099999999999831e+01
2.538300000000000267e+01
5.005600000000000449e+01
6.772299999999999898e+01
8.151000000000000512e+01
8.385299999999999443e+01
7.198799999999999955e+01
5.862600000000000477e+01
4.303100000000000591e+01
2.665900000000000247e+01
1.423099999999999987e+01
4.338199999999999612e+00
-4.459900000000000198e+00
-1.076099999999999923e+01
-1.519800000000000040e+01
-1.573499999999999943e+01
-1.440599999999999881e+01
-1.596499999999999986e+01
-2.144699999999999918e+01
-2.603199999999999648e+01
-3.107000000000000028e+01
-3.317499999999999716e+01
-3.385999999999999943e+01
-3.520799999999999841e+01
-3.959300000000000352e+01
-4.777899999999999636e+01
-4.692000000000000171e+01
-4.109100000000000108e+01
-3.642399999999999949e+01
-2.714900000000000091e+01
-1.901000000000000156e+01
-7.385900000000000354e+00
7.165099999999999802e+00
2.217199999999999704e+01
3.933299999999999841e+01
5.636399999999999721e+01
7.356600000000000250e+01
8.732899999999999352e+01
1.012099999999999937e+02
1.046299999999999955e+02
8.792799999999999727e+01
7.082800000000000296e+01
4.773499999999999943e+01
2.625800000000000267e+01
4.538899999999999935e+00
-8.154600000000000293e+00
-1.171599999999999930e+01
-1.529099999999999859e+01
-1.713899999999999935e+01
-1.923499999999999943e+01
-1.753000000000000114e+01
-1.228299999999999947e+01
-4.716400000000000148e+00
-5.652599999999999625e+00
-1.065200000000000102e+01
-1.602299999999999969e+01
-2.167000000000000171e+01
-2.821099999999999852e+01
-3.847200000000000131e+01
-5.285000000000000142e+01
-5.775600000000000023e+01
-5.837699999999999534e+01
-4.742199999999999704e+01
-3.176300000000000168e+01
-1.755099999999999838e+01
-6.610800000000000232e+00
2.486899999999999888e+00
1.078999999999999915e+01
1.819400000000000261e+01
1.707799999999999940e+01
1.921900000000000119e+01
2.810699999999999932e+01
3.640200000000000102e+01
4.780399999999999494e+01
5.809000000000000341e+01
6.110899999999999466e+01
5.598100000000000165e+01
3.867399999999999949e+01
1.997400000000000020e+01
5.338899999999999757e+00
-2.808600000000000207e+00
-3.471200000000000063e+00
1.103799999999999892e+00
5.304700000000000415e+00
4.979400000000000048e+00
-2.034100000000000019e+00
-8.134800000000000253e+00
-1.144299999999999962e+01
-1.471000000000000085e+01
-1.637400000000000233e+01
-1.786499999999999844e+01
-2.341099999999999781e+01
-3.257199999999999562e+01
-4.507000000000000028e+01
-5.789300000000000068e+01
-6.204699999999999704e+01
-5.560300000000000153e+01
-4.344699999999999562e+01
-4.003800000000000381e+01
-3.521900000000000119e+01
-3.145599999999999952e+01
-2.624500000000000099e+01
-1.728200000000000003e+01
-1.326900000000000013e+01
-1.014299999999999891e+01
-3.709099999999999842e+00
2.071099999999999941e+00
7.442999999999999616e+00
1.227200000000000024e+01
1.082300000000000040e+01
-8.824200000000000932e-01
-1.566400000000000148e+01
-2.326900000000000190e+01
-3.046499999999999986e+01
-3.298499999999999943e+01
-3.470100000000000051e+01
-3.299300000000000210e+01
-2.941099999999999781e+01
-2.727400000000000091e+01
-2.596900000000000119e+01
-2.415500000000000114e+01
-1.673199999999999932e+01
-6.513200000000000323e+00
4.976600000000000357e+00
1.818799999999999883e+01
2.760500000000000043e+01
3.391300000000000381e+01
3.740400000000000347e+01
3.978000000000000114e+01
4.225399999999999778e+01
4.571100000000000563e+01
4.782000000000000028e+01
4.371199999999999619e+01
3.954099999999999682e+01
3.397200000000000131e+01
2.892800000000000082e+01
1.961299999999999955e+01
4.920099999999999696e+00
-1.394299999999999962e+01
-3.712800000000000011e+01
-5.771800000000000352e+01
-6.815399999999999636e+01
-6.857300000000000750e+01
-5.418600000000000705e+01
-3.817099999999999937e+01
-2.401800000000000068e+01
-1.305199999999999960e+01
-5.055900000000000283e+00
-1.738699999999999912e+00
2.476999999999999869e+00
2.510200000000000209e+00
1.191400000000000015e+00
5.453199999999999825e+00
1.564499999999999957e+01
2.643400000000000105e+01
3.671399999999999864e+01
4.692899999999999494e+01
5.059799999999999898e+01
4.538100000000000023e+01
3.831199999999999761e+01
2.865399999999999991e+01
1.148000000000000043e+01
-5.642699999999999605e+00
-2.073300000000000054e+01
-4.249699999999999989e+01
-4.935300000000000153e+01
-5.067600000000000193e+01
-4.916300000000000381e+01
-3.935600000000000165e+01
-2.233399999999999963e+01
-5.186600000000000321e+00
1.017500000000000071e+01
2.149199999999999733e+01
3.129500000000000171e+01
3.691199999999999903e+01
4.272699999999999676e+01
4.791399999999999437e+01
5.036800000000000210e+01
4.504399999999999693e+01
3.802599999999999625e+01
3.024399999999999977e+01
2.160399999999999920e+01
1.067699999999999960e+01
-3.394199999999999995e-01
-1.176900000000000013e+01
-1.683099999999999952e+01
-2.012599999999999767e+01
-2.135699999999999932e+01
-1.886799999999999855e+01
-1.220599999999999952e+01
-5.415700000000000180e+00
2.049199999999999910e+00
5.310399999999999565e+00
8.195499999999999119e+00
8.980800000000000338e+00
5.196699999999999875e+00
-3.041300000000000114e+00
-1.660500000000000043e+01
-2.944500000000000028e+01
-3.223599999999999710e+01
-3.031400000000000006e+01
-2.619199999999999662e+01
-2.466900000000000048e+01
-2.370800000000000196e+01
-1.982999999999999829e+01
-1.632900000000000063e+01
-1.012299999999999933e+01
-1.987300000000000066e+00
6.764199999999999768e+00
1.522099999999999831e+01
2.497300000000000253e+01
3.431600000000000250e+01
3.937899999999999778e+01
4.031099999999999994e+01
3.688199999999999790e+01
3.322299999999999898e+01
2.735500000000000043e+01
2.343599999999999994e+01
2.281800000000000139e+01
2.265099999999999980e+01
1.843799999999999883e+01
1.241300000000000026e+01
6.888099999999999667e+00
1.907900000000000134e-03
-6.014400000000000190e+00
-1.329599999999999937e+01
-1.453700000000000081e+01
-9.654799999999999827e+00
-6.057800000000000296e+00
8.421899999999999942e-01
1.166400000000000148e+01
2.348400000000000176e+01
3.572299999999999898e+01
5.038399999999999324e+01
6.119800000000000040e+01
6.850700000000000500e+01
6.981300000000000239e+01
6.652500000000000568e+01
5.428399999999999892e+01
3.849600000000000222e+01
2.177499999999999858e+01
4.346599999999999575e+00
-1.263499999999999979e+01
-2.812999999999999901e+01
-4.345899999999999608e+01
-4.994600000000000506e+01
-5.190800000000000125e+01
-5.346100000000000563e+01
-5.418800000000000239e+01
-5.006899999999999551e+01
-4.408100000000000307e+01
-4.203000000000000114e+01
-3.860499999999999687e+01
-3.079300000000000281e+01
-2.471999999999999886e+01
-1.947500000000000142e+01
-1.555000000000000071e+01
-1.031599999999999895e+01
-1.147900000000000098e+01
-1.332300000000000040e+01
-1.173700000000000010e+01
-9.883200000000000429e+00
-2.351799999999999891e+00
4.560100000000000264e+00
1.310999999999999943e+01
1.963700000000000045e+01
2.849099999999999966e+01
3.499600000000000222e+01
3.863199999999999790e+01
3.731700000000000017e+01
3.398100000000000165e+01
2.866300000000000026e+01
1.839000000000000057e+01
7.588700000000000223e+00
-4.135100000000000442e+00
-1.379599999999999937e+01
-2.177899999999999991e+01
-2.495699999999999719e+01
-2.484600000000000009e+01
-2.226999999999999957e+01
-2.090199999999999747e+01
-1.614000000000000057e+01
-1.530400000000000027e+01
-1.751099999999999923e+01
-2.373600000000000065e+01
-3.114800000000000324e+01
-3.834400000000000119e+01
-4.127399999999999380e+01
-4.036400000000000432e+01
-3.562500000000000000e+01
-2.684600000000000009e+01
-1.861599999999999966e+01
-1.053200000000000003e+01
-5.402999999999999581e+00
6.469899999999999540e-01
4.072800000000000309e-01
-7.916100000000000136e+00
-1.764000000000000057e+01
-2.554300000000000281e+01
-3.230899999999999750e+01
-3.876899999999999835e+01
-3.989900000000000091e+01
-3.897099999999999653e+01
-3.186899999999999977e+01
-2.139300000000000068e+01
-1.093500000000000050e+01
-1.343399999999999928e+00
6.524399999999999977e+00
1.498099999999999987e+01
2.428099999999999881e+01
3.750399999999999778e+01
4.832399999999999807e+01
5.049000000000000199e+01
4.646699999999999875e+01
4.062599999999999767e+01
2.726900000000000190e+01
1.500799999999999912e+01
5.626699999999999591e+00
-1.893899999999999917e+00
1.891699999999999937e+00
1.149599999999999866e+01
2.438199999999999790e+01
3.609000000000000341e+01
4.580499999999999972e+01
5.546800000000000352e+01
6.109000000000000341e+01
6.206100000000000705e+01
6.139999999999999858e+01
5.544699999999999562e+01
4.879600000000000648e+01
4.084900000000000375e+01
2.987800000000000011e+01
1.737300000000000111e+01
6.161900000000000155e+00
-6.052100000000000257e+00
-1.417799999999999905e+01
-1.358300000000000018e+01
-1.289200000000000124e+01
-1.278599999999999959e+01
-1.242699999999999960e+01
-1.321299999999999919e+01
-1.672899999999999920e+01
-2.046999999999999886e+01
-2.318800000000000239e+01
-2.349599999999999866e+01
-2.115699999999999648e+01
-1.610200000000000031e+01
-1.520599999999999952e+01
-1.611200000000000188e+01
-1.651099999999999923e+01
-1.866600000000000037e+01
-2.385399999999999920e+01
-3.119000000000000128e+01
-3.467099999999999937e+01
-3.390899999999999892e+01
-3.222099999999999653e+01
-2.827400000000000091e+01
-2.395599999999999952e+01
-2.250000000000000000e+01
-2.632499999999999929e+01
-2.747699999999999676e+01
-2.526599999999999824e+01
-2.204400000000000048e+01
-2.011299999999999955e+01
-2.065099999999999980e+01
-2.176699999999999946e+01
-2.256199999999999761e+01
-2.284900000000000020e+01
-2.319900000000000162e+01
-2.448099999999999810e+01
-2.243599999999999994e+01
-1.698799999999999955e+01
-1.168200000000000038e+01
-6.285499999999999865e+00
-7.389499999999999957e-01
5.635600000000000165e+00
1.552099999999999902e+01
2.480699999999999861e+01
3.250699999999999790e+01
3.786899999999999977e+01
4.449699999999999989e+01
4.351500000000000057e+01
4.273899999999999721e+01
3.938700000000000045e+01
3.187800000000000011e+01
2.517000000000000171e+01
2.369099999999999895e+01
2.202199999999999847e+01
1.910500000000000043e+01
1.820400000000000063e+01
1.703000000000000114e+01
1.344400000000000084e+01
7.179700000000000415e+00
-6.837100000000000399e-01
-4.860699999999999577e+00
-7.049199999999999910e+00
-9.903800000000000381e+00
-1.147799999999999976e+01
-1.005000000000000071e+01
-5.877500000000000391e+00
-1.637699999999999934e+00
3.135400000000000187e+00
7.286900000000000155e+00
1.042500000000000071e+01
1.279900000000000126e+01
1.443599999999999994e+01
9.731500000000000483e+00
2.323500000000000121e+00
-4.258899999999999686e+00
-6.568699999999999761e+00
-7.852100000000000080e+00
-8.534299999999999997e+00
-8.558999999999999275e+00
-6.751299999999999635e+00
-2.551200000000000134e+00
1.936800000000000077e+00
5.977899999999999991e+00
1.068099999999999916e+01
1.441400000000000148e+01
1.788700000000000045e+01
2.044000000000000128e+01
2.221800000000000352e+01
2.429500000000000171e+01
2.601199999999999690e+01
2.520400000000000063e+01
2.345699999999999719e+01
2.001699999999999946e+01
1.588400000000000034e+01
9.820199999999999818e+00
-2.920700000000000074e+00
-1.756200000000000117e+01
-3.341199999999999903e+01
-4.362800000000000011e+01
-5.084499999999999886e+01
-5.200500000000000256e+01
-4.734199999999999875e+01
-3.662500000000000000e+01
-2.463800000000000168e+01
-1.448499999999999943e+01
-4.394899999999999807e+00
5.356700000000000017e+00
1.350900000000000034e+01
1.845299999999999940e+01
2.106699999999999662e+01
1.973600000000000065e+01
1.684900000000000020e+01
1.537400000000000055e+01
1.382400000000000162e+01
1.359900000000000020e+01
1.233500000000000085e+01
9.824099999999999611e+00
6.341400000000000148e+00
1.888200000000000156e-01
-5.434099999999999930e+00
-1.224300000000000033e+01
-1.865800000000000125e+01
-1.979500000000000171e+01
-2.170699999999999719e+01
-2.304699999999999704e+01
-1.971499999999999986e+01
-1.604100000000000037e+01
-9.937500000000000000e+00
5.558500000000000441e+00
1.330700000000000038e+01
2.018400000000000105e+01
2.559800000000000253e+01
2.696999999999999886e+01
2.871499999999999986e+01
2.896800000000000352e+01
2.456599999999999895e+01
1.947899999999999920e+01
1.361200000000000010e+01
6.794400000000000439e+00
2.927799999999999958e+00
-1.289900000000000213e-01
-7.048499999999999766e-01
-5.007800000000000029e-01
-1.584000000000000130e-01
3.295000000000000151e-01
-1.602300000000000058e+00
-7.097999999999999865e+00
-1.242799999999999905e+01
-1.845499999999999829e+01
-2.063300000000000267e+01
-1.949800000000000111e+01
-1.864000000000000057e+01
-1.988400000000000034e+01
-2.200900000000000034e+01
-2.103500000000000014e+01
-1.942099999999999937e+01
-1.793499999999999872e+01
-1.492699999999999960e+01
-1.028500000000000014e+01
-6.206199999999999939e+00
1.226099999999999968e+00
5.036900000000000155e+00
4.434300000000000352e+00
5.308200000000000252e+00
6.484899999999999665e+00
4.285800000000000054e+00
7.806300000000000461e-01
-1.369699999999999918e+00
7.911799999999999944e-01
3.720699999999999896e+00
8.775999999999999801e+00
1.371299999999999919e+01
1.647700000000000031e+01
1.666099999999999781e+01
1.558300000000000018e+01
1.098000000000000043e+01
1.647199999999999998e+00
-8.629799999999999471e+00
-1.578500000000000014e+01
-1.708399999999999963e+01
-1.582400000000000162e+01
-1.041599999999999859e+01
-1.595299999999999940e+00
6.747600000000000264e+00
1.242699999999999960e+01
8.884199999999999875e+00
3.588600000000000012e+00
-1.935300000000000020e+00
-9.343299999999999272e+00
-1.760599999999999810e+01
-2.497400000000000020e+01
-3.058900000000000219e+01
-3.500999999999999801e+01
-3.374699999999999989e+01
-3.254699999999999704e+01
-2.434300000000000352e+01
-9.395200000000000884e+00
5.672100000000000364e+00
1.583300000000000018e+01
2.236100000000000065e+01
2.826199999999999690e+01
3.458699999999999619e+01
3.688599999999999568e+01
2.992300000000000182e+01
1.696799999999999997e+01
3.622500000000000053e+00
-6.173399999999999999e+00
-1.644400000000000261e+01
-2.677800000000000225e+01
-2.903699999999999903e+01
-2.483900000000000219e+01
-1.949200000000000088e+01
-3.772600000000000176e+00
1.271900000000000119e+01
2.498600000000000065e+01
3.540999999999999659e+01
3.903499999999999659e+01
3.498100000000000165e+01
2.524500000000000099e+01
1.471900000000000119e+01
2.855300000000000171e+00
-6.449499999999999567e+00
-1.269999999999999929e+01
-1.636200000000000188e+01
-1.885299999999999798e+01
-2.100300000000000011e+01
-2.121300000000000097e+01
-1.925199999999999889e+01
-1.830799999999999983e+01
-1.862400000000000233e+01
-1.811299999999999955e+01
-1.693499999999999872e+01
-1.503099999999999881e+01
-1.037400000000000055e+01
-4.561399999999999899e+00
1.649499999999999966e+00
9.541999999999999815e+00
1.800099999999999767e+01
2.765900000000000247e+01
3.749600000000000222e+01
4.027300000000000324e+01
4.042800000000000438e+01
3.642300000000000182e+01
2.979599999999999937e+01
2.090800000000000125e+01
1.290200000000000102e+01
6.226799999999999891e+00
4.042500000000000426e+00
2.909800000000000164e+00
3.223700000000000010e+00
5.262999999999999901e+00
7.100200000000000067e+00
1.062700000000000067e+01
1.673000000000000043e+01
2.200800000000000267e+01
2.573300000000000054e+01
2.894999999999999929e+01
3.106199999999999761e+01
3.033800000000000097e+01
2.782400000000000162e+01
2.487400000000000233e+01
2.203699999999999903e+01
1.992500000000000071e+01
1.783200000000000074e+01
1.555900000000000105e+01
1.313900000000000112e+01
1.091599999999999859e+01
6.312700000000000422e+00
9.065200000000001035e-01
-5.769300000000000317e+00
-1.405400000000000027e+01
-2.074599999999999866e+01
-2.305999999999999872e+01
-2.758699999999999974e+01
-3.069000000000000128e+01
-3.103300000000000125e+01
-3.080699999999999861e+01
-3.201400000000000290e+01
-3.440699999999999648e+01
-3.511599999999999966e+01
-3.145400000000000063e+01
-2.834400000000000119e+01
-2.892500000000000071e+01
-3.002899999999999991e+01
-3.041600000000000037e+01
-3.162300000000000111e+01
-3.261699999999999733e+01
-3.248499999999999943e+01
-3.224600000000000222e+01
-3.028500000000000014e+01
-2.810699999999999932e+01
-2.561400000000000077e+01
-2.421099999999999852e+01
-2.450900000000000034e+01
-2.499099999999999966e+01
-2.370400000000000063e+01
-1.993900000000000006e+01
-1.616700000000000159e+01
-1.212700000000000067e+01
-8.027100000000000790e+00
-2.298099999999999810e+00
3.691100000000000048e+00
9.384800000000000253e+00
1.266900000000000048e+01
1.520199999999999996e+01
1.754400000000000048e+01
1.965599999999999881e+01
1.891199999999999903e+01
1.695899999999999963e+01
1.354800000000000004e+01
9.493600000000000705e+00
5.394499999999999851e+00
1.004799999999999915e+00
-3.591400000000000148e+00
-7.624799999999999578e+00
-7.550500000000000433e+00
-6.750099999999999767e+00
-5.934800000000000075e+00
-5.537600000000000300e+00
-5.036299999999999777e+00
-3.636499999999999844e+00
-3.336800000000000210e+00
-3.776600000000000179e+00
-4.768699999999999939e+00
-6.282600000000000406e+00
-6.342699999999999783e+00
-6.883700000000000152e+00
-5.048700000000000188e+00
-1.053600000000000092e+00
1.981999999999999984e+00
5.674500000000000099e+00
1.068299999999999983e+01
1.598400000000000176e+01
1.892200000000000060e+01
1.989900000000000091e+01
2.153500000000000014e+01
2.323900000000000077e+01
2.476399999999999935e+01
2.711300000000000310e+01
3.057400000000000162e+01
3.427000000000000313e+01
3.790200000000000102e+01
4.083099999999999596e+01
4.138199999999999790e+01
4.106499999999999773e+01
3.966900000000000404e+01
3.813300000000000267e+01
3.601800000000000068e+01
3.303699999999999903e+01
3.028099999999999881e+01
2.298199999999999932e+01
1.292999999999999972e+01
6.936799999999999855e+00
-1.950900000000000079e+00
-9.544100000000000250e+00
-1.127700000000000102e+01
-1.208699999999999974e+01
-1.223099999999999987e+01
-1.033999999999999986e+01
-5.673799999999999955e+00
-4.383399999999999963e+00
-5.532399999999999984e+00
-8.191100000000000492e+00
-1.310700000000000109e+01
-1.738500000000000156e+01
-2.246800000000000352e+01
-2.563300000000000267e+01
-2.494400000000000261e+01
-2.382300000000000040e+01
-2.121699999999999875e+01
-1.745599999999999952e+01
-1.471799999999999997e+01
-1.120400000000000063e+01
-6.924800000000000288e+00
-2.492100000000000204e+00
1.543599999999999972e-01
1.603699999999999903e+00
1.725500000000000034e+00
6.467199999999999616e-01
-5.735399999999999388e-01
-1.692499999999999893e+00
-1.871099999999999985e+00
-1.545600000000000085e+00
3.209599999999999675e-01
3.314499999999999780e+00
6.584600000000000009e+00
1.068700000000000117e+01
1.587199999999999989e+01
2.116900000000000048e+01
2.594000000000000128e+01
2.749699999999999989e+01
2.762500000000000000e+01
2.761199999999999832e+01
2.683800000000000097e+01
2.393199999999999861e+01
1.733699999999999974e+01
9.096399999999999153e+00
-1.958899999999999877e-02
-8.855299999999999727e+00
-1.732099999999999795e+01
-2.565900000000000247e+01
-3.296500000000000341e+01
-3.811999999999999744e+01
-4.010900000000000176e+01
-4.201800000000000068e+01
-4.161699999999999733e+01
-4.038000000000000256e+01
-3.929299999999999926e+01
-3.810699999999999932e+01
-3.622800000000000153e+01
-3.284700000000000131e+01
-2.912400000000000233e+01
-2.524699999999999989e+01
-2.109699999999999775e+01
-1.721099999999999852e+01
-1.294800000000000040e+01
-8.411699999999999733e+00
-4.505700000000000038e+00
-1.729200000000000070e+00
2.272000000000000131e-01
1.897000000000000020e+00
3.556299999999999795e+00
5.294500000000000206e+00
7.760699999999999932e+00
1.043999999999999950e+01
1.315799999999999947e+01
1.591699999999999982e+01
1.832199999999999918e+01
1.979899999999999949e+01
2.113500000000000156e+01
2.222199999999999775e+01
2.178699999999999903e+01
2.066300000000000026e+01
1.953599999999999781e+01
1.784700000000000131e+01
1.587800000000000011e+01
1.430900000000000105e+01
1.261400000000000077e+01
1.213199999999999967e+01
1.206799999999999962e+01
1.170299999999999940e+01
1.184200000000000053e+01
1.332900000000000063e+01
1.419700000000000095e+01
1.386800000000000033e+01
1.348400000000000176e+01
1.160500000000000043e+01
8.719799999999999329e+00
5.480299999999999727e+00
1.115199999999999969e+00
-3.592400000000000038e+00
-7.993299999999999628e+00
-1.321099999999999852e+01
-1.903900000000000148e+01
-2.097599999999999909e+01
-2.187099999999999866e+01
-2.037099999999999866e+01
-1.885500000000000043e+01
-1.622299999999999898e+01
-1.262800000000000011e+01
-1.049099999999999966e+01
-8.658799999999999386e+00
-6.855900000000000105e+00
-4.440599999999999881e+00
-1.118000000000000105e+00
3.495899999999999785e+00
3.589399999999999924e+00
2.833200000000000163e+00
4.251100000000000434e-01
4.610299999999999954e-01
1.213899999999999979e+00
2.306999999999999940e+00
3.318599999999999994e+00
4.174299999999999677e+00
5.045499999999999652e+00
7.715499999999999581e+00
1.003200000000000003e+01
1.017699999999999960e+01
9.089000000000000412e+00
1.036700000000000088e+01
1.097700000000000031e+01
9.861399999999999721e+00
9.226800000000000779e+00
8.734899999999999665e+00
5.542900000000000382e+00
8.631200000000001094e-01
-4.416599999999999859e+00
-1.093099999999999916e+01
-1.816799999999999926e+01
-2.610500000000000043e+01
-3.239300000000000068e+01
-3.552900000000000347e+01
-3.514600000000000080e+01
-3.502100000000000080e+01
-3.243199999999999505e+01
-2.955699999999999861e+01
-2.483399999999999963e+01
-1.844999999999999929e+01
-1.056299999999999883e+01
-3.003699999999999815e+00
7.081699999999999662e+00
1.538400000000000034e+01
1.995299999999999940e+01
2.463800000000000168e+01
2.867399999999999949e+01
3.013300000000000267e+01
3.016400000000000148e+01
3.036400000000000077e+01
3.056300000000000239e+01
3.021400000000000219e+01
2.996599999999999753e+01
2.857000000000000028e+01
2.428999999999999915e+01
1.852599999999999980e+01
1.216200000000000081e+01
5.648799999999999599e+00
-1.114600000000000035e+00
-6.974400000000000155e+00
-1.272299999999999898e+01
-1.621400000000000219e+01
-1.794500000000000028e+01
-1.864199999999999946e+01
-1.754799999999999827e+01
-1.235500000000000043e+01
-5.979300000000000281e+00
4.341499999999999804e-01
5.925300000000000011e+00
1.058900000000000041e+01
1.137199999999999989e+01
7.706000000000000405e+00
3.323300000000000143e+00
-1.384200000000000097e+00
-6.166400000000000325e+00
-9.217700000000000671e+00
-8.953599999999999781e+00
-8.104200000000000514e+00
-7.011999999999999567e+00
-5.498599999999999710e+00
-2.713799999999999990e+00
3.358700000000000019e-01
3.519299999999999873e+00
6.612099999999999866e+00
9.966699999999999449e+00
1.326500000000000057e+01
1.687599999999999767e+01
1.882900000000000063e+01
1.875799999999999912e+01
1.924399999999999977e+01
2.035800000000000054e+01
2.202599999999999980e+01
2.362999999999999901e+01
2.544599999999999795e+01
2.714999999999999858e+01
2.896900000000000119e+01
3.006599999999999895e+01
2.778000000000000114e+01
2.515800000000000125e+01
2.021000000000000085e+01
1.140499999999999936e+01
5.907799999999999940e+00
7.714600000000000346e-01
-4.481099999999999639e+00
-9.772299999999999542e+00
-1.618700000000000117e+01
-2.428900000000000148e+01
-2.898600000000000065e+01
-3.300399999999999778e+01
-3.518999999999999773e+01
-3.457000000000000028e+01
-3.304500000000000171e+01
-3.229699999999999704e+01
-2.823099999999999810e+01
-2.162400000000000233e+01
-1.577299999999999969e+01
-1.124699999999999989e+01
-7.049400000000000333e+00
-2.492100000000000204e+00
1.146400000000000086e+00
2.866499999999999826e+00
4.507200000000000095e+00
5.990000000000000213e+00
8.478699999999999903e+00
1.223900000000000077e+01
1.519400000000000084e+01
1.692999999999999972e+01
1.859299999999999997e+01
1.954299999999999926e+01
1.967000000000000171e+01
1.967399999999999949e+01
1.701699999999999946e+01
1.246299999999999919e+01
8.000799999999999912e+00
2.530600000000000183e+00
-3.907000000000000028e+00
-1.092799999999999905e+01
-1.901299999999999812e+01
-2.529699999999999704e+01
-2.965900000000000247e+01
-3.013400000000000034e+01
-2.988699999999999690e+01
-2.910699999999999932e+01
-2.581900000000000261e+01
-2.187900000000000134e+01
-1.785699999999999932e+01
-1.376299999999999990e+01
-9.766600000000000392e+00
-6.144400000000000084e+00
-3.235899999999999999e+00
-1.270000000000000018e-01
1.596899999999999986e+00
-2.801599999999999646e-01
-2.822200000000000042e+00
-5.484399999999999942e+00
-8.025199999999999889e+00
-1.045800000000000018e+01
-1.295599999999999952e+01
-1.260799999999999876e+01
-9.411799999999999500e+00
-5.828599999999999781e+00
-1.611499999999999932e+00
2.753499999999999837e+00
5.796999999999999709e+00
5.971099999999999852e+00
5.563200000000000145e+00
3.855599999999999916e+00
2.221900000000000208e+00
2.445099999999999774e-01
-2.158900000000000041e+00
-5.003099999999999881e+00
-8.284499999999999531e+00
-1.239400000000000013e+01
-1.653099999999999881e+01
-2.223499999999999943e+01
-2.394800000000000040e+01
-2.356199999999999761e+01
-2.300800000000000267e+01
-1.867200000000000060e+01
-1.171799999999999997e+01
-4.539600000000000080e+00
1.686600000000000099e+00
6.275100000000000122e+00
9.408099999999999241e+00
1.119099999999999895e+01
1.332099999999999973e+01
1.406599999999999895e+01
1.211400000000000077e+01
1.000999999999999979e+01
6.416900000000000048e+00
2.584999999999999964e+00
1.074099999999999916e-01
-2.029299999999999993e-01
2.060700000000000198e+00
5.365300000000000402e+00
8.524499999999999744e+00
1.158699999999999974e+01
1.317999999999999972e+01
1.347599999999999909e+01
1.257699999999999996e+01
1.122799999999999976e+01
9.708099999999999952e+00
8.199500000000000455e+00
7.530300000000000438e+00
7.286900000000000155e+00
5.794599999999999973e+00
1.997400000000000064e+00
-2.929300000000000015e+00
-7.617099999999999760e+00
-1.071900000000000119e+01
-1.331200000000000117e+01
-1.569200000000000017e+01
-1.590000000000000036e+01
-1.534299999999999997e+01
-1.458000000000000007e+01
-1.383500000000000085e+01
-1.008500000000000085e+01
-3.817699999999999871e+00
2.372300000000000075e+00
8.682499999999999218e+00
1.231599999999999895e+01
1.455499999999999972e+01
1.654100000000000037e+01
1.854700000000000060e+01
1.578700000000000081e+01
1.120800000000000018e+01
6.755700000000000038e+00
4.270900000000000141e+00
3.186199999999999921e+00
3.542100000000000026e+00
5.290799999999999947e+00
6.063200000000000145e+00
7.012100000000000222e+00
7.723499999999999588e+00
9.301299999999999457e+00
1.069400000000000084e+01
1.184900000000000020e+01
1.304199999999999982e+01
1.469999999999999929e+01
1.410900000000000176e+01
1.297099999999999831e+01
1.206200000000000117e+01
1.125799999999999912e+01
9.142899999999999139e+00
9.035099999999999909e+00
1.140599999999999881e+01
1.488299999999999912e+01
1.766199999999999903e+01
1.869800000000000040e+01
2.019999999999999929e+01
1.987300000000000111e+01
1.760299999999999798e+01
1.519599999999999973e+01
1.347700000000000031e+01
1.252700000000000102e+01
1.054900000000000126e+01
9.639300000000000423e+00
9.637199999999999989e+00
1.001299999999999990e+01
9.579900000000000304e+00
7.965600000000000236e+00
5.651200000000000223e+00
1.771300000000000097e+00
-3.603400000000000158e+00
-9.171099999999999142e+00
-1.370099999999999874e+01
-1.409299999999999997e+01
-1.350599999999999845e+01
-1.274000000000000021e+01
-1.152500000000000036e+01
-1.037199999999999989e+01
-9.203599999999999781e+00
-1.020100000000000051e+01
-1.207900000000000063e+01
-1.405299999999999905e+01
-1.787999999999999901e+01
-2.155300000000000082e+01
-2.082699999999999818e+01
-1.579900000000000126e+01
-1.128200000000000003e+01
-7.812299999999999578e+00
-4.614300000000000068e+00
-1.307399999999999896e+00
2.011299999999999866e+00
5.237499999999999822e+00
7.911599999999999966e+00
1.080700000000000038e+01
1.228099999999999881e+01
1.128299999999999947e+01
9.058099999999999596e+00
5.005700000000000038e+00
1.211000000000000076e+00
-2.807100000000000151e+00
-7.463000000000000078e+00
-1.379700000000000060e+01
-1.674699999999999989e+01
-1.642200000000000060e+01
-1.731200000000000117e+01
-1.658399999999999963e+01
-1.508599999999999852e+01
-1.163400000000000034e+01
-6.526299999999999990e+00
-1.313800000000000079e+00
4.891799999999999926e+00
1.405499999999999972e+01
2.218499999999999872e+01
2.698499999999999943e+01
2.675499999999999901e+01
2.278400000000000247e+01
1.773900000000000077e+01
1.235400000000000098e+01
6.055200000000000138e+00
-9.460799999999999765e-02
-3.461800000000000210e+00
-5.926700000000000301e+00
-9.115399999999999281e+00
-1.260999999999999943e+01
-1.603000000000000114e+01
-1.879100000000000037e+01
-2.064099999999999824e+01
-2.289499999999999957e+01
-2.430999999999999872e+01
-2.276999999999999957e+01
-2.052599999999999980e+01
-1.799200000000000088e+01
-1.494700000000000095e+01
-1.181700000000000017e+01
-7.470799999999999663e+00
-2.744899999999999896e+00
1.734399999999999942e+00
3.430299999999999905e+00
4.405700000000000394e+00
5.224000000000000199e+00
5.787700000000000067e+00
3.725499999999999812e+00
1.494099999999999984e+00
-4.355899999999999772e-01
-2.428900000000000059e+00
-3.614500000000000046e+00
-3.763199999999999878e+00
-3.960500000000000131e+00
-3.692499999999999893e+00
-3.391999999999999904e+00
-2.983299999999999841e+00
-2.270500000000000185e+00
-4.164899999999999713e-01
1.717100000000000071e+00
3.353600000000000136e+00
3.519400000000000084e+00
3.580000000000000071e+00
3.762999999999999901e+00
3.825800000000000090e+00
3.171699999999999964e+00
6.589599999999999902e-01
-2.932399999999999896e+00
-5.812400000000000233e+00
-8.685800000000000409e+00
-1.124200000000000088e+01
-1.321400000000000041e+01
-1.521299999999999919e+01
-1.709799999999999898e+01
-1.919200000000000017e+01
-2.001000000000000156e+01
-1.813700000000000045e+01
-1.590599999999999881e+01
-1.342999999999999972e+01
-1.104400000000000048e+01
-8.580999999999999517e+00
-6.159500000000000419e+00
-3.060099999999999820e+00
7.436000000000000387e-01
4.673300000000000232e+00
8.482799999999999230e+00
1.133599999999999852e+01
1.388700000000000045e+01
1.625099999999999767e+01
1.854599999999999937e+01
2.081400000000000006e+01
2.139300000000000068e+01
2.080199999999999960e+01
1.989300000000000068e+01
1.911899999999999977e+01
1.796300000000000097e+01
1.889499999999999957e+01
2.249199999999999733e+01
2.643300000000000338e+01
2.973900000000000077e+01
3.025400000000000134e+01
3.022699999999999676e+01
2.991900000000000048e+01
2.585500000000000043e+01
1.982300000000000040e+01
1.362299999999999933e+01
7.165499999999999758e+00
5.351199999999999291e-01
-3.891399999999999970e+00
-6.527999999999999581e+00
-9.258699999999999264e+00
-1.095299999999999940e+01
-1.043599999999999994e+01
-8.778399999999999537e+00
-5.524799999999999933e+00
-3.439499999999999780e+00
-2.623099999999999987e+00
-3.213699999999999779e+00
-4.148399999999999643e+00
-5.214299999999999713e+00
-6.033699999999999619e+00
-6.172100000000000364e+00
-6.918599999999999639e+00
-8.326900000000000190e+00
-9.660299999999999443e+00
-1.180000000000000071e+01
-1.417900000000000027e+01
-1.609700000000000131e+01
-1.808200000000000074e+01
-1.935500000000000043e+01
-1.937199999999999989e+01
-1.905300000000000082e+01
-1.719500000000000028e+01
-1.492999999999999972e+01
-1.263199999999999967e+01
-9.969599999999999795e+00
-6.904399999999999871e+00
-4.242499999999999716e+00
-1.577299999999999924e+00
1.027700000000000058e+00
3.647200000000000220e+00
6.251400000000000290e+00
7.557000000000000384e+00
7.802900000000000169e+00
8.033400000000000318e+00
8.102800000000000225e+00
8.548999999999999488e+00
1.018500000000000050e+01
1.198900000000000077e+01
1.407499999999999929e+01
1.499699999999999989e+01
1.387199999999999989e+01
1.339000000000000057e+01
1.289900000000000091e+01
1.179800000000000004e+01
1.018999999999999950e+01
8.805500000000000327e+00
7.346300000000000274e+00
5.879500000000000171e+00
4.662399999999999878e+00
4.933500000000000441e+00
5.555200000000000138e+00
6.590900000000000425e+00
7.865199999999999747e+00
1.011700000000000088e+01
1.271099999999999852e+01
1.424300000000000033e+01
1.238400000000000034e+01
1.024799999999999933e+01
7.049400000000000333e+00
2.691300000000000026e+00
-6.042199999999999793e-01
-3.754100000000000215e+00
-6.873999999999999666e+00
-9.907999999999999474e+00
-1.305799999999999983e+01
-1.551999999999999957e+01
-1.721499999999999986e+01
-1.790200000000000102e+01
-1.739499999999999957e+01
-1.730599999999999739e+01
-1.838700000000000045e+01
-1.892500000000000071e+01
-1.802100000000000080e+01
-1.702400000000000091e+01
-1.544099999999999895e+01
-1.402200000000000024e+01
-1.288700000000000045e+01
-1.087299999999999933e+01
-7.169999999999999929e+00
-4.179100000000000037e+00
-1.713500000000000023e+00
-5.603899999999999437e-01
-1.305600000000000094e+00
-1.665999999999999925e+00
-2.954899999999999860e+00
-4.989099999999999646e+00
-4.150400000000000311e+00
-1.718299999999999939e+00
1.307399999999999896e+00
4.229499999999999815e+00
6.794100000000000250e+00
9.732300000000000395e+00
1.050400000000000134e+01
8.385500000000000398e+00
5.999200000000000088e+00
3.441800000000000193e+00
6.392299999999999649e-01
-3.196099999999999941e+00
-6.854300000000000281e+00
-1.094999999999999929e+01
-1.547200000000000131e+01
-2.053099999999999881e+01
-2.427599999999999980e+01
-2.602100000000000080e+01
-2.762999999999999901e+01
-2.902199999999999847e+01
-2.875699999999999790e+01
-2.653900000000000148e+01
-2.390300000000000225e+01
-2.099800000000000111e+01
-1.813299999999999912e+01
-1.387400000000000055e+01
-9.153000000000000469e+00
-4.270100000000000229e+00
-9.787000000000000144e-01
1.444600000000000106e+00
2.884300000000000086e+00
3.881099999999999994e+00
4.774700000000000166e+00
6.184199999999999697e+00
8.433899999999999508e+00
1.072299999999999898e+01
1.309500000000000064e+01
1.544900000000000162e+01
1.782999999999999829e+01
1.896400000000000219e+01
1.969099999999999895e+01
2.046499999999999986e+01
2.107600000000000051e+01
2.178800000000000026e+01
2.099199999999999733e+01
1.810399999999999920e+01
1.486599999999999966e+01
1.319700000000000095e+01
1.352799999999999869e+01
1.411400000000000077e+01
1.489799999999999969e+01
1.563299999999999912e+01
1.576299999999999990e+01
1.538000000000000078e+01
1.496199999999999974e+01
1.458099999999999952e+01
1.357200000000000095e+01
1.067200000000000060e+01
7.669100000000000250e+00
6.529099999999999682e+00
6.284699999999999953e+00
5.926599999999999646e+00
6.595299999999999940e+00
8.674899999999999167e+00
1.070400000000000063e+01
1.285700000000000109e+01
1.493900000000000006e+01
1.635200000000000031e+01
1.685200000000000031e+01
1.758800000000000097e+01
1.628800000000000026e+01
1.301200000000000045e+01
9.654999999999999361e+00
6.071200000000000152e+00
2.779500000000000082e+00
-2.952099999999999724e-01
-3.316699999999999982e+00
-6.176899999999999835e+00
-7.983999999999999986e+00
-9.716599999999999682e+00
-1.027599999999999980e+01
-1.000000000000000000e+01
-9.693099999999999383e+00
-9.143200000000000216e+00
-8.032700000000000173e+00
-6.820899999999999963e+00
-5.650400000000000311e+00
-4.676000000000000156e+00
-3.664000000000000146e+00
-2.554100000000000037e+00
-8.259100000000000330e-01
-9.687500000000000000e-01
-2.040000000000000036e+00
-3.208200000000000163e+00
-4.443500000000000227e+00
-5.360899999999999999e+00
-5.337900000000000311e+00
-5.065000000000000391e+00
-4.631300000000000416e+00
-4.324399999999999800e+00
-3.401699999999999946e+00
-1.460700000000000109e+00
5.849199999999999955e-01
2.731300000000000061e+00
4.740099999999999980e+00
5.908599999999999852e+00
6.787200000000000344e+00
7.680200000000000138e+00
8.613599999999999923e+00
9.614200000000000301e+00
1.056299999999999883e+01
1.153700000000000081e+01
1.192900000000000027e+01
1.251500000000000057e+01
1.327999999999999936e+01
1.411099999999999888e+01
1.491599999999999859e+01
1.566400000000000148e+01
1.408900000000000041e+01
1.180400000000000027e+01
9.387700000000000600e+00
6.967299999999999827e+00
4.546499999999999986e+00
2.460700000000000109e+00
4.340899999999999759e-01
-1.563399999999999901e+00
-3.434600000000000097e+00
-3.900300000000000100e+00
-4.068200000000000038e+00
-3.818999999999999950e+00
-3.607899999999999885e+00
-4.195999999999999730e+00
-4.602000000000000313e+00
-6.993299999999999628e+00
-1.109799999999999898e+01
-1.526999999999999957e+01
-1.855499999999999972e+01
-2.121099999999999852e+01
-2.371099999999999852e+01
-2.613400000000000034e+01
-2.763599999999999923e+01
-2.814800000000000324e+01
-2.865599999999999881e+01
-2.952300000000000324e+01
-3.079100000000000037e+01
-3.181300000000000239e+01
-3.175099999999999767e+01
-3.010800000000000054e+01
-2.832499999999999929e+01
-2.636699999999999733e+01
-2.462300000000000111e+01
-2.286100000000000065e+01
-2.110399999999999920e+01
-1.790800000000000125e+01
-1.474400000000000155e+01
-1.168799999999999883e+01
-8.712099999999999511e+00
-5.546800000000000175e+00
-2.408799999999999830e+00
-1.632800000000000085e-01
1.965400000000000036e+00
4.081699999999999662e+00
6.111299999999999955e+00
8.472300000000000608e+00
1.012299999999999933e+01
1.061299999999999955e+01
1.115000000000000036e+01
1.073799999999999955e+01
9.628000000000000114e+00
8.237199999999999633e+00
6.856499999999999595e+00
5.422699999999999854e+00
3.487899999999999778e+00
1.052300000000000013e+00
-1.328300000000000036e+00
-3.788199999999999790e+00
-4.193599999999999994e+00
-2.623000000000000220e+00
-7.660100000000000797e-01
1.231800000000000006e+00
3.176499999999999879e+00
4.911500000000000199e+00
6.533699999999999619e+00
8.121499999999999275e+00
9.689700000000000202e+00
1.125000000000000000e+01
1.268999999999999950e+01
1.263299999999999912e+01
1.163900000000000112e+01
1.064499999999999957e+01
9.534100000000000463e+00
8.440799999999999415e+00
6.082799999999999763e+00
2.974200000000000177e+00
3.835300000000000376e-01
-1.036499999999999977e+00
-2.401199999999999779e+00
-4.176899999999999835e+00
-4.792900000000000382e+00
-2.678900000000000059e+00
-6.936900000000000011e-02
2.659100000000000019e+00
5.469100000000000072e+00
7.375899999999999679e+00
8.334699999999999775e+00
8.349500000000000810e+00
6.547200000000000131e+00
3.882699999999999818e+00
3.194999999999999840e+00
4.129500000000000171e+00
4.914600000000000080e+00
6.158000000000000362e+00
6.651600000000000179e+00
6.238199999999999967e+00
5.746400000000000396e+00
5.190800000000000303e+00
3.426499999999999879e+00
1.206900000000000084e+00
-1.277900000000000036e+00
-2.423500000000000210e+00
-2.047400000000000109e+00
-2.137799999999999923e+00
-2.052900000000000169e+00
-2.087499999999999911e+00
-2.394499999999999851e+00
-3.369299999999999962e+00
-4.355299999999999727e+00
-5.498099999999999987e+00
-6.126199999999999868e+00
-5.612700000000000244e+00
-4.871800000000000352e+00
-4.086100000000000065e+00
-3.013100000000000112e+00
-9.888899999999999357e-01
1.561299999999999910e+00
4.462299999999999933e+00
7.337200000000000166e+00
1.018999999999999950e+01
1.188599999999999923e+01
1.266099999999999959e+01
1.288000000000000078e+01
1.264799999999999969e+01
1.082400000000000162e+01
8.417099999999999582e+00
5.932299999999999685e+00
3.350800000000000001e+00
1.526599999999999957e+00
1.933300000000000018e+00
2.884700000000000042e+00
3.989300000000000068e+00
5.135100000000000442e+00
5.669200000000000017e+00
4.815900000000000070e+00
3.891900000000000137e+00
2.755500000000000060e+00
1.790699999999999958e+00
3.376199999999999757e-01
-1.290699999999999958e+00
-2.329400000000000137e+00
-3.464999999999999858e+00
-3.716200000000000170e+00
-1.751600000000000046e+00
5.900800000000000489e-01
3.092299999999999827e+00
5.602199999999999847e+00
8.115999999999999659e+00
1.058200000000000074e+01
1.165200000000000102e+01
1.157799999999999940e+01
1.139499999999999957e+01
1.109799999999999898e+01
1.087800000000000011e+01
1.021499999999999986e+01
8.443699999999999761e+00
6.061300000000000132e+00
3.555899999999999839e+00
1.054400000000000004e+00
-1.487999999999999989e+00
-3.922000000000000153e+00
-6.471499999999999808e+00
-8.480100000000000193e+00
-9.973499999999999588e+00
-1.086700000000000088e+01
-1.068500000000000050e+01
-1.043599999999999994e+01
-1.004599999999999937e+01
-9.744899999999999451e+00
-9.297800000000000509e+00
-8.496100000000000207e+00
-7.597900000000000098e+00
-6.725600000000000023e+00
-5.797200000000000131e+00
-5.238000000000000433e+00
-4.070700000000000429e+00
-1.911100000000000021e+00
2.336300000000000043e-01
2.411999999999999922e+00
4.254800000000000360e+00
6.284200000000000230e+00
7.470399999999999707e+00
7.552999999999999936e+00
6.803200000000000358e+00
5.236200000000000188e+00
3.677500000000000213e+00
2.009999999999999787e+00
4.028400000000000314e-01
-1.215799999999999992e+00
-2.718799999999999883e+00
-4.333599999999999675e+00
-5.997300000000000075e+00
-7.679400000000000226e+00
-9.360900000000000887e+00
-1.103200000000000003e+01
-1.280000000000000071e+01
-1.437800000000000011e+01
-1.529499999999999993e+01
-1.629799999999999827e+01
-1.713299999999999912e+01
-1.803900000000000148e+01
-1.737800000000000011e+01
-1.629299999999999926e+01
-1.302099999999999902e+01
-7.753700000000000259e+00
-3.008000000000000007e+00
6.180200000000000138e-01
4.031100000000000350e+00
6.735800000000000232e+00
7.493900000000000006e+00
8.057499999999999218e+00
7.855999999999999872e+00
6.595399999999999707e+00
5.196900000000000297e+00
3.682700000000000085e+00
2.232000000000000206e+00
1.053199999999999914e+00
-2.036599999999999799e-01
-8.336899999999999311e-01
-6.505499999999999616e-01
-5.041800000000000725e-01
-1.477899999999999991e+00
-2.704000000000000181e+00
-2.964500000000000135e+00
-2.945500000000000007e+00
-1.721200000000000063e+00
-8.662400000000000655e-02
1.331599999999999895e+00
2.701600000000000001e+00
4.000700000000000145e+00
5.396799999999999820e+00
6.330499999999999794e+00
6.626500000000000057e+00
6.918800000000000061e+00
7.114300000000000068e+00
7.600799999999999557e+00
8.934200000000000585e+00
9.656100000000000350e+00
9.818500000000000227e+00
9.958800000000000097e+00
1.002799999999999869e+01
9.799400000000000333e+00
9.455299999999999372e+00
8.932000000000000384e+00
7.805100000000000371e+00
6.249100000000000321e+00
4.611500000000000377e+00
2.936599999999999877e+00
1.355299999999999949e+00
6.470700000000000063e-02
-1.982099999999999973e+00
-4.312999999999999723e+00
-6.721499999999999808e+00
-9.095700000000000784e+00
-1.157099999999999973e+01
-1.399000000000000021e+01
-1.629200000000000159e+01
-1.818099999999999739e+01
-1.964700000000000202e+01
-2.094599999999999795e+01
-2.242199999999999704e+01
-2.256800000000000139e+01
-2.080300000000000082e+01
-1.894000000000000128e+01
-1.685699999999999932e+01
-1.497900000000000098e+01
-1.356599999999999895e+01
-1.229499999999999993e+01
-1.107599999999999874e+01
-9.613799999999999457e+00
-7.867600000000000371e+00
-6.068599999999999994e+00
-3.836699999999999999e+00
-1.484900000000000109e+00
8.711499999999999799e-01
3.272299999999999986e+00
5.446600000000000108e+00
7.028100000000000236e+00
7.341899999999999871e+00
7.312999999999999723e+00
7.273399999999999643e+00
6.727000000000000313e+00
5.707300000000000040e+00
4.677100000000000257e+00
3.606300000000000061e+00
2.871799999999999908e+00
2.417400000000000215e+00
1.900400000000000089e+00
1.521700000000000053e+00
9.538799999999999502e-01
1.870300000000000074e+00
3.437300000000000022e+00
3.896300000000000097e+00
4.471799999999999997e+00
5.402199999999999669e+00
6.433799999999999741e+00
7.689400000000000013e+00
8.595599999999999241e+00
8.707200000000000273e+00
8.853799999999999670e+00
8.862199999999999633e+00
8.983200000000000074e+00
8.914400000000000546e+00
9.144399999999999196e+00
9.949699999999999989e+00
1.069599999999999973e+01
1.157699999999999996e+01
1.233500000000000085e+01
1.322400000000000020e+01
1.242400000000000126e+01
1.021400000000000041e+01
7.997700000000000031e+00
5.594999999999999751e+00
3.308399999999999785e+00
1.089399999999999924e+00
6.949400000000000022e-01
1.289400000000000102e+00
2.000000000000000000e+00
2.725999999999999979e+00
3.821499999999999897e+00
6.032799999999999940e+00
7.643500000000000405e+00
7.557599999999999874e+00
7.229800000000000004e+00
6.756300000000000416e+00
6.290899999999999714e+00
5.355699999999999683e+00
4.070199999999999818e+00
2.844399999999999817e+00
1.428700000000000081e+00
9.122399999999999398e-01
1.988699999999999912e+00
2.569300000000000139e+00
3.291799999999999837e+00
3.854000000000000092e+00
4.528100000000000236e+00
5.101700000000000124e+00
5.850699999999999790e+00
7.226300000000000168e+00
8.777699999999999392e+00
1.038400000000000034e+01
1.146900000000000119e+01
1.073299999999999876e+01
1.063199999999999967e+01
1.131400000000000006e+01
1.088400000000000034e+01
9.748599999999999710e+00
8.602399999999999380e+00
6.243100000000000094e+00
2.850699999999999790e+00
-4.561100000000000154e-01
-4.054100000000000037e+00
-6.052100000000000257e+00
-6.621699999999999697e+00
-7.870800000000000018e+00
-9.059699999999999420e+00
-1.042500000000000071e+01
-1.167500000000000071e+01
-1.299200000000000088e+01
-1.316900000000000048e+01
-1.274799999999999933e+01
-1.199300000000000033e+01
-1.091699999999999982e+01
-9.871399999999999508e+00
-8.755499999999999616e+00
-7.714699999999999669e+00
-6.555200000000000138e+00
-6.134599999999999831e+00
-6.643600000000000172e+00
-7.216599999999999682e+00
-7.883499999999999730e+00
-8.521100000000000563e+00
-9.174200000000000799e+00
-9.816900000000000404e+00
-1.047900000000000098e+01
-1.103700000000000081e+01
-1.063000000000000078e+01
-9.962099999999999511e+00
-9.220599999999999241e+00
-8.494600000000000151e+00
-7.743500000000000050e+00
-7.030300000000000438e+00
-6.250700000000000145e+00
-5.792699999999999960e+00
-5.839199999999999946e+00
-5.957300000000000040e+00
-6.105999999999999872e+00
-6.255799999999999805e+00
-6.402400000000000091e+00
-6.553600000000000314e+00
-6.701699999999999768e+00
-6.791500000000000092e+00
-6.094299999999999606e+00
-5.104199999999999626e+00
-4.088199999999999612e+00
-3.039600000000000080e+00
-2.014299999999999979e+00
-9.824500000000000455e-01
1.753699999999999981e-01
1.470399999999999929e+00
2.794299999999999784e+00
4.852500000000000036e+00
7.114899999999999558e+00
9.491899999999999338e+00
1.139400000000000013e+01
1.264299999999999891e+01
1.390499999999999936e+01
1.467500000000000071e+01
1.423099999999999987e+01
1.359299999999999997e+01
1.286500000000000021e+01
1.233999999999999986e+01
1.191599999999999859e+01
1.152700000000000102e+01
1.112400000000000055e+01
1.069299999999999962e+01
9.616300000000000736e+00
8.367300000000000182e+00
7.348700000000000010e+00
6.374100000000000321e+00
5.421299999999999564e+00
4.456299999999999706e+00
3.509399999999999853e+00
2.353000000000000203e+00
1.046499999999999986e+00
-2.791800000000000392e-01
-1.639100000000000001e+00
-3.003400000000000070e+00
-4.360800000000000232e+00
-5.718899999999999650e+00
-7.073699999999999655e+00
-8.488899999999999224e+00
-9.893299999999999983e+00
-1.135099999999999909e+01
-1.287599999999999945e+01
-1.430700000000000038e+01
-1.491599999999999859e+01
-1.533000000000000007e+01
-1.568599999999999994e+01
-1.590299999999999869e+01
-1.602100000000000080e+01
-1.619500000000000028e+01
-1.605900000000000105e+01
-1.527799999999999869e+01
-1.439299999999999891e+01
-1.347099999999999831e+01
-1.230799999999999983e+01
-1.099499999999999922e+01
-9.659399999999999764e+00
-8.316399999999999793e+00
-6.970600000000000129e+00
-5.646200000000000330e+00
-4.151299999999999990e+00
-2.782900000000000151e+00
-2.112099999999999866e+00
-1.549400000000000110e+00
-1.053900000000000059e+00
-5.322399999999999354e-01
-4.398099999999999926e-02
5.935600000000000875e-01
1.686299999999999910e+00
3.234399999999999942e+00
4.902000000000000135e+00
6.636999999999999567e+00
7.965600000000000236e+00
8.268700000000000827e+00
8.456400000000000361e+00
8.573700000000000543e+00
8.844099999999999184e+00
9.126300000000000523e+00
9.117800000000000793e+00
7.517000000000000348e+00
5.633099999999999774e+00
3.727399999999999824e+00
3.344100000000000072e+00
2.976199999999999957e+00
2.340399999999999814e+00
1.671499999999999986e+00
1.062999999999999945e+00
1.078100000000000058e+00
1.455600000000000005e+00
2.177099999999999813e+00
3.029799999999999827e+00
3.416999999999999815e+00
2.003200000000000092e+00
3.514300000000000201e-01
-1.519600000000000062e+00
-2.681099999999999817e+00
-3.326900000000000190e+00
-3.778099999999999792e+00
-4.403500000000000192e+00
-3.879199999999999982e+00
-1.503700000000000037e+00
9.957200000000000495e-01
3.339500000000000135e+00
5.501400000000000290e+00
6.321500000000000341e+00
6.706000000000000405e+00
6.655100000000000016e+00
5.590600000000000236e+00
4.045899999999999608e+00
2.375500000000000167e+00
6.911699999999999511e-01
-9.286600000000000410e-01
-2.651899999999999924e+00
-3.060999999999999943e+00
-1.879899999999999904e+00
-5.596399999999999153e-01
8.885399999999999965e-01
2.352700000000000014e+00
3.937399999999999789e+00
5.064400000000000013e+00
6.188799999999999635e+00
6.911400000000000432e+00
6.210200000000000387e+00
5.185599999999999987e+00
4.109799999999999898e+00
3.072700000000000209e+00
2.137199999999999989e+00
1.117099999999999982e+00
6.166599999999999859e-01
9.865500000000000380e-01
1.405999999999999917e+00
2.024300000000000210e+00
3.550100000000000033e+00
5.371699999999999697e+00
7.213099999999999845e+00
9.115500000000000824e+00
1.085099999999999909e+01
1.224799999999999933e+01
1.358300000000000018e+01
1.492500000000000071e+01
1.600799999999999912e+01
1.575699999999999967e+01
1.508599999999999852e+01
1.435099999999999909e+01
1.289400000000000013e+01
1.092300000000000004e+01
8.953599999999999781e+00
7.227500000000000036e+00
5.796800000000000175e+00
4.355800000000000338e+00
2.949199999999999822e+00
1.621899999999999897e+00
6.460799999999999876e-01
-2.952899999999999969e-01
-5.047399999999999665e-01
5.661100000000000021e-01
2.115200000000000191e+00
3.773299999999999876e+00
5.290300000000000225e+00
6.218600000000000350e+00
6.987300000000000288e+00
7.655800000000000161e+00
7.139000000000000234e+00
6.234700000000000131e+00
4.969100000000000072e+00
2.659699999999999953e+00
-6.786800000000000610e-01
-4.587299999999999933e+00
-8.044000000000000483e+00
-1.044800000000000040e+01
-1.210299999999999976e+01
-1.385599999999999987e+01
-1.384299999999999997e+01
-1.231000000000000050e+01
-1.076900000000000013e+01
-8.877399999999999736e+00
-6.575099999999999945e+00
-3.638300000000000090e+00
3.953400000000000247e-01
2.086699999999999999e+00
1.920500000000000096e+00
1.254699999999999926e+00
-6.979100000000000303e-01
-2.792100000000000026e+00
-5.039100000000000357e+00
-7.166400000000000325e+00
-9.715600000000000236e+00
-1.310799999999999876e+01
-1.672700000000000031e+01
-1.939199999999999946e+01
-2.167300000000000182e+01
-2.276300000000000168e+01
-2.227199999999999847e+01
-2.172899999999999920e+01
-2.080499999999999972e+01
-1.972799999999999798e+01
-1.857499999999999929e+01
-1.739799999999999969e+01
-1.571400000000000041e+01
-1.415000000000000036e+01
-1.286200000000000010e+01
-1.123900000000000077e+01
-9.115700000000000358e+00
-7.127500000000000391e+00
-5.117099999999999760e+00
-3.431799999999999962e+00
-1.817499999999999893e+00
-8.790000000000000036e-01
-1.097299999999999942e+00
-1.636800000000000033e+00
-4.198500000000000121e+00
-7.861299999999999955e+00
-1.150999999999999979e+01
-1.350999999999999979e+01
-1.375599999999999845e+01
-1.336700000000000088e+01
-1.082900000000000063e+01
-7.388099999999999667e+00
-4.687100000000000044e+00
-2.072599999999999998e+00
-6.925100000000000873e-03
1.800699999999999967e+00
3.417300000000000004e+00
5.078100000000000058e+00
6.454600000000000115e+00
7.718600000000000350e+00
8.944499999999999673e+00
1.042300000000000004e+01
1.237500000000000000e+01
1.426700000000000124e+01
1.537700000000000067e+01
1.645299999999999940e+01
1.748799999999999955e+01
1.893299999999999983e+01
2.060399999999999920e+01
2.239699999999999847e+01
2.291300000000000026e+01
2.274599999999999866e+01
2.149300000000000210e+01
2.014900000000000091e+01
1.873600000000000065e+01
1.756599999999999895e+01
1.611899999999999977e+01
1.452099999999999902e+01
1.314599999999999902e+01
1.048000000000000043e+01
8.875000000000000000e+00
8.250999999999999446e+00
8.147899999999999920e+00
9.875299999999999301e+00
1.198599999999999888e+01
1.242799999999999905e+01
1.207099999999999973e+01
1.148499999999999943e+01
1.067099999999999937e+01
1.061599999999999966e+01
1.021700000000000053e+01
9.683099999999999596e+00
8.144299999999999429e+00
5.682999999999999829e+00
3.686900000000000066e+00
1.917100000000000026e+00
3.054899999999999977e-02
-2.278599999999999959e+00
-4.753099999999999881e+00
-7.008600000000000385e+00
-8.877399999999999736e+00
-1.057900000000000063e+01
-1.206299999999999883e+01
-1.346499999999999986e+01
-1.341699999999999982e+01
-1.289000000000000057e+01
-1.228099999999999881e+01
-1.164400000000000013e+01
-1.054199999999999982e+01
-9.120100000000000762e+00
-7.609799999999999898e+00
-6.097100000000000186e+00
-4.600500000000000256e+00
-2.881299999999999972e+00
-1.077499999999999902e+00
4.192899999999999405e-01
1.254699999999999926e+00
1.980699999999999905e+00
2.574899999999999967e+00
3.115800000000000125e+00
2.480399999999999938e+00
1.448499999999999899e+00
4.602499999999999925e-01
8.251499999999999113e-02
2.187300000000000095e-03
3.309900000000000064e-01
7.892700000000000271e-01
6.756400000000000183e-01
-5.617999999999999661e-01
-1.860000000000000098e+00
-3.845699999999999896e+00
-6.589699999999999669e+00
-9.364599999999999369e+00
-1.100999999999999979e+01
-1.270900000000000141e+01
-1.368900000000000006e+01
-1.344999999999999929e+01
-1.311900000000000155e+01
-1.247499999999999964e+01
-1.180700000000000038e+01
-1.142999999999999972e+01
-1.115799999999999947e+01
-1.027999999999999936e+01
-8.838400000000000034e+00
-7.327300000000000146e+00
-5.596899999999999764e+00
-4.124600000000000044e+00
-2.761299999999999866e+00
-1.409899999999999931e+00
-3.763199999999999878e-01
5.297600000000000087e-01
1.580699999999999994e+00
2.153399999999999981e+00
1.613899999999999890e+00
8.127499999999999725e-01
-4.864999999999999880e-02
-1.115699999999999914e+00
-3.168200000000000127e+00
-5.556700000000000195e+00
-7.483299999999999841e+00
-8.444100000000000605e+00
-8.532299999999999329e+00
-8.434499999999999886e+00
-8.299699999999999633e+00
-8.150100000000000122e+00
-7.515900000000000247e+00
-6.389700000000000379e+00
-5.215099999999999625e+00
-3.883900000000000130e+00
-2.299199999999999910e+00
-6.774799999999999711e-01
3.250600000000000156e-01
8.613299999999999290e-01
1.401299999999999990e+00
1.691300000000000026e+00
1.272699999999999942e+00
5.744600000000000817e-01
-1.499000000000000055e-01
-8.889700000000000379e-01
-1.679899999999999949e+00
-3.317600000000000104e+00
-5.275699999999999612e+00
-6.909099999999999575e+00
-7.449099999999999611e+00
-7.679100000000000037e+00
-7.793199999999999683e+00
-7.992399999999999949e+00
-7.650500000000000078e+00
-6.218700000000000117e+00
-4.622399999999999842e+00
-2.947099999999999831e+00
-1.301099999999999923e+00
3.567400000000000015e-01
1.851099999999999968e+00
3.294099999999999806e+00
4.793499999999999872e+00
6.226600000000000357e+00
7.925300000000000011e+00
9.542600000000000193e+00
1.064599999999999902e+01
1.138199999999999967e+01
1.140099999999999980e+01
1.136900000000000155e+01
1.125300000000000011e+01
1.118999999999999950e+01
1.117999999999999972e+01
1.130900000000000105e+01
1.147299999999999898e+01
1.157799999999999940e+01
1.124699999999999989e+01
1.072000000000000064e+01
1.027700000000000102e+01
9.684900000000000730e+00
1.000500000000000078e+01
1.119099999999999895e+01
1.273299999999999876e+01
1.443200000000000038e+01
1.616000000000000014e+01
1.661200000000000188e+01
1.615200000000000102e+01
1.563400000000000034e+01
1.497400000000000020e+01
1.371299999999999919e+01
1.171400000000000041e+01
8.992100000000000648e+00
6.219899999999999984e+00
3.370600000000000041e+00
9.777799999999999825e-01
-1.357599999999999918e+00
-3.068799999999999972e+00
-3.991299999999999848e+00
-4.800399999999999778e+00
-5.493100000000000094e+00
-6.205899999999999750e+00
-6.932599999999999874e+00
-7.616699999999999804e+00
-7.594599999999999795e+00
-7.440199999999999925e+00
-7.187999999999999723e+00
-6.989300000000000068e+00
-6.416999999999999815e+00
-5.458899999999999864e+00
-4.498800000000000132e+00
-3.500700000000000145e+00
-2.533900000000000041e+00
-1.767800000000000038e+00
-7.240800000000000569e-01
8.545299999999999008e-01
2.449399999999999800e+00
4.120400000000000063e+00
4.987000000000000099e+00
5.515600000000000058e+00
5.713400000000000034e+00
5.051099999999999923e+00
4.293099999999999916e+00
3.495400000000000063e+00
2.669099999999999806e+00
1.829399999999999915e+00
8.342399999999999816e-01
-1.149099999999999844e-01
-1.073900000000000077e+00
-1.811500000000000110e+00
-2.230900000000000105e+00
-2.936100000000000154e+00
-3.640200000000000102e+00
-4.126599999999999824e+00
-4.395599999999999952e+00
-4.693100000000000271e+00
-4.650199999999999889e+00
-4.833599999999999675e+00
-5.392599999999999838e+00
-5.238000000000000433e+00
-4.858500000000000263e+00
-4.392199999999999882e+00
-4.327600000000000335e+00
-4.146399999999999864e+00
-3.438299999999999912e+00
-2.714199999999999946e+00
-1.485600000000000032e+00
7.592200000000000337e-02
1.347399999999999931e+00
2.112499999999999822e+00
2.841200000000000170e+00
3.346799999999999997e+00
3.827199999999999935e+00
4.136899999999999800e+00
4.365199999999999747e+00
4.579299999999999926e+00
4.775500000000000078e+00
5.155199999999999783e+00
5.621500000000000163e+00
6.091999999999999638e+00
6.365599999999999703e+00
5.975699999999999790e+00
5.489399999999999835e+00
4.970100000000000406e+00
3.988799999999999901e+00
2.437300000000000022e+00
8.041199999999999459e-01
-2.395300000000000207e+00
-5.870300000000000296e+00
-9.233000000000000540e+00
-1.075999999999999979e+01
-1.208500000000000085e+01
-1.243999999999999950e+01
-1.190000000000000036e+01
-1.134099999999999930e+01
-1.077299999999999969e+01
-1.021299999999999919e+01
-9.701599999999999113e+00
-9.212699999999999889e+00
-8.678399999999999892e+00
-7.789799999999999613e+00
-7.187700000000000422e+00
-7.041500000000000092e+00
-7.469100000000000072e+00
-7.990499999999999936e+00
-8.612099999999999866e+00
-8.372700000000000031e+00
-7.297100000000000364e+00
-6.419200000000000017e+00
-5.855599999999999916e+00
-5.067700000000000315e+00
-3.235700000000000021e+00
-1.243400000000000061e+00
9.500499999999999501e-01
3.326099999999999834e+00
4.993100000000000094e+00
6.600100000000000300e+00
7.792699999999999960e+00
8.160500000000000753e+00
8.722200000000000841e+00
9.395500000000000185e+00
9.650000000000000355e+00
9.158400000000000318e+00
8.673799999999999955e+00
7.957499999999999574e+00
6.986900000000000333e+00
5.739799999999999791e+00
4.365300000000000402e+00
3.158199999999999896e+00
2.431500000000000217e+00
1.879699999999999926e+00
2.039699999999999847e+00
2.355700000000000127e+00
2.503200000000000092e+00
2.138900000000000023e+00
1.882100000000000106e+00
1.855900000000000105e+00
1.903499999999999970e+00
1.942900000000000071e+00
1.985100000000000087e+00
2.362400000000000055e+00
3.003600000000000048e+00
3.655100000000000016e+00
4.238599999999999923e+00
3.996900000000000119e+00
3.534199999999999786e+00
3.156299999999999883e+00
2.210599999999999898e+00
6.520699999999999275e-01
-8.663799999999999280e-01
-2.322400000000000020e+00
-3.734700000000000131e+00
-5.230000000000000426e+00
-6.394400000000000084e+00
-6.552599999999999980e+00
-6.503000000000000114e+00
-6.547799999999999621e+00
-6.754100000000000215e+00
-6.939099999999999824e+00
-6.733500000000000263e+00
-6.297699999999999854e+00
-5.878099999999999881e+00
-5.370000000000000107e+00
-4.870599999999999596e+00
-4.372399999999999842e+00
-4.017100000000000115e+00
-3.181799999999999962e+00
-2.168600000000000083e+00
-9.925700000000000633e-01
3.948400000000000243e-01
1.810999999999999943e+00
3.225699999999999790e+00
4.639300000000000423e+00
5.879999999999999893e+00
6.772400000000000198e+00
7.697300000000000253e+00
8.688200000000000145e+00
9.684699999999999420e+00
1.067300000000000004e+01
1.101799999999999891e+01
1.030599999999999916e+01
9.384199999999999875e+00
8.393800000000000594e+00
7.405899999999999928e+00
5.894199999999999662e+00
3.527000000000000135e+00
1.110200000000000076e+00
-1.061900000000000066e+00
-3.130900000000000016e+00
-5.186300000000000132e+00
-5.997099999999999653e+00
-6.074399999999999800e+00
-5.806099999999999817e+00
-5.222000000000000419e+00
-4.672799999999999621e+00
-4.113800000000000345e+00
-4.175300000000000011e+00
-4.402199999999999669e+00
-4.929000000000000270e+00
-5.456999999999999851e+00
-6.064600000000000435e+00
-5.998400000000000176e+00
-5.444899999999999629e+00
-4.866500000000000270e+00
-4.248300000000000409e+00
-3.665000000000000036e+00
-3.530600000000000183e+00
-3.487000000000000099e+00
-3.489399999999999835e+00
-3.463200000000000056e+00
-3.460599999999999898e+00
-3.164699999999999847e+00
-2.679499999999999993e+00
-2.173299999999999788e+00
-1.649599999999999955e+00
-1.186800000000000077e+00
-8.893299999999999539e-01
1.131500000000000040e-02
1.015300000000000091e+00
2.059099999999999930e+00
3.101900000000000102e+00
4.113699999999999690e+00
4.945299999999999585e+00
5.730999999999999872e+00
6.773100000000000342e+00
8.064199999999999591e+00
9.301899999999999835e+00
1.011700000000000088e+01
1.098700000000000010e+01
1.177500000000000036e+01
1.271000000000000085e+01
1.289499999999999957e+01
1.218299999999999983e+01
1.148200000000000109e+01
1.066000000000000014e+01
1.006600000000000072e+01
9.626599999999999824e+00
8.638600000000000279e+00
7.052800000000000402e+00
5.469999999999999751e+00
3.800800000000000178e+00
2.440700000000000092e+00
1.277300000000000102e+00
6.491799999999998960e-02
-1.539900000000000047e+00
-4.062999999999999723e+00
-6.512299999999999756e+00
-8.193099999999999383e+00
-9.274200000000000443e+00
-1.030000000000000071e+01
-1.051700000000000124e+01
-1.027099999999999902e+01
-1.008200000000000074e+01
-9.856799999999999784e+00
-9.716799999999999216e+00
-9.723200000000000287e+00
-9.781299999999999883e+00
-1.026200000000000045e+01
-1.092900000000000027e+01
-1.160700000000000109e+01
-1.230499999999999972e+01
-1.269999999999999929e+01
-1.287500000000000000e+01
-1.303200000000000003e+01
-1.319999999999999929e+01
-1.312599999999999945e+01
-1.241300000000000026e+01
-1.148099999999999987e+01
-1.054099999999999859e+01
-9.648999999999999133e+00
-8.745799999999999130e+00
-7.738000000000000433e+00
-6.785999999999999588e+00
-5.803799999999999848e+00
-4.821299999999999919e+00
-3.532599999999999962e+00
-2.471000000000000085e+00
-1.785800000000000054e+00
-1.547600000000000087e+00
-1.480599999999999916e+00
-1.446600000000000108e+00
-1.210599999999999898e+00
-7.463699999999999779e-01
-3.747699999999999920e-01
-4.349399999999999794e-02
2.176500000000000101e-01
8.376899999999999347e-01
2.159800000000000164e+00
3.628299999999999859e+00
5.034200000000000230e+00
6.172699999999999854e+00
7.289600000000000080e+00
8.426199999999999690e+00
9.235699999999999577e+00
9.341100000000000847e+00
9.373300000000000409e+00
9.779099999999999682e+00
1.048099999999999987e+01
1.119999999999999929e+01
1.186800000000000033e+01
1.223400000000000176e+01
1.250099999999999945e+01
1.272499999999999964e+01
1.273400000000000176e+01
1.268500000000000050e+01
1.247000000000000064e+01
1.205799999999999983e+01
1.146900000000000119e+01
1.096299999999999919e+01
1.020599999999999952e+01
9.174599999999999866e+00
8.014300000000000423e+00
6.837299999999999933e+00
5.635900000000000354e+00
4.854099999999999859e+00
4.410000000000000142e+00
3.986499999999999932e+00
3.553900000000000059e+00
3.156899999999999817e+00
2.746999999999999886e+00
2.458600000000000119e+00
2.228299999999999947e+00
2.153200000000000003e+00
2.195899999999999963e+00
2.248400000000000176e+00
2.295700000000000074e+00
2.151400000000000201e+00
1.382800000000000029e+00
5.382500000000000062e-01
-3.783699999999999841e-01
-1.038899999999999935e+00
-1.875999999999999890e+00
-2.837299999999999933e+00
-3.781000000000000139e+00
-4.737099999999999866e+00
-5.276399999999999757e+00
-5.287099999999999689e+00
-5.235299999999999621e+00
-5.109799999999999898e+00
-4.985299999999999621e+00
-4.857899999999999885e+00
-4.649300000000000210e+00
-4.475100000000000300e+00
-4.335200000000000387e+00
-4.177299999999999791e+00
-4.042500000000000426e+00
-3.804100000000000037e+00
-3.312500000000000000e+00
-2.713299999999999823e+00
-2.103600000000000136e+00
-1.509200000000000097e+00
-1.221300000000000052e+00
-1.176299999999999901e+00
-1.526999999999999913e+00
-1.915499999999999980e+00
-2.438600000000000101e+00
-3.241699999999999804e+00
-4.168300000000000338e+00
-5.020500000000000185e+00
-5.857999999999999652e+00
-6.009299999999999642e+00
-5.769000000000000128e+00
-5.491600000000000037e+00
-5.143299999999999983e+00
-4.492899999999999672e+00
-4.349899999999999878e+00
-4.326200000000000045e+00
-4.376999999999999780e+00
-4.270999999999999908e+00
-3.952199999999999935e+00
-3.607200000000000184e+00
-2.944900000000000073e+00
-1.774999999999999911e+00
-4.370199999999999640e-01
5.245499999999999607e-01
1.124600000000000044e+00
1.650500000000000078e+00
2.109599999999999920e+00
2.625100000000000211e+00
3.170900000000000052e+00
3.433899999999999952e+00
3.521900000000000031e+00
3.509900000000000020e+00
3.625300000000000189e+00
4.129400000000000404e+00
4.384100000000000108e+00
4.270400000000000418e+00
4.060399999999999565e+00
3.620000000000000107e+00
2.520099999999999785e+00
6.040800000000000614e-01
6.547999999999999654e-02
