9.390500000000000301e-05
-5.451300000000000937e-03
-8.987599999999999669e-04
-5.291800000000000150e-03
-6.914900000000000083e-04
-5.388200000000000107e-03
1.510999999999999865e-04
-4.837699999999999466e-03
2.045200000000000056e-03
7.445100000000000502e-03
2.843299999999999994e-02
4.245799999999999574e-02
3.799899999999999806e-02
-3.149500000000000216e-02
-3.214900000000000396e-02
-2.214300000000000209e-03
-6.259800000000000086e-02
-2.662800000000000167e-01
1.979299999999999948e-01
3.744000000000000106e-01
-1.514899999999999913e+00
-2.468399999999999928e+00
-1.866900000000000004e+00
-1.608999999999999986e+00
3.980400000000000049e-01
-1.402800000000000047e+00
-4.662799999999999834e+00
-3.949300000000000033e+00
-3.728000000000000203e+00
-1.345299999999999940e+00
2.377200000000000202e+00
4.019400000000000084e+00
2.487400000000000055e+00
3.130500000000000060e+00
1.161099999999999888e+01
1.080700000000000038e+01
1.256799999999999917e+00
2.406800000000000050e+00
2.702399999999999913e+00
-4.813399999999999679e+00
-8.427599999999999980e+00
-5.642400000000000304e+00
-8.526299999999998880e-01
3.416199999999999903e+00
-1.366200000000000081e+00
-6.572799999999999976e+00
2.172499999999999876e+00
5.434199999999999697e+00
2.736699999999999910e+00
5.711000000000000298e+00
5.428700000000000081e+00
1.769099999999999895e+00
-6.885399999999999299e-01
-1.642099999999999893e+00
2.438599999999999934e-01
-2.659899999999999931e+00
-5.600799999999999557e+00
-3.570100000000000051e+00
-4.411500000000000199e+00
-8.047299999999999898e+00
-1.089099999999999824e+01
-5.611299999999999955e+00
-1.503200000000000092e+00
2.972399999999999931e+00
7.007600000000000051e+00
5.885600000000000831e-01
-1.001400000000000068e+00
2.344100000000000072e+00
4.742799999999999905e+00
6.664900000000000269e+00
6.788199999999999790e+00
6.892699999999999605e+00
4.010900000000000354e+00
-2.457099999999999909e-02
3.354499999999999815e+00
9.994799999999999685e+00
6.971599999999999575e+00
1.559399999999999897e+00
-5.170499999999999652e+00
-1.218099999999999916e+01
-2.816399999999999793e+00
6.414200000000000124e+00
-1.179100000000000037e+00
-7.862199999999999633e+00
-4.348900000000000432e+00
-5.136499999999999844e+00
-9.996900000000000119e+00
-5.561200000000000365e+00
2.571800000000000086e+00
5.795899999999999608e+00
3.801099999999999923e+00
1.760299999999999976e+00
5.458800000000000319e-01
-3.074800000000000311e-01
1.163000000000000034e+00
3.579800000000000093e+00
8.600699999999999790e+00
6.646499999999999631e+00
-5.516099999999999781e+00
-9.093999999999999417e+00
1.600400000000000045e+00
6.099400000000000155e+00
2.328199999999999825e+00
2.256299999999999972e+00
1.627200000000000035e-01
-6.202600000000000335e+00
-5.275599999999999845e+00
-4.010900000000000021e-01
7.627599999999999658e-02
-5.674599999999999866e+00
-6.613100000000000200e+00
1.609099999999999975e-01
2.628200000000000092e+00
-2.879200000000000093e-01
-1.721500000000000030e+00
2.568900000000000183e+00
5.817800000000000082e+00
-1.816300000000000026e+00
-1.294599999999999973e+01
-1.460799999999999876e+01
-1.198700000000000010e+01
-4.794500000000000206e+00
8.740899999999999226e-01
-1.994199999999999973e+00
-3.090199999999999836e+00
-1.089099999999999957e+00
4.484199999999999853e-01
1.517099999999999893e+00
1.351900000000000102e+00
1.410500000000000087e+00
4.622499999999999609e+00
9.086800000000000210e+00
8.407999999999999474e+00
5.331000000000000405e+00
4.162399999999999434e-01
-1.293099999999999916e+00
2.524000000000000021e+00
1.438700000000000090e+00
-1.666700000000000070e+00
-2.252600000000000158e+00
-8.826600000000000001e-01
6.139600000000000612e-01
-3.204899999999999971e-01
-9.817399999999999460e-01
-6.543700000000000294e+00
-1.292799999999999905e+01
-8.016099999999999781e+00
-1.250899999999999901e+00
3.871600000000000041e-01
1.940900000000000070e+00
4.377399999999999736e+00
8.127000000000000668e+00
5.028299999999999770e+00
-3.094800000000000217e+00
9.032299999999999773e-01
8.568400000000000460e+00
8.010999999999999233e+00
2.614100000000000090e+00
-3.710900000000000087e+00
-4.027499999999999858e+00
5.570100000000000051e-01
3.891500000000000181e+00
6.168400000000000105e+00
9.334699999999999775e+00
4.501999999999999780e+00
-6.697099999999999831e+00
-8.107599999999999696e+00
-4.920600000000000307e+00
-7.128800000000000692e-01
3.749200000000000088e+00
3.409199999999999786e+00
5.638700000000000045e+00
6.794999999999999929e+00
-4.617899999999999672e+00
-1.045500000000000007e+01
-4.773600000000000065e+00
-8.711999999999999744e-01
-5.668699999999999850e-01
-5.454900000000000304e+00
-1.050999999999999979e+01
-1.291599999999999859e+01
-9.763199999999999434e+00
1.776699999999999946e+00
7.398900000000000254e+00
5.828299999999999592e+00
8.003600000000000492e+00
1.014499999999999957e+01
8.154600000000000293e+00
5.656600000000000072e+00
-1.945300000000000029e+00
-1.079299999999999926e+01
-3.747799999999999798e+00
9.267099999999999227e+00
1.274200000000000088e+01
9.453599999999999781e+00
2.067099999999999937e+00
-2.366899999999999782e+00
3.783399999999999874e+00
5.641700000000000159e+00
1.358600000000000030e+00
3.107899999999999885e+00
8.508300000000000585e-02
-8.157199999999999562e+00
-8.373200000000000642e+00
-2.383900000000000130e+00
-2.661900000000000155e+00
8.220899999999999874e-01
7.797600000000000087e+00
4.126100000000000101e+00
1.229999999999999982e+00
-1.800200000000000022e+00
-4.692700000000000315e+00
-2.167100000000000026e+00
-3.624100000000000099e-01
9.067200000000000815e-01
1.337399999999999922e+00
3.974000000000000199e+00
3.126700000000000035e+00
-5.206699999999999662e-01
1.618800000000000017e+00
1.265200000000000102e+00
-2.227199999999999847e+00
-5.219699999999999562e+00
-7.631499999999999950e+00
-3.762199999999999989e+00
2.466499999999999915e+00
4.687199999999999811e+00
3.912199999999999900e+00
4.716099999999999959e+00
6.998700000000000365e+00
2.172400000000000109e+00
1.368800000000000017e+00
3.762900000000000134e+00
-2.263900000000000023e+00
-4.669200000000000017e+00
-3.766199999999999992e+00
-6.610999999999999766e+00
-5.570199999999999818e+00
1.621899999999999897e+00
5.655499999999999972e+00
3.230399999999999938e+00
-2.268699999999999939e+00
-6.361500000000000377e+00
-7.764300000000000646e-01
3.833699999999999886e+00
-7.707699999999999996e+00
-6.279899999999999594e+00
8.952400000000000801e+00
1.118999999999999950e+01
5.119100000000000428e+00
-2.033999999999999808e+00
-2.295500000000000096e+00
5.688200000000000200e-02
-6.922200000000000131e+00
-6.349000000000000199e+00
2.646399999999999864e+00
-1.695400000000000018e+00
-3.930299999999999905e+00
4.363000000000000433e+00
7.088899999999999757e+00
6.358900000000000219e+00
8.861700000000000799e+00
4.615400000000000169e+00
-5.015100000000000335e+00
-6.933399999999999785e+00
-3.399900000000000144e+00
2.449100000000000055e+00
8.435899999999999510e-01
-2.124299999999999855e+00
2.524599999999999955e+00
1.017600000000000060e+00
-2.392799999999999816e+00
1.782099999999999795e-01
-4.066900000000000404e+00
-5.928899999999999615e+00
3.692299999999999915e+00
3.800100000000000033e+00
-1.137799999999999923e-01
-4.576500000000000012e-01
-2.429300000000000015e+00
-5.231200000000000294e-01
5.171400000000000219e+00
3.528300000000000214e+00
-3.321299999999999919e+00
-5.261999999999999567e+00
-9.949699999999999989e+00
-8.521200000000000330e+00
-1.670900000000000052e+00
4.711500000000000021e+00
1.128700000000000081e+01
5.500799999999999912e+00
-2.505199999999999871e+00
-1.961299999999999988e-01
2.499400000000000066e+00
-7.399700000000000166e-01
-1.317900000000000071e+00
-9.197200000000000930e-01
1.147299999999999986e+00
-3.977600000000000025e-01
-7.210399999999999920e+00
-6.735599999999999810e+00
-7.512100000000000222e+00
-9.849000000000000199e+00
-6.046599999999999753e+00
-4.620000000000000107e+00
-2.853299999999999947e+00
9.899700000000001276e-01
3.459200000000000053e-01
-2.953199999999999714e-01
-7.679899999999999505e-01
1.899500000000000077e-01
4.415899999999999714e+00
1.049400000000000110e+00
1.449899999999999967e+00
6.306199999999999584e+00
3.079699999999999882e+00
2.137599999999999945e+00
2.423699999999999743e-01
-2.324300000000000033e+00
-2.024099999999999788e-01
4.293000000000000149e+00
4.060699999999999754e+00
-2.311700000000000088e+00
3.451099999999999723e-01
3.090300000000000047e+00
-3.697700000000000209e+00
-4.098700000000000010e+00
-1.905799999999999939e+00
-1.371699999999999919e+00
2.280199999999999727e-01
3.235099999999999643e-01
-4.319600000000000696e-03
-4.520500000000000185e+00
-8.594500000000000028e+00
-2.451900000000000190e+00
2.536399999999999988e+00
-2.957199999999999829e+00
-3.821200000000000152e+00
-1.731000000000000094e+00
-3.253400000000000070e+00
1.632100000000000106e+00
4.296299999999999564e+00
4.701800000000000423e+00
1.151500000000000057e+01
6.953999999999999737e+00
-2.086800000000000210e+00
-1.960499999999999909e+00
-4.184800000000000075e+00
-3.439999999999999725e-01
8.687400000000000233e+00
5.994100000000000428e+00
-4.056599999999999651e-01
-1.604600000000000026e+00
-1.433000000000000052e+00
-4.170399999999999885e+00
-6.105000000000000426e+00
-2.655400000000000205e+00
3.153999999999999915e+00
4.770999999999999908e+00
6.159399999999999320e-01
1.589399999999999924e+00
6.984899999999999665e+00
3.457599999999999785e+00
1.165300000000000002e+00
-7.975300000000000722e-01
-8.433699999999999974e+00
-5.378400000000000070e+00
1.036599999999999966e+00
1.228599999999999914e+00
5.926399999999999446e-01
-6.792300000000000004e-01
-1.804100000000000037e+00
-4.417399999999999771e+00
-4.641899999999999693e+00
3.387300000000000311e-01
2.904300000000000104e+00
2.517900000000000138e-01
-5.505299999999999638e-01
4.891399999999999637e-01
1.524199999999999999e+00
1.936299999999999910e+00
2.535200000000000120e+00
3.020000000000000018e+00
5.171100000000000696e-01
-2.862399999999999944e-01
-3.400199999999999889e-01
-1.060200000000000031e+00
-4.726499999999999702e+00
-7.464699999999999669e+00
8.366399999999999393e-01
5.059599999999999653e+00
4.819200000000000372e+00
6.448100000000000165e+00
1.389599999999999946e+00
-7.963000000000000078e-01
-2.971300000000000052e-01
-4.392899999999999583e-01
3.969500000000000028e+00
6.147499999999999964e+00
3.383399999999999963e+00
2.674300000000000122e+00
7.360800000000000232e+00
8.096099999999999852e+00
4.073900000000000077e+00
-2.405100000000000016e+00
-8.995599999999999596e+00
-6.816300000000000026e+00
-6.689400000000000013e+00
-2.267100000000000115e+00
6.206999999999999851e+00
6.750700000000000145e+00
8.594400000000000261e+00
8.530200000000000671e+00
4.705899999999999750e+00
3.885200000000000209e+00
4.708800000000000097e+00
-1.963700000000000168e-01
-4.234300000000000175e+00
7.924600000000000533e-01
5.792599999999999971e-01
-2.081100000000000172e+00
1.717000000000000082e+00
3.093999999999999861e+00
-1.748599999999999932e+00
-8.653700000000000614e+00
-9.999499999999999389e+00
-5.807800000000000296e+00
-3.691500000000000004e+00
2.132099999999999884e+00
6.198500000000000121e+00
-2.130800000000000194e-01
-2.226700000000000124e+00
1.169800000000000006e-01
-3.818599999999999994e+00
-1.182199999999999918e+00
7.044200000000000017e+00
6.047500000000000320e+00
2.956100000000000172e+00
2.368799999999999795e+00
2.383100000000000218e+00
2.745099999999999874e+00
2.584000000000000075e+00
4.064000000000000057e+00
-1.272299999999999820e-01
-9.778700000000000614e+00
-1.058999999999999986e+01
-5.645599999999999952e+00
-4.549999999999999822e+00
-1.302899999999999947e+00
-1.380900000000000016e+00
-5.799299999999999677e+00
-1.431200000000000028e+00
3.914600000000000080e+00
3.091800000000000104e+00
1.964199999999999946e+00
2.085799999999999876e+00
2.942600000000000104e+00
2.470899999999999874e+00
9.789899999999999158e-01
-2.716000000000000081e-01
-1.953400000000000025e+00
-5.098300000000000054e+00
-8.309599999999999653e+00
-2.370999999999999996e+00
2.905699999999999950e+00
4.649499999999999744e-01
2.576499999999999790e+00
6.614499999999999602e+00
7.180699999999999861e+00
2.472999999999999865e+00
-1.366600000000000037e+00
7.702799999999999647e-01
-1.267500000000000071e+00
-4.779499999999999638e+00
-2.799900000000000055e+00
-4.887900000000000134e+00
-4.224599999999999689e+00
-2.777899999999999814e-01
-5.852299999999999613e+00
-9.314600000000000435e+00
-7.129199999999999982e+00
-8.104599999999999582e+00
-4.944099999999999717e+00
9.277200000000001001e-01
4.142100000000000226e-01
2.277600000000000069e+00
7.222599999999999909e+00
6.074399999999999800e+00
2.894699999999999829e+00
1.778799999999999937e+00
-3.908199999999999896e+00
-7.982199999999999740e+00
-3.791300000000000114e+00
4.093800000000000217e-01
2.404700000000000060e+00
2.582699999999999996e+00
1.679300000000000015e+00
3.210100000000000176e-01
-2.396199999999999886e+00
-3.415000000000000036e+00
-1.953099999999999836e-01
1.267600000000000060e+00
-8.292399999999999771e-01
5.934000000000000385e-01
2.531800000000000050e+00
5.498399999999999954e-01
-5.951999999999999513e-01
1.431200000000000028e+00
-1.310699999999999976e+00
-8.459199999999999164e+00
-1.565900000000000070e+00
9.325300000000000367e+00
7.190199999999999925e+00
1.840400000000000036e+00
-2.582699999999999996e+00
-2.015699999999999825e+00
4.148900000000000254e+00
5.012800000000000367e+00
3.459900000000000198e+00
1.141700000000000076e-01
-7.856600000000000250e-01
4.902000000000000135e+00
1.065900000000000070e+00
-4.679000000000000270e+00
-2.513599999999999834e+00
-3.482899999999999885e+00
-3.575699999999999878e+00
-6.317699999999999427e-01
-5.166300000000000336e-01
1.371099999999999985e+00
5.064899999999999736e+00
8.018599999999999284e+00
3.958400000000000141e+00
-5.769000000000000128e+00
-6.987899999999999778e+00
-2.398099999999999898e+00
-3.389600000000000168e+00
-2.673099999999999810e+00
1.022199999999999998e+00
1.676900000000000057e+00
2.879500000000000171e+00
2.085100000000000176e+00
8.685399999999999787e-01
1.635599999999999943e+00
-2.212800000000000100e+00
-6.918400000000000105e+00
-5.431499999999999773e+00
-3.273800000000000043e+00
7.114299999999999791e-02
3.351599999999999913e+00
2.714799999999999880e+00
2.080600000000000005e+00
1.207600000000000007e+00
9.436700000000001198e-01
8.881899999999999240e-01
1.594200000000000061e+00
1.381399999999999961e+00
-6.142300000000000537e-01
6.006399999999999517e-01
3.825699999999999878e+00
2.786799999999999944e+00
2.953600000000000114e-01
-1.006499999999999950e+00
1.921200000000000019e+00
1.460599999999999898e+00
-7.187800000000000189e+00
-7.356600000000000250e+00
-6.516899999999999693e+00
-3.330500000000000127e-01
9.882500000000000284e+00
2.044399999999999995e+00
-2.661000000000000032e+00
2.712099999999999955e+00
1.342100000000000071e+00
-1.405599999999999961e+00
1.217300000000000049e+00
3.275199999999999889e+00
-3.147699999999999942e+00
-6.105599999999999916e+00
-5.983300000000000285e-01
-2.194599999999999884e-01
-3.290799999999999947e+00
-7.660899999999999377e-01
4.823800000000000310e+00
6.867700000000000138e+00
3.274399999999999977e+00
4.041000000000000147e-01
-1.305099999999999927e+00
-4.064200000000000035e-01
5.216800000000000104e+00
3.241999999999999993e+00
3.343200000000000061e-01
-9.591499999999999471e-01
-3.791700000000000070e+00
-1.600400000000000045e+00
-1.261300000000000088e+00
-1.589900000000000091e+00
2.170199999999999907e+00
5.112800000000000678e-01
-3.594599999999999795e+00
-2.247800000000000076e-01
6.596199999999999619e+00
6.728900000000000325e+00
1.470399999999999929e+00
1.213600000000000012e+00
2.776499999999999968e+00
5.910800000000000054e+00
3.376399999999999846e+00
-3.693999999999999950e+00
-2.435299999999999798e+00
-2.404399999999999871e+00
6.215399999999999814e-01
2.745200000000000085e+00
-2.535499999999999865e+00
-3.416100000000000136e+00
1.794100000000000028e+00
5.864700000000000024e+00
6.160599999999999632e+00
5.772599999999999731e+00
2.640200000000000102e+00
1.030499999999999972e+00
4.155700000000000394e+00
-7.484899999999999887e-01
-9.501599999999999824e+00
-1.008900000000000041e+01
-6.873099999999999987e+00
-4.432299999999999685e+00
1.983199999999999963e-01
7.490000000000000213e+00
2.250700000000000145e+00
-6.575099999999999945e+00
-3.458099999999999952e+00
1.921999999999999931e+00
4.273200000000000109e+00
3.256400000000000183e+00
2.488900000000000112e+00
3.984399999999999942e+00
2.123000000000000220e+00
-4.736800000000000455e-01
1.843800000000000106e+00
7.009100000000000108e+00
4.796899999999999942e+00
-5.238800000000000345e+00
-5.076600000000000001e+00
-3.286000000000000032e+00
-7.647999999999999687e+00
-4.469899999999999984e+00
-4.261300000000000088e-01
4.969100000000000072e+00
9.830299999999999372e+00
1.821499999999999897e+00
-1.750099999999999989e+00
-7.534699999999999731e-01
-3.880500000000000060e+00
-8.625199999999999534e+00
-9.537399999999999878e+00
-3.965300000000000047e+00
-2.625900000000000123e+00
-1.664900000000000047e+00
-1.788300000000000001e+00
-1.538799999999999946e+00
2.322000000000000064e+00
3.235100000000000087e+00
6.882200000000000095e+00
4.297200000000000131e+00
-8.998899999999999677e-01
5.213000000000000078e+00
6.608799999999999564e+00
2.827900000000000080e+00
9.744799999999999018e-01
-2.548099999999999810e+00
-6.705000000000000071e+00
-6.934700000000000308e+00
-4.659299999999999997e+00
-3.954400000000000137e+00
-4.190100000000000158e+00
-5.416699999999999626e+00
-4.643200000000000216e+00
-1.354000000000000092e+00
-2.445800000000000196e+00
-2.459000000000000075e+00
4.554999999999999716e+00
5.943299999999999805e+00
2.121599999999999930e+00
2.992900000000000116e+00
-3.693200000000000038e+00
-6.249200000000000088e+00
-1.931899999999999951e+00
-2.819500000000000117e+00
-4.543399999999999661e-01
-4.321399999999999686e-01
3.396999999999999797e+00
8.175800000000000622e+00
4.579100000000000392e+00
4.039500000000000313e+00
3.416999999999999815e+00
-1.473600000000000021e+00
-2.424999999999999822e+00
-7.637800000000000145e-01
-6.231599999999999639e-02
2.060799999999999965e+00
5.409600000000000186e+00
-2.928300000000000347e-01
-4.448900000000000077e+00
-3.351999999999999869e+00
-1.001900000000000013e+01
-5.525100000000000122e+00
7.543899999999999828e+00
8.779899999999999594e+00
1.309800000000000075e+00
-3.263500000000000068e+00
-4.742600000000000149e-01
2.019800000000000040e+00
6.040700000000000180e+00
9.511900000000000688e+00
7.687400000000000233e+00
4.487000000000000099e+00
3.504300000000000193e-01
-8.007099999999999440e+00
-1.262900000000000134e+01
-3.040200000000000014e+00
3.839999999999999858e+00
-1.320699999999999985e+00
-2.920999999999999819e+00
-3.295399999999999885e+00
-6.521600000000000286e+00
-4.934300000000000352e+00
-3.405199999999999783e+00
-3.937899999999999956e+00
-7.182599999999999874e+00
-4.135600000000000165e+00
6.308900000000000396e+00
2.209000000000000075e+00
-8.174699999999999633e+00
-2.451900000000000190e+00
6.035800000000000054e+00
5.501100000000000101e+00
5.394999999999999574e+00
4.553300000000000125e+00
9.582500000000000462e-01
-3.249699999999999811e+00
-1.724900000000000100e+00
5.452000000000000179e-01
-1.226099999999999968e+00
-2.699600000000000222e+00
6.565399999999999014e-02
5.807400000000000340e+00
4.092500000000000249e+00
-4.947600000000000331e-01
1.875199999999999922e-01
1.262000000000000011e+00
3.909400000000000208e+00
2.890099999999999891e+00
-2.539600000000000080e+00
-2.834799999999999986e+00
-4.309400000000000119e+00
-7.430699999999999861e+00
-2.945100000000000051e+00
2.112400000000000055e+00
8.516299999999998871e-01
3.196099999999999941e+00
5.680699999999999861e+00
3.218999999999999861e+00
8.206700000000001216e-01
-5.747899999999999565e+00
-1.026799999999999891e+01
-3.595699999999999896e+00
3.582399999999999807e+00
3.741099999999999870e+00
5.355000000000000426e+00
1.353299999999999947e+00
-3.533900000000000041e+00
-1.184900000000000064e+00
-2.170099999999999807e-01
3.372399999999999842e+00
4.931199999999999584e+00
2.467699999999999783e+00
3.819699999999999762e-01
-2.757699999999999818e+00
-1.977700000000000014e+00
-3.639100000000000001e+00
-1.985300000000000065e+00
2.834900000000000198e+00
4.214499999999999913e-01
-4.625699999999999812e-01
-6.758200000000000429e+00
-1.253400000000000070e+01
-2.495099999999999874e+00
1.204700000000000060e+01
1.830499999999999972e+01
1.093299999999999983e+01
5.410199999999999676e+00
4.471199999999999619e+00
-1.294900000000000218e-01
-8.608600000000000696e-01
-2.279100000000000126e+00
-5.800399999999999778e+00
-2.200800000000000090e+00
2.029599999999999849e+00
2.014799999999999924e-02
-1.440700000000000092e+00
-5.865600000000000813e-01
1.368400000000000061e+00
2.468700000000000117e+00
-8.151100000000000012e-02
-7.652999999999999581e+00
-7.107899999999999885e+00
1.943000000000000060e+00
6.634699999999999598e+00
6.136099999999999888e+00
4.658999999999999808e-01
-1.351499999999999924e+00
1.139699999999999935e+00
2.461500000000000077e-01
3.163800000000000168e+00
4.392999999999999794e+00
-3.046499999999999986e+00
-4.700199999999999712e+00
1.217200000000000060e+00
4.417200000000000237e+00
1.205799999999999983e+00
-4.143600000000000172e+00
-6.020999999999999908e+00
-4.325800000000000090e+00
-3.345600000000000129e+00
-4.805799999999999628e+00
-1.905599999999999961e+00
5.717800000000000660e-01
3.104500000000000037e-01
6.628499999999999837e+00
8.706599999999999895e+00
2.032700000000000173e+00
4.100799999999999557e+00
8.823299999999999699e+00
8.218999999999999417e+00
7.358900000000000219e+00
3.137100000000000222e+00
-5.608500000000000263e+00
-1.141300000000000026e+01
-8.923799999999999955e+00
-3.831700000000000106e+00
-3.836699999999999999e+00
-3.122500000000000053e+00
4.025599999999999734e-01
-1.617599999999999871e-01
-1.896099999999999897e+00
-1.219400000000000039e+00
-2.000999999999999890e+00
-9.545500000000000540e+00
-1.117400000000000126e+01
-4.977899999999999991e+00
-6.823700000000000321e-01
2.260699999999999932e+00
5.051000000000000156e+00
1.114000000000000057e+01
1.417999999999999972e+01
7.868900000000000006e+00
-1.649000000000000021e+00
-6.420300000000000118e+00
-6.001900000000000013e+00
-1.819099999999999939e+00
-6.612200000000000299e-01
-5.318999999999999950e+00
-5.082300000000000040e+00
-3.595899999999999874e+00
-4.759900000000000020e+00
-1.125099999999999989e+00
4.484099999999999753e+00
8.440400000000000347e+00
5.012500000000000178e+00
1.200099999999999945e+00
4.589900000000000091e+00
2.782500000000000195e+00
-1.693500000000000005e+00
9.460299999999999265e-02
2.406899999999999817e+00
2.180699999999999861e+00
-1.231600000000000028e+00
-1.558100000000000041e+00
3.564700000000000202e+00
5.472800000000000331e+00
2.127400000000000180e+00
-1.015099999999999891e+00
7.765600000000000280e-01
-3.400300000000000100e+00
-1.196900000000000119e+01
-1.126500000000000057e+01
-7.334800000000000431e+00
-3.258799999999999919e+00
1.866400000000000059e+00
1.784399999999999986e+00
6.952099999999999946e-01
3.292300000000000004e+00
1.695799999999999974e+00
-1.676600000000000090e+00
2.668600000000000083e+00
1.163300000000000001e+00
-8.222400000000000375e+00
-8.815099999999999270e+00
-4.706699999999999662e+00
-3.027800000000000047e+00
1.500999999999999890e+00
6.871199999999999974e+00
4.389700000000000379e+00
-7.169100000000000250e+00
-1.067400000000000126e+01
-5.663100000000000023e+00
-7.825000000000000178e+00
-6.472400000000000375e+00
3.860199999999999854e+00
1.163700000000000045e+01
9.289199999999999235e+00
6.016600000000000392e+00
6.942199999999999704e+00
4.935599999999999987e+00
-5.706999999999999851e-01
-4.009400000000000297e+00
-5.514400000000000190e+00
-5.476399999999999935e+00
-3.829699999999999882e+00
-1.284000000000000030e+00
3.080000000000000071e+00
4.237300000000000288e+00
-1.876400000000000068e+00
-4.081299999999999706e+00
-3.575800000000000090e-01
2.032399999999999984e+00
3.724200000000000177e+00
2.737099999999999866e+00
-1.424199999999999910e+00
-5.362800000000000011e+00
-6.042500000000000426e+00
-2.638799999999999812e+00
3.105100000000000082e-01
1.170299999999999896e+00
5.041900000000000048e+00
9.805400000000000560e+00
6.771099999999999675e+00
5.064899999999999958e-01
2.168800000000000172e-01
-3.095600000000000129e+00
-7.732499999999999929e+00
-6.033100000000000129e+00
-3.123400000000000176e+00
-1.606400000000000050e+00
-3.631800000000000139e+00
-3.538399999999999879e-01
9.533599999999999852e+00
1.388400000000000034e+01
8.084600000000000009e+00
-2.107299999999999951e+00
-6.997799999999999798e+00
-5.499399999999999622e+00
-3.623499999999999943e+00
-2.185900000000000176e+00
5.844000000000000306e+00
8.056900000000000617e+00
2.162700000000000067e+00
-9.441700000000000648e-01
1.240099999999999980e+00
9.142699999999999605e+00
1.294099999999999895e+01
6.710300000000000153e+00
-1.749700000000000033e+00
-4.004599999999999937e+00
-6.309499999999999886e+00
-3.430899999999999839e+00
3.387199999999999989e+00
4.322300000000000253e+00
3.795599999999999863e+00
-8.519799999999999596e-02
9.363399999999999501e-01
6.837600000000000122e+00
-4.412200000000000344e+00
-1.486599999999999966e+01
-6.980599999999999916e+00
-2.430499999999999883e+00
-2.828300000000000036e+00
-1.354500000000000037e+00
1.696299999999999919e+00
2.324600000000000222e+00
1.567299999999999915e+00
3.494899999999999896e+00
3.939099999999999824e+00
1.812899999999999956e+00
-4.701299999999999812e+00
-4.727699999999999569e+00
5.711899999999999977e+00
1.071199999999999974e+01
9.063499999999999446e+00
1.805900000000000061e+00
-8.544200000000000017e+00
-9.629400000000000404e+00
-3.313499999999999890e+00
-3.035400000000000251e-02
-7.484199999999999742e-01
-1.499900000000000122e-01
6.015299999999999869e+00
1.305199999999999960e+01
1.357099999999999973e+01
9.408099999999999241e+00
5.429100000000000037e-01
-3.046899999999999942e+00
-2.572400000000000020e+00
-2.182799999999999851e+00
-2.761500000000000066e-01
2.832300000000000373e-01
3.676000000000000156e+00
5.580700000000000216e+00
5.413199999999999790e+00
5.921499999999999986e+00
2.841299999999999937e+00
-4.915600000000000414e+00
-9.196500000000000341e+00
-1.149900000000000055e+01
-7.080499999999999794e+00
3.224000000000000199e+00
9.817500000000000782e+00
7.911200000000000010e+00
-8.192199999999999704e+00
-7.750399999999999956e+00
3.228800000000000114e+00
-3.479900000000000215e-01
-5.886800000000000033e+00
-7.503800000000000026e+00
-9.164300000000000779e+00
-7.314499999999999780e+00
2.850900000000000212e+00
6.965200000000000280e+00
4.216400000000000148e+00
5.052699999999999747e+00
3.230799999999999894e+00
-7.991699999999999360e-01
-3.114900000000000002e+00
-3.119000000000000217e+00
-2.646100000000000119e+00
-4.864399999999999835e+00
-6.268600000000000172e+00
-2.841800000000000104e+00
-1.360000000000000098e+00
-2.020700000000000163e+00
-1.204199999999999937e+00
2.816399999999999793e+00
9.309799999999999187e+00
8.569100000000000605e+00
2.389299999999999979e+00
1.206800000000000095e+00
-3.293800000000000061e-01
-2.091000000000000192e+00
-3.950400000000000023e-01
-2.140400000000000080e+00
-5.289900000000000269e+00
-7.938600000000000101e+00
-1.140799999999999947e+01
-8.635199999999999321e+00
-2.924100000000000033e-01
7.620199999999999640e+00
1.424300000000000033e+01
1.505000000000000071e+01
1.009900000000000020e+01
7.375099999999999767e+00
1.737800000000000011e+00
-2.368100000000000094e+00
2.524000000000000021e+00
3.709600000000000009e+00
-1.363599999999999923e+00
-6.344199999999999839e+00
-1.130900000000000105e+01
-6.875700000000000145e+00
2.236400000000000166e+00
-2.102500000000000036e+00
-3.342099999999999849e+00
2.781699999999999839e+00
-4.514300000000000423e+00
-6.833899999999999864e+00
-9.269600000000000062e-01
-8.029299999999999216e+00
-1.268299999999999983e+01
-7.378300000000000303e+00
-3.330400000000000027e+00
1.313800000000000079e+00
4.059199999999999697e+00
5.897400000000000198e+00
1.036200000000000010e+01
6.758200000000000429e+00
-1.292899999999999938e+00
1.209200000000000053e+00
4.795700000000000074e+00
2.974499999999999922e+00
1.762799999999999923e+00
-1.857099999999999973e+00
-3.466000000000000192e+00
-1.612200000000000077e+00
-9.062000000000000055e-01
-1.752700000000000091e-01
3.508100000000000218e+00
5.525599999999999845e+00
-4.574300000000000033e+00
-1.168900000000000006e+01
-4.541800000000000281e+00
9.009700000000000486e-01
-4.584699999999999775e+00
-7.543000000000000149e+00
-4.198199999999999932e+00
-6.053200000000000358e+00
-7.955799999999999983e+00
-5.647900000000000142e-01
6.166500000000000092e+00
7.394000000000000128e+00
3.401100000000000012e+00
1.025199999999999889e+00
6.289600000000000080e+00
5.917399999999999771e+00
2.430299999999999905e+00
5.401200000000000223e+00
6.860000000000000320e+00
-5.794100000000000916e-01
-9.698399999999999466e+00
-9.614699999999999136e+00
-1.005100000000000016e+01
-1.029400000000000048e+01
1.013200000000000101e+00
6.755600000000000271e+00
-3.293499999999999872e+00
-7.833300000000000374e+00
-1.293199999999999905e+00
4.553499999999999659e+00
9.904999999999999361e+00
1.147700000000000031e+01
9.696099999999999497e+00
6.021300000000000097e+00
4.632399999999999629e+00
8.148400000000000531e+00
6.577399999999999913e+00
-2.965899999999999981e+00
-7.852000000000000313e+00
-9.762999999999999901e+00
-8.469699999999999562e+00
2.198300000000000143e+00
6.029700000000000060e+00
1.397899999999999920e+00
-1.486799999999999899e+00
3.164899999999999824e+00
6.428799999999999848e+00
1.431599999999999984e+00
-1.909000000000000030e+00
-1.139499999999999957e+00
-1.014799999999999924e+00
-6.676800000000000512e-01
1.308899999999999952e+00
5.644199999999999662e+00
4.923199999999999577e+00
-1.656099999999999905e+00
-4.447799999999999976e+00
-4.235899999999999999e+00
-1.143399999999999972e+00
-1.753200000000000092e+00
-6.024300000000000210e+00
-1.550000000000000044e+00
3.712699999999999889e+00
6.452399999999999913e+00
8.358499999999999375e+00
2.869000000000000217e+00
-1.573299999999999921e+00
-1.814500000000000002e+00
-1.149000000000000021e+01
-1.303700000000000081e+01
5.972800000000000331e-01
6.704399999999999693e+00
7.788800000000000168e+00
6.253099999999999881e+00
1.611799999999999899e+00
-2.358000000000000096e+00
-4.428899999999999615e+00
-2.262300000000000200e+00
-1.394400000000000084e+00
-2.662999999999999812e+00
-4.478500000000000369e+00
-4.126900000000000013e+00
-2.081700000000000106e+00
7.592399999999999149e-01
4.432699999999999640e+00
3.173299999999999788e+00
1.294899999999999940e+00
-2.828199999999999825e+00
-1.279400000000000048e+01
-1.260200000000000031e+01
-5.661699999999999733e+00
4.246100000000000207e+00
1.081099999999999994e+01
6.562999999999999723e+00
5.082499999999999574e+00
6.789500000000000313e+00
7.169999999999999929e+00
9.735900000000000887e+00
1.076900000000000013e+01
9.265399999999999636e+00
1.116400000000000148e+01
8.580700000000000216e+00
2.108000000000000096e+00
1.036999999999999922e+00
-4.727699999999999680e-01
-2.818900000000000183e+00
-3.710399999999999920e+00
-2.838000000000000078e+00
4.354599999999999582e+00
1.248900000000000077e+01
7.254500000000000171e+00
1.826799999999999979e+00
8.906900000000000261e+00
1.056700000000000017e+01
5.201699999999999768e+00
-1.343699999999999894e+00
-4.016399999999999970e+00
-1.543199999999999905e+00
2.105100000000000193e+00
4.556799999999999962e+00
-1.031199999999999894e+00
-5.001100000000000101e+00
2.059800000000000075e+00
3.354299999999999837e+00
-9.312600000000000877e-01
-3.663199999999999790e+00
-1.400099999999999945e+01
-2.017800000000000082e+01
-8.396200000000000330e+00
1.480700000000000038e+01
2.561499999999999844e+01
2.014400000000000190e+01
1.403999999999999915e+01
6.945599999999999774e+00
1.861499999999999932e+00
-7.284800000000000164e-01
-5.905800000000000161e+00
-9.488200000000000855e+00
-1.080499999999999972e+01
-8.837099999999999511e+00
-2.811900000000000066e+00
2.201099999999999834e+00
1.699400000000000022e+00
-2.451200000000000045e+00
3.316100000000000048e+00
8.393700000000000827e+00
-5.627300000000000635e-01
-1.628600000000000048e+00
3.043299999999999894e+00
1.609299999999999953e+00
2.816100000000000048e+00
3.732899999999999885e+00
4.385800000000000115e-02
-1.068500000000000005e+00
1.308300000000000018e-01
-1.704199999999999937e+00
-5.361900000000000333e+00
-5.382399999999999629e+00
-2.160499999999999865e+00
-5.504400000000000404e+00
-7.502500000000000391e+00
-3.225800000000000001e+00
-4.176499999999999879e+00
-7.637199999999999989e+00
-9.816800000000000637e+00
-8.474199999999999733e+00
-4.447099999999999831e+00
-6.359600000000000364e+00
-1.110200000000000031e+01
-6.676899999999999835e+00
-4.734800000000000120e-01
7.692200000000000149e-01
8.848299999999998944e-01
8.550299999999999567e-01
3.283100000000000129e+00
4.669400000000000439e+00
5.664600000000000080e+00
5.511099999999999888e+00
3.253099999999999881e+00
3.759599999999999831e+00
2.153599999999999959e+00
-9.290000000000000480e-01
-1.609499999999999931e+00
-2.485300000000000065e+00
-5.802200000000000024e+00
-7.323900000000000077e+00
-5.798399999999999999e+00
-5.070400000000000240e+00
-4.849199999999999733e+00
-3.915799999999999947e+00
2.616800000000000237e-01
7.168999999999999595e+00
8.202199999999999491e+00
-3.509100000000000108e+00
-1.085099999999999909e+01
-4.064600000000000435e+00
3.626500000000000057e+00
4.975999999999999979e+00
8.555400000000000560e+00
9.494899999999999451e+00
1.346400000000000041e+00
-1.654700000000000060e-01
1.103399999999999936e+00
6.451799999999999757e-01
1.480399999999999938e+00
-2.896199999999999886e+00
-1.409700000000000131e+01
-2.357499999999999929e+01
-2.611400000000000077e+01
-2.735500000000000043e+01
-2.663800000000000168e+01
-2.656699999999999662e+01
-2.855599999999999739e+01
-2.857600000000000051e+01
-2.956099999999999994e+01
-2.820699999999999719e+01
-1.792099999999999937e+01
-6.453999999999999737e+00
6.375200000000000422e+00
2.012300000000000111e+01
2.563699999999999690e+01
2.571400000000000219e+01
2.382400000000000162e+01
1.165000000000000036e+01
-8.875600000000000378e+00
-3.385499999999999687e+01
-6.525900000000000034e+01
-9.124200000000000443e+01
-1.037999999999999972e+02
-1.041899999999999977e+02
-9.801500000000000057e+01
-8.172399999999998954e+01
-5.502199999999999847e+01
-3.221800000000000352e+01
-2.058800000000000097e+01
-7.990999999999999659e+00
5.154600000000000293e+00
1.228099999999999881e+01
2.182499999999999929e+01
3.196199999999999974e+01
4.924499999999999744e+01
8.020799999999999841e+01
1.078400000000000034e+02
1.260100000000000051e+02
1.345000000000000000e+02
1.159399999999999977e+02
8.320499999999999829e+01
4.588800000000000523e+01
-2.492300000000000182e+00
-2.773600000000000065e+01
-2.728500000000000014e+01
-2.267999999999999972e+01
-1.542500000000000071e+01
2.186500000000000110e+00
3.507500000000000284e+01
5.389999999999999858e+01
5.474600000000000222e+01
5.225199999999999534e+01
4.534600000000000364e+01
3.636899999999999977e+01
2.513699999999999690e+01
9.892300000000000537e+00
-3.854800000000000004e+00
3.120399999999999840e-01
1.925199999999999889e+01
3.074500000000000099e+01
4.235499999999999687e+01
6.700100000000000477e+01
1.048100000000000023e+02
1.467400000000000091e+02
1.663100000000000023e+02
1.470600000000000023e+02
8.957899999999999352e+01
3.001199999999999979e-01
-9.164399999999999125e+01
-1.519499999999999886e+02
-1.729600000000000080e+02
-1.707800000000000011e+02
-1.344900000000000091e+02
-3.841199999999999903e+01
4.978600000000000136e+01
9.017900000000000205e+01
1.023499999999999943e+02
1.033499999999999943e+02
1.072800000000000011e+02
1.018499999999999943e+02
9.244299999999999784e+01
7.193399999999999750e+01
3.320900000000000318e+01
-2.692499999999999893e+00
-4.684700000000000131e+01
-7.110200000000000387e+01
-6.107000000000000028e+01
-5.742199999999999704e+01
-4.459399999999999409e+01
-1.951000000000000156e+01
-1.017300000000000004e+01
-2.157600000000000051e+01
-5.554399999999999693e+01
-9.948799999999999955e+01
-1.254300000000000068e+02
-1.476200000000000045e+02
-1.514399999999999977e+02
-1.253900000000000006e+02
-1.296899999999999977e+02
-1.480099999999999909e+02
-1.381899999999999977e+02
-1.319799999999999898e+02
-1.181700000000000017e+02
-6.558700000000000330e+01
-8.734799999999999898e+00
2.912000000000000099e+01
5.141100000000000136e+01
4.761199999999999477e+01
1.901500000000000057e+01
-9.711700000000000443e+00
-1.981700000000000017e+01
-2.078999999999999915e+01
-8.311799999999999855e+00
2.627100000000000080e+01
5.977300000000000324e+01
7.546999999999999886e+01
8.223499999999999943e+01
8.027199999999999136e+01
6.525799999999999557e+01
4.572800000000000153e+01
1.797899999999999920e+01
-1.766900000000000048e+01
-4.611100000000000421e+01
-4.992800000000000438e+01
-3.567600000000000193e+01
-3.288499999999999801e+01
-3.145599999999999952e+01
-8.750899999999999679e+00
2.262900000000000134e+01
5.261699999999999733e+01
6.663800000000000523e+01
5.695000000000000284e+01
4.459700000000000131e+01
2.722300000000000253e+01
5.446600000000000108e+00
7.056899999999999729e+00
3.265400000000000347e+01
7.079899999999999238e+01
9.303499999999999659e+01
8.745000000000000284e+01
7.009600000000000364e+01
3.935900000000000176e+01
1.101599999999999824e+01
1.556099999999999994e+01
2.611400000000000077e+01
1.027599999999999980e+01
-2.928199999999999648e+01
-7.835600000000000875e+01
-9.597599999999999909e+01
-8.636399999999999011e+01
-8.524899999999999523e+01
-7.506000000000000227e+01
-3.725399999999999778e+01
9.603099999999999525e+00
4.251699999999999591e+01
5.090500000000000114e+01
3.765200000000000102e+01
1.676999999999999957e+01
-5.841100000000000181e-01
-1.991799999999999926e+01
-2.668199999999999861e+01
-2.309800000000000253e+01
-2.041300000000000026e+01
-1.163999999999999924e+00
3.237699999999999534e+01
6.939499999999999602e+01
9.776200000000000045e+01
1.047900000000000063e+02
7.930800000000000693e+01
1.045099999999999874e+01
-6.057500000000000284e+01
-9.339799999999999613e+01
-9.667499999999999716e+01
-8.005599999999999739e+01
-4.674600000000000222e+01
-5.020500000000000185e+00
2.284300000000000352e+01
2.637199999999999989e+01
2.747699999999999676e+01
2.844099999999999895e+01
2.264099999999999824e+01
1.799200000000000088e+01
8.357499999999999929e+00
-5.949699999999999989e+00
-2.008299999999999841e+01
-2.416400000000000148e+01
-2.114800000000000324e+01
-1.961899999999999977e+01
-2.389199999999999946e+01
-3.629699999999999704e+01
-4.311299999999999955e+01
-3.445400000000000063e+01
-1.528299999999999947e+01
7.306799999999999962e+00
4.146699999999999875e+01
6.999699999999999989e+01
6.862199999999999989e+01
5.957100000000000506e+01
5.836699999999999733e+01
5.039399999999999835e+01
2.388800000000000168e+01
1.992099999999999982e+00
-1.093699999999999894e+00
8.257899999999999130e-01
3.197000000000000064e+00
8.471500000000000696e+00
5.932000000000000384e+00
-1.109799999999999898e+01
-2.778800000000000026e+01
-3.521900000000000119e+01
-2.900400000000000134e+01
-2.073100000000000165e+00
3.448499999999999943e+01
5.158100000000000307e+01
4.584600000000000364e+01
3.259700000000000131e+01
1.733599999999999852e+01
1.072299999999999920e-01
-2.209800000000000253e+01
-4.310100000000000620e+01
-5.275000000000000000e+01
-5.384199999999999875e+01
-5.392300000000000182e+01
-5.323799999999999955e+01
-4.635100000000000620e+01
-1.365799999999999947e+01
2.515199999999999747e+01
2.710300000000000153e+01
1.421599999999999930e+01
9.539300000000000779e+00
1.372400000000000020e+01
2.234199999999999875e+01
2.317500000000000071e+01
1.883099999999999952e+01
2.097199999999999775e+01
2.398800000000000310e+01
1.851599999999999824e+01
9.450499999999999901e+00
-7.933399999999999785e+00
-2.737099999999999866e+01
-3.055099999999999838e+01
-4.407699999999999818e+01
-7.843899999999999295e+01
-9.074700000000001410e+01
-7.372100000000000364e+01
-4.961600000000000676e+01
-3.336899999999999977e+01
-2.583199999999999719e+01
-1.302799999999999869e+01
5.801199999999999690e+00
1.782799999999999940e+01
2.004899999999999949e+01
2.667900000000000205e+01
3.485199999999999676e+01
3.222099999999999653e+01
2.583300000000000196e+01
2.009700000000000131e+01
1.547599999999999909e+01
1.696900000000000119e+01
2.058300000000000196e+01
2.347400000000000020e+01
1.735599999999999810e+01
5.514999999999999680e+00
5.706500000000000128e+00
9.582900000000000418e+00
6.357300000000000395e+00
-5.841999999999999638e+00
-2.729500000000000171e+01
-3.836599999999999966e+01
-2.465199999999999747e+01
-9.629799999999999471e-01
2.559400000000000119e+01
4.776699999999999591e+01
5.097100000000000364e+01
4.814100000000000534e+01
3.287400000000000233e+01
-6.463400000000000034e+00
-2.910000000000000142e+01
-1.926099999999999923e+01
-9.752100000000000435e+00
-1.409799999999999898e+01
-2.692399999999999949e+01
-3.284400000000000119e+01
-1.964799999999999969e+01
-4.252399999999999736e+00
-3.076200000000000045e+00
-2.398800000000000043e+00
-2.831500000000000128e+00
-6.149700000000000166e+00
9.496000000000000441e+00
3.060699999999999932e+01
3.372099999999999653e+01
2.975300000000000011e+01
2.860500000000000043e+01
2.429699999999999704e+01
1.694999999999999929e+01
6.054700000000000415e+00
1.821399999999999908e+00
1.599599999999999866e+01
3.233400000000000318e+01
3.490200000000000102e+01
2.013500000000000156e+01
-3.207199999999999829e+00
-9.088200000000000500e+00
1.194800000000000040e+01
2.392099999999999937e+01
1.734299999999999997e+01
1.354599999999999937e+01
6.651699999999999946e+00
-2.164299999999999891e+00
-2.199199999999999733e+01
-5.758200000000000074e+01
-7.985600000000000875e+01
-7.528699999999999193e+01
-4.496100000000000563e+01
-7.495300000000000296e+00
1.419299999999999962e+01
2.369699999999999918e+01
2.576999999999999957e+01
1.593099999999999916e+01
-5.351099999999999746e+00
-1.948600000000000065e+01
-2.003000000000000114e+01
-2.168699999999999761e+01
-1.762199999999999989e+01
5.169999999999999929e+00
3.027400000000000091e+01
3.610099999999999909e+01
3.285399999999999920e+01
3.634000000000000341e+01
3.080800000000000338e+01
2.419900000000000162e+00
-2.655400000000000205e+01
-3.254899999999999949e+01
-1.954400000000000048e+01
1.020199999999999996e-01
1.261999999999999922e+01
5.029200000000000337e+00
-1.264699999999999991e-01
5.690400000000000347e+00
-1.433300000000000018e+00
-2.564800000000000324e+01
-5.120000000000000284e+01
-5.289999999999999858e+01
-4.076500000000000057e+01
-2.363500000000000156e+01
-6.538800000000000168e+00
-1.042500000000000071e+01
-1.103200000000000003e+01
6.127299999999999969e+00
2.460999999999999943e+01
3.332900000000000063e+01
4.006900000000000261e+01
4.481399999999999295e+01
2.829400000000000048e+01
-1.558499999999999996e+00
-2.847100000000000009e+01
-3.602000000000000313e+01
-3.057699999999999818e+01
-2.407699999999999818e+01
-1.571799999999999997e+01
-2.187199999999999989e+01
-3.016800000000000281e+01
-1.699800000000000111e+01
7.091800000000000104e+00
2.347400000000000020e+01
2.972100000000000009e+01
2.816699999999999804e+01
1.646799999999999997e+01
1.423300000000000086e-02
-8.854200000000000514e+00
-1.718699999999999894e+00
9.576800000000000423e+00
1.545199999999999996e+01
2.041600000000000037e+01
1.873700000000000188e+01
9.018800000000000594e+00
-6.878599999999999604e+00
-1.116699999999999982e+01
8.256600000000000605e+00
2.252599999999999980e+01
2.304800000000000182e+01
2.321800000000000352e+01
2.604300000000000281e+01
3.525699999999999790e+01
3.864999999999999858e+01
3.098600000000000065e+01
1.556400000000000006e+01
1.690800000000000081e+00
1.633500000000000085e+01
3.785099999999999909e+01
4.262300000000000466e+01
3.900900000000000034e+01
1.673900000000000077e+01
-1.317200000000000060e+01
-2.755499999999999972e+01
-3.416599999999999682e+01
-4.070700000000000074e+01
-4.291600000000000392e+01
-5.058699999999999619e+01
-6.535600000000000875e+01
-7.639799999999999613e+01
-7.354300000000000637e+01
-3.948599999999999710e+01
-1.454499999999999904e+00
1.398000000000000043e+01
2.683500000000000085e+01
3.243999999999999773e+01
2.089499999999999957e+01
2.007600000000000051e+00
-1.918099999999999739e+01
-2.475800000000000267e+01
-1.980300000000000082e+01
-1.908200000000000074e+01
-9.547299999999999898e+00
1.253500000000000059e+00
5.734299999999999814e-02
-1.102900000000000169e+01
-2.530699999999999861e+01
-3.309599999999999653e+01
-3.007600000000000051e+01
-2.394900000000000162e+01
-2.100499999999999901e+01
-1.737900000000000134e+01
-3.550499999999999989e+00
1.790599999999999881e+01
2.841499999999999915e+01
3.029599999999999937e+01
2.707699999999999818e+01
1.441900000000000048e+01
8.664600000000000080e+00
1.033200000000000074e+01
4.088400000000000034e+00
5.845600000000000129e+00
2.523600000000000065e+01
3.761999999999999744e+01
3.196999999999999886e+01
1.746400000000000219e+01
5.273100000000000342e+00
-4.911999999999999922e+00
-1.178999999999999915e+01
-8.146000000000000796e+00
-3.422600000000000087e+00
6.584299999999999820e+00
2.170699999999999719e+01
2.665800000000000125e+01
2.283500000000000085e+01
1.268900000000000006e+01
1.526399999999999806e-02
-1.483300000000000018e+01
-2.390900000000000247e+01
-1.762000000000000099e+01
-7.165300000000000225e+00
1.060400000000000009e+00
1.085200000000000031e+01
1.098400000000000176e+01
-6.255399999999999849e+00
-1.300500000000000078e+01
-4.620300000000000296e+00
3.874600000000000044e+00
5.772100000000000009e+00
3.994099999999999984e+00
1.280799999999999983e+01
2.973099999999999810e+01
3.555899999999999750e+01
2.178099999999999881e+01
3.894400000000000084e+00
-2.410400000000000098e+00
3.091099999999999959e+00
5.762599999999999945e+00
6.413299999999999557e+00
9.239599999999999369e+00
1.143799999999999883e+01
9.054100000000000037e+00
3.072400000000000131e-02
-1.016799999999999926e+01
-1.608800000000000097e+01
-2.051800000000000068e+01
-3.053199999999999648e+01
-2.363400000000000034e+01
-4.303600000000000203e-01
1.110700000000000109e+01
2.586300000000000043e+00
-1.128500000000000014e+01
-1.261999999999999922e+01
-4.723399999999999821e+00
1.166699999999999982e+01
2.405400000000000205e+01
2.353199999999999648e+01
1.254700000000000060e+01
-4.032300000000000217e+00
-1.878300000000000125e+01
-2.913100000000000023e+01
-2.634400000000000119e+01
-2.467300000000000182e+01
-2.507400000000000162e+01
-1.744800000000000040e+01
-7.148399999999999643e+00
8.584699999999999775e+00
1.955900000000000105e+01
2.354100000000000037e+01
1.688899999999999935e+01
-4.508600000000000385e+00
-7.053600000000000314e+00
1.377599999999999936e+00
-3.057100000000000151e+00
-3.589900000000000091e+00
8.485099999999999199e+00
1.467999999999999972e+01
-1.146599999999999930e+01
-2.676999999999999957e+01
-3.858099999999999863e+00
1.726900000000000190e+01
2.556900000000000261e+01
2.579199999999999804e+01
1.363000000000000078e+01
1.809500000000000108e+00
2.906899999999999817e+00
2.184699999999999864e+00
-7.750200000000000422e+00
-1.524599999999999866e+01
-1.936200000000000188e+01
-3.317900000000000205e+01
-3.461599999999999966e+01
-1.625099999999999767e+01
1.326200000000000045e+01
4.907600000000000051e+01
4.854200000000000159e+01
2.110500000000000043e+01
6.563399999999999679e+00
-1.172200000000000131e+01
-1.899099999999999966e+01
-9.899499999999999744e+00
-5.159799999999999720e+00
-5.897700000000000387e+00
-1.639400000000000190e+01
-2.280400000000000205e+01
-1.311500000000000021e+01
5.086400000000000254e+00
9.714700000000000557e+00
3.255199999999999871e+00
1.524200000000000088e+01
2.482900000000000063e+01
1.261299999999999955e+01
-1.456200000000000117e+01
-4.303399999999999892e+01
-4.371999999999999886e+01
-2.929100000000000037e+01
-1.068200000000000038e+01
8.476900000000000546e+00
1.892599999999999838e+01
2.326099999999999923e+01
1.714999999999999858e+01
3.935799999999999965e+00
-7.772199999999999775e+00
-1.180099999999999838e+01
-1.042500000000000071e+01
-1.106499999999999950e+01
-1.264400000000000013e+01
-8.698299999999999699e+00
3.518699999999999939e+00
9.236000000000000654e+00
5.831599999999999895e+00
1.358400000000000141e+01
2.056900000000000261e+01
7.768600000000000172e+00
2.728399999999999923e-02
3.148499999999999854e+00
2.065799999999999859e+00
-4.808200000000000252e+00
-1.914999999999999858e+01
-2.115399999999999991e+01
-9.385699999999999932e+00
-4.412200000000000344e+00
6.328399999999999581e-01
4.450999999999999623e+00
-4.019700000000000273e+00
-1.034799999999999898e+01
-4.179100000000000037e+00
3.572499999999999787e+00
2.888100000000000112e+00
4.441300000000000026e+00
1.146900000000000119e+01
1.054900000000000126e+01
1.216099999999999959e+01
2.057699999999999818e+01
2.364999999999999858e+01
1.747100000000000009e+01
4.885900000000000354e+00
-3.372399999999999842e+00
-7.328899999999999970e+00
-6.434099999999999930e+00
-3.605999999999999872e+00
-4.238900000000000112e+00
3.654100000000000126e+00
1.056700000000000017e+01
1.798099999999999810e+01
1.876299999999999812e+01
-1.084600000000000009e+00
-4.143500000000000405e+00
1.250300000000000011e+01
1.744200000000000017e+01
1.527999999999999936e+01
3.288600000000000190e+00
-1.835900000000000176e+01
-2.653099999999999881e+01
-1.872700000000000031e+01
-1.123200000000000109e+01
-6.460899999999999643e+00
-3.901199999999999779e+00
4.306899999999999729e+00
2.292900000000000205e+01
3.221999999999999886e+01
2.608399999999999963e+01
1.497299999999999898e+01
-2.558100000000000041e+00
-3.028800000000000026e+01
-5.067300000000000182e+01
-4.370000000000000284e+01
-2.799900000000000233e+01
-2.651500000000000057e+01
-2.463100000000000023e+01
-4.647800000000000153e+00
2.139300000000000068e+01
3.318599999999999994e+01
3.530199999999999960e+01
3.090099999999999980e+01
7.666800000000000281e+00
-2.065300000000000225e+01
-3.260300000000000153e+01
-1.946300000000000097e+01
7.804400000000000226e+00
2.609199999999999875e+01
2.370599999999999952e+01
1.024900000000000055e+01
-2.490299999999999958e+00
-1.726900000000000190e+01
-2.563400000000000034e+01
-2.530599999999999739e+01
-2.188500000000000156e+01
-1.073299999999999876e+01
7.521799999999999820e+00
1.780199999999999960e+01
9.515599999999999170e+00
-3.660499999999999865e+00
-2.112999999999999989e+00
4.298099999999999810e+00
4.435800000000000409e+00
1.012500000000000067e-01
-7.373099999999999987e+00
-2.762599999999999945e+00
1.634499999999999886e+01
2.954300000000000281e+01
1.993499999999999872e+01
8.582100000000000506e+00
4.843600000000000350e+00
-2.597999999999999865e+00
-7.843100000000000627e-01
-4.603799999999999670e+00
-5.825899999999999856e+00
4.733699999999999797e+00
-4.611299999999999955e+00
-1.362700000000000067e+01
-8.538299999999999557e+00
-9.655099999999999127e+00
-1.131799999999999962e+01
-8.542699999999999960e+00
7.167399999999999771e+00
2.959900000000000020e+01
3.154100000000000037e+01
1.477200000000000024e+01
9.857400000000000162e+00
1.871499999999999986e+01
1.747500000000000142e+01
1.549699999999999989e+01
1.246700000000000053e+01
-3.302299999999999791e+00
-8.990700000000000358e+00
-8.387800000000000367e+00
-1.153999999999999915e+01
1.597399999999999931e+00
1.112800000000000011e+01
6.596400000000000041e-01
1.266499999999999959e+00
4.590099999999999625e+00
-8.231099999999999639e+00
-1.205299999999999905e+01
-1.901500000000000057e+01
-2.530099999999999838e+01
-9.871999999999999886e+00
5.389800000000000146e+00
8.989699999999999136e+00
8.847699999999999676e+00
5.862899999999999778e+00
3.503400000000000070e+00
2.761199999999999766e-01
-1.179900000000000126e+01
-1.795899999999999963e+01
-1.400799999999999912e+01
-1.759199999999999875e+01
-3.311899999999999977e+01
-4.027799999999999869e+01
-2.741000000000000014e+01
-6.582499999999999574e+00
5.225900000000000212e+00
1.288000000000000078e+01
1.910200000000000031e+01
1.748099999999999810e+01
1.423499999999999943e+01
6.379199999999999982e+00
2.523099999999999898e+00
-4.327499999999999680e+00
-2.188800000000000168e+01
-3.621500000000000341e+01
-3.141699999999999804e+01
-1.245199999999999996e+01
-2.600199999999999734e-01
1.032699999999999996e+01
2.498499999999999943e+01
3.300500000000000256e+01
2.528699999999999903e+01
1.467099999999999937e+01
9.563700000000000756e+00
5.443500000000000227e+00
-1.905799999999999939e+00
-5.198500000000000121e+00
1.290499999999999936e+01
1.954299999999999926e+01
-2.875700000000000145e+00
-7.508899999999999686e+00
1.420399999999999996e-01
-2.446499999999999897e+00
-2.841400000000000148e+00
-8.739300000000000068e+00
-1.150799999999999912e+01
1.184500000000000108e+00
1.276900000000000013e+01
9.779799999999999827e+00
6.675399999999999778e+00
1.316200000000000081e+01
1.420700000000000074e+01
1.200599999999999845e+01
1.322700000000000031e+01
1.121199999999999974e+01
4.081299999999999706e+00
-2.659699999999999953e+00
1.089299999999999935e+00
1.033900000000000041e+01
1.306899999999999951e+00
-1.771799999999999997e+01
-8.316200000000000259e+00
9.592399999999999594e+00
6.739099999999999646e+00
-2.051499999999999879e+00
-6.552299999999999791e+00
-8.990800000000000125e+00
-9.182499999999999218e+00
-4.217600000000000016e+00
-6.860500000000000043e+00
-1.955700000000000216e+01
-2.110699999999999932e+01
-9.708299999999999486e+00
4.372499999999999609e+00
1.482300000000000040e+01
9.219699999999999562e+00
-2.611800000000000122e+00
2.185099999999999820e+00
1.450200000000000067e+01
1.521199999999999974e+01
1.272000000000000020e+00
-2.226199999999999690e+01
-3.157999999999999829e+01
-1.596700000000000053e+01
-5.767400000000000304e+00
-3.625199999999999978e+00
-6.322199999999999598e+00
-1.035400000000000098e+01
-6.441900000000000404e+00
-4.357000000000000206e+00
-5.481600000000000250e+00
-2.787799999999999834e+00
7.162500000000000533e-01
-2.389899999999999913e+00
6.113500000000000156e+00
1.702599999999999980e+01
4.679000000000000270e+00
-3.845299999999999940e+00
-6.629800000000000360e+00
-8.104100000000000747e+00
6.880700000000000038e+00
1.247700000000000031e+01
3.639200000000000212e+00
-1.854600000000000026e+00
-1.165699999999999958e+00
4.043599999999999639e+00
3.280100000000000016e+00
-5.063100000000000378e+00
-1.373900000000000077e+01
-1.303700000000000081e+01
-4.403699999999999726e+00
-4.171899999999999942e+00
-3.283599999999999852e+00
4.578599999999999781e+00
1.183300000000000018e+01
1.868799999999999883e+01
1.517300000000000004e+01
7.767999999999999794e+00
1.055199999999999960e+01
1.778699999999999903e+01
2.271900000000000119e+01
1.290900000000000070e+01
-1.226400000000000112e+01
-2.471599999999999753e+01
-1.742500000000000071e+01
-9.566100000000000492e+00
-7.327200000000000379e+00
-1.382699999999999996e+01
-1.680599999999999739e+01
-1.328899999999999970e+00
6.503700000000000259e+00
9.105499999999999705e-01
4.010100000000000442e+00
6.980599999999999916e+00
3.949099999999999833e-01
3.678400000000000003e-01
1.752299999999999969e+00
-9.910799999999999610e-01
5.928200000000000136e-01
5.173099999999999810e+00
9.100099999999999412e+00
1.335900000000000176e+01
1.852400000000000091e+01
6.980100000000000193e+00
-1.098200000000000109e+01
-2.141099999999999781e+01
-2.324800000000000111e+01
4.723600000000000576e-01
2.398000000000000043e+01
2.240900000000000247e+01
1.408699999999999974e+01
9.231999999999999318e+00
5.082699999999999996e-01
-1.233000000000000007e+01
-2.910599999999999810e+01
-3.790599999999999881e+01
-1.646799999999999997e+01
7.397499999999999964e+00
1.779200000000000159e+01
2.433599999999999852e+01
2.271800000000000352e+01
1.053400000000000070e+01
-6.525400000000000311e+00
-7.019199999999999662e+00
1.381599999999999939e+00
-2.446499999999999897e+00
-1.093299999999999983e+01
-8.509199999999999875e+00
8.828900000000000858e+00
2.355999999999999872e+01
2.798300000000000054e+01
2.984499999999999886e+01
1.609799999999999898e+01
-1.472799999999999976e+01
-3.211800000000000210e+01
-2.478699999999999903e+01
-3.121100000000000207e+00
1.589299999999999891e+01
1.819800000000000040e+01
2.549999999999999822e+00
-1.390000000000000036e+01
-9.053699999999999193e+00
6.168599999999999639e+00
1.496599999999999930e+01
1.667999999999999972e+01
1.634099999999999753e+01
1.338599999999999923e+01
1.258099999999999996e+00
-9.358900000000000219e+00
-8.968700000000000117e+00
-8.051899999999999835e+00
-2.591200000000000170e+00
3.341000000000000192e+00
-6.114099999999999646e+00
-1.232900000000000063e+01
-1.012899999999999956e+01
-6.209200000000000053e+00
-1.635699999999999932e-01
2.986800000000000122e+00
1.386300000000000088e+00
-6.611399999999999721e+00
-1.190700000000000003e+01
-1.249599999999999866e+01
-2.342299999999999938e-02
1.715900000000000247e+01
1.748799999999999955e+01
5.733999999999999986e+00
-1.089599999999999902e+01
-2.316800000000000281e+01
-2.977499999999999858e+01
-2.258699999999999974e+01
-6.262900000000000134e+00
-4.871999999999999886e+00
-7.849599999999999689e+00
1.273900000000000032e+00
8.721299999999999386e+00
8.728300000000000836e+00
1.230299999999999905e+01
1.291000000000000014e+01
6.204799999999999649e+00
3.017500000000000071e+00
7.748000000000000220e+00
7.472000000000000419e+00
-7.691799999999999748e+00
-1.904899999999999949e+01
-1.440700000000000003e+01
-1.305700000000000083e+00
5.931000000000000050e+00
1.160900000000000176e+01
1.224400000000000155e+01
-5.199600000000000222e+00
-1.306900000000000084e+01
-8.291199999999999903e+00
-9.306800000000000850e+00
-1.857399999999999940e+00
1.087299999999999933e+01
1.427799999999999869e+01
3.416100000000000136e+00
-1.411400000000000077e+01
-4.078100000000000058e+00
1.661799999999999855e+01
1.527400000000000091e+01
5.755600000000000271e+00
-9.470100000000000406e+00
-1.996599999999999753e+01
-1.286700000000000088e+01
3.836100000000000065e+00
1.870299999999999940e+01
1.205499999999999972e+01
-1.121199999999999974e+00
-3.126700000000000035e+00
-3.048399999999999999e+00
-6.060500000000000220e+00
-9.443199999999999150e+00
-1.016799999999999926e+01
-9.441300000000000026e+00
-4.221499999999999808e+00
5.967399999999999594e+00
2.053099999999999881e+01
2.216800000000000281e+01
-3.084200000000000053e+00
-1.331400000000000006e+01
-2.091200000000000170e+00
5.901200000000000223e+00
1.026400000000000112e+01
-3.533999999999999808e+00
-1.809900000000000020e+01
-1.331200000000000117e+01
-5.991200000000000081e+00
1.404900000000000038e+00
8.681200000000000472e+00
3.396100000000000119e+00
-1.474599999999999866e+01
-1.730900000000000105e+01
-2.985799999999999788e+00
1.857199999999999962e+00
1.366200000000000081e+01
2.318199999999999861e+01
1.167900000000000027e+01
9.669000000000000483e+00
7.567099999999999937e+00
-1.193900000000000006e+01
-2.755800000000000338e+01
-2.520899999999999963e+01
-1.592400000000000126e+01
-1.153700000000000081e+01
-3.820300000000000029e+00
6.499399999999999622e+00
1.216300000000000026e+01
1.769599999999999795e+01
1.783399999999999963e+01
1.027599999999999980e+01
5.874200000000000088e+00
5.113999999999999879e+00
2.170799999999999841e+00
-1.574699999999999989e+00
3.913900000000000157e-01
7.841099999999999959e+00
1.088099999999999845e+01
3.463200000000000056e+00
-5.654899999999999594e+00
-4.313500000000000334e+00
8.606400000000000161e-02
1.183500000000000003e-02
-2.578399999999999803e+00
-4.696100000000000385e+00
-4.092600000000000016e+00
-4.535000000000000142e+00
-5.483500000000000263e+00
-7.382399999999999629e+00
-8.375000000000000000e+00
-3.249499999999999833e+00
4.050500000000000433e+00
1.419699999999999962e+00
-1.135900000000000176e+01
-9.310200000000000031e+00
7.693699999999999761e+00
2.008399999999999963e+01
2.253699999999999903e+01
9.836999999999999744e+00
-4.653199999999999559e-01
2.859799999999999898e+00
8.207100000000000506e+00
1.344800000000000040e+01
1.607400000000000162e+01
1.223099999999999987e+01
8.559599999999999653e+00
9.353199999999999292e+00
5.163899999999999935e+00
2.528000000000000025e+00
-2.043599999999999861e-01
-1.230099999999999838e+01
-1.258000000000000007e+01
-9.486499999999999488e+00
-1.381599999999999895e+01
-1.047299999999999898e+01
-5.316099999999999604e+00
-2.248600000000000154e+00
-5.288000000000000256e+00
-1.211099999999999888e+01
-1.060599999999999987e+01
-1.015600000000000058e+00
1.051400000000000112e+01
8.925100000000000477e+00
1.771199999999999997e-01
-5.262800000000000367e+00
-3.466899999999999871e+00
5.204399999999999693e+00
6.457499999999999574e+00
4.142699999999999605e+00
3.635900000000000243e-01
-7.476499999999999702e+00
-7.283299999999999663e+00
-8.368999999999999773e+00
-1.547900000000000098e+01
-1.580000000000000071e+01
-1.474599999999999866e+01
-1.090299999999999869e+01
-2.901400000000000201e+00
3.496999999999999886e+00
1.068999999999999950e+01
1.892200000000000060e+01
1.906700000000000017e+01
1.547299999999999898e+01
1.071700000000000053e+01
2.685299999999999798e+00
-6.242499999999999716e+00
-1.328800000000000026e+01
-6.230599999999999916e+00
3.820800000000000196e+00
3.913400000000000212e+00
-2.443400000000000016e+00
-1.248200000000000109e+01
-1.679599999999999937e+01
-1.271900000000000119e+01
-2.253800000000000026e+00
7.502299999999999969e+00
1.350000000000000000e+01
5.448400000000000354e+00
-3.759900000000000020e+00
5.937800000000000189e+00
1.123400000000000176e+01
9.037699999999999179e+00
7.721700000000000230e+00
2.164699999999999847e+00
2.904999999999999805e-01
3.501399999999999846e+00
7.284399999999999764e+00
1.040799999999999947e+01
1.034400000000000119e+01
4.662399999999999878e+00
2.113799999999999901e+00
6.733600000000000030e+00
-7.388600000000000279e+00
-2.466099999999999781e+01
-1.186299999999999955e+01
4.086100000000000065e+00
2.872900000000000009e+00
-3.679399999999999782e+00
1.202299999999999924e+00
1.553900000000000148e+01
2.227400000000000091e+01
1.115700000000000003e+01
-6.098900000000000432e+00
-9.437699999999999534e+00
-8.118600000000000705e+00
-1.160200000000000031e+01
-1.416000000000000014e+01
-4.706999999999999851e+00
5.648799999999999599e+00
5.626900000000000013e+00
2.369800000000000129e+00
-8.841900000000000759e+00
-9.757500000000000284e+00
2.108000000000000096e+00
1.687100000000000044e+00
9.686599999999999377e-02
6.418800000000000061e+00
6.615199999999999747e+00
2.218199999999999894e-01
8.152599999999999847e-01
8.872899999999999565e+00
8.931400000000000006e+00
-1.907799999999999940e+00
-4.413800000000000168e+00
-1.770999999999999908e+00
-2.099400000000000155e+00
-5.743699999999999584e+00
-1.178599999999999959e+01
-9.885600000000000165e+00
-1.277400000000000091e+01
-1.250699999999999967e+01
1.737499999999999878e-01
-1.442600000000000104e+00
-3.490899999999999892e+00
8.045899999999999164e-01
2.168899999999999828e+00
5.876599999999999824e+00
4.989700000000000024e+00
-1.865800000000000097e-02
1.583499999999999908e+00
7.889899999999999913e+00
4.942899999999999849e+00
3.801200000000000134e+00
3.179499999999999993e+00
-8.014200000000000657e+00
-9.835300000000000153e+00
-9.591499999999999915e+00
-1.415400000000000169e+01
-8.364699999999999136e+00
-4.668599999999999639e+00
-4.678300000000000125e+00
6.411599999999999966e+00
1.715800000000000125e+01
1.791900000000000048e+01
1.042300000000000004e+01
-8.117499999999999716e-01
2.548400000000000110e-01
4.852000000000000313e+00
-4.291100000000000136e+00
-6.577899999999999636e+00
-1.342100000000000071e+00
-9.057299999999999685e+00
-1.300500000000000078e+01
-6.647000000000000242e+00
-3.374099999999999877e-01
4.275400000000000311e+00
8.807100000000000151e+00
1.155199999999999960e+01
7.325999999999999623e+00
2.554600000000000204e+00
-4.059099999999999930e+00
-9.822200000000000486e+00
-5.545700000000000074e+00
-1.267800000000000038e+00
-4.572300000000000253e+00
-1.092799999999999905e+01
-6.294200000000000017e+00
1.609299999999999953e+00
-3.903699999999999948e-01
-3.029600000000000071e-01
3.725499999999999812e+00
1.063700000000000045e+01
1.281700000000000017e+01
2.571600000000000108e+00
-6.058699999999999974e+00
-3.017000000000000237e-01
6.119500000000000384e+00
5.323400000000000354e+00
6.868000000000000327e+00
5.079200000000000159e+00
1.798999999999999932e+00
6.529499999999999638e+00
-8.569299999999999695e-01
-1.377700000000000102e+01
-6.696200000000000152e+00
1.364600000000000035e+00
4.247399999999999842e+00
1.629100000000000037e+01
2.743099999999999739e+01
1.791000000000000014e+01
-4.329900000000000304e+00
-1.101400000000000112e+01
-5.439300000000000246e+00
-9.463100000000000733e+00
-1.417699999999999960e+01
-7.316499999999999559e+00
1.158500000000000085e+00
3.942699999999999871e+00
2.033700000000000063e+00
-1.805299999999999905e+00
-6.936700000000000088e-01
4.393000000000000238e-01
-1.406700000000000061e+00
-3.024799999999999933e+00
-3.242799999999999905e+00
4.105800000000000338e+00
1.129800000000000004e+01
9.408699999999999619e+00
-6.107399999999999496e-01
-1.286599999999999966e+01
-1.384500000000000064e+01
-9.299699999999999633e+00
-5.034799999999999720e+00
4.914900000000000269e+00
1.407599999999999874e+01
1.650499999999999901e+01
1.341900000000000048e+01
2.772699999999999942e+00
-4.983200000000000074e+00
-8.773199999999999221e+00
-1.676099999999999923e+01
-1.903099999999999881e+01
-1.897500000000000142e+01
-1.373700000000000010e+01
-3.614900000000000002e+00
4.330700000000000216e+00
1.133000000000000007e+01
1.179599999999999937e+01
6.970699999999999896e+00
-1.169799999999999951e+00
-1.628700000000000037e+00
1.313499999999999979e+01
1.899200000000000088e+01
4.133899999999999686e+00
-4.512299999999999756e+00
2.196199999999999819e-01
-4.527400000000000091e+00
-1.471000000000000085e+01
-4.589900000000000091e+00
1.023600000000000065e+01
1.306799999999999962e+01
3.187100000000000044e+00
-1.423499999999999943e+01
-9.385099999999999554e+00
7.804100000000000037e+00
2.042800000000000082e+01
2.014199999999999946e+01
2.694799999999999973e-01
-8.729699999999999349e+00
-4.538299999999999557e+00
-1.001200000000000045e+01
-9.057299999999999685e+00
-1.125099999999999850e-01
-5.671800000000000175e+00
-1.564299999999999891e+01
-1.657999999999999829e+01
-7.735599999999999810e+00
7.646399999999999864e+00
1.279499999999999993e+01
8.174899999999999167e+00
9.978699999999999903e+00
1.193299999999999983e+01
2.916500000000000092e+00
-5.562899999999999956e+00
-4.137400000000000411e+00
-5.297800000000000287e-01
2.122399999999999842e+00
-7.930899999999999617e-01
-8.325599999999999667e+00
-6.691699999999999982e+00
-2.307700000000000085e+00
-8.563100000000000378e+00
-6.054000000000000270e+00
6.644800000000000040e+00
6.645500000000000185e+00
9.692199999999999704e+00
2.390099999999999980e+01
2.597699999999999676e+01
1.229199999999999982e+01
4.219800000000000217e+00
2.480500000000000149e+00
-4.581999999999999851e+00
-8.845200000000000173e+00
-1.159500000000000064e+01
-1.422000000000000064e+01
-8.973100000000000520e+00
-4.425900000000000389e+00
-9.812099999999999156e+00
-1.308000000000000007e+01
-7.040199999999999569e+00
-4.094500000000000028e+00
-1.223099999999999987e+01
-1.586800000000000033e+01
-1.255900000000000105e+01
-9.968199999999999505e+00
-6.249899999999999900e-02
8.160800000000000054e+00
5.562000000000000277e+00
-3.090599999999999792e+00
-5.833499999999999908e+00
1.943200000000000038e+00
6.021700000000000053e+00
6.139199999999999768e+00
9.343099999999999739e+00
9.988099999999999312e+00
1.269200000000000017e+01
1.832499999999999929e+01
1.237700000000000067e+01
1.676600000000000090e+00
-4.782799999999999940e+00
-9.652900000000000702e+00
-6.270400000000000418e+00
2.657700000000000173e+00
-1.697699999999999987e+00
-6.388300000000000090e+00
4.100500000000000256e+00
7.954900000000000304e+00
-2.265400000000000080e+00
-4.967299999999999827e+00
-5.483799999999999564e+00
-1.622500000000000142e+01
-1.891600000000000037e+01
-1.462900000000000134e+01
-1.115099999999999980e+01
-8.006299999999999528e+00
6.016799999999999926e-01
1.105299999999999905e+01
6.255399999999999849e+00
3.512399999999999967e+00
1.591000000000000014e+01
2.019400000000000261e+01
1.238199999999999967e+01
1.467900000000000027e+01
1.946099999999999852e+01
8.379200000000000870e+00
-3.678100000000000147e+00
-9.355100000000000193e+00
-1.267099999999999937e+01
-2.957599999999999785e+00
1.237900000000000134e+01
1.778500000000000014e+01
1.971499999999999986e+01
8.604100000000000747e+00
-2.102599999999999980e+01
-3.190599999999999881e+01
-1.199200000000000088e+01
6.724700000000000344e+00
6.007900000000000240e+00
5.328500000000000014e+00
9.844200000000000728e+00
8.015399999999999636e+00
2.390299999999999869e+00
4.662099999999999689e+00
1.128900000000000148e+01
8.187900000000000844e+00
-2.494599999999999873e-01
-9.558899999999999508e+00
-1.411599999999999966e+01
-1.018700000000000117e+01
-4.549900000000000055e+00
-1.504699999999999926e+00
-4.560900000000000176e+00
-1.268400000000000105e+01
-1.033999999999999986e+01
1.833099999999999952e+00
1.052099999999999902e+01
1.435599999999999987e+01
6.655700000000000394e+00
-3.186900000000000066e+00
-1.765599999999999947e-01
6.213800000000000434e-01
-1.179999999999999938e+00
6.015399999999999636e+00
1.402200000000000024e+01
1.068200000000000038e+01
-3.843999999999999861e+00
-1.225300000000000011e+01
-1.228900000000000148e+01
-1.250400000000000134e+01
-9.085800000000000765e+00
-2.422699999999999854e+00
3.474700000000000011e-01
-1.165200000000000102e+01
-1.731599999999999895e+01
-4.597000000000000419e+00
2.716600000000000126e+00
6.769700000000000273e+00
1.331599999999999895e+01
1.674099999999999966e+01
1.460500000000000043e+01
3.299500000000000099e+00
-9.430099999999999483e+00
-7.606700000000000017e+00
1.139599999999999946e+00
-1.253299999999999970e-01
-4.443200000000000038e+00
-4.251299999999999635e+00
-7.285599999999999632e+00
-1.182400000000000162e+01
-1.595099999999999874e+01
-1.239400000000000013e+01
-5.301899999999999835e+00
-1.116300000000000070e+00
4.103500000000000369e+00
6.491100000000000314e+00
8.486599999999999255e+00
7.463499999999999801e+00
5.469400000000000261e+00
8.445100000000000051e+00
3.894200000000000106e+00
-1.122900000000000098e+01
-1.210500000000000043e+01
6.380200000000000315e-01
4.328299999999999592e+00
2.307999999999999829e+00
4.705099999999999838e+00
8.206799999999999429e+00
8.380200000000000315e+00
6.565500000000000114e+00
2.311100000000000154e+00
3.484300000000000175e+00
7.412600000000000300e+00
9.611800000000000566e+00
1.799800000000000111e+01
2.513300000000000267e+01
1.904899999999999949e+01
1.653200000000000003e+00
-2.094400000000000261e+01
-3.342800000000000438e+01
-2.399500000000000099e+01
-1.047700000000000031e+01
-1.642099999999999893e+00
1.029199999999999893e+00
-4.079200000000000048e-01
4.363699999999999690e+00
6.476499999999999702e+00
2.357800000000000118e+00
4.613699999999999690e+00
8.322100000000000719e+00
1.030200000000000005e+00
-1.414599999999999902e+01
-2.549800000000000111e+01
-1.646900000000000119e+01
-2.555699999999999861e+00
-2.831899999999999973e-01
9.149300000000000210e+00
1.802400000000000091e+01
1.420199999999999996e+01
1.147700000000000031e+01
5.458899999999999864e+00
-1.494799999999999907e+00
-4.920200000000000351e+00
-6.129400000000000404e+00
-5.298799999999999955e+00
-4.158100000000000129e+00
7.726100000000000190e-01
-2.030499999999999972e+00
-4.936200000000000365e+00
6.161699999999999733e+00
5.846400000000000041e+00
-2.943299999999999805e+00
-1.979800000000000004e+00
-7.910099999999999909e+00
-1.380400000000000027e+01
-8.140900000000000247e+00
-4.592500000000000249e+00
-7.482599999999999696e+00
-9.933899999999999508e+00
-4.002799999999999692e+00
7.074900000000000411e+00
1.072299999999999898e+01
1.006299999999999883e+01
1.151200000000000045e+01
4.301599999999999646e+00
-4.772499999999999964e+00
-3.751199999999999868e+00
1.463700000000000001e+00
6.682200000000000362e-01
-4.361500000000000377e+00
-4.644300000000000317e+00
-6.320800000000000196e+00
-1.196000000000000085e+01
-1.100000000000000000e+01
2.626699999999999591e-01
7.290300000000000225e+00
7.179800000000000182e+00
1.204900000000000126e+01
1.221499999999999986e+01
3.636600000000000055e+00
6.590799999999999770e+00
1.208099999999999952e+01
1.774100000000000010e+00
-8.863899999999999224e+00
-3.734900000000000109e+00
7.239799999999999791e+00
9.223800000000000665e+00
7.687599999999999767e+00
1.098099999999999987e+01
8.618999999999999773e+00
-6.139899999999999913e+00
-1.814000000000000057e+01
-1.518900000000000006e+01
-9.053800000000000736e+00
-3.072599999999999998e+00
-1.552900000000000114e-01
-6.017299999999999649e+00
-3.463999999999999968e+00
3.972500000000000142e+00
5.925099999999999589e+00
5.282199999999999562e+00
3.678999999999999826e+00
1.707100000000000062e+00
-4.106100000000000305e-01
1.973500000000000032e+00
2.671899999999999942e+00
-2.099299999999999944e+00
1.028100000000000014e+00
1.090400000000000169e+01
1.347200000000000131e+01
1.099900000000000055e+01
2.475099999999999856e+00
-9.705099999999999838e+00
-1.757600000000000051e+01
-1.888899999999999935e+01
-1.309599999999999831e+01
-4.648600000000000065e+00
5.379900000000000126e+00
1.202599999999999980e+01
7.201500000000000234e+00
2.723700000000000079e-02
-7.314700000000000202e+00
-1.217599999999999838e+01
-7.254900000000000126e+00
-3.075299999999999923e+00
3.194800000000000417e-01
6.255600000000000271e+00
7.746900000000000119e+00
3.881800000000000139e+00
2.024900000000000144e+00
5.203400000000000247e+00
7.144099999999999895e+00
9.450900000000000745e+00
5.292699999999999960e+00
7.110699999999999799e-01
7.636500000000000510e-01
-2.912500000000000089e+00
-3.954400000000000137e+00
-5.721499999999999808e+00
-9.076900000000000190e+00
-5.028400000000000425e+00
9.238299999999999290e-01
1.905699999999999950e+00
5.180699999999999861e+00
5.941900000000000404e+00
6.716499999999999915e+00
4.887400000000000411e+00
-5.447600000000000220e-01
1.127299999999999969e+00
3.270800000000000374e-01
-2.705400000000000027e+00
2.221000000000000085e+00
4.193999999999999950e+00
-6.898900000000000254e+00
-1.110099999999999909e+01
-4.811300000000000132e+00
-4.018400000000000305e-01
1.157599999999999879e-01
-6.336599999999999788e+00
-5.212600000000000122e+00
-1.608600000000000030e+00
-2.117900000000000116e+00
2.207699999999999996e+00
2.145500000000000185e+00
-2.957100000000000062e+00
-1.322100000000000053e+00
2.495200000000000196e-02
-4.863999999999999879e+00
-3.432100000000000151e+00
3.219700000000000006e+00
6.377100000000000435e+00
7.633399999999999963e+00
4.313799999999999635e+00
1.319800000000000084e+00
-3.283800000000000052e-01
-6.148100000000000342e+00
-6.925300000000000011e+00
-2.265400000000000080e+00
3.157900000000000151e+00
4.905000000000000249e+00
1.864299999999999846e-01
-6.927200000000000024e+00
-7.520500000000000185e+00
-6.234600000000000364e+00
-5.145800000000000374e+00
5.572300000000000253e+00
1.206200000000000117e+01
1.054199999999999982e+01
7.345100000000000406e+00
1.568200000000000038e+00
4.213700000000000223e+00
6.703599999999999781e+00
3.298099999999999921e-01
-3.136299999999999866e+00
-8.744299999999999295e-02
1.330899999999999972e+00
-3.368599999999999817e+00
-3.580700000000000216e+00
3.403700000000000170e+00
2.998200000000000198e+00
-3.126500000000000057e+00
-5.127299999999999969e+00
-3.521900000000000031e+00
1.417400000000000049e-01
-1.924599999999999922e-01
-7.317800000000000082e+00
-7.919299999999999784e+00
-3.232800000000000118e+00
-1.526899999999999924e+00
2.177099999999999813e+00
3.285899999999999821e+00
2.303399999999999892e+00
4.687500000000000000e+00
4.807100000000000151e+00
6.760900000000000354e+00
4.911200000000000010e+00
-3.382800000000000029e+00
-1.771300000000000097e+00
-7.687100000000000044e-01
-2.761299999999999866e+00
-1.252099999999999991e+00
-4.105400000000000382e+00
-6.621699999999999697e+00
-5.834600000000000009e+00
-4.803700000000000081e+00
-2.509199999999999875e+00
-9.781999999999999584e-01
-5.790900000000000214e-02
1.568100000000000049e+00
5.855900000000000105e+00
1.130000000000000071e+01
1.152599999999999980e+01
6.437500000000000000e+00
-2.160699999999999843e+00
-6.709399999999999586e+00
-5.473399999999999821e+00
-8.168699999999999406e+00
-6.043599999999999639e+00
3.541399999999999881e+00
7.649099999999999788e+00
7.884199999999999875e+00
5.367099999999999760e+00
-1.377799999999999914e+00
-2.648200000000000109e+00
-6.375399999999999956e-01
1.157499999999999973e+00
2.556999999999999940e+00
-6.345899999999999874e-01
-1.609099999999999975e+00
1.755800000000000027e+00
1.435200000000000031e+00
-1.763900000000000023e+00
-4.123599999999999710e+00
-5.678499999999999659e+00
-2.721499999999999808e+00
2.215700000000000003e+00
5.063500000000000334e+00
7.008300000000000196e+00
4.075099999999999945e+00
-1.355499999999999927e+00
-4.466000000000000192e+00
-5.062000000000000277e+00
-1.560300000000000020e+00
-2.192299999999999915e+00
-7.598099999999999632e+00
-7.772599999999999731e+00
-1.647799999999999931e+00
4.016899999999999693e+00
4.356099999999999639e+00
3.950600000000000112e+00
3.477700000000000014e+00
5.240600000000000813e-01
-2.228600000000000136e+00
-2.655400000000000205e+00
2.230699999999999905e-01
1.453200000000000047e+00
-4.620199999999999863e-01
3.467699999999999783e+00
6.883399999999999963e+00
4.288800000000000168e+00
3.098399999999999821e+00
2.369499999999999940e+00
2.119200000000000195e+00
1.391899999999999915e+00
1.945699999999999985e+00
3.856300000000000061e+00
2.367100000000000204e+00
4.934699999999999642e-01
7.668000000000000371e-01
-1.465400000000000036e+00
-6.170899999999999608e+00
-4.653200000000000003e+00
-2.294200000000000017e+00
-4.828700000000000436e+00
-2.825499999999999901e+00
-1.774399999999999977e+00
-3.653900000000000148e+00
-4.854600000000000581e-01
1.580000000000000071e+00
-3.914400000000000102e-01
-3.001900000000000013e+00
-3.324399999999999800e+00
-2.123400000000000176e+00
-7.382699999999999818e-01
2.384199999999999875e+00
3.248299999999999965e+00
-2.206399999999999917e+00
-4.346700000000000230e+00
-8.474899999999999656e-01
-6.839100000000000179e-01
-3.273899999999999810e+00
-1.220800000000000107e+00
2.545799999999999841e+00
2.257299999999999862e+00
1.816400000000000015e+00
1.413499999999999979e+00
2.715899999999999981e+00
5.740700000000000358e+00
4.752600000000000158e+00
2.219800000000000106e-01
-4.591700000000000337e+00
-6.625300000000000189e+00
-4.793199999999999683e+00
-1.020999999999999908e+00
1.221400000000000041e+00
2.485899999999999999e+00
4.020400000000000418e+00
2.706799999999999873e+00
-2.785899999999999821e+00
-5.797100000000000364e+00
-3.859999999999999876e+00
-2.911599999999999966e+00
-2.275799999999999823e+00
2.593200000000000019e-02
3.160499999999999865e+00
3.803300000000000125e+00
2.098399999999999821e+00
2.018699999999999939e+00
1.298999999999999932e+00
-1.022799999999999931e+00
-1.578300000000000036e+00
4.757000000000000117e-01
4.021300000000000097e+00
4.427599999999999980e+00
9.619700000000001028e-01
-9.675500000000000211e-01
-1.432800000000000074e+00
-2.474800000000000111e+00
-1.300300000000000011e+00
1.756599999999999828e-01
-1.745700000000000029e-01
1.187599999999999989e+00
5.238399999999999723e-01
-1.716800000000000104e+00
-1.790599999999999969e+00
-2.702199999999999935e+00
-2.314000000000000057e+00
-3.872300000000000186e-01
1.642600000000000060e+00
3.917800000000000171e+00
3.758999999999999897e+00
8.791999999999999815e-02
-2.731100000000000083e+00
-7.724300000000000610e-01
2.932199999999999918e+00
2.522299999999999986e+00
-3.379300000000000082e-01
-1.038899999999999935e+00
-1.531600000000000072e+00
-6.280600000000000627e-01
2.224699999999999900e+00
3.046600000000000197e+00
2.443400000000000016e-01
-1.120999999999999996e+00
1.344500000000000028e+00
7.811500000000000110e-01
-9.747899999999999343e-01
1.239600000000000035e+00
2.294500000000000206e+00
1.665100000000000025e+00
1.437599999999999989e+00
1.328899999999999970e+00
5.013400000000000079e-01
-1.085700000000000109e+00
-7.979300000000000281e-01
4.706399999999999473e-01
1.179100000000000037e+00
7.993200000000000305e-01
-2.747100000000000097e-01
6.892999999999999128e-02
-5.303800000000000736e-01
-1.773600000000000065e+00
-1.735400000000000054e+00
-3.002200000000000202e+00
-2.315500000000000114e+00
-2.926699999999999857e-01
1.216699999999999893e+00
3.816100000000000048e+00
3.619000000000000217e+00
1.349799999999999889e-01
-2.230399999999999938e+00
-2.485300000000000065e+00
-3.490000000000000213e+00
-4.552399999999999558e+00
-3.430000000000000160e+00
-4.648399999999999754e-01
2.037199999999999900e+00
3.142199999999999882e+00
2.937399999999999789e+00
2.606700000000000017e+00
1.625899999999999901e+00
3.454999999999999738e-01
1.829800000000000038e-01
-1.649599999999999955e+00
-3.279700000000000060e+00
-2.769499999999999851e+00
-1.616700000000000026e+00
4.845999999999999752e-01
1.838200000000000056e+00
6.255800000000000249e-01
-9.724000000000000421e-01
-6.685200000000000031e-01
8.580600000000000449e-01
1.306300000000000017e+00
-3.882099999999999995e-01
-9.463299999999998935e-01
-3.705699999999999550e-01
-6.332499999999999796e-01
-9.219399999999999817e-01
-4.370899999999999785e-01
2.747399999999999842e-01
5.313799999999999635e-01
2.909100000000000019e-01
-8.827300000000000424e-02
4.588999999999999746e-01
1.085099999999999953e+00
1.482099999999999973e+00
6.784700000000000175e-01
-8.016999999999999682e-01
-3.343599999999999905e-01
4.308500000000000107e-01
1.936400000000000066e-01
5.379300000000000054e-03
4.294499999999999984e-01
4.590600000000000236e-01
4.028999999999999804e-01
1.324999999999999956e+00
1.852500000000000036e+00
1.497000000000000108e+00
3.951599999999999557e-03
-1.801299999999999901e+00
-1.156099999999999905e+00
-1.539800000000000058e-01
-9.582399999999999807e-01
-1.389599999999999946e+00
-1.446600000000000108e+00
-1.024000000000000021e+00
1.855099999999999805e-01
3.343099999999999961e-01
-2.723599999999999910e-01
-4.425000000000000044e-01
-8.986500000000000044e-02
-6.423900000000000443e-02
-2.221199999999999841e-01
-1.566299999999999915e-01
-2.432799999999999893e-02
4.885399999999999743e-01
7.019400000000000084e-01
5.253499999999999837e-01
4.030899999999999761e-02
-7.542300000000000670e-01
-4.182299999999999907e-01
1.765299999999999925e-01
-2.111199999999999743e-01
-6.609899999999999665e-01
-2.825799999999999979e-01
5.391799999999999926e-01
1.072699999999999987e+00
9.015499999999999625e-01
7.298399999999999332e-01
8.849600000000000799e-01
5.698699999999999877e-01
-2.148400000000000032e-01
-9.338299999999999379e-01
-8.918500000000000316e-01
-2.146800000000000097e-01
-2.781699999999999728e-01
-5.789300000000000557e-01
-2.136099999999999943e-01
2.330599999999999894e-01
6.337000000000000410e-01
9.178299999999999237e-01
5.293899999999999162e-01
-1.225599999999999884e-01
-2.224300000000000166e-01
-1.164900000000000102e-01
-1.192099999999999965e-01
3.224300000000000256e-03
2.060400000000000079e-02
8.273300000000000098e-02
1.600199999999999956e-01
8.382200000000000761e-02
2.541799999999999962e-02
4.279299999999999771e-02
-6.403799999999999770e-02
-2.433199999999999807e-01
-3.528300000000000325e-01
-3.443400000000000349e-01
-2.378300000000000136e-01
-8.251000000000000001e-02
-1.890899999999999873e-02
-4.566100000000000020e-02
-1.186500000000000055e-02
3.467800000000000049e-02
3.500799999999999745e-02
5.765800000000000092e-02
4.007799999999999557e-02
4.528100000000000180e-02
6.941100000000000048e-02
7.754900000000000682e-02
5.223600000000000465e-02
9.815000000000000807e-03
1.103799999999999920e-02
3.389700000000000352e-02
-1.910800000000000042e-03
-2.219099999999999892e-02
-1.813199999999999881e-02
-2.590899999999999800e-02
-4.117200000000000026e-02
-6.852699999999999764e-03
2.533300000000000135e-02
2.246199999999999933e-02
1.488499999999999893e-02
1.484900000000000109e-02
-2.925099999999999922e-03
-4.487300000000000490e-03
-7.158900000000000159e-03
-6.579400000000000005e-03
-4.810100000000000313e-03
5.256600000000000161e-03
5.502799999999999532e-03
5.975799999999999862e-03
1.173499999999999847e-03
5.636500000000000017e-03
3.998599999999999724e-03
2.502100000000000157e-03
-1.892800000000000038e-03
-4.085799999999999912e-06
-2.701499999999999908e-03
1.023600000000000161e-03
-1.217000000000000037e-04
1.789199999999999905e-03
-2.417900000000000171e-03
-8.539799999999999518e-04
-2.356000000000000021e-03
1.057800000000000016e-03
-1.037399999999999954e-03
1.829799999999999916e-03
-2.523499999999999810e-04
2.117399999999999751e-03
-3.313799999999999884e-04
1.721999999999999790e-03
-8.908199999999999582e-04
1.352099999999999960e-03
-9.959800000000000424e-04
1.327099999999999894e-03
-1.004799999999999921e-03
1.290099999999999971e-03
-9.714300000000000148e-04
1.326700000000000101e-03
-1.000999999999999937e-03
1.282300000000000106e-03
-9.693800000000000463e-04
1.282300000000000106e-03
-9.984200000000000800e-04
1.248100000000000034e-03
-1.014299999999999881e-03
1.218799999999999918e-03
-1.016499999999999826e-03
1.208799999999999892e-03
-1.015499999999999910e-03
1.193099999999999890e-03
-1.015799999999999863e-03
1.176400000000000189e-03
-1.026700000000000182e-03
1.151899999999999973e-03
-1.027299999999999871e-03
1.141199999999999984e-03
-1.027400000000000145e-03
1.131499999999999910e-03
-1.024799999999999973e-03
1.118300000000000023e-03
-1.026700000000000182e-03
1.098200000000000131e-03
-1.030499999999999949e-03
1.083400000000000205e-03
-1.037399999999999954e-03
1.077700000000000012e-03
-1.027200000000000031e-03
1.065100000000000031e-03
-1.027600000000000041e-03
1.050799999999999955e-03
-1.029399999999999976e-03
1.034299999999999933e-03
-1.033700000000000027e-03
1.027799999999999938e-03
-1.027099999999999975e-03
1.023600000000000161e-03
-1.020400000000000083e-03
1.016499999999999826e-03
-1.013800000000000031e-03
1.009399999999999924e-03
-1.010999999999999963e-03
