2.220300000000000051e-01
4.119800000000000129e-01
3.547399999999999998e-01
3.753500000000000170e-01
3.716599999999999904e-01
3.735600000000000032e-01
3.733400000000000052e-01
3.675100000000000033e-01
3.453400000000000358e-01
3.062599999999999767e-01
2.598900000000000099e-01
2.033500000000000030e-01
1.593200000000000172e-01
2.237999999999999989e-01
7.175500000000000211e-01
1.889899999999999913e+00
3.854400000000000048e+00
6.481399999999999828e+00
9.777499999999999858e+00
1.425500000000000078e+01
2.079100000000000037e+01
2.439400000000000190e+01
2.072400000000000020e+01
1.806400000000000006e+01
1.382499999999999929e+01
2.511199999999999544e-01
-1.219800000000000040e+01
-1.903099999999999881e+01
-2.458599999999999852e+01
-2.815599999999999881e+01
-2.960900000000000176e+01
-3.013500000000000156e+01
-2.516199999999999903e+01
-1.994999999999999929e+01
-1.884600000000000009e+01
-9.847500000000000142e+00
4.349300000000000388e+00
8.378999999999999559e+00
9.227499999999999147e+00
6.479400000000000048e+00
3.408100000000000129e+00
1.181599999999999895e+01
1.779899999999999949e+01
1.472000000000000064e+01
6.214599999999999902e+00
-5.669500000000000206e+00
-1.121299999999999919e+01
-6.716899999999999871e+00
-6.498899999999999899e+00
-1.111599999999999966e+01
-8.407600000000000406e+00
-2.929699999999999971e+00
7.638300000000000090e-01
2.347799999999999887e+00
3.305599999999999650e-01
-1.283099999999999796e-01
-2.921699999999999964e+00
-7.992099999999999760e+00
-1.352200000000000024e+01
-9.852199999999999847e+00
2.557900000000000063e+00
2.803100000000000147e+00
-3.429199999999999804e+00
2.613599999999999812e-01
5.275699999999999612e+00
1.338700000000000045e+01
2.143400000000000105e+01
2.218499999999999872e+01
1.871199999999999974e+01
1.139400000000000013e+01
6.990000000000000213e+00
5.885399999999999743e+00
6.972000000000000419e+00
4.515600000000000058e+00
2.295799999999999841e+00
7.009900000000000020e+00
5.982499999999999929e+00
-2.381400000000000183e+00
-8.370599999999999596e+00
-9.527599999999999625e+00
-6.220500000000000362e+00
-1.424400000000000110e+00
2.583600000000000119e+00
5.191099999999999604e+00
4.736399999999999721e+00
8.477000000000000313e+00
8.789600000000000080e+00
-2.773299999999999876e+00
-9.499700000000000699e+00
-1.068799999999999883e+01
-1.591400000000000148e+01
-1.755700000000000216e+01
-1.658699999999999974e+01
-1.513099999999999845e+01
-9.908599999999999852e+00
-7.103399999999999714e+00
-7.099099999999999966e+00
-2.711899999999999977e+00
4.085899999999999643e+00
7.611399999999999721e+00
6.411900000000000155e+00
4.950599999999999667e+00
6.666400000000000325e+00
4.979700000000000237e+00
2.210900000000000087e+00
2.110599999999999810e+00
-5.813199999999999479e-01
1.454399999999999915e+00
5.091899999999999871e+00
6.986700000000000133e-01
-5.067599999999999660e+00
-8.058199999999999363e+00
-6.545200000000000351e+00
1.891299999999999981e+00
5.791400000000000325e+00
-1.658500000000000085e+00
-3.956799999999999873e+00
1.579599999999999893e+00
2.876399999999999846e+00
-1.015900000000000025e+00
-2.334200000000000053e+00
2.327100000000000168e+00
9.660399999999999210e+00
4.409900000000000375e+00
-4.320700000000000429e+00
-2.877899999999999903e+00
1.773699999999999999e-01
8.930899999999999395e+00
1.005100000000000016e+01
9.766100000000000891e-01
7.069900000000000073e-01
-3.665500000000000203e+00
-1.077999999999999936e+01
-9.331099999999999284e+00
-5.906399999999999650e+00
-2.074500000000000011e+00
1.407899999999999929e+00
1.989000000000000101e+00
-9.118100000000000094e-01
-2.790799999999999947e+00
5.306600000000000206e-01
5.940500000000000114e+00
9.303000000000000824e+00
9.960200000000000387e+00
1.515600000000000058e+00
-4.549900000000000055e+00
1.346400000000000041e+00
2.799399999999999888e+00
-3.908599999999999852e+00
-5.269000000000000128e+00
-4.641799999999999926e+00
-4.379199999999999982e+00
-1.355099999999999971e+00
-1.028299999999999947e+01
-1.545400000000000063e+01
-3.692800000000000082e+00
2.435900000000000176e+00
4.856600000000000361e-01
1.519600000000000062e+00
4.054899999999999949e+00
5.733600000000000030e+00
6.189899999999999736e+00
-6.842399999999999594e-01
-3.462400000000000144e+00
1.861799999999999899e+00
6.719599999999999795e+00
7.150299999999999656e+00
-9.240299999999999070e-01
-2.851999999999999869e+00
-1.567400000000000182e-01
-7.137199999999999989e+00
-1.332300000000000040e+01
-9.768299999999999983e+00
-4.317499999999999893e+00
2.571899999999999853e+00
1.223299999999999876e+01
1.444999999999999929e+01
1.270299999999999940e+01
7.861799999999999677e+00
1.323600000000000110e+00
5.329399999999999693e+00
8.668599999999999639e+00
1.063199999999999967e+01
9.649800000000000821e+00
-2.676299999999999860e-02
-2.620600000000000041e+00
-5.975000000000000311e-01
-3.036300000000000221e+00
-7.635900000000000354e+00
-1.040900000000000070e+01
-6.230900000000000105e+00
-1.820200000000000040e+00
-8.034700000000000841e+00
-1.573099999999999987e+01
-1.129400000000000048e+01
-4.295200000000000351e+00
-4.208599999999999675e+00
-3.146599999999999842e+00
3.805699999999999861e+00
6.108600000000000030e+00
-3.001900000000000013e+00
-5.386099999999999888e+00
-4.116100000000000314e+00
-8.194699999999999207e+00
-2.624799999999999911e-01
1.093500000000000050e+01
1.471400000000000041e+01
1.579400000000000048e+01
1.531400000000000006e+01
1.261400000000000077e+01
1.076700000000000124e+01
7.544200000000000017e+00
-6.230400000000000382e+00
-1.283500000000000085e+01
-3.462400000000000144e+00
3.295900000000000052e+00
1.007900000000000063e+01
1.480900000000000105e+01
5.038800000000000168e+00
-7.297799999999999621e+00
-1.463099999999999845e+01
-1.052900000000000169e+01
2.637199999999999989e+00
9.946699999999999875e+00
8.260099999999999554e+00
3.282599999999999962e+00
2.568299999999999805e+00
7.588700000000000223e+00
7.919800000000000395e+00
3.265000000000000124e+00
2.233200000000000074e+00
2.813400000000000123e+00
2.094899999999999984e+00
-8.601200000000001067e-01
-6.072700000000000209e+00
-5.056700000000000195e+00
2.761299999999999866e+00
3.297000000000000153e+00
-1.430200000000000082e-01
-1.198599999999999943e-01
-4.397100000000000009e+00
-7.308200000000000252e+00
-9.159100000000000019e-01
1.435300000000000020e+00
2.279599999999999849e+00
1.007399999999999984e+01
6.818200000000000038e+00
-2.282300000000000217e+00
7.034900000000000375e+00
1.897500000000000142e+01
5.347299999999999720e+00
-8.248300000000000409e+00
-3.302900000000000169e+00
-1.363399999999999945e+00
-1.978399999999999936e+00
-1.387000000000000011e+00
-6.417200000000000237e+00
-9.356500000000000483e+00
-8.963499999999999801e+00
-1.369099999999999895e+01
-1.355099999999999838e+01
-5.771200000000000330e+00
-1.885000000000000009e+00
-2.700000000000000178e+00
-3.375300000000000189e+00
1.042699999999999960e+00
1.382300000000000040e+01
1.420800000000000018e+01
2.222300000000000109e-01
-7.416000000000000369e+00
-4.965099999999999625e+00
2.738399999999999945e+00
2.744299999999999962e+00
-6.761199999999999655e+00
-5.674999999999999822e+00
9.331799999999998985e-01
6.602199999999999847e+00
1.209500000000000064e+01
5.158400000000000318e+00
-3.721200000000000063e+00
-2.715100000000000069e+00
7.972299999999999942e-01
-7.575899999999999856e-01
-3.156899999999999817e+00
-6.873599999999999710e+00
-1.149699999999999989e+01
-1.009700000000000131e+01
-4.552100000000000257e+00
-2.887900000000000134e+00
4.640399999999999525e-01
8.544900000000000162e+00
7.926999999999999602e+00
5.272100000000000009e+00
8.861000000000000654e+00
6.411500000000000199e+00
-1.870099999999999818e-01
-3.454600000000000115e+00
-2.662799999999999834e+00
-3.946200000000000152e+00
-1.094999999999999929e+01
-9.995499999999999829e+00
-2.846200000000000063e+00
-8.590700000000000003e+00
-1.548299999999999876e+01
-1.023200000000000109e+00
1.015799999999999947e+01
1.053800000000000026e+01
1.154800000000000004e+01
4.388700000000000045e+00
-3.890000000000000124e+00
-6.240599999999999703e+00
-7.620300000000000296e+00
-3.983000000000000096e+00
-4.477899999999999991e+00
-9.754899999999999238e+00
-2.414699999999999847e+00
4.745300000000000296e+00
3.363100000000000200e+00
1.298600000000000032e-01
-5.227500000000000036e+00
-1.000200000000000067e+01
-1.144400000000000084e+01
-8.653700000000000614e+00
-6.064400000000000013e+00
2.326600000000000001e+00
1.482900000000000063e+01
1.455599999999999916e+01
3.189900000000000180e+00
-5.050300000000000011e+00
-5.571200000000000152e+00
4.516399999999999970e+00
1.022400000000000020e+01
4.428799999999999959e-01
-9.446600000000000108e+00
-1.126799999999999891e+01
-1.812000000000000055e+00
1.194500000000000028e+01
1.513400000000000034e+01
1.124699999999999989e+01
5.689400000000000013e+00
3.071000000000000174e+00
3.262000000000000011e+00
-1.034399999999999986e+00
-4.006700000000000372e+00
-4.616200000000000081e+00
-8.927500000000000213e+00
-1.452799999999999869e+01
-1.201799999999999891e+01
-3.840500000000000025e-01
8.477700000000000458e+00
8.947400000000000020e+00
6.912200000000000344e+00
3.206100000000000172e+00
2.313699999999999868e+00
-2.246800000000000186e-02
-4.820800000000000196e+00
-6.643200000000000216e+00
-7.053200000000000358e+00
-5.408599999999999852e+00
-2.736899999999999888e+00
6.941300000000000026e+00
1.249200000000000088e+01
2.673900000000000166e+00
1.569700000000000095e+00
3.664299999999999891e+00
2.174399999999999888e+00
1.062400000000000055e+01
6.092999999999999972e+00
-9.703299999999999148e-01
1.017300000000000004e+01
1.083799999999999919e+01
8.349700000000001010e-01
-2.613500000000000156e+00
-1.207300000000000040e+00
3.264699999999999935e+00
5.011499999999999844e+00
6.771399999999999864e+00
3.604499999999999815e+00
-5.631099999999999994e-01
7.084600000000000009e+00
1.123299999999999876e+01
7.591999999999999638e+00
5.306099999999999817e+00
1.552200000000000024e+00
-7.282000000000000028e+00
-9.450799999999999201e+00
-4.793499999999999872e+00
-6.774499999999999744e+00
-9.415300000000000225e+00
1.232299999999999951e+00
6.020299999999999763e+00
-3.217499999999999805e+00
-3.865200000000000191e+00
-4.347600000000000076e-02
-4.287600000000000300e+00
-5.842100000000000293e+00
-7.979400000000000048e+00
-7.809800000000000075e+00
4.890799999999999592e+00
1.044700000000000095e+01
1.195299999999999940e+01
1.038299999999999912e+01
-2.350400000000000045e+00
-7.715600000000000236e+00
-8.672399999999999665e+00
-1.642999999999999972e+01
-7.769099999999999895e+00
6.861600000000000144e+00
3.936199999999999921e+00
-8.663299999999999335e-01
2.572999999999999954e+00
1.163699999999999957e+00
-8.626700000000000479e-01
9.444000000000000838e+00
7.135500000000000398e+00
4.389000000000000123e-01
1.083500000000000085e+01
1.023600000000000065e+01
1.415499999999999980e+00
2.241200000000000081e+00
4.931400000000000006e+00
3.103299999999999947e+00
9.024799999999999489e-01
2.029499999999999915e-01
1.753200000000000092e+00
1.387100000000000000e+00
-5.441799999999999748e+00
-8.968199999999999505e+00
-1.086700000000000088e+01
-1.253900000000000148e+01
-9.826200000000000045e+00
-4.374900000000000233e+00
-4.995400000000000534e-02
4.412200000000000344e+00
7.283999999999999808e+00
2.962299999999999933e+00
-4.584200000000000053e+00
-7.688600000000000101e+00
-5.402899999999999814e+00
-3.928100000000000147e+00
-1.695200000000000040e+00
-1.592200000000000004e-01
-2.963499999999999801e+00
-3.433600000000000207e+00
2.114300000000000068e+00
8.387399999999999523e+00
8.521900000000000475e+00
-3.443499999999999894e-01
-1.108799999999999919e+01
-8.235699999999999577e+00
4.767199999999999882e+00
6.988999999999999879e+00
8.517200000000000326e-01
-4.116200000000000081e+00
-1.096700000000000053e+01
-1.523000000000000043e+01
-8.132899999999999352e+00
1.076999999999999957e+00
5.312899999999999956e+00
8.347599999999999909e+00
3.112000000000000099e+00
-2.629700000000000149e+00
1.278299999999999992e+00
3.034199999999999786e+00
2.002600000000000158e+00
-8.733200000000000962e-01
-4.685399999999999565e+00
2.249899999999999956e-01
6.183399999999999785e+00
3.755399999999999849e+00
4.155999999999999694e+00
-3.082500000000000240e-01
-6.307699999999999640e+00
1.269200000000000106e+00
4.223499999999999588e+00
2.596699999999999564e-01
5.888200000000000101e-01
-2.492700000000000138e+00
-6.009299999999999642e+00
-5.051199999999999690e+00
-3.137300000000000200e+00
3.261100000000000110e-01
-2.311700000000000088e+00
-6.355400000000000382e+00
-5.299800000000000288e+00
-7.571900000000000297e+00
-4.897199999999999775e+00
3.189200000000000035e+00
6.282499999999999751e+00
1.009200000000000097e+00
-9.331799999999999429e+00
-1.145199999999999996e+01
-6.972599999999999909e+00
-1.723200000000000065e+00
-1.957000000000000128e-01
-3.406800000000000384e-01
4.363100000000000200e+00
7.188500000000000334e+00
6.933600000000000207e+00
7.150999999999999801e+00
5.879699999999999704e+00
1.645399999999999974e+00
-7.400000000000000355e+00
-1.542400000000000126e+01
-1.108400000000000141e+01
-7.171599999999999753e+00
-4.468700000000000117e+00
5.660499999999999865e+00
9.044299999999999784e+00
2.258700000000000152e+00
-2.332399999999999807e+00
-1.460599999999999898e+00
1.444800000000000084e+00
5.532300000000000217e+00
3.217699999999999783e+00
1.074500000000000011e+00
8.567399999999999238e+00
1.025000000000000000e+01
2.384300000000000086e+00
-4.298700000000000188e+00
-5.967699999999999783e+00
-1.752000000000000002e+00
-3.640700000000000047e-01
-1.002899999999999903e+00
-6.381700000000000372e+00
-1.584999999999999964e+01
-1.021600000000000108e+01
1.072999999999999954e+00
-1.186199999999999921e+00
-4.365300000000000402e+00
2.023200000000000109e+00
2.355700000000000127e+00
-2.612299999999999844e+00
3.125599999999999934e+00
5.935500000000000220e+00
-4.048700000000000188e+00
-8.871199999999999974e+00
-3.483800000000000230e-01
1.013499999999999979e+01
1.996599999999999753e+01
1.702200000000000202e+01
3.344399999999999817e+00
1.365099999999999980e+00
6.302599999999999980e+00
3.114100000000000090e+00
2.147400000000000198e+00
6.395400000000000418e+00
2.264699999999999935e+00
8.770499999999999963e-01
3.584400000000000031e+00
-2.814900000000000180e+00
-1.032799999999999940e+01
-1.080199999999999960e+01
-1.054700000000000060e+01
-1.203999999999999915e+01
-5.748599999999999710e+00
2.406499999999999861e+00
6.612300000000000288e+00
1.274599999999999866e+01
1.192200000000000060e+01
3.047000000000000153e+00
-2.499499999999999833e+00
-4.234300000000000175e+00
-4.026500000000000412e+00
-5.782000000000000028e+00
-7.271799999999999820e+00
4.038700000000000401e+00
8.317099999999999937e+00
-5.138099999999999890e-01
-4.538400000000000212e+00
-2.195300000000000307e-01
5.525900000000000034e+00
3.917100000000000026e+00
-4.377500000000000391e+00
-7.808399999999999785e+00
-7.768000000000000460e-01
1.532599999999999874e+01
2.086499999999999844e+01
9.046900000000000830e+00
4.761199999999999655e+00
-2.312699999999999756e-01
-1.946499999999999897e+00
1.222799999999999976e+01
1.288799999999999990e+01
3.657200000000000006e+00
7.003999999999999559e+00
1.063799999999999990e+01
3.880100000000000104e+00
-4.653699999999999726e+00
-2.926899999999999835e+00
4.760900000000000354e+00
4.801800000000000068e+00
-2.961899999999999977e+00
-7.580400000000000027e+00
-5.350799999999999557e+00
5.952699999999999658e-01
2.801099999999999923e+00
-1.441500000000000004e+00
-4.854800000000000004e+00
-5.060399999999999565e+00
2.842900000000000205e+00
1.488900000000000112e+01
6.655800000000000161e+00
-9.095599999999999241e+00
-5.848600000000000243e+00
-1.214299999999999935e+00
-6.093899999999999650e+00
-6.372700000000000031e+00
-4.523900000000000254e+00
-1.513200000000000101e+00
2.500100000000000211e+00
1.492599999999999927e+00
-3.890600000000000058e+00
-6.760799999999999699e+00
-4.054499999999999771e-01
9.658300000000000551e+00
1.022200000000000131e+01
-9.216999999999999638e-01
-4.015600000000000058e+00
2.730900000000000105e+00
3.081799999999999873e+00
-4.014400000000000190e+00
-8.274900000000000588e+00
-9.539899999999999380e+00
-3.577500000000000124e+00
8.640399999999999470e-02
-6.314700000000000202e+00
-1.414199999999999902e+00
5.436899999999999622e+00
1.583599999999999897e+00
1.998699999999999921e+00
-5.828399999999999137e-01
-6.134999999999999787e+00
-3.482699999999999907e+00
-1.335099999999999953e+00
4.222800000000000331e+00
1.275599999999999845e+01
1.359500000000000064e+01
1.566400000000000148e+01
1.651399999999999935e+01
7.209500000000000242e+00
1.505100000000000104e+00
-8.561400000000000787e+00
-2.010299999999999798e+01
-1.079800000000000004e+01
-1.744899999999999896e+00
2.755300000000000082e+00
1.053700000000000081e+01
1.471700000000000053e+01
1.830700000000000216e+01
9.768900000000000361e+00
-9.675700000000000855e+00
-1.636499999999999844e+01
-1.676900000000000190e+01
-1.324799999999999933e+01
1.428900000000000059e+00
6.091899999999999871e+00
1.081099999999999950e+00
3.983499999999999819e+00
6.359799999999999898e+00
-3.809800000000000075e+00
-1.140700000000000003e+01
-2.425699999999999967e+00
6.390500000000000291e+00
1.438900000000000068e+00
1.015900000000000025e+00
5.415399999999999991e+00
6.631899999999999906e+00
1.089599999999999902e+01
4.413400000000000212e+00
-6.357000000000000206e+00
-6.920200000000000351e+00
-2.025700000000000056e+00
6.446100000000000385e+00
7.240499999999999936e+00
-1.373799999999999910e+00
-4.809700000000000308e+00
-4.270199999999999996e+00
-3.918000000000000149e+00
-6.366399999999999615e+00
-1.051999999999999957e+01
-1.110700000000000109e+01
-1.539799999999999969e+01
-1.811599999999999966e+01
-1.529499999999999993e+01
-1.633599999999999852e+01
-1.674699999999999989e+01
-1.108500000000000085e+01
-1.109500000000000064e+01
-1.091200000000000081e+01
-1.227200000000000069e+00
2.916399999999999881e+00
-3.612000000000000099e+00
-5.602699999999999569e+00
-1.998599999999999932e+00
3.276100000000000012e+00
1.001900000000000013e+01
1.517799999999999905e+01
1.808500000000000085e+01
2.112999999999999901e+01
2.313699999999999690e+01
1.440400000000000169e+01
8.056699999999999307e+00
1.165400000000000169e+01
4.110599999999999810e+00
-1.299300000000000033e+01
-1.983599999999999852e+01
-1.792800000000000082e+01
-1.060099999999999909e+01
-5.680900000000000283e+00
-7.755799999999999805e+00
-6.171800000000000175e+00
-4.327899999999999636e+00
-7.897499999999999964e+00
-9.646000000000000796e+00
-8.405599999999999739e+00
-4.006700000000000372e+00
2.974600000000000133e+00
8.205399999999999139e+00
1.843700000000000117e+01
2.633300000000000196e+01
1.683800000000000097e+01
8.969500000000000028e+00
1.127200000000000024e+01
2.747500000000000053e+00
-1.380499999999999972e+01
-2.087800000000000011e+01
-1.712500000000000000e+01
-7.157799999999999940e+00
-4.006000000000000227e+00
-6.301700000000000301e+00
-4.668099999999999916e+00
-3.500199999999999978e+00
1.619799999999999907e+00
4.682000000000000384e+00
-4.835499999999999687e+00
-7.337200000000000166e+00
9.637499999999999956e-01
3.091499999999999915e+00
4.032300000000000217e+00
5.681700000000000195e+00
5.272899999999999254e-01
-4.876100000000000101e+00
1.515700000000000047e+00
8.986499999999999488e+00
9.157600000000000406e+00
1.421299999999999919e+01
1.853900000000000148e+01
1.279499999999999993e+01
7.175900000000000389e+00
-3.396100000000000119e+00
-1.598200000000000109e+01
-1.210599999999999987e+01
-7.045300000000000118e+00
-3.890200000000000102e+00
5.363000000000000433e+00
8.534100000000000463e+00
1.027299999999999969e+01
1.713299999999999912e+01
1.905499999999999972e+01
9.462899999999999423e+00
-7.401600000000000179e+00
-1.556900000000000084e+01
-6.748099999999999987e+00
3.883000000000000007e+00
8.478099999999999525e+00
9.818199999999999150e+00
6.893399999999999750e+00
2.138400000000000023e-01
-3.432199999999999918e+00
-6.178399999999999892e+00
-1.538299999999999912e+01
-1.548900000000000077e+01
-6.333599999999999675e+00
-2.711599999999999788e+00
-3.704699999999999882e+00
-2.625900000000000123e+00
5.397499999999999520e-01
-2.366299999999999848e+00
-2.969599999999999795e+00
8.624299999999999189e-01
1.696299999999999919e+00
2.830600000000000005e+00
4.945100000000000051e+00
3.929199999999999804e+00
2.203599999999999781e+00
5.041599999999999859e+00
7.247899999999999565e+00
4.625700000000000145e+00
-8.953899999999999082e-01
-1.707500000000000018e+00
3.562699999999999978e+00
1.954199999999999937e+00
-7.825000000000000178e+00
-1.117400000000000126e+01
-9.999000000000000554e+00
-1.192200000000000060e+01
-5.963400000000000034e+00
-2.476699999999999735e-01
-3.564200000000000035e+00
-6.142199999999999882e+00
-7.733299999999999841e+00
-9.480900000000000105e+00
-9.096799999999999997e+00
-4.961999999999999744e+00
-5.768699999999999939e-01
1.102800000000000002e+00
3.630100000000000104e+00
7.846499999999999808e+00
1.005700000000000038e+01
1.247900000000000098e+01
1.323200000000000109e+01
1.103999999999999915e+01
9.315400000000000347e+00
5.786599999999999966e+00
1.612500000000000044e+00
3.446000000000000174e+00
2.919799999999999951e+00
-1.474099999999999966e+00
4.031399999999999650e+00
7.641499999999999737e+00
-4.323899999999999411e-01
-2.451799999999999979e+00
-8.124799999999999800e-01
-7.013799999999999812e+00
-1.368500000000000050e+01
-1.802299999999999969e+01
-1.760999999999999943e+01
-1.367200000000000060e+01
-1.377700000000000102e+01
-1.212599999999999945e+01
-7.562800000000000189e+00
-2.432399999999999896e+00
1.083099999999999952e+01
1.931099999999999994e+01
1.751099999999999923e+01
2.143300000000000338e+01
1.974299999999999855e+01
6.335300000000000153e+00
-4.268200000000000216e+00
-9.358000000000000540e+00
-7.290300000000000225e+00
1.896700000000000053e+00
5.493400000000000283e+00
5.028299999999999770e+00
2.653300000000000214e+00
9.358299999999999397e-01
4.459299999999999820e+00
1.973799999999999999e+00
-2.793400000000000105e+00
2.137000000000000011e+00
4.892999999999999794e+00
-3.039200000000000124e+00
-7.121400000000000396e+00
-4.522100000000000009e+00
-6.011899999999999800e+00
-9.011400000000000077e+00
-9.219200000000000728e+00
-6.322899999999999743e+00
-4.363999999999999879e+00
-1.569900000000000073e+00
5.583599999999999675e+00
3.271900000000000031e+00
-1.162099999999999939e-01
1.074099999999999966e+01
1.837999999999999901e+01
1.460099999999999909e+01
1.100099999999999945e+01
7.565000000000000391e+00
1.453200000000000047e+00
2.436500000000000110e+00
3.971600000000000019e+00
1.634199999999999889e-02
-4.836400000000000254e+00
-1.360799999999999876e+01
-1.737599999999999767e+01
-1.112500000000000000e+01
-4.138600000000000279e+00
-1.826200000000000045e+00
-2.718500000000000139e+00
1.549099999999999921e+00
1.285799999999999876e+01
1.566000000000000014e+01
8.266700000000000159e+00
3.080099999999999838e+00
1.124700000000000033e+00
-1.428099999999999925e+00
-1.375999999999999890e+00
-4.045300000000000118e+00
-7.118400000000000283e+00
-3.181400000000000006e+00
-4.880999999999999783e-01
3.632099999999999884e+00
7.527099999999999902e+00
7.713000000000000078e+00
8.512299999999999756e+00
4.155100000000000016e+00
-4.365699999999999581e-01
1.153100000000000014e+00
-2.928199999999999914e+00
-8.917400000000000659e+00
-7.077600000000000335e+00
-6.956100000000000172e+00
-9.881600000000000605e+00
-5.166500000000000092e+00
-1.047900000000000054e+00
-6.836500000000000021e+00
-6.656600000000000072e+00
-2.491800000000000015e+00
1.727500000000000036e+00
8.548500000000000654e+00
5.643500000000000405e+00
3.794799999999999951e+00
4.081699999999999662e+00
3.074300000000000033e+00
8.217100000000000293e+00
7.276900000000000368e+00
-2.318299999999999805e+00
-2.129999999999999893e+00
4.414699999999999847e+00
7.393399999999999750e+00
5.843600000000000350e+00
-1.896300000000000097e+00
-3.443800000000000194e-01
2.001399999999999846e+00
-4.814600000000000435e+00
-6.361400000000000388e-02
1.122099999999999831e+01
1.599099999999999966e+01
1.114900000000000091e+01
-7.367700000000000138e+00
-1.456599999999999895e+01
-9.998100000000000875e+00
-1.024499999999999922e+01
-5.596499999999999808e+00
7.265000000000000346e-01
1.465400000000000036e+00
8.473300000000000054e+00
1.433500000000000085e+01
8.263299999999999201e+00
5.792900000000000382e+00
2.209400000000000031e+00
-7.906299999999999883e+00
-1.331700000000000017e+01
-1.536099999999999888e+01
-1.559900000000000020e+01
-1.922299999999999898e+01
-2.051699999999999946e+01
-1.093199999999999950e+00
2.160800000000000054e+01
2.093699999999999761e+01
6.208899999999999864e+00
-5.889000000000000234e+00
-1.184500000000000064e+01
-9.193899999999999295e+00
-7.969599999999999795e+00
-1.101599999999999824e+01
-3.644899999999999807e+00
7.673899999999999721e+00
8.738400000000000389e+00
3.583600000000000119e+00
-1.926900000000000057e+00
-3.829400000000000137e+00
-6.024499999999999744e+00
-1.018399999999999928e+01
9.778100000000000680e-01
1.863400000000000034e+01
1.269099999999999895e+01
-2.334000000000000075e+00
-7.809899999999999842e+00
-1.074900000000000055e+01
-1.059400000000000119e+01
-1.069200000000000017e+01
-8.398699999999999832e+00
7.012900000000000134e+00
1.016300000000000026e+01
-3.755999999999999783e+00
1.697999999999999954e+00
1.448799999999999955e+01
8.042999999999999261e+00
-2.833200000000000163e+00
-5.685299999999999798e+00
-3.052700000000000191e+00
1.420199999999999907e+00
-1.183100000000000041e+00
-6.428799999999999848e+00
-7.658000000000000362e+00
-4.985000000000000320e+00
-3.746900000000000119e+00
-8.583099999999999952e+00
-1.068299999999999983e+01
-8.556200000000000472e+00
-9.615999999999999659e+00
-1.113400000000000034e+01
-5.135299999999999976e+00
-1.910199999999999898e+00
-1.074499999999999922e+01
-7.818200000000000038e+00
5.324900000000000411e+00
3.831900000000000084e+00
-5.229599999999999582e+00
-1.254099999999999859e+01
-2.023899999999999810e+00
1.863200000000000145e+01
2.384099999999999753e+01
2.003900000000000148e+01
6.237800000000000011e+00
-3.184899999999999842e+00
5.678900000000000059e-01
5.240700000000000358e+00
7.665799999999999947e+00
8.193200000000000482e-01
-9.406399999999999650e+00
-8.157199999999999562e+00
-2.128499999999999837e+00
-5.234399999999999942e+00
-8.826599999999999113e+00
-5.558900000000000396e+00
-9.379700000000000815e-01
1.924900000000000055e+00
1.116200000000000081e+01
1.410799999999999876e+01
6.370700000000000252e+00
1.861900000000000110e+00
-1.249400000000000066e+00
-3.143600000000000172e+00
-7.639000000000000234e+00
-6.214199999999999946e+00
4.753099999999999881e+00
1.380400000000000027e+01
2.005999999999999872e+01
1.664600000000000080e+01
4.228799999999999670e+00
-1.669700000000000073e-01
-4.729899999999999660e-01
-5.326199999999999823e-01
1.051099999999999923e+01
1.804700000000000060e+01
1.649299999999999855e+01
1.504700000000000060e+01
8.794700000000000628e+00
-3.020700000000000163e+00
-9.827299999999999258e+00
-1.224000000000000021e+01
-1.622400000000000020e+01
-1.681799999999999784e+01
-1.226500000000000057e+01
-1.125200000000000067e+01
-1.075300000000000011e+01
-2.774000000000000021e+00
-3.338400000000000034e+00
-1.124000000000000021e+01
-5.681000000000000050e+00
7.140499999999999625e-01
4.930200000000000138e+00
1.117099999999999937e+01
1.264900000000000091e+01
9.836299999999999599e+00
3.351300000000000168e+00
-1.755600000000000049e+00
2.496500000000000163e+00
8.320100000000000051e+00
1.283099999999999952e+01
1.481700000000000017e+01
6.714800000000000324e+00
1.838100000000000067e+00
6.126699999999999591e+00
7.228100000000000414e+00
-8.334199999999999942e-02
-1.381000000000000050e+01
-2.850800000000000267e+01
-3.026399999999999935e+01
-1.926099999999999923e+01
-9.571999999999999176e+00
-2.401699999999999946e+00
1.430099999999999838e+01
3.611299999999999955e+01
4.593399999999999750e+01
3.506800000000000495e+01
1.884099999999999753e+01
1.479900000000000126e+01
1.574499999999999922e+01
8.692700000000000315e+00
-1.774899999999999922e+00
3.642300000000000093e+00
1.431400000000000006e+01
6.645199999999999996e+00
-4.968399999999999928e+00
2.021999999999999797e+00
1.376099999999999923e+01
1.195400000000000063e+01
6.776900000000000368e+00
-1.929799999999999849e-01
-1.036599999999999966e+01
-1.083099999999999952e+01
-1.721699999999999875e+01
-3.513199999999999790e+01
-4.309399999999999409e+01
-5.405899999999999750e+01
-7.450399999999999068e+01
-7.728499999999999659e+01
-6.576300000000000523e+01
-4.170000000000000284e+01
-1.527900000000000036e+00
2.945499999999999829e+01
3.680100000000000193e+01
4.289600000000000080e+01
5.566600000000000392e+01
5.251500000000000057e+01
4.840399999999999636e+01
6.055699999999999505e+01
6.464600000000000080e+01
6.590000000000000568e+01
6.894899999999999807e+01
4.936199999999999477e+01
2.913400000000000034e+01
2.463899999999999935e+01
8.851100000000000634e+00
-3.755899999999999750e+01
-9.900700000000000500e+01
-1.304000000000000057e+02
-1.293199999999999932e+02
-1.011899999999999977e+02
-6.854800000000000182e+01
-6.121399999999999864e+01
-5.209100000000000108e+01
-3.578999999999999915e+01
-3.103000000000000114e+01
-3.619100000000000250e+01
-1.353800000000000026e+01
4.834899999999999665e+01
9.467700000000000671e+01
1.093299999999999983e+02
1.009300000000000068e+02
7.972700000000000387e+01
6.971999999999999886e+01
6.090899999999999892e+01
2.373999999999999844e+01
-1.375999999999999979e+01
-2.600000000000000000e+01
-4.271800000000000352e+01
-6.167499999999999716e+01
-6.538200000000000500e+01
-6.477800000000000580e+01
-5.483699999999999619e+01
-4.086800000000000210e+01
-5.053499999999999659e+01
-7.452199999999999136e+01
-7.366899999999999693e+01
-5.780199999999999960e+01
-4.424100000000000676e+01
-1.672100000000000009e+01
-6.420600000000000751e-01
-2.470100000000000051e+01
-4.282100000000000506e+01
4.892599999999999838e+00
7.856999999999999318e+01
1.032300000000000040e+02
1.341100000000000136e+02
2.130000000000000000e+02
2.436800000000000068e+02
1.775800000000000125e+02
9.911799999999999500e+01
2.353199999999999648e+01
-6.744400000000000261e+01
-1.007800000000000011e+02
-8.779600000000000648e+01
-5.598799999999999955e+01
-3.632500000000000284e+01
-1.498700000000000010e+01
3.439000000000000057e+01
4.289399999999999835e+01
2.974800000000000111e+01
3.244699999999999562e+01
4.385199999999999676e+01
4.792999999999999972e+01
2.315599999999999881e+01
7.498099999999999987e+00
-1.635699999999999932e+00
-2.570100000000000051e+01
-2.539600000000000080e+01
-2.331999999999999851e+00
-8.616199999999999193e+00
-4.766300000000000381e+01
-7.698699999999999477e+01
-7.927600000000001046e+01
-5.591700000000000337e+00
8.361899999999999977e+01
8.711700000000000443e+00
-1.340399999999999920e+02
-1.417400000000000091e+02
-5.919399999999999551e+01
-6.313600000000000101e+00
-2.485599999999999810e+01
-5.422500000000000142e+01
-5.534899999999999665e+01
-4.552899999999999636e+01
-2.238100000000000023e+01
1.451599999999999824e+01
4.624899999999999523e+01
5.793699999999999761e+01
5.887800000000000011e+01
5.780799999999999983e+01
9.292399999999999238e+01
1.310800000000000125e+02
4.610499999999999687e+01
-5.340899999999999892e+01
-5.396600000000000108e+01
-1.232499999999999929e+01
2.313199999999999790e+01
3.783899999999999864e+01
4.763199999999999790e+01
3.509799999999999898e+01
1.270099999999999874e+01
-1.650499999999999901e+01
-2.871300000000000097e+01
1.345599999999999952e+01
-1.942999999999999972e+01
-1.217199999999999989e+02
-1.125300000000000011e+02
-3.054400000000000048e+01
3.527800000000000047e+00
9.551600000000000534e+00
1.792500000000000071e+01
1.977599999999999980e+01
2.872400000000000020e+01
5.825699999999999790e+01
6.021800000000000352e+01
3.770900000000000318e+01
3.828300000000000125e+01
2.864300000000000068e+01
-1.709400000000000086e-01
-2.839099999999999824e+01
-6.208600000000000563e+01
-6.348100000000000165e+01
-2.073099999999999810e+01
-9.851900000000000546e+00
-2.291499999999999915e+01
-2.108900000000000219e+01
-2.742300000000000182e+01
-4.268399999999999750e+01
-5.456199999999999761e+01
-6.079999999999999716e+01
-6.146100000000000563e+01
-6.230199999999999960e+01
-2.599900000000000233e+01
4.916600000000000392e+01
6.854300000000000637e+01
3.379099999999999682e+01
3.161800000000000210e+01
7.332399999999999807e+01
5.095000000000000284e+01
-3.027699999999999836e+00
-3.790399999999999991e+00
-2.392699999999999960e+01
-3.841499999999999915e+01
-1.169500000000000028e+01
8.942999999999999616e+00
1.963700000000000045e+01
3.835099999999999909e+01
4.122999999999999687e+01
4.011899999999999977e+01
6.371100000000000563e+01
4.984399999999999409e+01
-1.681700000000000017e+01
-3.827199999999999847e+01
1.209999999999999964e+00
5.852700000000000102e+01
3.811800000000000210e+01
-7.483499999999999375e+01
-1.203499999999999943e+02
-2.023400000000000176e+01
5.915999999999999659e+01
2.051999999999999957e+01
-2.444999999999999929e+01
-3.723100000000000165e+01
-4.911199999999999477e+01
-3.389600000000000080e+01
-1.013400000000000079e+00
3.767700000000000049e+00
1.340200000000000058e+00
1.930599999999999739e+01
2.180800000000000338e+01
-3.370600000000000041e+00
-1.233699999999999974e+01
-1.268999999999999950e+01
-1.350599999999999845e+01
2.713999999999999968e+00
8.539300000000000779e+00
-1.345099999999999874e+01
-3.316300000000000381e+01
-2.206199999999999761e+01
2.975900000000000034e+01
6.312500000000000000e+01
5.100800000000000267e+01
4.279500000000000171e+01
3.326300000000000523e+01
1.499300000000000033e+01
4.307100000000000506e+01
6.336500000000000199e+01
9.301000000000000156e+00
-1.275799999999999912e+01
-1.070199999999999996e+01
-3.952700000000000102e+01
-5.110699999999999932e+01
-4.621100000000000563e+01
-4.920899999999999608e+01
-5.239399999999999835e+01
-2.367800000000000082e+01
2.787699999999999889e+01
4.033800000000000097e+01
3.265800000000000125e+01
2.884699999999999775e+01
4.523500000000000298e+00
1.509100000000000108e+00
2.661300000000000310e+01
2.262300000000000111e+01
2.149800000000000111e+01
3.224199999999999733e+01
5.358500000000000263e+00
-2.276099999999999923e+01
-2.976099999999999923e+01
-4.317999999999999972e+01
-6.084199999999999875e+01
-5.742800000000000438e+01
-1.422299999999999898e+01
1.436500000000000021e+01
-2.256299999999999972e+00
-1.083400000000000141e+01
-1.147400000000000020e+01
-1.925400000000000134e+01
-1.529299999999999926e+01
-2.001199999999999868e+00
-1.002399999999999958e-01
-1.379199999999999982e+01
1.483200000000000074e+01
4.752399999999999380e+01
1.450300000000000011e+01
-8.401899999999999480e+00
3.513599999999999568e+01
3.692499999999999716e+01
-3.198699999999999832e+01
-3.536099999999999710e+01
-4.486799999999999677e+00
-3.974600000000000133e+00
-1.362500000000000000e+01
-3.198600000000000065e+01
-7.004500000000000171e+01
-4.713000000000000256e+01
5.049899999999999523e+01
6.858899999999999864e+01
1.058400000000000141e+01
1.398200000000000109e+01
7.231699999999999307e+01
5.523799999999999955e+01
-1.481599999999999895e+01
-2.472699999999999676e+01
-1.858900000000000219e+01
-3.634100000000000108e+01
-3.107499999999999929e+01
1.036800000000000033e+01
2.306599999999999895e+01
-2.540099999999999802e+00
-6.677200000000000024e+00
4.578999999999999737e+00
1.868700000000000117e+01
5.875199999999999534e+01
6.601500000000000057e+01
2.743900000000000006e+00
-2.929699999999999704e+01
-2.164199999999999946e+01
-1.482300000000000040e+01
-9.365999999999999659e+00
-1.618299999999999983e+01
-1.526500000000000057e+01
-1.151099999999999923e+01
-1.674200000000000088e+01
-1.201999999999999957e+01
8.226400000000000379e-02
5.447199999999999598e+00
1.209299999999999997e+01
4.077000000000000313e+01
7.343800000000000239e+01
6.194399999999999551e+01
2.574699999999999989e+01
8.536000000000000254e-01
3.532999999999999918e+00
2.759600000000000009e+01
3.559499999999999886e+01
3.017399999999999949e+01
1.622599999999999909e+01
6.048000000000000043e+00
1.863599999999999923e+01
1.080900000000000105e+01
-1.016200000000000081e+01
3.395900000000000141e+00
1.172200000000000131e+01
-1.442999999999999972e+01
-4.394200000000000017e+01
-5.722600000000000620e+01
-7.639700000000000379e+00
9.027700000000000102e+01
8.745000000000000284e+01
-2.558099999999999952e+01
-8.621299999999999386e+01
-7.545999999999999375e+01
-8.433599999999999852e+01
-9.850900000000000034e+01
-7.717900000000000205e+01
-5.314399999999999835e+01
-5.335300000000000153e+01
-4.920600000000000307e+01
-1.202900000000000169e+01
2.217800000000000082e+01
2.230999999999999872e+01
2.051900000000000190e+01
1.606799999999999784e+01
1.218800000000000106e+00
-2.200499999999999901e+00
1.146299999999999919e+01
3.218800000000000239e+01
2.834199999999999875e+01
7.586599999999999788e+00
1.834000000000000075e+00
3.886499999999999844e+00
2.938599999999999923e+01
5.327700000000000102e+01
3.487599999999999767e+01
-8.365600000000000591e+00
-4.456199999999999761e+01
-3.322800000000000153e+01
2.946800000000000352e+01
2.243599999999999994e+01
-6.798399999999999466e+01
-9.165200000000000102e+01
-1.810800000000000054e+01
4.485899999999999466e+01
5.455799999999999983e+01
5.840699999999999648e+01
4.464999999999999858e+01
7.850199999999999401e-01
-1.998499999999999943e+01
-1.549200000000000088e+01
-1.870599999999999952e+01
-1.841900000000000048e+01
-1.152299999999999969e+01
-1.589400000000000013e+01
-1.912599999999999767e+01
-2.993500000000000050e+00
5.382200000000000095e+00
-3.429199999999999804e+00
-1.736499999999999988e-01
2.275799999999999823e+00
-1.279099999999999859e+01
-1.703999999999999915e+01
-3.365500000000000158e-01
9.987700000000000244e+00
3.659899999999999931e+00
1.661699999999999955e+00
-1.055499999999999972e+01
-3.128999999999999915e+01
-7.596599999999999575e+00
3.470499999999999829e+01
4.257800000000000296e+01
2.446900000000000119e+01
1.226900000000000013e+01
2.374099999999999966e+01
3.635900000000000176e+01
8.934000000000000341e+01
1.564300000000000068e+02
1.064699999999999989e+02
2.709199999999999875e+01
1.350799999999999912e+01
-2.124800000000000111e+01
-1.009800000000000040e+02
-1.416800000000000068e+02
-9.143099999999999739e+01
-3.896699999999999875e+01
-3.244200000000000017e+01
-2.047299999999999898e+01
-1.569999999999999929e+01
-2.359800000000000253e+01
-7.949200000000000266e+00
7.377399999999999736e+00
2.313800000000000079e+00
-3.776300000000000212e-01
3.620200000000000085e-01
4.128499999999999948e-01
3.842999999999999972e+00
1.699599999999999866e+01
2.289199999999999946e+01
1.066200000000000081e+01
-2.242900000000000116e+00
-1.401700000000000124e+01
-2.661100000000000065e+01
-3.215099999999999625e+01
-3.708400000000000318e+01
-4.403300000000000125e+01
-3.484700000000000131e+01
-2.980399999999999938e+00
8.589299999999999713e+00
7.820000000000000284e+00
2.809300000000000352e+01
3.472699999999999676e+01
3.818599999999999994e+01
4.225399999999999778e+01
1.716700000000000159e+01
-6.685800000000000409e+00
1.747200000000000131e+01
3.301800000000000068e+01
-2.601199999999999624e-01
4.723900000000000432e+00
2.877699999999999747e+01
3.013100000000000023e+01
2.967999999999999972e+01
4.041700000000000159e+01
4.960199999999999676e+01
1.373099999999999987e+01
-5.596399999999999864e+01
-1.084200000000000017e+02
-1.139099999999999966e+02
-4.318600000000000705e+01
2.500099999999999767e+01
-9.231600000000000250e+00
-3.664300000000000068e+01
3.466700000000000159e+01
9.135500000000000398e+01
9.410399999999999920e+01
9.059299999999998931e+01
4.281300000000000239e+01
-1.754299999999999926e+01
-3.564099999999999824e+01
-1.280199999999999960e+01
2.342099999999999937e+01
1.171299999999999919e+01
-4.889199999999999591e+01
-5.484100000000000108e+01
3.769100000000000250e+01
5.737600000000000477e+01
-2.455199999999999960e+01
-4.503800000000000381e+01
-4.365399999999999636e+01
-6.440699999999999648e+01
-3.917800000000000438e+01
2.456099999999999994e+01
3.178300000000000125e+01
-1.220400000000000063e+01
-1.974599999999999866e+01
-1.318799999999999883e+01
-2.476900000000000190e+01
-3.317999999999999972e+01
-3.516400000000000148e+01
-4.818699999999999761e+01
-4.997500000000000142e+01
1.318200000000000038e+01
7.325499999999999545e+01
7.234799999999999898e+01
5.018299999999999983e+01
3.960699999999999932e+01
3.965599999999999881e+01
2.924900000000000233e+01
2.323800000000000310e+01
1.992800000000000082e+01
4.773500000000000298e+00
-1.137099999999999866e+01
-1.835800000000000054e+01
-2.168199999999999861e+01
-1.319700000000000095e+01
4.945100000000000051e+00
2.673099999999999810e+00
-9.177699999999999747e+00
-2.639699999999999847e+01
-5.561100000000000421e+01
-4.910300000000000153e+01
-9.425399999999999778e+00
5.131700000000000372e+00
1.786299999999999955e+01
6.549399999999999977e+01
5.199699999999999989e+01
-2.571499999999999986e+01
-4.304200000000000159e+01
-4.015800000000000125e+01
-6.112699999999999534e+01
-7.759999999999999432e+01
-7.611700000000000443e+01
-3.064499999999999957e+01
1.406099999999999994e+01
2.558399999999999963e+01
5.956800000000000495e+01
5.782000000000000028e+01
1.435300000000000020e+00
-1.474900000000000055e+01
-3.096499999999999808e-01
2.424900000000000233e+01
5.695600000000000307e+01
5.099000000000000199e+01
2.624500000000000099e+01
1.841099999999999781e+01
1.355199999999999960e+01
1.004100000000000037e+01
1.780999999999999872e+01
9.855999999999999872e+00
-2.000400000000000134e+01
-2.168800000000000239e+01
1.881899999999999906e+00
5.078700000000000436e+00
-1.762300000000000111e+01
-2.914900000000000091e+01
-1.682400000000000162e+01
-1.883899999999999908e+00
7.759100000000000108e+00
1.415499999999999936e+01
2.045299999999999940e+01
2.135500000000000043e+01
-1.096900000000000119e+01
-3.953900000000000148e+01
-3.412500000000000000e+01
-2.315500000000000114e+01
-1.441099999999999959e+01
9.366899999999999338e+00
3.974600000000000222e+01
5.102000000000000313e+01
4.770899999999999608e+01
2.800499999999999901e+01
3.005199999999999871e+00
-1.540099999999999980e+01
-2.358599999999999852e+01
-3.850699999999999790e+01
-4.877499999999999858e+01
-2.038299999999999912e+01
7.473700000000000010e+00
9.828400000000000247e+00
3.631199999999999761e+01
6.599299999999999500e+01
2.778400000000000247e+01
-8.511799999999999145e+00
-5.718200000000000394e+00
-1.759600000000000009e+01
-1.769400000000000261e+01
1.022199999999999998e+00
-2.814699999999999847e+01
-6.941100000000000136e+01
2.154100000000000126e+00
9.245200000000001239e+01
5.099000000000000199e+01
6.316699999999999982e+00
1.178299999999999947e+01
4.700799999999999979e-01
-1.175799999999999912e+01
-2.675900000000000034e+01
-3.567499999999999716e+01
-2.969000000000000128e+01
-1.069500000000000028e+01
5.768399999999999750e+00
-1.205099999999999838e+01
-5.000300000000000011e+01
-6.686499999999999488e+01
-6.595399999999999352e+01
-3.801400000000000290e+01
-5.421199999999999797e+00
8.838599999999999568e+00
3.750300000000000011e+01
4.770000000000000284e+01
3.649699999999999989e+01
4.843299999999999983e+01
4.539899999999999380e+01
1.603800000000000026e+01
3.180699999999999861e+01
5.254600000000000648e+01
-2.100600000000000023e+00
-2.755099999999999838e+01
-9.267699999999999605e+00
-9.667500000000000426e+00
-5.537700000000000067e+00
-1.515400000000000169e+01
-4.421999999999999886e+01
-4.101500000000000057e+01
-1.730199999999999960e+01
2.639299999999999979e+00
2.857400000000000162e+01
2.965900000000000247e+01
4.157699999999999818e+01
7.785800000000000409e+01
-6.995899999999999785e+00
-9.946899999999999409e+01
-2.480099999999999838e+01
3.175300000000000011e+01
4.002499999999999858e+01
6.041799999999999926e+01
1.120599999999999952e+01
-3.432300000000000040e+01
-2.853099999999999881e+01
-2.882000000000000117e+00
1.912300000000000111e+01
7.626299999999999635e+00
-5.372899999999999565e+00
-8.159499999999999531e+00
2.157300000000000040e+01
3.943199999999999505e+01
1.655700000000000216e+01
-3.294999999999999929e+00
-3.054899999999999949e+01
-4.321800000000000352e+01
-2.199199999999999733e+01
-1.276799999999999891e+01
-3.736299999999999955e+01
-5.117999999999999972e+01
-5.735999999999999766e+00
4.195499999999999829e+01
3.855799999999999983e+01
1.643499999999999872e+01
5.846599999999999575e+00
-3.879399999999999959e+00
-2.259099999999999753e+01
-2.787599999999999767e+01
-1.297900000000000098e+01
-9.991300000000000181e-02
7.444300000000000139e+00
1.611100000000000065e+01
9.626099999999999213e+00
6.229700000000000237e+00
2.418900000000000006e+01
2.205199999999999960e+01
4.730699999999999683e+00
1.030099999999999838e+01
5.543700000000000294e+00
-1.784199999999999875e+01
-1.342599999999999838e+01
1.361599999999999966e+01
2.185099999999999909e+01
4.150400000000000311e+00
-1.946999999999999886e+01
-2.788599999999999923e+01
-5.991299999999999848e+00
5.847599999999999909e+00
-1.219599999999999973e+01
-7.345299999999999940e+00
8.604300000000000281e+00
7.679799999999999960e-01
-7.743200000000000083e-01
7.343499999999999694e+00
-1.503999999999999915e+01
-2.783199999999999719e+01
-1.171900000000000119e+01
-1.252799999999999869e+01
-8.471400000000000041e-01
1.924699999999999989e+01
1.204700000000000060e+01
-4.359600000000000364e+00
-1.528700000000000081e+01
-2.148199999999999932e+01
-3.196900000000000119e+01
-2.936599999999999966e+01
-2.002499999999999858e+01
-3.912100000000000222e+01
-5.987300000000000466e+01
-4.276800000000000068e+01
-5.219500000000000028e+00
1.053999999999999915e+01
5.899600000000000399e+00
5.047000000000000375e-01
-4.573299999999999699e+00
-7.954600000000000115e+00
-1.677300000000000013e+00
1.250799999999999912e+01
7.951699999999999768e+00
-3.207800000000000207e+00
1.747000000000000108e+00
3.567499999999999716e+01
5.571800000000000352e+01
4.117100000000000648e+01
3.869200000000000017e+01
3.088599999999999923e+01
3.894100000000000250e+01
7.949699999999999989e+01
4.757000000000000028e+01
-6.216099999999999959e+00
-5.031100000000000350e+00
-2.675699999999999967e+00
-2.162500000000000089e+00
-1.503900000000000148e+01
-4.407600000000000051e+01
-5.991700000000000159e+01
-4.296300000000000097e+01
-3.058399999999999963e+01
-4.705100000000000193e+01
-4.096100000000000563e+01
-1.591000000000000014e+01
-1.047700000000000031e+01
9.551700000000000301e+00
5.610800000000000409e+01
6.263399999999999324e+01
4.609600000000000364e+01
5.978499999999999659e+01
3.214900000000000091e+01
-3.710300000000000153e+01
-5.684799999999999898e+01
-3.764000000000000057e+01
-1.094700000000000095e+01
5.533599999999999852e+00
3.195800000000000196e+01
4.104100000000000392e+01
1.011800000000000033e+01
8.419499999999999318e+00
1.551500000000000057e+01
-3.578800000000000203e+00
8.749700000000000699e+00
3.223599999999999710e+01
-3.496700000000000141e+00
-2.972400000000000020e+01
-8.378700000000000259e+00
3.055000000000000071e+01
2.645800000000000196e+01
-7.298000000000000043e+00
-2.460699999999999932e+01
-2.617199999999999704e+01
-8.682199999999999918e+00
-3.571699999999999875e+00
-2.307500000000000107e+00
2.230800000000000338e+01
1.804299999999999926e+01
-1.894999999999999929e+01
-2.635199999999999676e+01
-3.032300000000000040e+01
-2.459800000000000253e+01
2.341300000000000026e+01
5.388499999999999801e+01
3.945000000000000284e+01
2.347300000000000253e+01
1.105000000000000071e+01
-1.271900000000000119e+01
-3.414800000000000324e+01
-3.392999999999999972e+01
-2.387599999999999767e+01
-1.403999999999999915e+01
-1.403800000000000026e+01
-2.882099999999999795e+01
-2.150300000000000011e+01
1.707300000000000040e+00
1.816600000000000037e+01
1.580299999999999905e+01
1.731500000000000039e+00
4.076200000000000045e+00
-1.620500000000000052e+00
-1.127799999999999869e+01
-8.977800000000000225e+00
-2.371099999999999852e+01
-3.379800000000000182e+01
-1.523200000000000109e+01
-7.542600000000000193e+00
-1.204499999999999993e+01
2.251799999999999802e+00
1.524699999999999989e+01
1.439900000000000091e+01
2.046799999999999997e+01
1.717099999999999937e+01
-9.209500000000000242e+00
-8.174099999999999255e+00
6.373000000000000220e+00
1.255700000000000038e+00
7.007399999999999629e+00
1.379199999999999982e+01
-6.285400000000000098e+00
-2.068900000000000006e+01
-1.480299999999999905e+01
-1.414200000000000124e+01
-1.095700000000000074e+01
2.154599999999999937e+01
5.627199999999999847e+01
6.670600000000000307e+01
6.016499999999999915e+01
3.529699999999999704e+01
1.441699999999999982e+01
-8.271100000000000119e-01
-1.354499999999999993e+01
-1.384799999999999898e+01
-3.714900000000000091e+00
-1.730799999999999894e+00
-1.463499999999999979e+01
-1.559500000000000064e+01
-9.479499999999999815e+00
1.330700000000000038e+01
2.644800000000000040e+01
-2.186499999999999844e+01
-4.632999999999999829e+01
-4.074300000000000210e+01
-1.979500000000000171e+01
1.983599999999999852e+01
8.167699999999999960e-01
-6.188200000000000367e-01
3.215699999999999648e+01
4.653899999999999437e+01
7.336899999999999977e+01
6.565899999999999181e+01
1.417300000000000004e+01
-1.123000000000000043e+01
-1.951099999999999923e+01
-8.699899999999999523e+00
2.922600000000000087e+00
-1.260400000000000098e+01
-1.373200000000000109e+01
-1.733599999999999852e+01
-4.168699999999999761e+01
-4.940699999999999648e+01
-3.635000000000000142e+01
-2.768699999999999761e+01
-3.129400000000000048e+01
-2.252699999999999747e+01
7.634299999999999642e+00
2.716000000000000014e+01
1.707199999999999918e+01
5.222699999999999676e+00
4.405300000000000438e+00
1.180799999999999983e+01
2.219300000000000139e+01
1.477999999999999936e+01
1.686600000000000099e+00
-1.117900000000000027e+01
-1.321499999999999986e+01
2.013100000000000023e+01
4.825699999999999790e+01
3.085300000000000153e+01
6.012199999999999989e+00
4.222100000000000297e-01
-2.337600000000000122e+00
4.472600000000000464e-01
-3.436300000000000132e+00
-2.480099999999999838e+01
-3.474900000000000233e+01
-2.665900000000000247e+01
-1.012199999999999989e+01
8.350300000000000722e+00
3.426500000000000101e-01
-8.043699999999999406e+00
5.078299999999999592e+00
2.547200000000000131e+00
-5.536699999999999733e+00
-1.053700000000000081e+01
-1.399499999999999922e+01
5.368299999999999628e+00
1.802799999999999869e+01
4.730000000000000426e+00
8.384499999999999176e+00
2.523600000000000065e+01
1.499699999999999989e+01
-4.150000000000000355e+00
-9.755300000000000082e+00
-7.829200000000000159e+00
-2.522699999999999942e+00
8.834500000000000242e+00
4.055900000000000283e+00
-2.572899999999999920e+01
-3.696000000000000085e+01
-2.392000000000000171e+01
-2.633999999999999986e+01
-2.749099999999999966e+01
-1.137599999999999945e+00
1.488199999999999967e+01
1.000300000000000011e+01
6.746999999999999886e+00
8.567099999999999937e+00
2.289900000000000091e+01
3.208200000000000074e+01
8.502599999999999270e+00
-1.705999999999999872e+01
-1.208300000000000018e+01
2.484500000000000153e+00
7.666699999999999626e+00
9.493000000000000327e+00
1.233200000000000074e+01
1.918099999999999739e+01
2.545300000000000296e+01
1.835200000000000031e+01
2.395799999999999930e+00
-4.753199999999999648e+00
-1.922899999999999920e+01
-3.495799999999999841e+01
-1.555400000000000027e+01
5.123199999999999754e+00
-2.484699999999999775e+01
-4.956100000000000705e+01
-3.439599999999999880e-01
4.112899999999999778e+01
1.571299999999999919e+01
-1.297900000000000054e+00
-9.686299999999999244e+00
-1.909799999999999898e+01
1.767099999999999782e-01
2.681800000000000139e+01
2.949599999999999866e+01
3.178000000000000114e+01
2.418099999999999739e+01
-1.547400000000000020e+01
-3.468500000000000227e+01
-1.708200000000000074e+01
-3.236400000000000166e+00
-1.209500000000000064e+01
-3.356700000000000017e+01
-4.299100000000000676e+01
-2.420199999999999818e+01
-8.245799999999999130e+00
-1.347700000000000031e+01
-1.497099999999999831e+01
-2.364799999999999791e+00
1.823199999999999932e+01
2.762999999999999901e+01
2.203500000000000014e+00
-1.984400000000000119e+01
-8.129599999999999937e+00
1.381900000000000084e+01
1.206799999999999962e+01
4.572700000000000209e+00
2.141800000000000281e+01
2.264900000000000091e+01
-6.355000000000000426e+00
-8.656299999999999883e+00
1.434999999999999964e+01
1.605499999999999972e+01
9.480499999999999261e+00
3.306099999999999817e+00
-1.589299999999999891e+01
-3.369400000000000261e+01
-2.194800000000000040e+01
8.278800000000000381e+00
8.248699999999999477e+00
-8.874499999999999389e+00
-1.465299999999999936e-01
3.041699999999999804e+01
3.245599999999999596e+01
5.389800000000000146e+00
-2.404399999999999871e+00
1.350000000000000000e+01
1.459799999999999898e+01
-1.126599999999999824e+01
-2.536199999999999832e+01
-1.923700000000000188e+01
-1.078400000000000070e+01
-1.053800000000000026e+01
-5.530100000000000016e+00
2.685700000000000198e+00
9.205600000000000449e+00
7.925099999999999589e+00
-8.012600000000000833e+00
-2.021400000000000219e+01
-9.330500000000000682e+00
4.186099999999999710e+00
-1.209500000000000064e+01
-2.235399999999999920e+01
-3.532200000000000006e+00
1.395700000000000074e+01
2.977199999999999847e+01
2.416300000000000026e+01
-6.048499999999999766e+00
-2.844199999999999662e+01
-2.430599999999999739e+01
1.542200000000000015e+00
9.566399999999999793e+00
3.333899999999999864e+00
8.701000000000000512e+00
3.528900000000000148e+00
-9.176999999999999602e+00
-5.793400000000000105e+00
-2.638199999999999878e+00
-5.841700000000000337e+00
-8.735699999999999577e+00
-1.280299999999999905e+01
-2.246599999999999930e+00
6.460499999999999687e+00
4.296800000000000175e+00
3.311500000000000110e+00
9.733900000000000219e+00
2.214999999999999858e+01
1.397499999999999964e+01
-2.936500000000000110e+00
-6.847800000000000553e-01
1.232900000000000063e+01
1.541300000000000026e+01
7.913800000000000168e+00
-4.458699999999999886e-01
1.569399999999999906e+00
2.963900000000000201e+00
7.303099999999999703e+00
1.613799999999999812e+01
4.050600000000000200e+00
-2.231100000000000083e+00
1.800900000000000034e+01
2.725400000000000134e+01
9.602499999999999147e+00
-6.349000000000000199e+00
-1.361999999999999922e+01
-2.313199999999999790e+01
1.880700000000000038e+00
3.597899999999999920e+01
4.170899999999999608e+00
-1.794999999999999929e+01
-6.399700000000000166e+00
2.441100000000000048e+00
3.855499999999999972e+01
5.215299999999999869e+01
1.050500000000000078e+01
-1.321199999999999974e+01
-1.119900000000000162e+01
-2.591899999999999871e+00
8.672399999999999665e+00
1.622300000000000075e+00
-1.732700000000000173e+01
-2.876399999999999935e+01
-1.326099999999999923e+01
1.774900000000000233e+01
2.574500000000000099e+01
3.068499999999999872e+01
3.005099999999999838e+01
9.855700000000000571e+00
3.404500000000000082e+00
1.380499999999999972e+01
2.613300000000000267e+01
1.906099999999999994e+01
1.212299999999999905e-01
-1.451500000000000057e+01
-2.405999999999999872e+01
-2.687599999999999767e+01
-3.025199999999999889e+01
-2.407400000000000162e+01
-1.707999999999999829e+01
-1.949599999999999866e+01
-8.204299999999999926e+00
8.197300000000000253e+00
6.297600000000000087e+00
7.065199999999999925e+00
8.401799999999999713e+00
-7.319300000000000139e+00
-1.685099999999999909e+01
-3.671899999999999942e+00
5.805299999999999905e+00
-6.342499999999999805e-01
2.212699999999999889e+00
8.150000000000000355e+00
4.599199999999999733e+00
1.390099999999999980e+01
3.456099999999999994e+01
3.096199999999999974e+01
3.912300000000000111e+00
-1.422000000000000064e+01
-1.631099999999999994e+01
-3.551600000000000090e+00
-3.571299999999999919e+00
-1.542699999999999960e+01
-1.793400000000000105e+01
-2.779300000000000281e+01
-3.562199999999999989e+01
-2.614300000000000068e+01
-1.147099999999999831e+01
-9.095299999999999940e+00
-2.095899999999999963e+01
-4.272500000000000142e+01
-1.899299999999999855e+01
7.825799999999999557e+01
9.200200000000000955e+01
-1.174300000000000033e+01
-8.778399999999999181e+01
-5.780100000000000193e+01
-1.087800000000000100e+00
1.111900000000000155e+01
1.540200000000000102e+01
5.302399999999999558e+00
2.941199999999999815e+00
1.863899999999999935e+01
2.036799999999999855e+01
1.178999999999999915e+01
1.625300000000000011e+01
1.854799999999999827e+01
1.020500000000000007e+01
1.045199999999999907e+00
-6.887299999999999756e+00
-1.614600000000000080e+01
-2.235900000000000176e+01
-2.683199999999999719e+01
-3.050199999999999889e+01
-1.982799999999999940e+01
2.543000000000000149e+00
8.548899999999999721e+00
-3.483200000000000074e+00
-2.978000000000000203e+00
1.045800000000000018e+01
5.348900000000000432e+00
-2.825600000000000112e+00
-3.505500000000000060e+00
-1.202999999999999936e+01
-1.200799999999999912e+01
5.150000000000000355e+00
3.039400000000000190e+01
2.646699999999999875e+01
1.885799999999999921e+00
8.008399999999999963e+00
1.087599999999999945e+01
3.821499999999999897e+00
2.046099999999999852e+01
2.121599999999999753e+01
-2.025999999999999801e+00
5.407899999999999707e+00
1.152400000000000091e+01
-1.889000000000000057e+01
-3.130099999999999838e+01
-2.350300000000000011e+01
-2.307600000000000051e+01
-7.899000000000000021e+00
1.311200000000000010e+01
2.615699999999999914e+00
-1.977499999999999858e+01
-2.941900000000000048e+01
-2.187800000000000011e+01
6.431600000000000428e+00
1.703800000000000026e+01
2.037800000000000011e+01
2.650900000000000034e+01
6.459800000000000431e+00
-1.262400000000000055e+01
-7.819600000000000328e+00
1.386200000000000010e+01
1.844000000000000128e+01
-3.744899999999999896e+00
-2.074800000000000111e+01
-3.003300000000000125e+01
-2.639000000000000057e+01
3.390900000000000025e-01
3.019999999999999929e+01
2.674599999999999866e+01
9.822599999999999554e+00
2.600900000000000212e+00
1.718099999999999739e+01
2.589699999999999847e+01
1.494099999999999873e-01
-1.525300000000000011e+01
-1.542599999999999838e+01
-1.412299999999999933e+01
-1.976399999999999935e+01
-3.288599999999999568e+01
-2.542099999999999937e+01
4.362099999999999866e+00
2.172699999999999676e+01
1.950099999999999767e+01
5.157700000000000173e+00
-7.863999999999999879e+00
-6.081800000000000317e+00
-3.770300000000000207e+00
-6.116500000000000270e+00
-7.844299999999999606e+00
-3.878400000000000070e+00
2.315599999999999881e+00
9.899399999999999977e+00
8.866799999999999571e+00
1.055199999999999960e+01
2.367199999999999704e+01
1.124699999999999989e+01
-1.723400000000000176e+01
-1.916499999999999915e+01
-1.120700000000000074e+01
-2.658199999999999719e+01
-3.002300000000000324e+01
2.105900000000000105e+01
5.440500000000000114e+01
2.708399999999999963e+01
-6.311899999999999622e+00
-1.687599999999999767e+01
-9.099999999999999645e+00
3.233500000000000085e+01
4.609000000000000341e+01
5.379699999999999704e+00
-6.773900000000000254e+00
3.710500000000000131e+00
9.045400000000000773e+00
2.670500000000000096e+00
2.329899999999999860e+00
6.006300000000000416e+00
-7.958199999999999719e+00
-1.537299999999999933e+01
-1.369599999999999973e+01
-1.762599999999999767e+01
-1.654599999999999937e+01
-1.401799999999999935e+00
2.852899999999999991e+00
-8.081500000000000128e+00
1.442600000000000104e+00
2.401599999999999824e+01
3.396099999999999852e+01
1.046299999999999919e+01
-1.568400000000000105e+01
-1.841499999999999915e+00
9.575100000000000833e+00
-4.520999999999999908e+00
-1.046900000000000119e+01
4.890699999999999825e+00
1.745400000000000063e+01
7.712600000000000122e+00
-1.698700000000000099e+00
-1.137299999999999978e+00
-8.507999999999999119e+00
-9.099899999999999878e+00
1.731200000000000117e+01
2.063800000000000168e+01
-1.448299999999999876e+01
-2.326099999999999923e+01
-6.611399999999999721e+00
-2.027000000000000135e+00
-5.240199999999999747e+00
-1.290499999999999980e+00
4.601600000000000357e+00
5.469199999999999839e+00
2.084600000000000009e+01
4.098699999999999477e+01
2.208599999999999852e+01
-8.743999999999999773e+00
-1.018100000000000094e+01
-1.264200000000000124e+01
-2.828999999999999915e+01
-2.716900000000000048e+01
-1.695299999999999940e+01
-1.239099999999999824e+01
-6.505399999999999849e+00
3.857499999999999929e+00
2.089400000000000190e+01
2.009700000000000131e+01
4.510600000000000165e-01
-6.982300000000000395e+00
-4.528200000000000003e+00
6.544800000000000395e+00
1.979299999999999926e+01
1.483400000000000141e+01
2.169399999999999995e+00
2.647800000000000153e+00
6.204600000000000115e+00
1.839400000000000190e+01
3.180900000000000105e+01
9.150700000000000500e+00
-1.535400000000000098e+01
-1.652700000000000102e+01
-1.173200000000000109e+01
-3.288899999999999935e+00
4.157899999999999097e-03
-3.607299999999999951e+00
1.562599999999999989e+00
8.793100000000000804e+00
-4.792800000000000393e-01
-1.257800000000000029e+00
3.665200000000000014e+00
-8.180799999999999628e+00
-1.983599999999999852e+01
-2.406699999999999662e+01
-2.076900000000000190e+01
-7.814899999999999736e+00
5.417600000000000193e+00
-6.030999999999999694e+00
-2.332999999999999829e+01
-2.117699999999999960e+01
-9.420899999999999608e+00
5.642399999999999638e-01
9.065099999999999270e+00
2.766499999999999915e+01
2.760199999999999676e+01
1.021700000000000053e+01
1.295299999999999940e+01
2.158500000000000085e+01
2.735800000000000054e+01
3.235699999999999932e+01
1.286200000000000010e+01
-2.036200000000000188e+01
-2.957400000000000162e+01
-2.143499999999999872e+01
-1.190700000000000003e+01
-5.938200000000000145e+00
1.743000000000000105e+00
1.011100000000000065e+01
5.458599999999999675e+00
-3.584900000000000198e+00
-7.055500000000000327e+00
-1.398099999999999987e+01
-1.826699999999999946e+01
-8.446799999999999642e+00
1.417899999999999994e-01
1.413100000000000023e+00
1.113000000000000078e+01
1.184400000000000119e+01
-5.505799999999999805e+00
-6.383799999999999919e+00
5.968099999999999739e+00
1.060299999999999976e+01
3.064299999999999802e+00
-1.064000000000000057e+01
-1.196900000000000119e+01
-1.031400000000000006e+01
-3.740800000000000125e+00
1.592799999999999905e+01
1.108099999999999952e+01
-1.248200000000000109e+01
-1.516499999999999915e+01
4.843800000000000328e-01
1.077400000000000091e+01
8.556400000000000006e+00
-1.069600000000000106e+00
-6.786400000000000432e+00
8.114000000000000767e+00
1.112199999999999989e+01
-1.854200000000000159e+01
-3.807199999999999562e+01
-2.530800000000000338e+01
-1.110599999999999987e+01
-1.069099999999999895e+01
-4.697000000000000064e+00
7.542100000000000470e-01
2.280800000000000161e+00
4.067999999999999616e+00
-1.414199999999999902e+00
-1.254299999999999926e+01
-3.124699999999999811e+00
2.219400000000000261e+01
1.912500000000000000e+01
9.217200000000000060e+00
6.972400000000000375e+00
3.033900000000000041e+00
9.707599999999999341e+00
4.770500000000000185e+00
-4.960099999999999731e+00
-5.103600000000000358e-01
1.847499999999999920e+00
-5.568200000000000038e+00
-7.478699999999999903e+00
2.553300000000000125e+00
2.001100000000000101e+00
-1.236999999999999922e+01
-1.757400000000000162e+01
-2.417399999999999949e+01
-2.806500000000000128e+01
-1.943599999999999994e+01
-2.180499999999999883e+00
1.252099999999999902e+01
-1.523600000000000065e+00
-4.532700000000000173e+00
1.240700000000000003e+01
1.655000000000000071e+01
1.463299999999999912e+01
1.015499999999999936e+01
9.673099999999999810e+00
1.314900000000000091e+01
6.552999999999999936e+00
-1.169400000000000084e+01
-6.841099999999999959e+00
1.171000000000000085e+01
-5.894499999999999851e+00
-2.640599999999999881e+01
-2.888800000000000168e+01
-1.973499999999999943e+01
1.097200000000000131e+01
1.892800000000000082e+01
6.616500000000000159e-02
2.923599999999999977e+00
7.813200000000000145e+00
3.754399999999999959e+00
7.079200000000000159e+00
-5.302599999999999980e+00
-2.332000000000000028e+01
-1.546499999999999986e+01
1.332699999999999996e+01
1.932499999999999929e+01
1.534299999999999997e+01
2.698400000000000176e+01
2.567199999999999704e+01
2.073300000000000054e+01
1.634299999999999997e+01
5.774399999999999977e+00
-1.403000000000000025e+00
-1.289400000000000013e+01
-2.103800000000000026e+01
-1.469900000000000162e+01
1.921799999999999897e-01
2.180499999999999883e+00
-1.132799999999999940e+01
-1.003999999999999915e+01
-6.876699999999999591e+00
-1.199400000000000155e+01
4.098600000000000576e-01
4.140299999999999869e+00
-9.585800000000000765e+00
-2.537700000000000067e+00
1.835500000000000043e+01
2.317599999999999838e+01
9.810800000000000409e+00
5.483200000000000074e+00
1.606999999999999984e+00
-6.397300000000000431e+00
4.112499999999999822e+00
8.286300000000000665e+00
-4.469500000000000028e+00
-1.810500000000000043e+01
-1.871400000000000219e+01
3.886099999999999888e+00
1.825799999999999912e+01
1.413099999999999845e+01
6.587200000000000166e+00
-3.685999999999999943e+00
7.382600000000000051e+00
2.956800000000000139e+01
1.486599999999999966e+01
-3.502600000000000158e+00
-6.623599999999999710e+00
-2.181199999999999761e+01
-2.889800000000000324e+01
-1.831900000000000261e+01
-7.203000000000000291e+00
-7.506999999999999673e+00
-2.285000000000000142e+00
1.260500000000000043e+01
1.743200000000000216e+01
2.614099999999999824e+01
3.453000000000000114e+01
1.008500000000000085e+01
-1.640099999999999980e+01
-1.049200000000000088e+01
1.711600000000000010e+00
1.176900000000000057e+00
3.985399999999999832e+00
6.964999999999999858e+00
-2.362099999999999866e+00
-6.761300000000000310e+00
9.711600000000000232e-01
1.080400000000000027e+01
6.416000000000000369e+00
-9.634700000000000486e+00
-1.426599999999999824e+01
-2.144800000000000040e+00
8.705999999999999517e+00
4.351499999999999702e+00
5.171199999999999797e+00
8.671599999999999753e+00
-2.533000000000000251e-01
-7.191499999999999559e+00
-1.166000000000000014e+01
-1.853300000000000125e+01
-1.660099999999999909e+01
-8.662800000000000722e+00
-4.793300000000000338e+00
4.968700000000000117e+00
1.487099999999999866e+01
8.813399999999999679e+00
-7.439700000000000202e+00
-7.853200000000000180e+00
9.100300000000000722e+00
1.127200000000000024e+01
2.259300000000000086e+00
-2.134300000000000086e+00
-1.358000000000000096e+00
6.806699999999999973e-01
9.938599999999999213e+00
1.753999999999999915e+01
1.849699999999999900e+00
-8.030099999999999127e+00
-2.122399999999999842e+00
-3.813299999999999912e+00
-1.358000000000000096e+00
6.762299999999999978e-01
-4.628300000000000303e+00
-4.460000000000000075e-02
9.754899999999999238e+00
4.370599999999999596e+00
-8.869699999999999918e+00
-5.169100000000000250e+00
8.136699999999999378e+00
9.821600000000000108e+00
7.082200000000000273e+00
-1.202800000000000091e+00
-1.388700000000000045e+01
-1.201200000000000045e+01
-2.924999999999999822e+00
4.743100000000000094e+00
5.560999999999999943e+00
3.860700000000000021e+00
8.797200000000000131e+00
8.776699999999999946e+00
1.396099999999999897e+00
-5.033199999999999896e-01
-3.769000000000000128e+00
-1.455299999999999905e+01
-1.678999999999999915e+01
-1.564900000000000091e+01
-1.982400000000000162e+01
-1.021000000000000085e+01
7.845299999999999940e+00
5.267599999999999838e+00
1.033800000000000052e+00
6.083000000000000185e+00
6.542900000000000382e+00
-1.784499999999999975e+00
-9.131000000000000227e+00
-7.183099999999999596e+00
-4.321600000000000108e+00
-4.475200000000000067e+00
-1.554100000000000037e+00
5.926000000000000156e+00
9.835799999999998988e-01
-5.373199999999999754e+00
5.186200000000000365e+00
6.027300000000000324e+00
-4.533500000000000085e+00
-5.274099999999999788e+00
4.136300000000000310e+00
1.712199999999999989e+01
1.646900000000000119e+01
1.342999999999999972e+00
-6.334100000000000286e+00
-4.553600000000000314e+00
8.086999999999999744e-01
6.008700000000000152e+00
2.351100000000000190e+00
-6.624699999999999811e+00
-1.148400000000000176e+01
-5.596400000000000041e+00
7.730900000000000105e+00
8.594300000000000495e+00
-1.911200000000000010e+00
3.960400000000000031e-01
2.649900000000000144e+00
-6.656500000000000306e+00
-6.935699999999999754e+00
-6.672600000000000087e+00
-6.759599999999999831e+00
2.676499999999999879e+00
1.358200000000000074e+00
-1.230199999999999960e+01
-3.734500000000000153e+00
1.087199999999999989e+01
2.768299999999999983e+00
5.865899999999999892e+00
1.634199999999999875e+01
5.768200000000000216e+00
-6.980100000000000193e+00
-5.802500000000000213e+00
-1.211400000000000032e+00
3.626300000000000079e+00
7.349899999999999878e+00
2.655699999999999728e-01
-5.854599999999999582e+00
1.474800000000000111e+00
7.179499999999999993e+00
3.911999999999999922e+00
-4.605699999999999794e-01
-4.266499999999999737e+00
-3.174100000000000144e+00
3.632299999999999862e+00
1.838600000000000012e+00
-6.669200000000000017e+00
-8.144899999999999807e+00
-1.862000000000000099e+00
-3.830500000000000016e-01
5.719699999999999784e-01
2.379300000000000193e+00
-2.899999999999999911e+00
-6.251000000000000334e+00
-3.384900000000000020e+00
2.557399999999999896e+00
2.748200000000000198e+00
-2.194300000000000139e+00
-3.346099999999999852e+00
-2.052400000000000002e+00
-1.436900000000000066e+00
1.099499999999999922e+00
5.067099999999999937e+00
6.706900000000000084e+00
8.816499999999999559e+00
1.108300000000000018e+01
9.529700000000000060e+00
4.412399999999999878e+00
1.620800000000000018e+00
-3.398400000000000087e+00
-1.345900000000000141e+01
-1.598099999999999987e+01
-8.969300000000000495e+00
-5.775999999999999801e+00
-4.738999999999999879e+00
4.306300000000000239e+00
1.094400000000000084e+01
5.261300000000000310e+00
-2.904199999999999893e+00
-4.141200000000000436e+00
8.561999999999999611e-01
3.403300000000000214e+00
3.824899999999999967e-01
-5.867499999999999938e-01
-7.378399999999999403e-01
-5.381199999999999317e-01
2.568000000000000060e+00
5.907399999999999984e+00
6.714500000000000135e+00
2.873499999999999943e+00
-2.353899999999999881e+00
-3.487099999999999866e+00
-8.340400000000000036e-01
-4.798199999999999688e-01
-2.813099999999999934e+00
-5.017900000000000027e+00
-6.067599999999999660e+00
-1.843399999999999928e+00
1.620200000000000085e+00
-1.620800000000000018e+00
-3.043299999999999894e+00
-7.220600000000000351e-01
1.564699999999999980e+00
4.232599999999999696e+00
2.184099999999999930e+00
-1.203600000000000003e+00
6.344199999999999839e-01
4.390200000000000102e+00
7.573400000000000132e-01
-6.279200000000000337e+00
-6.200300000000000367e+00
-6.713899999999999757e+00
-1.103800000000000026e+01
-7.781399999999999650e+00
6.320500000000000007e-01
2.801400000000000112e+00
5.707799999999999763e+00
1.393400000000000105e+01
1.412199999999999989e+01
6.684099999999999930e+00
1.538300000000000001e+00
-1.785800000000000054e+00
-3.178999999999999826e+00
-1.554400000000000004e+00
6.590799999999999992e-01
2.310900000000000176e+00
3.650999999999999801e+00
5.146799999999999820e+00
3.169000000000000039e+00
-1.381499999999999950e+00
-3.199899999999999967e+00
1.432199999999999966e-02
1.923899999999999944e+00
-2.835900000000000087e+00
-3.324199999999999822e+00
2.043200000000000016e-01
6.872200000000000530e-02
1.234299999999999981e-01
-1.387199999999999989e+00
-3.431999999999999940e+00
-5.155100000000000238e-01
2.318499999999999783e+00
9.526999999999999913e-01
-2.453899999999999970e+00
-2.763100000000000112e+00
-7.781600000000000739e-01
-2.542599999999999860e-01
-1.066200000000000064e-01
-1.050100000000000033e+00
-3.792599999999999860e-01
3.167100000000000026e+00
5.272199999999999775e+00
4.257399999999999629e+00
1.741300000000000070e+00
-3.899000000000000243e-01
1.678499999999999992e-01
-6.863999999999999269e-02
-3.570899999999999963e+00
-4.381199999999999761e+00
-1.521600000000000064e+00
-3.919099999999999806e-01
1.128200000000000036e-01
3.460799999999999876e+00
5.319300000000000139e+00
3.945699999999999985e+00
2.660899999999999821e+00
-5.699800000000000422e-01
-4.509599999999999831e+00
-6.222100000000000186e+00
-5.495800000000000018e+00
-2.472900000000000098e+00
-1.812699999999999978e+00
-1.265600000000000058e+00
3.114399999999999835e+00
2.326600000000000001e+00
-1.838999999999999968e+00
-9.733200000000000740e-01
2.879700000000000037e-01
1.730599999999999916e+00
4.365499999999999936e+00
3.219500000000000028e+00
9.566999999999999948e-01
6.608600000000000030e-01
5.742300000000000182e-01
1.362700000000000022e+00
8.246100000000000652e-01
-1.599900000000000100e+00
-2.301499999999999879e+00
-1.302200000000000024e+00
1.083199999999999996e-01
2.407999999999999863e-01
-3.242599999999999927e-01
-5.386699999999999822e-01
-1.000399999999999956e+00
2.197400000000000186e-01
2.650799999999999823e+00
1.541199999999999903e+00
-5.350300000000000056e-01
-1.200399999999999912e+00
-1.402099999999999902e+00
-4.573899999999999633e-01
-1.200299999999999923e+00
-2.211100000000000065e+00
-5.465700000000000003e-01
-2.809200000000000030e-01
-1.997000000000000108e+00
-1.307399999999999896e+00
-6.261400000000000299e-02
4.222300000000000358e-02
1.225899999999999990e+00
5.749900000000000011e-01
-4.396699999999999914e-02
1.837199999999999944e+00
1.499100000000000099e+00
8.740600000000000591e-01
5.233800000000000674e-01
-3.181700000000000084e-01
-9.417999999999999705e-01
-1.305099999999999927e+00
2.712600000000000011e-01
8.386100000000000776e-01
1.819500000000000006e-01
3.198699999999999877e-01
6.580399999999999583e-01
1.660699999999999954e-01
-7.743999999999999773e-01
-6.363699999999999912e-01
7.400800000000000434e-02
-7.590100000000000735e-01
-1.575800000000000090e+00
-2.148899999999999977e-01
7.084799999999999986e-01
1.008299999999999891e-01
-3.261399999999999855e-01
-2.499300000000000133e-01
-5.758400000000000185e-01
-3.872700000000000031e-01
3.309900000000000064e-01
1.395399999999999974e-01
-8.012700000000000378e-02
-1.701300000000000034e-01
-5.373400000000000398e-02
8.784700000000000841e-01
7.446399999999999686e-01
-4.284600000000000630e-01
-5.062300000000000688e-01
8.223600000000000354e-02
3.920300000000000451e-01
3.028699999999999726e-01
-2.039499999999999993e-02
9.192399999999999877e-03
4.929000000000000048e-01
6.069999999999999840e-01
8.165200000000000236e-02
-2.490400000000000114e-01
-2.400699999999999779e-01
-2.200300000000000311e-01
-2.049099999999999810e-01
-2.044700000000000129e-01
-1.946100000000000260e-02
1.830499999999999905e-01
1.132299999999999973e-01
1.235400000000000040e-02
1.756999999999999951e-01
2.585600000000000120e-01
2.108399999999999996e-01
1.643499999999999961e-01
-2.575500000000000012e-02
-2.692300000000000249e-01
-2.013099999999999890e-01
2.323400000000000118e-02
5.840000000000000052e-02
-1.557799999999999983e-02
-5.286000000000000421e-02
-5.039199999999999929e-02
1.436600000000000030e-02
3.787799999999999501e-02
3.346499999999999475e-02
5.432000000000000196e-03
4.210600000000000107e-03
8.340299999999998409e-03
5.691700000000000058e-03
2.041399999999999812e-02
3.163300000000000139e-02
1.821699999999999882e-03
-6.816100000000000284e-03
-4.595600000000000032e-03
-5.841999999999999971e-04
-5.336199999999999277e-03
1.547099999999999821e-03
-2.244700000000000081e-03
3.960500000000000045e-04
3.965999999999999907e-03
5.401500000000000051e-03
-1.600000000000000077e-03
1.212900000000000046e-03
-6.489799999999999562e-03
-1.590400000000000277e-03
1.083699999999999941e-03
5.563199999999999916e-03
1.240999999999999916e-03
3.940899999999999785e-03
-7.059600000000000510e-04
2.452699999999999932e-03
-5.501500000000000097e-04
1.739099999999999717e-03
-1.840800000000000075e-03
1.810999999999999893e-03
-1.393400000000000151e-03
2.190500000000000173e-03
-7.464600000000000055e-04
2.183900000000000338e-03
-1.518999999999999951e-03
1.797599999999999892e-03
-1.360700000000000061e-03
1.885000000000000174e-03
-1.456599999999999952e-03
1.785399999999999921e-03
-1.469900000000000113e-03
1.775099999999999725e-03
-1.441200000000000120e-03
1.760199999999999959e-03
-1.536000000000000039e-03
1.687900000000000207e-03
-1.554299999999999996e-03
1.664300000000000068e-03
-1.573299999999999916e-03
1.631099999999999911e-03
-1.601099999999999832e-03
1.623600000000000000e-03
-1.607400000000000148e-03
1.595800000000000083e-03
-1.622899999999999820e-03
1.582000000000000073e-03
-1.626500000000000124e-03
1.578099999999999815e-03
-1.613599999999999974e-03
1.571600000000000037e-03
-1.645799999999999780e-03
1.561099999999999944e-03
-1.641600000000000004e-03
1.549900000000000106e-03
-1.627700000000000154e-03
1.560999999999999888e-03
-1.618200000000000194e-03
1.564000000000000069e-03
-1.606999999999999922e-03
1.572900000000000123e-03
-1.592000000000000099e-03
1.582099999999999913e-03
-1.578999999999999891e-03
1.577300000000000013e-03
-1.580900000000000100e-03
1.574599999999999785e-03
-1.584200000000000018e-03
1.567299999999999987e-03
