-8.799500000000000030e-03
-1.618199999999999847e-02
-1.397599999999999884e-02
-1.467800000000000007e-02
-1.455000000000000043e-02
-1.453899999999999811e-02
-1.458600000000000174e-02
-1.457599999999999868e-02
-1.464399999999999903e-02
-1.462100000000000032e-02
-1.474799999999999896e-02
-1.470400000000000006e-02
-1.489099999999999972e-02
-1.484900000000000109e-02
-1.509900000000000131e-02
-1.507499999999999986e-02
-1.538899999999999817e-02
-1.540000000000000049e-02
-1.578600000000000142e-02
-1.583999999999999991e-02
-1.629999999999999852e-02
-1.641000000000000097e-02
-1.693199999999999913e-02
-1.709099999999999855e-02
-1.768600000000000033e-02
-1.789799999999999724e-02
-1.855000000000000052e-02
-1.880500000000000227e-02
-1.950900000000000203e-02
-1.979099999999999956e-02
-2.051899999999999905e-02
-2.080600000000000158e-02
-2.154000000000000012e-02
-2.181599999999999859e-02
-2.254000000000000101e-02
-2.278300000000000117e-02
-2.347299999999999734e-02
-2.366399999999999754e-02
-2.429399999999999962e-02
-2.441300000000000067e-02
-2.498300000000000173e-02
-2.503199999999999870e-02
-2.553400000000000114e-02
-2.551300000000000096e-02
-2.595199999999999937e-02
-2.586899999999999963e-02
-2.625100000000000003e-02
-2.611000000000000126e-02
-2.644200000000000023e-02
-2.624999999999999903e-02
-2.654200000000000309e-02
-2.631200000000000205e-02
-2.656899999999999887e-02
-2.630299999999999652e-02
-2.652699999999999850e-02
-2.621899999999999925e-02
-2.639999999999999986e-02
-2.603000000000000105e-02
-2.614800000000000110e-02
-2.572200000000000181e-02
-2.578299999999999689e-02
-2.529799999999999757e-02
-2.530699999999999963e-02
-2.478300000000000294e-02
-2.477100000000000135e-02
-2.422099999999999947e-02
-2.418800000000000117e-02
-2.361599999999999810e-02
-2.356999999999999720e-02
-2.298000000000000043e-02
-2.290999999999999981e-02
-2.229300000000000032e-02
-2.218600000000000086e-02
-2.150999999999999787e-02
-2.133200000000000027e-02
-2.056499999999999995e-02
-2.027999999999999942e-02
-1.938400000000000192e-02
-1.894799999999999957e-02
-1.789400000000000018e-02
-1.729499999999999788e-02
-1.606699999999999795e-02
-1.529400000000000030e-02
-1.388899999999999857e-02
-1.295300000000000097e-02
-1.140000000000000041e-02
-1.033300000000000017e-02
-8.652899999999999828e-03
-7.480500000000001037e-03
-5.716300000000000547e-03
-4.464399999999999445e-03
-2.619800000000000254e-03
-1.293499999999999945e-03
6.253499999999999944e-04
2.028099999999999695e-03
4.047199999999999930e-03
5.568600000000000806e-03
7.725799999999999682e-03
9.411900000000000821e-03
1.175999999999999962e-02
1.366000000000000027e-02
1.624600000000000002e-02
1.839900000000000216e-02
2.125000000000000153e-02
2.367299999999999960e-02
2.678600000000000078e-02
2.945099999999999801e-02
3.279399999999999676e-02
3.564700000000000507e-02
3.913399999999999518e-02
4.208800000000000041e-02
4.562700000000000089e-02
4.858099999999999918e-02
5.204999999999999905e-02
5.487500000000000017e-02
5.816599999999999548e-02
6.074700000000000238e-02
6.376099999999999823e-02
6.602399999999999936e-02
6.867299999999999793e-02
7.055299999999999072e-02
7.280700000000001060e-02
7.427599999999999481e-02
7.611300000000000010e-02
7.717499999999999361e-02
7.861500000000000432e-02
7.927900000000000225e-02
8.034199999999999675e-02
8.064199999999999147e-02
8.135599999999999776e-02
8.132599999999999552e-02
8.172200000000000297e-02
8.138499999999999901e-02
8.148999999999999300e-02
8.087799999999999156e-02
8.072100000000000108e-02
7.984600000000000031e-02
7.943099999999998773e-02
7.832100000000000173e-02
7.768400000000000305e-02
7.635399999999999132e-02
7.551900000000000279e-02
7.402599999999999458e-02
7.303500000000000270e-02
7.137999999999999901e-02
7.027600000000000513e-02
6.854799999999999782e-02
6.737100000000000033e-02
6.558400000000000341e-02
6.437799999999999079e-02
6.257699999999999374e-02
6.136900000000000688e-02
5.957300000000000095e-02
5.838200000000000334e-02
5.660499999999999560e-02
5.542400000000000104e-02
5.364400000000000418e-02
5.244600000000000650e-02
5.062599999999999739e-02
4.936499999999999916e-02
4.746999999999999831e-02
4.610399999999999915e-02
4.406800000000000300e-02
4.254200000000000342e-02
4.031799999999999967e-02
3.858099999999999724e-02
3.612499999999999739e-02
3.415400000000000380e-02
3.146299999999999791e-02
2.925699999999999829e-02
2.634100000000000330e-02
2.392800000000000135e-02
2.084000000000000088e-02
1.829199999999999923e-02
1.511200000000000043e-02
1.252999999999999947e-02
9.360399999999999623e-03
6.854899999999998841e-03
3.821600000000000084e-03
1.511200000000000087e-03
-1.274100000000000016e-03
-3.290799999999999975e-03
-5.747300000000000325e-03
-7.401899999999999452e-03
-9.480099999999999985e-03
-1.076099999999999973e-02
-1.247900000000000051e-02
-1.342299999999999917e-02
-1.485099999999999962e-02
-1.554900000000000032e-02
-1.679900000000000143e-02
-1.739900000000000127e-02
-1.862400000000000166e-02
-1.927299999999999847e-02
-2.062800000000000050e-02
-2.147500000000000103e-02
-2.311399999999999913e-02
-2.433000000000000093e-02
-2.646499999999999894e-02
-2.868999999999999675e-02
-3.212299999999999878e-02
-3.459299999999999875e-02
-3.720600000000000296e-02
-3.913200000000000012e-02
-4.168100000000000277e-02
-4.358700000000000074e-02
-4.609900000000000109e-02
-4.794299999999999951e-02
-5.034899999999999792e-02
-5.205599999999999117e-02
-5.430700000000000804e-02
-5.583600000000000368e-02
-5.790800000000000114e-02
-5.929199999999999748e-02
-6.123999999999999583e-02
-6.251699999999998925e-02
-6.437899999999999179e-02
-6.556700000000000028e-02
-6.743200000000000582e-02
-6.880200000000000204e-02
-7.090899999999999981e-02
-7.247299999999999576e-02
-7.474799999999999500e-02
-7.643800000000000594e-02
-7.877100000000000768e-02
-8.044500000000000262e-02
-8.268799999999999761e-02
-8.418499999999999595e-02
-8.616000000000000048e-02
-8.728700000000000347e-02
-8.879499999999999893e-02
-8.939199999999999924e-02
-9.031799999999999551e-02
-9.029600000000000126e-02
-9.060100000000000098e-02
-8.997299999999999742e-02
-8.972299999999999720e-02
-8.860200000000000020e-02
-8.795300000000000340e-02
-8.654400000000000981e-02
-8.570900000000000740e-02
-8.422799999999999732e-02
-8.344299999999998940e-02
-8.209600000000000231e-02
-8.150299999999999212e-02
-8.038399999999999712e-02
-7.999400000000000954e-02
-7.894600000000000228e-02
-7.836599999999999122e-02
-7.666699999999999904e-02
-7.435599999999999155e-02
-6.910900000000000376e-02
-5.963400000000000645e-02
-4.358000000000000068e-02
-3.770899999999999946e-02
-6.457799999999999652e-02
-1.166999999999999982e-01
-1.452499999999999902e-01
-1.238700000000000079e-01
-8.198800000000000532e-02
-7.284100000000000297e-02
-1.119599999999999901e-01
-1.423900000000000166e-01
-9.379400000000000237e-02
-1.038799999999999966e-02
1.706500000000000031e-02
-2.090600000000000097e-02
-7.698200000000000875e-02
-1.162400000000000100e-01
-1.128099999999999936e-01
-7.468900000000000539e-02
-4.110199999999999965e-02
-3.366899999999999754e-02
-4.155799999999999772e-02
-6.669400000000000328e-02
-9.544300000000000006e-02
-8.660400000000000043e-02
-4.093199999999999616e-02
-2.750299999999999620e-02
-8.461599999999999677e-02
-1.458000000000000129e-01
-1.119300000000000017e-01
-1.729699999999999988e-02
2.271499999999999908e-02
-1.542100000000000068e-02
-6.904799999999999827e-02
-9.190900000000000458e-02
-6.499299999999999522e-02
-1.722100000000000020e-02
-5.244200000000000510e-04
-1.631600000000000064e-02
-1.601999999999999952e-02
5.203600000000000066e-03
2.128499999999999837e-02
3.825599999999999834e-02
6.500100000000000322e-02
7.970499999999999807e-02
7.914100000000000301e-02
6.592399999999999649e-02
4.957999999999999907e-02
4.905699999999999644e-02
5.816000000000000336e-02
6.613099999999999534e-02
9.544800000000000506e-02
1.421599999999999808e-01
1.820400000000000074e-01
2.021300000000000041e-01
1.963099999999999845e-01
1.745599999999999929e-01
1.638000000000000012e-01
1.585400000000000142e-01
1.582699999999999940e-01
1.780500000000000138e-01
1.964899999999999980e-01
1.978599999999999803e-01
2.333900000000000141e-01
3.182099999999999929e-01
4.077899999999999858e-01
4.844100000000000628e-01
5.478600000000000136e-01
5.725799999999999779e-01
5.633699999999999264e-01
5.573000000000000176e-01
5.819300000000000583e-01
5.836200000000000276e-01
4.593300000000000161e-01
2.293900000000000106e-01
-1.186300000000000028e-02
-3.018699999999999717e-01
-6.229999999999999982e-01
-8.114200000000000301e-01
-8.144500000000000073e-01
-6.768199999999999772e-01
-3.887599999999999945e-01
1.873499999999999818e-02
4.929699999999999638e-01
1.026100000000000012e+00
1.545700000000000074e+00
1.850899999999999990e+00
1.750000000000000000e+00
1.251400000000000068e+00
6.450700000000000323e-01
1.851200000000000068e-01
-2.318800000000000305e-01
-7.924999999999999822e-01
-1.380900000000000016e+00
-1.768999999999999906e+00
-1.873199999999999976e+00
-1.754799999999999915e+00
-1.483200000000000074e+00
-1.023200000000000109e+00
-3.643199999999999772e-01
2.661199999999999677e-01
5.781100000000000128e-01
6.279500000000000082e-01
6.829499999999999460e-01
7.792600000000000637e-01
8.038399999999999990e-01
7.281499999999999639e-01
5.703500000000000236e-01
2.676699999999999635e-01
-2.190400000000000125e-01
-8.157399999999999096e-01
-1.382600000000000051e+00
-1.694900000000000073e+00
-1.576500000000000012e+00
-1.118600000000000039e+00
-5.090799999999999770e-01
1.225300000000000000e-01
6.202800000000000535e-01
7.949000000000000510e-01
6.166699999999999404e-01
2.582699999999999996e-01
-1.242999999999999938e-01
-4.580500000000000127e-01
-5.938700000000000090e-01
-3.649100000000000121e-01
3.076200000000000115e-02
1.191699999999999982e-01
-1.675999999999999990e-01
-4.990199999999999636e-01
-5.842800000000000216e-01
-3.521400000000000086e-01
-1.554300000000000126e-02
1.233199999999999991e-01
2.876399999999999790e-02
-1.426300000000000068e-01
-3.180000000000000049e-01
-4.457800000000000096e-01
-3.782300000000000106e-01
-1.304900000000000226e-01
9.274199999999999111e-02
2.651100000000000123e-01
4.731299999999999950e-01
6.036299999999999999e-01
4.633800000000000141e-01
-4.745400000000000312e-02
-7.964100000000000623e-01
-1.381699999999999928e+00
-1.453699999999999992e+00
-9.929600000000000648e-01
-2.401999999999999968e-01
4.314999999999999947e-01
8.514200000000000657e-01
1.155999999999999917e+00
1.331299999999999928e+00
1.145100000000000007e+00
5.569699999999999651e-01
-2.846099999999999741e-01
-1.122600000000000042e+00
-1.480399999999999938e+00
-1.070300000000000029e+00
-2.665899999999999936e-01
4.226800000000000002e-01
8.602499999999999591e-01
1.053600000000000092e+00
1.035700000000000065e+00
9.180399999999999672e-01
8.037499999999999645e-01
7.439799999999999747e-01
6.398199999999999443e-01
4.786600000000000299e-01
4.973299999999999943e-01
7.349200000000000177e-01
9.618399999999999173e-01
9.474200000000000399e-01
4.449800000000000422e-01
-4.903699999999999726e-01
-1.393100000000000005e+00
-1.862800000000000011e+00
-1.745900000000000007e+00
-1.135999999999999899e+00
-4.494600000000000262e-01
-7.641100000000000496e-03
4.338399999999999479e-01
1.282499999999999973e+00
2.262999999999999901e+00
2.693799999999999972e+00
2.383000000000000007e+00
1.572599999999999998e+00
4.924999999999999933e-01
-6.016199999999999326e-01
-1.403799999999999937e+00
-1.572799999999999976e+00
-1.169300000000000006e+00
-6.859300000000000397e-01
-9.049100000000000199e-02
7.906100000000000350e-01
1.346100000000000074e+00
1.046599999999999975e+00
5.492399999999999505e-01
7.074000000000000288e-01
1.229000000000000092e+00
1.532100000000000017e+00
1.505800000000000027e+00
1.159699999999999953e+00
6.687999999999999501e-01
1.774700000000000166e-01
-3.625499999999999834e-01
-7.579199999999999271e-01
-8.649100000000000676e-01
-7.490399999999999281e-01
-4.979000000000000092e-01
-3.933400000000000230e-01
-4.276399999999999646e-01
-1.401700000000000168e-01
4.492899999999999672e-01
1.070799999999999974e+00
2.027699999999999836e+00
3.357699999999999907e+00
4.356600000000000250e+00
4.394899999999999807e+00
3.138900000000000023e+00
9.953799999999999315e-01
-9.063200000000001255e-01
-1.963200000000000056e+00
-2.387000000000000011e+00
-2.414000000000000146e+00
-1.963200000000000056e+00
-9.680900000000000061e-01
1.576200000000000101e-01
9.443099999999999827e-01
1.437300000000000022e+00
1.686800000000000077e+00
1.704900000000000082e+00
1.620999999999999996e+00
1.131999999999999895e+00
2.587900000000000200e-01
-3.609300000000000286e-01
-6.749300000000000299e-01
-7.484899999999999887e-01
-6.357599999999999363e-02
1.387899999999999912e+00
2.668000000000000149e+00
2.973100000000000076e+00
2.472100000000000186e+00
1.594799999999999995e+00
2.932299999999999907e-01
-1.516399999999999970e+00
-3.276899999999999924e+00
-4.143600000000000172e+00
-3.895300000000000207e+00
-2.890200000000000102e+00
-1.663999999999999924e+00
-8.839100000000000845e-01
-6.108299999999999841e-01
-3.275500000000000078e-01
7.850499999999999146e-02
5.077300000000000146e-01
9.499400000000000066e-01
1.163000000000000034e+00
7.466099999999999959e-01
-3.053899999999999948e-01
-1.367599999999999927e+00
-1.930099999999999927e+00
-2.093799999999999883e+00
-2.111400000000000166e+00
-1.788599999999999968e+00
-8.449100000000000499e-01
3.249099999999999766e-01
9.300200000000000689e-01
5.244600000000000373e-01
-5.205400000000000027e-01
-1.415599999999999969e+00
-1.813900000000000068e+00
-1.800799999999999956e+00
-1.670800000000000063e+00
-1.571900000000000075e+00
-1.353699999999999903e+00
-9.011399999999999411e-01
-3.837800000000000100e-01
-3.461599999999999677e-01
-1.092899999999999983e+00
-2.022800000000000153e+00
-2.437699999999999978e+00
-2.428300000000000125e+00
-2.195399999999999796e+00
-1.660199999999999898e+00
-1.022299999999999986e+00
-3.719199999999999728e-01
6.274699999999999722e-01
1.851699999999999902e+00
2.669299999999999784e+00
2.816699999999999982e+00
2.294500000000000206e+00
1.401999999999999913e+00
7.341100000000000403e-01
4.031000000000000139e-01
1.667200000000000071e-01
-8.326100000000000168e-02
-4.979899999999999882e-01
-1.208099999999999952e+00
-2.057700000000000085e+00
-2.636899999999999800e+00
-2.642799999999999816e+00
-2.281200000000000117e+00
-1.997900000000000009e+00
-1.761700000000000044e+00
-1.114100000000000090e+00
3.545599999999999863e-01
2.519400000000000084e+00
4.444300000000000139e+00
5.237099999999999866e+00
4.993100000000000094e+00
4.011599999999999611e+00
2.360799999999999788e+00
5.132399999999999185e-01
-9.466200000000001280e-01
-1.910099999999999909e+00
-2.435000000000000053e+00
-2.331199999999999939e+00
-1.671300000000000008e+00
-1.182900000000000063e+00
-1.302200000000000024e+00
-1.314899999999999958e+00
-4.752500000000000058e-01
5.884300000000000086e-01
9.393700000000000383e-01
8.523399999999999865e-01
1.065099999999999936e+00
1.441699999999999982e+00
1.364100000000000090e+00
1.044100000000000028e+00
1.357399999999999940e+00
2.162700000000000067e+00
2.533799999999999830e+00
2.058800000000000185e+00
9.522899999999999698e-01
-6.252599999999999825e-02
-2.155099999999999794e-01
1.689400000000000068e-01
-9.736399999999999222e-02
-9.302899999999999503e-01
-1.250699999999999923e+00
-5.961899999999999977e-01
8.601900000000000102e-01
2.046199999999999797e+00
2.292400000000000215e+00
2.282999999999999918e+00
2.366499999999999826e+00
2.124099999999999877e+00
1.398700000000000054e+00
7.801100000000000811e-01
7.845800000000000551e-01
8.055999999999999828e-01
3.145399999999999863e-01
-3.515099999999999891e-01
-8.833400000000000141e-01
-1.141699999999999937e+00
-9.769299999999999651e-01
-5.941699999999999759e-01
-3.527199999999999780e-01
-9.312199999999999644e-02
1.904599999999999904e-01
3.551900000000000057e-01
8.233000000000000318e-01
1.323099999999999943e+00
1.090700000000000003e+00
1.377299999999999913e-01
-1.202499999999999902e+00
-2.382400000000000073e+00
-2.851799999999999891e+00
-2.633700000000000152e+00
-2.123299999999999965e+00
-1.828999999999999959e+00
-1.609499999999999931e+00
-1.172700000000000076e+00
-1.180600000000000094e+00
-1.788000000000000034e+00
-2.053300000000000125e+00
-1.884600000000000053e+00
-1.842000000000000082e+00
-1.618800000000000017e+00
-9.546700000000000186e-01
-3.426199999999999801e-01
-5.580800000000000344e-02
-4.167500000000000093e-01
-1.667200000000000015e+00
-3.023000000000000131e+00
-3.717999999999999972e+00
-3.846499999999999808e+00
-3.376900000000000013e+00
-2.144800000000000040e+00
-6.812500000000000222e-01
3.068099999999999716e-01
8.135999999999999899e-01
9.020299999999998875e-01
1.792400000000000104e-01
-9.626600000000000712e-01
-1.239500000000000046e+00
-5.245800000000000463e-01
2.258699999999999875e-01
4.479899999999999438e-01
2.322500000000000120e-01
1.349499999999999866e-01
4.116500000000000159e-01
7.734800000000000564e-01
9.592799999999999105e-01
7.622399999999999176e-01
1.118900000000000033e-01
-8.602400000000000047e-01
-1.754499999999999948e+00
-1.862700000000000022e+00
-8.515899999999999581e-01
5.588699999999999779e-01
1.243300000000000072e+00
9.900299999999999656e-01
7.317500000000000115e-01
1.148700000000000054e+00
1.752699999999999925e+00
1.897599999999999953e+00
1.641799999999999926e+00
1.205300000000000038e+00
9.227799999999999336e-01
1.146200000000000108e+00
1.527800000000000047e+00
1.699500000000000011e+00
1.948299999999999921e+00
2.358299999999999841e+00
2.632099999999999884e+00
2.629399999999999959e+00
2.457699999999999996e+00
2.454400000000000137e+00
3.046400000000000219e+00
4.247899999999999565e+00
5.380700000000000038e+00
5.431600000000000428e+00
4.070100000000000051e+00
2.249000000000000110e+00
1.163200000000000012e+00
7.893799999999999706e-01
2.431599999999999873e-01
-8.356299999999998729e-01
-1.912600000000000078e+00
-2.412399999999999878e+00
-2.333400000000000141e+00
-1.836999999999999966e+00
-1.038999999999999924e+00
-5.307199999999999696e-01
-8.028999999999999471e-01
-1.256000000000000005e+00
-1.143599999999999950e+00
-7.375599999999999934e-01
-5.161999999999999922e-01
-9.997299999999998965e-01
-3.249800000000000022e+00
-7.082499999999999574e+00
-1.041200000000000081e+01
-1.226999999999999957e+01
-1.385900000000000176e+01
-1.589700000000000024e+01
-1.782999999999999829e+01
-1.902599999999999980e+01
-1.869500000000000028e+01
-1.589599999999999902e+01
-9.993800000000000239e+00
-1.992599999999999927e+00
5.233699999999999797e+00
9.748100000000000875e+00
1.183300000000000018e+01
1.237599999999999945e+01
1.116400000000000148e+01
7.457099999999999618e+00
3.191100000000000048e+00
1.908600000000000074e+00
4.151299999999999990e+00
7.898500000000000298e+00
1.090000000000000036e+01
1.167799999999999905e+01
1.085400000000000098e+01
1.021600000000000108e+01
1.019700000000000095e+01
9.346199999999999619e+00
6.614799999999999791e+00
2.952300000000000146e+00
-7.330399999999999937e-03
-1.097599999999999909e+00
-2.588599999999999790e-01
1.082699999999999996e+00
2.082100000000000062e+00
2.595600000000000129e+00
1.369499999999999940e+00
-2.206500000000000128e+00
-6.792099999999999582e+00
-1.031000000000000050e+01
-1.067999999999999972e+01
-7.952499999999999680e+00
-4.736299999999999955e+00
-2.662900000000000045e+00
-1.048699999999999966e+00
1.357699999999999907e+00
4.614399999999999835e+00
7.160700000000000287e+00
7.757200000000000095e+00
7.191600000000000215e+00
6.884400000000000297e+00
6.510100000000000442e+00
5.066099999999999604e+00
3.450200000000000156e+00
2.942200000000000149e+00
3.376100000000000101e+00
4.618000000000000327e+00
6.061700000000000088e+00
6.636499999999999844e+00
6.980699999999999683e+00
7.619600000000000151e+00
7.289299999999999891e+00
5.596099999999999852e+00
3.410200000000000120e+00
5.420699999999999408e-01
-3.140899999999999803e+00
-5.623800000000000132e+00
-5.373000000000000220e+00
-3.753800000000000026e+00
-2.183899999999999952e+00
-1.317199999999999926e+00
-2.841299999999999937e+00
-5.578199999999999825e+00
-5.933799999999999741e+00
-4.796599999999999753e+00
-5.660499999999999865e+00
-1.026999999999999957e+01
-1.831500000000000128e+01
-2.654500000000000171e+01
-3.187400000000000233e+01
-3.472099999999999653e+01
-3.561199999999999477e+01
-3.219100000000000250e+01
-2.371800000000000352e+01
-1.428099999999999881e+01
-6.971400000000000041e+00
-1.514999999999999958e-01
8.149399999999999977e+00
1.684099999999999753e+01
2.268499999999999872e+01
2.384300000000000352e+01
2.362699999999999889e+01
2.620400000000000063e+01
2.908999999999999986e+01
2.689999999999999858e+01
1.932799999999999940e+01
1.039299999999999891e+01
3.099699999999999900e+00
-1.717000000000000082e+00
-3.296400000000000219e+00
-2.024000000000000021e+00
-7.809199999999999475e-01
-5.747200000000000086e-01
3.302300000000000235e-01
2.044700000000000184e+00
3.281600000000000072e+00
1.203600000000000003e+00
-6.433399999999999785e+00
-1.481700000000000017e+01
-1.798099999999999810e+01
-1.696999999999999886e+01
-1.593200000000000038e+01
-1.850499999999999901e+01
-2.549300000000000210e+01
-3.342199999999999704e+01
-3.837100000000000222e+01
-3.935999999999999943e+01
-3.901599999999999824e+01
-3.876699999999999591e+01
-3.624199999999999733e+01
-3.198900000000000077e+01
-2.922699999999999676e+01
-2.805699999999999861e+01
-2.583699999999999974e+01
-1.968200000000000216e+01
-1.107300000000000040e+01
-2.572299999999999809e+00
9.642899999999999139e+00
2.803500000000000014e+01
4.831899999999999551e+01
6.581900000000000261e+01
7.638800000000000523e+01
7.876399999999999579e+01
7.860600000000000875e+01
8.054899999999999238e+01
8.156799999999999784e+01
7.790100000000001046e+01
7.038600000000000989e+01
6.211199999999999477e+01
5.725300000000000011e+01
5.710600000000000165e+01
5.628000000000000114e+01
4.815899999999999892e+01
3.192300000000000182e+01
1.316599999999999859e+01
-1.652600000000000069e+00
-1.050400000000000134e+01
-1.674099999999999966e+01
-2.497899999999999920e+01
-3.410999999999999943e+01
-3.891700000000000159e+01
-3.674800000000000466e+01
-2.817699999999999960e+01
-1.765299999999999869e+01
-1.091599999999999859e+01
-8.581300000000000594e+00
-8.884600000000000719e+00
-1.144099999999999895e+01
-1.376700000000000124e+01
-1.171499999999999986e+01
-5.043300000000000338e+00
1.800100000000000033e+00
4.905800000000000161e+00
2.111000000000000210e+00
-6.167500000000000426e+00
-1.368700000000000117e+01
-1.357000000000000028e+01
-6.262999999999999901e+00
2.088400000000000034e+00
7.237199999999999633e+00
9.118900000000000006e+00
6.667900000000000382e+00
-1.807299999999999907e+00
-1.231299999999999883e+01
-1.868200000000000216e+01
-1.945299999999999940e+01
-1.726399999999999935e+01
-1.715299999999999869e+01
-2.174900000000000233e+01
-2.671400000000000219e+01
-2.845499999999999829e+01
-3.004300000000000281e+01
-3.188199999999999790e+01
-2.936800000000000210e+01
-2.444599999999999795e+01
-2.396400000000000219e+01
-2.770599999999999952e+01
-3.025000000000000000e+01
-2.957900000000000063e+01
-2.729800000000000182e+01
-2.381400000000000006e+01
-1.720400000000000063e+01
-7.040600000000000414e+00
2.337400000000000144e+00
5.635100000000000442e+00
3.454400000000000137e+00
1.991700000000000137e-01
-2.540200000000000014e+00
-3.814400000000000013e+00
-1.401000000000000023e+00
3.067099999999999937e+00
6.007100000000000328e+00
8.021800000000000708e+00
8.866199999999999193e+00
6.558799999999999741e+00
6.080799999999999983e+00
1.087400000000000055e+01
1.397900000000000098e+01
1.000699999999999967e+01
1.456599999999999895e+00
-7.650900000000000034e+00
-1.515299999999999869e+01
-1.836499999999999844e+01
-1.578099999999999881e+01
-1.272400000000000020e+01
-1.555299999999999905e+01
-2.236899999999999977e+01
-2.802699999999999747e+01
-3.173000000000000043e+01
-3.353800000000000381e+01
-3.088500000000000156e+01
-2.519000000000000128e+01
-2.266699999999999804e+01
-2.436100000000000065e+01
-2.383399999999999963e+01
-1.643700000000000117e+01
-7.331999999999999851e+00
-4.515900000000000247e+00
-6.053499999999999659e+00
-4.214400000000000368e+00
9.713299999999999157e-01
3.351100000000000190e+00
2.627899999999999903e+00
2.313099999999999934e+00
2.267399999999999860e+00
1.783400000000000096e+00
1.459200000000000053e+00
-3.916899999999999826e-01
-5.458000000000000185e+00
-9.422399999999999665e+00
-4.252799999999999692e+00
1.047599999999999909e+01
2.253599999999999781e+01
2.249099999999999966e+01
1.717200000000000060e+01
1.665900000000000247e+01
2.284800000000000253e+01
3.506600000000000250e+01
4.996399999999999864e+01
5.934499999999999886e+01
5.842899999999999494e+01
4.978600000000000136e+01
3.720799999999999841e+01
2.532800000000000296e+01
2.031400000000000006e+01
2.470499999999999829e+01
3.609700000000000131e+01
4.570100000000000051e+01
4.463300000000000267e+01
3.543800000000000239e+01
2.654500000000000171e+01
2.134499999999999886e+01
1.864499999999999957e+01
1.914000000000000057e+01
2.617800000000000082e+01
3.744400000000000261e+01
4.451300000000000523e+01
4.291700000000000159e+01
3.602700000000000102e+01
2.933500000000000085e+01
2.498400000000000176e+01
2.370400000000000063e+01
2.631699999999999662e+01
3.074199999999999733e+01
3.279500000000000171e+01
2.978999999999999915e+01
2.296499999999999986e+01
1.808699999999999974e+01
1.911599999999999966e+01
2.236599999999999966e+01
2.367900000000000205e+01
2.288400000000000034e+01
1.799500000000000099e+01
6.676300000000000345e+00
-8.460599999999999454e+00
-2.013799999999999812e+01
-2.164300000000000068e+01
-1.543900000000000006e+01
-9.940699999999999648e+00
-8.154500000000000526e+00
-6.440699999999999648e+00
-2.889599999999999946e-01
1.047599999999999909e+01
2.019800000000000040e+01
2.203999999999999915e+01
1.446799999999999997e+01
-1.501700000000000035e+00
-2.506400000000000006e+01
-4.777799999999999869e+01
-5.843899999999999295e+01
-5.832500000000000284e+01
-5.844800000000000040e+01
-6.383399999999999608e+01
-6.978399999999999181e+01
-7.222599999999999909e+01
-7.223600000000000421e+01
-7.092399999999999238e+01
-6.819499999999999318e+01
-6.377000000000000313e+01
-5.595499999999999829e+01
-4.528999999999999915e+01
-3.627799999999999869e+01
-2.988699999999999690e+01
-2.283199999999999719e+01
-1.423000000000000043e+01
-4.958599999999999675e+00
3.875000000000000000e+00
8.799200000000000799e+00
7.335799999999999876e+00
3.156800000000000050e+00
5.887600000000000611e-01
-3.940700000000000092e+00
-1.459299999999999997e+01
-2.690099999999999980e+01
-3.326200000000000045e+01
-3.088599999999999923e+01
-2.322100000000000009e+01
-1.476400000000000112e+01
-6.974499999999999922e+00
3.258400000000000185e-01
7.149099999999999788e+00
1.196599999999999930e+01
1.296099999999999852e+01
1.050500000000000078e+01
7.782899999999999707e+00
8.481700000000000017e+00
1.333000000000000007e+01
2.130499999999999972e+01
2.970499999999999829e+01
3.429400000000000404e+01
3.599900000000000233e+01
3.726899999999999835e+01
3.333899999999999864e+01
2.028800000000000026e+01
3.787300000000000111e+00
-8.375899999999999679e+00
-1.513099999999999845e+01
-2.001500000000000057e+01
-2.349500000000000099e+01
-2.224399999999999977e+01
-1.672799999999999798e+01
-1.084099999999999930e+01
-4.912200000000000344e+00
-5.801300000000000345e-01
-1.668700000000000072e+00
-3.671199999999999797e+00
8.739500000000000046e-01
9.887900000000000134e+00
1.537299999999999933e+01
1.418500000000000050e+01
9.758800000000000807e+00
4.123000000000000220e+00
-3.221200000000000063e+00
-9.137399999999999523e+00
-9.962899999999999423e+00
-8.209400000000000475e+00
-6.315900000000000070e+00
-3.023699999999999832e+00
-2.293699999999999906e-01
-8.487299999999998734e-01
-2.772299999999999986e+00
-1.400800000000000045e+00
4.259999999999999787e+00
9.810000000000000497e+00
1.018599999999999994e+01
4.155599999999999739e+00
-5.055399999999999672e+00
-1.342200000000000060e+01
-1.865299999999999869e+01
-1.935299999999999798e+01
-1.565900000000000070e+01
-9.004200000000000870e+00
-9.247299999999999409e-01
7.371500000000000163e+00
1.497900000000000098e+01
1.851800000000000068e+01
1.506099999999999994e+01
8.978799999999999670e+00
5.894400000000000084e+00
4.742099999999999760e+00
3.284800000000000164e+00
1.949400000000000022e+00
1.065699999999999981e-01
-3.301099999999999923e+00
-7.229599999999999582e+00
-1.076900000000000013e+01
-1.209999999999999964e+01
-8.428200000000000358e+00
-8.249499999999999611e-01
7.036299999999999777e+00
1.187299999999999933e+01
1.073700000000000010e+01
5.627799999999999692e+00
2.086300000000000043e+00
1.459699999999999998e+00
3.319999999999999840e+00
1.035099999999999909e+01
2.340800000000000125e+01
3.838400000000000034e+01
5.070899999999999608e+01
5.770000000000000284e+01
5.827700000000000102e+01
5.470899999999999608e+01
4.964100000000000534e+01
4.135800000000000409e+01
2.985699999999999932e+01
1.954799999999999827e+01
1.032499999999999929e+01
1.610000000000000098e+00
-2.713499999999999801e+00
-4.685800000000000409e+00
-1.123900000000000077e+01
-2.447800000000000153e+01
-3.907300000000000040e+01
-4.774399999999999977e+01
-4.968100000000000449e+01
-4.526200000000000045e+01
-3.242600000000000193e+01
-1.264499999999999957e+01
8.913800000000000168e+00
2.800099999999999767e+01
4.339300000000000068e+01
5.350100000000000477e+01
5.567699999999999960e+01
5.356399999999999295e+01
5.217899999999999494e+01
4.979600000000000648e+01
4.330499999999999972e+01
3.422299999999999898e+01
2.398800000000000310e+01
1.215599999999999881e+01
3.886000000000000121e+00
3.455799999999999983e+00
7.479400000000000048e+00
1.492799999999999905e+01
2.537500000000000000e+01
3.528499999999999659e+01
4.176500000000000057e+01
4.491600000000000392e+01
4.315999999999999659e+01
3.100199999999999889e+01
1.315099999999999980e+01
-5.246199999999999974e+00
-2.698000000000000043e+01
-4.830199999999999960e+01
-6.448100000000000875e+01
-7.325600000000000023e+01
-7.545000000000000284e+01
-7.703100000000000591e+01
-8.177899999999999636e+01
-9.195900000000000318e+01
-1.028299999999999983e+02
-1.102600000000000051e+02
-1.157600000000000051e+02
-1.191700000000000017e+02
-1.219699999999999989e+02
-1.130600000000000023e+02
-9.965500000000000114e+01
-8.604200000000000159e+01
-5.604100000000000392e+01
-2.657400000000000162e+01
-1.082099999999999973e+01
-3.863900000000000112e-01
1.311800000000000033e+01
2.991600000000000037e+01
4.661199999999999477e+01
5.647100000000000364e+01
5.715899999999999892e+01
5.896100000000000563e+01
6.224199999999999733e+01
6.059100000000000108e+01
5.771000000000000085e+01
5.551200000000000045e+01
5.435899999999999466e+01
5.299800000000000466e+01
4.570000000000000284e+01
3.436500000000000199e+01
2.873199999999999932e+01
2.891199999999999903e+01
2.919199999999999662e+01
2.450900000000000034e+01
1.256200000000000117e+01
5.009000000000000119e-01
-4.953199999999999825e+00
-5.234499999999999709e+00
-5.004999999999999893e+00
-6.157700000000000173e+00
-7.924000000000000377e+00
-1.034200000000000053e+01
-1.474200000000000088e+01
-2.331300000000000239e+01
-3.197300000000000253e+01
-3.429500000000000171e+01
-3.209300000000000352e+01
-2.858599999999999852e+01
-2.178599999999999781e+01
-1.184999999999999964e+01
-5.251999999999999780e+00
-5.525999999999999801e+00
-5.208499999999999908e+00
3.520300000000000207e+00
1.474200000000000088e+01
1.798000000000000043e+01
1.437800000000000011e+01
1.185200000000000031e+01
1.424300000000000033e+01
1.941199999999999903e+01
2.225600000000000023e+01
2.132300000000000040e+01
2.029799999999999827e+01
1.931900000000000261e+01
1.541099999999999959e+01
9.086399999999999366e+00
2.331900000000000084e+00
-2.195199999999999818e+00
-1.894099999999999895e+00
1.674199999999999910e+00
5.104099999999999859e+00
7.989700000000000024e+00
1.009399999999999942e+01
1.021499999999999986e+01
8.996900000000000119e+00
6.310999999999999943e+00
3.828300000000000036e-01
-8.508100000000000662e+00
-1.737599999999999767e+01
-2.338800000000000168e+01
-2.386300000000000310e+01
-1.747100000000000009e+01
-7.608799999999999564e+00
-1.313700000000000145e-01
1.394200000000000106e+00
-1.668299999999999894e+00
-5.238000000000000433e+00
-7.567199999999999704e+00
-9.150700000000000500e+00
-9.474399999999999267e+00
-8.018700000000000827e+00
-5.736200000000000188e+00
-3.677500000000000213e+00
-2.657999999999999918e+00
-1.318999999999999950e+00
1.820899999999999963e+00
4.368400000000000283e+00
4.083499999999999908e+00
2.623400000000000176e+00
3.058300000000000018e+00
4.694700000000000095e+00
3.613599999999999923e+00
-3.482000000000000095e-01
-3.472500000000000142e+00
-2.846699999999999786e+00
1.732200000000000129e-01
1.886800000000000033e+00
3.124699999999999811e+00
7.708000000000000185e+00
1.541499999999999915e+01
2.136199999999999832e+01
2.139099999999999824e+01
1.562900000000000134e+01
8.138799999999999812e+00
3.313899999999999846e+00
1.946800000000000086e+00
2.500399999999999956e+00
2.811599999999999877e+00
2.307500000000000107e+00
2.402200000000000113e+00
3.106700000000000017e+00
2.780199999999999783e+00
1.915000000000000036e+00
2.142900000000000027e+00
2.429100000000000037e+00
2.662599999999999856e+00
4.345699999999999896e+00
6.221300000000000274e+00
5.918599999999999639e+00
3.572000000000000064e+00
2.290199999999999736e-01
-3.852799999999999780e+00
-7.369900000000000340e+00
-7.891899999999999693e+00
-3.663199999999999790e+00
2.041199999999999903e+00
2.423799999999999955e+00
-2.133399999999999963e+00
-4.481200000000000294e+00
-2.133700000000000152e+00
2.499000000000000110e+00
7.565500000000000114e+00
1.058699999999999974e+01
9.951299999999999812e+00
6.815100000000000158e+00
2.588400000000000034e+00
-1.159999999999999920e+00
-2.811900000000000066e+00
-2.974400000000000155e+00
-4.440000000000000391e+00
-8.079800000000000537e+00
-1.147400000000000020e+01
-1.318599999999999994e+01
-1.277700000000000102e+01
-8.858100000000000307e+00
-2.337000000000000188e+00
3.146599999999999842e+00
5.590300000000000047e+00
5.402599999999999625e+00
2.294700000000000184e+00
-2.692200000000000149e+00
-6.630399999999999849e+00
-8.810700000000000642e+00
-9.019199999999999662e+00
-6.224400000000000155e+00
-2.140400000000000080e+00
2.485199999999999909e-01
7.301100000000000367e-01
9.408799999999999386e-01
1.670800000000000063e+00
2.272400000000000198e+00
3.615000000000000213e+00
7.513200000000000323e+00
1.187900000000000134e+01
1.362199999999999989e+01
1.338199999999999967e+01
1.247799999999999976e+01
1.064099999999999824e+01
8.863400000000000389e+00
8.498799999999999244e+00
8.602600000000000691e+00
7.766499999999999737e+00
6.192000000000000171e+00
4.931099999999999817e+00
4.550699999999999967e+00
5.173199999999999577e+00
6.338499999999999801e+00
6.174900000000000055e+00
2.965399999999999814e+00
-2.601300000000000168e+00
-8.998799999999999244e+00
-1.557900000000000063e+01
-2.060199999999999676e+01
-2.110900000000000176e+01
-1.674099999999999966e+01
-1.091400000000000148e+01
-7.414299999999999891e+00
-7.809400000000000119e+00
-1.085299999999999976e+01
-1.312900000000000134e+01
-1.333900000000000041e+01
-1.364599999999999902e+01
-1.402799999999999869e+01
-1.250000000000000000e+01
-1.000399999999999956e+01
-8.322100000000000719e+00
-6.448699999999999655e+00
-2.981599999999999806e+00
1.399599999999999955e+00
5.616399999999999615e+00
8.856299999999999173e+00
1.033500000000000085e+01
1.005000000000000071e+01
7.695599999999999774e+00
3.268800000000000150e+00
-1.696399999999999908e+00
-5.728299999999999947e+00
-7.794599999999999973e+00
-6.786299999999999777e+00
-3.495999999999999996e+00
-1.600000000000000089e+00
-2.457100000000000062e+00
-3.580700000000000216e+00
-4.351499999999999702e+00
-5.069099999999999717e+00
-4.461999999999999744e+00
-3.267399999999999860e+00
-3.161700000000000177e+00
-3.594500000000000028e+00
-3.309899999999999842e+00
-2.795599999999999863e+00
-3.844199999999999839e+00
-5.669999999999999929e+00
-5.213899999999999757e+00
-2.070800000000000196e+00
1.215200000000000058e+00
2.976700000000000124e+00
2.839799999999999880e+00
1.513099999999999890e+00
1.177400000000000002e+00
2.816600000000000215e+00
4.591000000000000192e+00
4.636700000000000266e+00
3.460999999999999854e+00
2.996799999999999908e+00
5.309400000000000119e+00
9.294000000000000483e+00
1.171400000000000041e+01
1.293299999999999983e+01
1.473299999999999876e+01
1.594599999999999973e+01
1.488000000000000078e+01
1.148700000000000010e+01
6.738199999999999967e+00
2.968100000000000183e+00
1.091599999999999904e+00
-9.911200000000000565e-02
-9.205200000000001159e-01
-1.729700000000000015e+00
-3.321899999999999853e+00
-5.639100000000000001e+00
-9.085399999999999920e+00
-1.297099999999999831e+01
-1.424599999999999866e+01
-1.279900000000000126e+01
-1.084599999999999831e+01
-8.106700000000000017e+00
-5.179499999999999993e+00
-4.652300000000000324e+00
-5.734399999999999942e+00
-5.542099999999999582e+00
-4.163800000000000168e+00
-3.115499999999999936e+00
-2.429399999999999782e+00
-1.551099999999999923e+00
-3.326199999999999712e-01
1.672600000000000087e+00
4.939600000000000435e+00
8.394999999999999574e+00
9.939700000000000202e+00
8.921300000000000452e+00
6.266799999999999926e+00
3.265099999999999891e+00
1.196900000000000075e+00
1.441599999999999993e+00
4.116500000000000270e+00
6.882399999999999629e+00
7.835600000000000342e+00
7.152599999999999625e+00
5.429299999999999571e+00
3.065999999999999837e+00
8.561100000000000376e-01
-5.820400000000000018e-01
-1.306799999999999962e+00
-1.392099999999999893e+00
-1.159699999999999953e+00
-8.927200000000000690e-01
-6.224499999999999478e-01
-7.766100000000000225e-01
-1.544000000000000039e+00
-1.942499999999999893e+00
-9.547499999999999876e-01
1.187200000000000033e+00
3.416500000000000092e+00
4.605199999999999960e+00
4.090700000000000003e+00
2.366400000000000059e+00
7.298000000000000043e-01
-1.575700000000000156e-01
-4.872699999999999809e-01
-6.411499999999999977e-01
-4.596600000000000130e-01
-1.873799999999999910e-01
-5.796499999999999986e-01
-2.743499999999999828e-01
1.526999999999999913e+00
2.739199999999999857e+00
2.873499999999999943e+00
2.973599999999999799e+00
2.346299999999999830e+00
8.870100000000000762e-01
-8.885200000000000042e-02
5.102600000000000538e-03
1.434500000000000108e+00
3.858099999999999863e+00
5.402999999999999581e+00
4.498400000000000176e+00
1.825399999999999912e+00
-4.088400000000000367e-01
-8.120100000000000096e-01
-4.871600000000000374e-01
-6.690000000000000391e-01
-3.965299999999999936e-01
3.475300000000000056e-01
-5.651399999999999757e-01
-3.323599999999999888e+00
-5.086700000000000443e+00
-4.520100000000000229e+00
-2.997199999999999864e+00
-1.496499999999999941e+00
1.324200000000000099e-01
1.881599999999999939e+00
3.275999999999999801e+00
3.842000000000000082e+00
3.054100000000000037e+00
1.535900000000000043e+00
9.514899999999999469e-01
1.631799999999999917e+00
2.394099999999999895e+00
1.821299999999999919e+00
-3.088500000000000134e-01
-2.524399999999999977e+00
-3.689200000000000035e+00
-4.159200000000000230e+00
-4.245300000000000296e+00
-3.874600000000000044e+00
-2.956399999999999917e+00
-1.460099999999999953e+00
-2.557200000000000029e-01
-6.833700000000000330e-01
-2.709799999999999986e+00
-4.322899999999999743e+00
-3.717699999999999783e+00
-1.557299999999999907e+00
3.611300000000000066e-01
1.325299999999999923e+00
1.328699999999999992e+00
4.805399999999999672e-01
-9.015299999999999703e-02
4.901200000000000001e-01
1.425699999999999967e+00
1.864500000000000046e+00
1.594300000000000050e+00
7.081199999999999717e-01
-5.120000000000000245e-02
-1.531200000000000061e-01
-1.397200000000000109e-01
-5.301299999999999901e-01
-1.045900000000000052e+00
-1.033700000000000063e+00
-3.767699999999999938e-01
2.386000000000000065e-01
4.265600000000000502e-01
3.837099999999999955e-01
3.195600000000000107e-01
1.732400000000000051e-01
-1.804300000000000070e-01
-4.495000000000000107e-01
-3.575900000000000190e-01
-1.145099999999999868e-01
1.769599999999999992e-02
1.023899999999999949e-01
2.656300000000000328e-01
4.683499999999999885e-01
8.027900000000000036e-01
1.254899999999999904e+00
1.366400000000000059e+00
9.724799999999999001e-01
5.234300000000000619e-01
3.552500000000000102e-01
4.743899999999999784e-01
6.954000000000000181e-01
7.844899999999999096e-01
7.009400000000000075e-01
4.976800000000000113e-01
1.822700000000000153e-01
-1.539000000000000090e-01
-2.868999999999999884e-01
-1.594099999999999961e-01
1.425800000000000158e-02
8.592799999999999050e-02
8.072400000000000408e-02
1.055900000000000033e-01
1.757900000000000018e-01
1.956600000000000006e-01
2.315000000000000113e-01
4.188100000000000156e-01
6.626900000000000013e-01
8.532100000000000239e-01
9.512200000000000655e-01
7.908699999999999619e-01
4.139999999999999791e-01
2.104599999999999804e-01
1.625099999999999878e-01
-1.729499999999999926e-01
-8.211600000000000010e-01
-1.393499999999999961e+00
-1.626100000000000101e+00
-1.552799999999999958e+00
-1.382600000000000051e+00
-1.275300000000000100e+00
-1.286399999999999988e+00
-1.405299999999999994e+00
-1.542899999999999938e+00
-1.626100000000000101e+00
-1.707899999999999974e+00
-1.747300000000000075e+00
-1.568100000000000049e+00
-1.133299999999999974e+00
-6.194199999999999706e-01
-2.714900000000000091e-01
-1.674799999999999900e-01
-2.026999999999999913e-01
-2.649900000000000033e-01
-2.412300000000000277e-01
-1.698900000000000132e-01
-2.321800000000000253e-01
-4.331300000000000150e-01
-6.840000000000000524e-01
-8.840799999999999770e-01
-8.505399999999999627e-01
-6.131800000000000583e-01
-3.302599999999999980e-01
7.330799999999999816e-02
5.843099999999999961e-01
9.230599999999999916e-01
9.915899999999999714e-01
9.261000000000000343e-01
7.067799999999999638e-01
2.114999999999999936e-01
-3.366000000000000103e-01
-7.108600000000000474e-01
-9.039500000000000313e-01
-8.663100000000000245e-01
-6.579399999999999693e-01
-3.507099999999999662e-01
3.753199999999999592e-02
3.793099999999999805e-01
6.492399999999999283e-01
9.500100000000000211e-01
1.198399999999999910e+00
1.177100000000000035e+00
9.574799999999998867e-01
8.732100000000000417e-01
9.583700000000000552e-01
9.025200000000000999e-01
6.095899999999999652e-01
1.976499999999999924e-01
-1.714600000000000013e-01
-3.178699999999999859e-01
-1.443699999999999983e-01
3.510599999999999832e-01
9.867500000000000160e-01
1.531199999999999894e+00
1.914700000000000069e+00
2.071299999999999919e+00
1.878100000000000103e+00
1.440600000000000103e+00
1.023600000000000065e+00
7.089999999999999636e-01
4.947899999999999521e-01
4.803499999999999992e-01
5.430500000000000327e-01
2.329300000000000259e-01
-3.882700000000000040e-01
-7.588099999999999845e-01
-8.112399999999999611e-01
-7.628300000000000081e-01
-6.286000000000000476e-01
-5.777800000000000713e-01
-7.701600000000000668e-01
-1.072400000000000020e+00
-1.295099999999999918e+00
-1.241800000000000015e+00
-9.696899999999999409e-01
-6.981399999999999828e-01
-2.860199999999999965e-01
2.667900000000000271e-01
5.883099999999999996e-01
6.376899999999999791e-01
6.350500000000000034e-01
5.520699999999999497e-01
3.390799999999999925e-01
1.896899999999999975e-01
2.283999999999999919e-01
2.690899999999999959e-01
1.529200000000000004e-01
-2.288799999999999862e-02
-4.230199999999999932e-02
2.218400000000000094e-01
6.465899999999999981e-01
1.002099999999999991e+00
1.138200000000000101e+00
1.057600000000000096e+00
8.273200000000000554e-01
4.417399999999999660e-01
4.959100000000000313e-02
-1.399700000000000111e-01
-2.054099999999999815e-01
-3.104099999999999637e-01
-4.111500000000000155e-01
-3.377600000000000047e-01
-8.892200000000000104e-02
2.044099999999999806e-01
4.860899999999999666e-01
6.947699999999999987e-01
7.571999999999999842e-01
7.080100000000000282e-01
6.083899999999999864e-01
4.596399999999999375e-01
2.924199999999999577e-01
1.415799999999999836e-01
2.668299999999999839e-02
8.474600000000000188e-02
3.776100000000000012e-01
5.143999999999999684e-01
2.987400000000000055e-01
2.878499999999999948e-01
6.202499999999999680e-01
6.926299999999999679e-01
2.988399999999999945e-01
-4.266699999999999937e-01
-1.306499999999999995e+00
-2.032999999999999918e+00
-2.551000000000000156e+00
-2.976599999999999913e+00
-3.148800000000000043e+00
-2.797099999999999920e+00
-2.099899999999999878e+00
-1.594400000000000039e+00
-1.463600000000000012e+00
-1.440099999999999936e+00
-1.304499999999999993e+00
-1.115799999999999903e+00
-1.038499999999999979e+00
-1.128500000000000059e+00
-1.140400000000000080e+00
-8.841499999999999915e-01
-5.471099999999999852e-01
-2.321699999999999875e-01
9.599400000000000988e-02
4.141799999999999926e-01
7.096899999999999320e-01
7.927999999999999492e-01
4.843600000000000128e-01
-5.909099999999999769e-02
-5.232799999999999674e-01
-6.582500000000000018e-01
-4.312699999999999867e-01
-1.460299999999999931e-01
2.429399999999999962e-02
2.631499999999999950e-01
4.572600000000000553e-01
4.294199999999999684e-01
3.141999999999999793e-01
2.127699999999999869e-01
1.577999999999999958e-01
6.209800000000000042e-02
-1.882300000000000084e-01
-4.938399999999999457e-01
-7.088600000000000456e-01
-6.705699999999999994e-01
-2.711500000000000021e-01
2.387600000000000000e-01
6.336000000000000520e-01
9.202500000000000124e-01
1.005900000000000016e+00
8.416299999999998782e-01
5.628699999999999815e-01
3.647599999999999731e-01
3.811599999999999988e-01
5.756600000000000605e-01
6.736600000000000366e-01
3.084100000000000175e-01
-3.141100000000000003e-01
-5.232499999999999929e-01
-2.910699999999999954e-01
-2.008499999999999869e-02
1.756900000000000128e-01
4.328100000000000280e-01
8.578000000000000069e-01
1.075199999999999934e+00
7.275000000000000355e-01
8.624500000000000222e-02
-4.821699999999999875e-01
-1.003500000000000059e+00
-1.688099999999999934e+00
-2.161099999999999799e+00
-1.737600000000000033e+00
-8.272399999999999753e-01
-3.946800000000000308e-01
-4.305999999999999828e-01
-2.445699999999999819e-01
4.084400000000000253e-01
1.135799999999999921e+00
1.596200000000000063e+00
1.828200000000000047e+00
2.008100000000000218e+00
2.329899999999999860e+00
2.654900000000000038e+00
2.498699999999999921e+00
1.895100000000000007e+00
1.336500000000000021e+00
8.746799999999999020e-01
4.754800000000000137e-01
2.578500000000000236e-01
-8.824500000000000399e-02
-6.776800000000000601e-01
-1.295800000000000063e+00
-2.176400000000000112e+00
-3.282599999999999962e+00
-3.923500000000000210e+00
-3.723399999999999821e+00
-3.006299999999999972e+00
-2.325600000000000112e+00
-1.942499999999999893e+00
-1.636600000000000055e+00
-1.060499999999999998e+00
-2.255099999999999882e-01
5.796000000000000041e-01
1.448600000000000110e+00
2.479299999999999837e+00
3.038800000000000168e+00
2.571000000000000174e+00
1.487600000000000033e+00
4.960600000000000565e-01
-3.605300000000000171e-01
-1.157799999999999940e+00
-1.710800000000000098e+00
-2.024099999999999788e+00
-2.045900000000000052e+00
-1.650099999999999900e+00
-9.733500000000000485e-01
-2.500399999999999845e-01
1.907299999999999829e-01
1.377500000000000113e-01
-1.020500000000000053e-02
3.701200000000000323e-02
6.822100000000000386e-02
1.007199999999999936e-02
1.498299999999999910e-01
6.594100000000000517e-01
1.247500000000000053e+00
1.618800000000000017e+00
1.700299999999999923e+00
1.491000000000000103e+00
1.172600000000000087e+00
1.027500000000000080e+00
8.315899999999999403e-01
1.969200000000000117e-01
-4.317699999999999871e-01
-5.080399999999999361e-01
-3.073500000000000121e-01
-1.392700000000000049e-01
1.542400000000000160e-01
4.314100000000000157e-01
3.056900000000000173e-01
7.363899999999999613e-03
-1.094299999999999995e-01
-1.618900000000000061e-01
-1.212200000000000083e-01
1.963599999999999790e-01
6.673600000000000643e-01
1.223999999999999977e+00
1.858100000000000085e+00
2.200800000000000090e+00
2.064299999999999802e+00
1.697000000000000064e+00
1.275700000000000056e+00
9.325999999999999845e-01
7.898800000000000265e-01
5.995899999999999563e-01
9.070399999999999296e-02
-3.119399999999999951e-01
-1.593600000000000017e-01
5.951499999999999846e-02
-2.669599999999999751e-01
-9.226400000000000157e-01
-1.343399999999999928e+00
-1.275800000000000045e+00
-7.706699999999999662e-01
-1.431000000000000050e-01
2.485600000000000032e-01
4.241699999999999915e-01
5.619399999999999951e-01
6.230100000000000637e-01
4.990199999999999636e-01
3.036499999999999755e-01
2.892899999999999916e-01
4.963199999999999834e-01
7.580999999999999961e-01
7.991599999999999815e-01
3.102500000000000258e-01
-4.838699999999999668e-01
-8.781299999999999661e-01
-7.634699999999999820e-01
-5.345800000000000551e-01
-3.109399999999999942e-01
-1.138900000000000051e-01
2.297499999999999890e-02
1.371400000000000119e-01
2.554099999999999704e-01
3.015199999999999547e-01
1.448900000000000188e-01
-1.268499999999999905e-01
-3.864299999999999957e-01
-7.086899999999999311e-01
-1.043600000000000083e+00
-1.124900000000000011e+00
-9.523200000000000554e-01
-7.721999999999999975e-01
-6.464400000000000146e-01
-6.095500000000000362e-01
-6.816300000000000692e-01
-5.887899999999999245e-01
-2.299800000000000177e-01
-5.229199999999999821e-02
-3.435199999999999920e-01
-8.101199999999999513e-01
-1.029900000000000038e+00
-7.386899999999999578e-01
4.100300000000000299e-03
5.542899999999999494e-01
2.781399999999999983e-01
-5.096800000000000219e-01
-1.054200000000000026e+00
-1.220099999999999962e+00
-1.319600000000000106e+00
-1.306799999999999962e+00
-1.036599999999999966e+00
-8.313899999999999624e-01
-9.096499999999999586e-01
-9.883399999999999963e-01
-6.498500000000000387e-01
2.512300000000000089e-01
1.419499999999999984e+00
2.434600000000000097e+00
3.241699999999999804e+00
3.805299999999999905e+00
3.824899999999999967e+00
3.473899999999999988e+00
3.148499999999999854e+00
2.686999999999999833e+00
1.834000000000000075e+00
8.046900000000000164e-01
2.239699999999999747e-01
4.454699999999999771e-01
1.072300000000000031e+00
1.823199999999999932e+00
2.569799999999999862e+00
2.769099999999999895e+00
2.172499999999999876e+00
1.145599999999999952e+00
2.783400000000000318e-01
-5.296900000000000219e-02
-1.301799999999999902e-01
-3.985500000000000154e-01
-7.669100000000000916e-01
-1.086300000000000043e+00
-1.311800000000000077e+00
-1.213999999999999968e+00
-8.264600000000000835e-01
-8.092199999999999394e-01
-1.628400000000000070e+00
-2.669799999999999951e+00
-2.953599999999999781e+00
-2.444599999999999884e+00
-2.016399999999999970e+00
-2.236200000000000188e+00
-2.692400000000000126e+00
-2.729900000000000215e+00
-2.473500000000000032e+00
-2.289400000000000102e+00
-2.070500000000000007e+00
-1.834400000000000031e+00
-1.574600000000000000e+00
-9.773399999999999865e-01
-2.998199999999999754e-01
-8.832399999999999973e-02
-6.816700000000000190e-03
7.109600000000000364e-01
1.766499999999999959e+00
2.322700000000000209e+00
2.559499999999999886e+00
2.747399999999999842e+00
2.742999999999999883e+00
2.684600000000000097e+00
2.438000000000000167e+00
1.921799999999999953e+00
1.511600000000000055e+00
1.205600000000000005e+00
7.128200000000000092e-01
-4.582800000000000068e-02
-1.019099999999999895e+00
-2.119200000000000195e+00
-3.263900000000000023e+00
-4.231200000000000294e+00
-4.477400000000000269e+00
-3.801499999999999879e+00
-2.673099999999999810e+00
-1.361799999999999899e+00
2.819300000000000139e-01
1.879499999999999948e+00
2.724099999999999966e+00
2.870899999999999785e+00
2.495899999999999785e+00
1.623099999999999987e+00
7.133500000000000396e-01
8.196799999999999919e-02
-1.641700000000000104e-01
-3.744600000000000012e-02
-1.131700000000000067e-01
-6.950199999999999712e-01
-1.246099999999999985e+00
-1.363199999999999967e+00
-1.247500000000000053e+00
-9.741200000000000969e-01
-4.287900000000000045e-02
1.583599999999999897e+00
3.045399999999999885e+00
3.829800000000000093e+00
3.855500000000000149e+00
3.126500000000000057e+00
2.091099999999999959e+00
1.113899999999999890e+00
2.753099999999999992e-01
-3.567500000000000115e-01
-9.969799999999999773e-01
-1.734900000000000109e+00
-2.100400000000000045e+00
-1.845599999999999907e+00
-1.536000000000000032e+00
-1.710499999999999909e+00
-2.085300000000000153e+00
-2.272400000000000198e+00
-2.371999999999999886e+00
-2.504999999999999893e+00
-2.663800000000000168e+00
-2.811399999999999899e+00
-2.723500000000000032e+00
-2.168299999999999894e+00
-1.403999999999999915e+00
-9.278499999999999526e-01
-7.499299999999999855e-01
-4.382100000000000439e-01
1.519400000000000195e-01
7.161499999999999533e-01
1.010099999999999998e+00
8.403299999999999104e-01
2.943000000000000060e-01
-2.768100000000000074e-02
1.787600000000000022e-01
7.095000000000000195e-01
1.342999999999999972e+00
1.804599999999999982e+00
1.793600000000000083e+00
1.372500000000000053e+00
7.681299999999999795e-01
1.789599999999999802e-01
-7.964899999999999758e-02
4.631499999999999506e-02
1.855300000000000005e-01
-8.829400000000001136e-02
-7.743600000000000483e-01
-1.477200000000000069e+00
-1.830000000000000071e+00
-1.618200000000000083e+00
-9.222500000000000142e-01
-1.311200000000000143e-01
3.684699999999999642e-01
5.020700000000000163e-01
3.537099999999999689e-01
2.351200000000000165e-02
-2.890099999999999891e-01
-4.747899999999999898e-01
-4.047499999999999987e-01
-1.005200000000000017e-02
4.425800000000000289e-01
5.589499999999999469e-01
2.847100000000000186e-01
-7.674500000000000766e-03
-8.508699999999999597e-02
-5.056900000000000284e-02
-2.603700000000000112e-02
-4.612300000000000427e-02
-1.213700000000000057e-01
-6.837300000000000322e-02
2.402499999999999913e-01
5.228899999999999659e-01
5.953699999999999548e-01
6.784899999999999265e-01
9.908200000000000340e-01
1.483500000000000041e+00
1.909799999999999942e+00
1.877599999999999936e+00
1.234799999999999898e+00
4.017300000000000315e-01
-8.048299999999999899e-02
-8.169700000000000573e-02
1.072400000000000159e-01
2.285800000000000054e-01
3.413800000000000168e-01
5.292700000000000182e-01
5.938600000000000545e-01
3.775300000000000322e-01
7.700599999999999112e-02
-1.373000000000000054e-01
-2.849499999999999811e-01
-3.718899999999999983e-01
-4.125899999999999568e-01
-4.535600000000000187e-01
-4.731100000000000305e-01
-3.339500000000000246e-01
1.278200000000000169e-01
8.020399999999999752e-01
1.258899999999999908e+00
1.250999999999999890e+00
1.012999999999999901e+00
8.945999999999999508e-01
8.462899999999999867e-01
5.127500000000000391e-01
-8.020700000000000052e-02
-4.850999999999999757e-01
-5.164400000000000102e-01
-3.364199999999999968e-01
-1.668499999999999983e-01
-2.219399999999999984e-01
-4.925700000000000078e-01
-7.209999999999999742e-01
-7.836800000000000432e-01
-7.703499999999999792e-01
-7.486899999999999666e-01
-7.517399999999999638e-01
-7.332199999999999829e-01
-5.091999999999999860e-01
-8.497100000000000486e-02
1.817400000000000126e-01
1.668900000000000106e-01
2.605699999999999683e-01
6.303100000000000369e-01
8.806899999999999729e-01
7.243899999999999784e-01
3.943800000000000083e-01
2.266600000000000004e-01
3.035199999999999565e-01
5.218099999999999961e-01
6.823899999999999411e-01
6.231899999999999107e-01
4.142800000000000371e-01
3.444999999999999729e-01
5.482799999999999896e-01
7.457300000000000040e-01
6.286899999999999711e-01
3.127099999999999880e-01
6.705800000000000649e-02
-7.555900000000000116e-02
-1.416199999999999959e-01
-1.120900000000000091e-01
-3.315099999999999991e-02
4.861100000000000143e-03
-1.546799999999999842e-01
-5.339500000000000357e-01
-8.376899999999999347e-01
-9.029299999999998994e-01
-9.535899999999999377e-01
-1.103699999999999903e+00
-1.147699999999999942e+00
-9.164499999999999869e-01
-4.692000000000000060e-01
8.855000000000000371e-02
6.763200000000000323e-01
1.072000000000000064e+00
1.126900000000000013e+00
1.017400000000000082e+00
8.584700000000000664e-01
5.506499999999999728e-01
1.215999999999999998e-01
-2.451000000000000123e-01
-3.317800000000000193e-01
-1.245900000000000063e-01
1.454199999999999937e-02
-6.174899999999999833e-02
-1.005600000000000070e-02
2.735099999999999754e-01
5.121899999999999231e-01
6.194499999999999451e-01
6.613200000000000189e-01
6.187099999999999822e-01
5.263899999999999135e-01
4.730199999999999960e-01
3.741900000000000226e-01
6.574499999999999789e-02
-3.525599999999999845e-01
-5.198599999999999888e-01
-2.587700000000000000e-01
1.396300000000000041e-01
2.826199999999999823e-01
1.265199999999999936e-01
-4.579400000000000137e-02
-2.073399999999999896e-02
7.774199999999999167e-02
9.033499999999999863e-02
9.802299999999999902e-02
1.886899999999999966e-01
3.233400000000000163e-01
4.666699999999999737e-01
5.214499999999999691e-01
4.160399999999999654e-01
2.976599999999999802e-01
3.388400000000000301e-01
4.601399999999999380e-01
4.293699999999999739e-01
1.866299999999999903e-01
-9.468400000000000427e-02
-1.979299999999999948e-01
-5.479500000000000343e-02
1.785100000000000020e-01
2.905599999999999850e-01
2.697300000000000253e-01
1.891299999999999926e-01
-2.077000000000000027e-02
-3.623300000000000409e-01
-6.490700000000000358e-01
-7.745699999999999807e-01
-7.838800000000000212e-01
-6.531500000000000083e-01
-3.920399999999999996e-01
-2.382800000000000196e-01
-3.893099999999999894e-01
-7.244699999999999473e-01
-9.722399999999999931e-01
-9.978399999999999492e-01
-8.321799999999999198e-01
-5.281000000000000139e-01
-1.793200000000000072e-01
2.431699999999999834e-02
1.012500000000000067e-01
3.186499999999999888e-01
6.830100000000000060e-01
9.439999999999999503e-01
9.427700000000001079e-01
6.549399999999999666e-01
2.529600000000000182e-01
-6.300699999999999357e-03
-8.676499999999999491e-02
-1.017100000000000087e-01
-7.331100000000000116e-02
5.660900000000000654e-02
2.698699999999999988e-01
4.170699999999999963e-01
3.654800000000000271e-01
1.543700000000000072e-01
-7.377400000000000624e-02
-2.009400000000000075e-01
-2.290999999999999981e-01
-2.847300000000000386e-01
-4.460899999999999865e-01
-5.874800000000000022e-01
-5.073900000000000077e-01
-2.318699999999999928e-01
2.765799999999999856e-02
1.571299999999999919e-01
1.657299999999999884e-01
8.973599999999999632e-02
-4.688900000000000012e-02
-2.304199999999999859e-01
-4.623499999999999832e-01
-7.014500000000000179e-01
-8.004200000000000204e-01
-6.196099999999999941e-01
-2.660899999999999932e-01
-3.590199999999999642e-02
-1.146100000000000070e-02
3.535899999999999460e-02
2.043699999999999961e-01
2.898600000000000065e-01
2.175600000000000034e-01
1.565000000000000002e-01
2.202300000000000091e-01
3.701400000000000245e-01
4.602100000000000635e-01
3.957600000000000007e-01
2.303599999999999814e-01
1.043599999999999910e-02
-2.632099999999999995e-01
-5.024699999999999722e-01
-6.717199999999999838e-01
-8.083799999999999875e-01
-8.571999999999999620e-01
-7.999300000000000299e-01
-7.249100000000000543e-01
-6.794999999999999929e-01
-7.012899999999999689e-01
-8.088100000000000289e-01
-8.530399999999999094e-01
-7.040699999999999736e-01
-4.927799999999999958e-01
-4.112800000000000344e-01
-4.484800000000000453e-01
-5.108699999999999353e-01
-5.394499999999999851e-01
-4.671500000000000097e-01
-2.865500000000000269e-01
-8.411599999999999633e-02
-9.600900000000000753e-03
-1.188599999999999934e-01
-2.318400000000000183e-01
-1.775500000000000134e-01
-6.368600000000000649e-02
-4.812500000000000111e-02
-1.223700000000000065e-01
-2.215800000000000269e-01
-2.902899999999999925e-01
-2.854700000000000015e-01
-2.254099999999999993e-01
-1.391900000000000082e-01
2.801299999999999971e-02
2.743499999999999828e-01
3.922300000000000231e-01
2.300599999999999867e-01
-4.512599999999999945e-02
-2.288599999999999801e-01
-3.178500000000000214e-01
-2.725599999999999690e-01
-3.865099999999999786e-02
2.251699999999999813e-01
3.050599999999999978e-01
2.423599999999999921e-01
2.284499999999999864e-01
2.610500000000000043e-01
2.483100000000000029e-01
2.539399999999999991e-01
3.544100000000000028e-01
4.766199999999999881e-01
5.057000000000000384e-01
4.583499999999999797e-01
3.790499999999999980e-01
2.281600000000000017e-01
5.344700000000000145e-02
3.264599999999999880e-03
6.290900000000000658e-02
9.381000000000000449e-02
6.372899999999999399e-02
-3.103000000000000203e-02
-1.802199999999999913e-01
-2.536100000000000021e-01
-1.749199999999999922e-01
-3.274700000000000527e-02
7.011199999999999377e-02
1.032499999999999946e-01
8.386699999999999711e-02
8.208600000000000618e-02
1.558200000000000141e-01
2.743599999999999928e-01
3.832099999999999951e-01
4.704300000000000148e-01
5.184800000000000519e-01
4.838999999999999968e-01
3.281199999999999672e-01
6.996399999999999841e-02
-1.421599999999999808e-01
-1.919900000000000218e-01
-1.355299999999999838e-01
-5.492000000000000354e-02
9.911699999999999851e-04
1.290399999999999880e-02
1.194100000000000023e-02
4.087899999999999867e-02
1.102500000000000008e-01
1.848100000000000021e-01
2.360099999999999976e-01
3.334500000000000242e-01
5.056899999999999729e-01
5.905699999999999283e-01
4.709499999999999797e-01
2.953199999999999714e-01
2.664500000000000202e-01
3.377100000000000102e-01
3.478499999999999925e-01
2.881500000000000172e-01
2.003500000000000003e-01
1.119200000000000056e-01
7.413099999999998857e-02
7.321600000000000330e-02
4.658799999999999747e-02
-7.602199999999999062e-03
-3.078600000000000086e-02
3.302099999999999480e-02
1.666799999999999948e-01
2.649900000000000033e-01
2.261800000000000199e-01
9.938600000000000212e-02
6.353799999999999726e-02
1.570799999999999974e-01
2.272399999999999975e-01
1.988099999999999867e-01
1.362799999999999845e-01
1.209500000000000020e-01
1.677099999999999980e-01
2.245900000000000118e-01
2.481599999999999917e-01
2.396400000000000197e-01
2.164900000000000158e-01
1.973099999999999854e-01
2.079199999999999937e-01
2.408800000000000108e-01
2.272900000000000198e-01
1.577500000000000013e-01
1.436499999999999999e-01
2.224800000000000111e-01
2.889300000000000201e-01
2.939700000000000091e-01
2.739900000000000113e-01
2.510999999999999899e-01
2.201899999999999968e-01
1.747499999999999887e-01
1.284200000000000064e-01
9.729100000000000248e-02
7.800900000000000889e-02
5.952899999999999858e-02
2.858299999999999730e-02
-1.179399999999999893e-02
-4.144199999999999967e-02
-5.449099999999999777e-02
-5.983600000000000030e-02
-5.722300000000000303e-02
-4.856800000000000006e-02
-4.489399999999999641e-02
-5.429900000000000004e-02
-6.665800000000000891e-02
-6.333300000000000041e-02
-4.025299999999999712e-02
-1.371299999999999950e-02
5.645100000000000118e-03
2.161899999999999933e-02
3.951100000000000445e-02
5.620900000000000202e-02
6.052599999999999647e-02
4.466699999999999837e-02
2.118700000000000097e-02
8.670799999999999341e-03
9.142399999999998444e-03
1.118399999999999950e-02
8.160200000000001133e-03
-1.394900000000000133e-03
-1.449799999999999874e-02
-2.698100000000000151e-02
-3.826100000000000334e-02
-5.578500000000000125e-02
-8.447799999999999754e-02
-1.183799999999999991e-01
-1.455299999999999927e-01
-1.596200000000000119e-01
-1.586599999999999955e-01
-1.449700000000000155e-01
-1.274500000000000077e-01
-1.194799999999999890e-01
-1.214400000000000063e-01
-1.218500000000000000e-01
-1.175099999999999895e-01
-1.164900000000000102e-01
-1.194299999999999945e-01
-1.193099999999999855e-01
-1.158499999999999946e-01
-1.170299999999999951e-01
-1.252599999999999825e-01
-1.423800000000000066e-01
-1.672599999999999920e-01
-1.892999999999999960e-01
-1.999499999999999889e-01
-2.038800000000000057e-01
-2.068699999999999706e-01
-2.100400000000000045e-01
-2.154400000000000204e-01
-2.248900000000000066e-01
-2.311499999999999944e-01
-2.287800000000000111e-01
-2.154900000000000149e-01
-1.892800000000000038e-01
-1.536799999999999833e-01
-1.207400000000000140e-01
-9.657400000000000706e-02
-7.727900000000000047e-02
-5.685700000000000476e-02
-3.209100000000000147e-02
-2.778099999999999927e-03
2.170000000000000054e-02
3.218299999999999633e-02
3.006100000000000091e-02
2.350000000000000006e-02
1.653400000000000009e-02
8.073899999999998439e-03
-4.762899999999999599e-03
-1.929000000000000159e-02
-3.300100000000000255e-02
-4.553899999999999615e-02
-5.529099999999999987e-02
-5.967999999999999694e-02
-6.167899999999999772e-02
-6.270000000000000573e-02
-6.331100000000000616e-02
-6.488300000000001011e-02
-6.685299999999999576e-02
-6.940399999999999348e-02
-7.760599999999999443e-02
-9.102200000000000568e-02
-1.048099999999999865e-01
-1.148200000000000054e-01
-1.183599999999999930e-01
-1.126299999999999940e-01
-1.015500000000000014e-01
-9.368100000000000038e-02
-9.555400000000000005e-02
-1.049099999999999894e-01
-1.166799999999999921e-01
-1.284900000000000209e-01
-1.380399999999999960e-01
-1.396300000000000041e-01
-1.332200000000000051e-01
-1.233799999999999897e-01
-1.109599999999999892e-01
-8.834500000000000686e-02
-5.604099999999999360e-02
-2.496800000000000061e-02
-3.519800000000000012e-03
6.802899999999999746e-03
8.855500000000000524e-03
1.021899999999999892e-02
1.447599999999999928e-02
1.986200000000000118e-02
2.155200000000000171e-02
1.907100000000000115e-02
1.646099999999999994e-02
1.651700000000000043e-02
1.360699999999999930e-02
1.702600000000000077e-03
-1.729999999999999941e-02
-3.537900000000000073e-02
-4.870199999999999529e-02
-5.558899999999999952e-02
-5.660599999999999660e-02
-5.367999999999999855e-02
-4.903500000000000220e-02
-4.326800000000000090e-02
-3.764800000000000091e-02
-3.151899999999999841e-02
-2.612699999999999745e-02
-2.426399999999999738e-02
-2.558099999999999957e-02
-2.244399999999999867e-02
-1.093500000000000028e-02
1.022000000000000122e-03
3.466499999999999963e-03
1.459500000000000077e-03
3.253199999999999495e-03
9.396200000000000385e-03
1.684899999999999939e-02
2.431399999999999881e-02
3.055400000000000130e-02
3.619100000000000095e-02
4.152300000000000435e-02
4.677200000000000107e-02
5.080799999999999900e-02
5.495800000000000685e-02
5.971699999999999925e-02
6.406199999999999395e-02
6.628900000000000070e-02
6.672999999999999765e-02
6.544099999999999917e-02
6.561200000000000365e-02
7.109600000000000641e-02
8.181399999999999784e-02
9.125400000000000178e-02
9.493099999999998762e-02
9.321599999999999331e-02
8.929900000000000337e-02
8.369700000000000750e-02
7.771900000000001030e-02
7.152699999999999336e-02
6.399099999999999233e-02
5.458099999999999757e-02
4.518500000000000294e-02
3.622600000000000126e-02
2.875699999999999784e-02
2.185899999999999996e-02
1.444199999999999824e-02
6.310300000000000457e-03
-1.095700000000000016e-03
-9.064600000000000782e-03
-1.775800000000000295e-02
-2.529600000000000251e-02
-3.016200000000000131e-02
-3.437400000000000178e-02
-3.830899999999999583e-02
-4.256399999999999767e-02
-4.718399999999999678e-02
-5.106399999999999828e-02
-5.193300000000000693e-02
-5.103800000000000003e-02
-4.846700000000000313e-02
-4.278200000000000058e-02
-3.281799999999999995e-02
-2.155800000000000077e-02
-1.106700000000000045e-02
-1.068200000000000052e-03
1.026599999999999908e-02
2.157200000000000090e-02
3.177599999999999869e-02
4.025899999999999618e-02
4.656700000000000422e-02
4.874400000000000260e-02
4.759100000000000136e-02
4.443799999999999834e-02
4.144300000000000067e-02
3.951899999999999857e-02
3.918100000000000055e-02
3.880100000000000215e-02
3.720199999999999896e-02
3.337299999999999989e-02
2.875500000000000278e-02
2.391399999999999776e-02
1.957300000000000012e-02
1.639600000000000085e-02
1.543499999999999907e-02
1.506999999999999833e-02
1.527799999999999991e-02
1.624099999999999849e-02
1.781999999999999904e-02
1.873199999999999865e-02
1.967100000000000098e-02
2.009199999999999875e-02
1.975700000000000026e-02
1.833600000000000160e-02
1.700600000000000028e-02
1.526600000000000006e-02
1.279500000000000082e-02
9.901200000000000626e-03
9.308699999999999614e-03
1.163699999999999977e-02
1.634499999999999842e-02
2.171999999999999972e-02
2.794999999999999915e-02
3.392599999999999782e-02
3.810199999999999698e-02
4.038699999999999929e-02
4.310800000000000048e-02
4.569999999999999757e-02
4.822800000000000004e-02
5.094599999999999823e-02
5.401000000000000245e-02
5.493699999999999972e-02
5.384800000000000003e-02
5.175300000000000039e-02
4.980400000000000105e-02
4.735899999999999832e-02
4.443000000000000421e-02
4.052700000000000052e-02
3.697500000000000092e-02
3.402799999999999575e-02
3.175199999999999551e-02
2.730400000000000188e-02
1.925699999999999981e-02
8.990999999999998993e-03
-9.455800000000000099e-04
-1.053300000000000070e-02
-1.806800000000000073e-02
-2.615100000000000063e-02
-3.979900000000000104e-02
-5.603200000000000541e-02
-6.692299999999999638e-02
-7.345700000000000840e-02
-7.787999999999999090e-02
-8.113099999999999479e-02
-8.227700000000000291e-02
-8.172100000000000197e-02
-7.898099999999999565e-02
-7.421400000000000219e-02
-6.806399999999999950e-02
-6.332100000000000228e-02
-5.999199999999999672e-02
-5.686599999999999988e-02
-5.267399999999999860e-02
-4.857300000000000506e-02
-4.394100000000000089e-02
-3.897500000000000270e-02
-3.330099999999999727e-02
-2.807300000000000073e-02
-2.362099999999999964e-02
-2.043999999999999984e-02
-1.759900000000000006e-02
-1.546900000000000011e-02
-1.332799999999999957e-02
-1.129999999999999928e-02
-8.463200000000000583e-03
-5.359000000000000048e-03
-1.831500000000000229e-03
1.955499999999999773e-03
6.704899999999998882e-03
1.144399999999999931e-02
1.658199999999999952e-02
2.161100000000000174e-02
2.670499999999999957e-02
3.089300000000000032e-02
3.445600000000000052e-02
3.681100000000000344e-02
3.881899999999999934e-02
4.034599999999999992e-02
4.181800000000000100e-02
4.239400000000000113e-02
4.256700000000000067e-02
4.181900000000000200e-02
4.064200000000000451e-02
3.866399999999999698e-02
3.644300000000000317e-02
3.328600000000000309e-02
2.965500000000000080e-02
2.526199999999999973e-02
2.124399999999999900e-02
1.755500000000000116e-02
1.483700000000000123e-02
1.272600000000000120e-02
1.167099999999999908e-02
1.071599999999999983e-02
1.012900000000000085e-02
9.072600000000000109e-03
7.811100000000000508e-03
5.996300000000000414e-03
4.356899999999999488e-03
2.527300000000000119e-03
1.232299999999999975e-03
-1.659400000000000003e-04
-1.324499999999999940e-03
-2.808800000000000185e-03
-4.139100000000000591e-03
-5.805300000000000217e-03
-7.151499999999999871e-03
-8.558500000000000135e-03
-9.415600000000001399e-03
-1.036299999999999895e-02
-1.102299999999999981e-02
-1.195500000000000035e-02
-1.253400000000000000e-02
-1.316999999999999942e-02
-1.323400000000000097e-02
-1.347599999999999840e-02
-1.376199999999999993e-02
-1.485800000000000141e-02
-1.609700000000000020e-02
-1.758899999999999700e-02
-1.833899999999999766e-02
-1.871000000000000094e-02
-1.831599999999999895e-02
-1.801699999999999829e-02
-1.755100000000000063e-02
-1.764399999999999996e-02
-1.787899999999999906e-02
-1.878700000000000161e-02
-1.955699999999999800e-02
-2.048900000000000027e-02
-2.089300000000000185e-02
-2.107299999999999798e-02
-2.033199999999999938e-02
-1.921499999999999944e-02
-1.729400000000000034e-02
-1.530500000000000090e-02
-1.282200000000000006e-02
-1.034000000000000023e-02
-7.486399999999998958e-03
-5.044500000000000373e-03
-2.294099999999999872e-03
1.419799999999999925e-04
2.405699999999999766e-03
3.818999999999999912e-03
5.046500000000000638e-03
5.618699999999999910e-03
6.146100000000000695e-03
6.270899999999999391e-03
6.847699999999999967e-03
7.503600000000000027e-03
8.728599999999999554e-03
9.766500000000000875e-03
1.092000000000000089e-02
1.152599999999999979e-02
1.220100000000000004e-02
1.244900000000000000e-02
1.293300000000000179e-02
1.319799999999999966e-02
1.379399999999999897e-02
1.409999999999999969e-02
1.464600000000000103e-02
1.473700000000000010e-02
1.469600000000000073e-02
1.390300000000000043e-02
1.323500000000000024e-02
1.240800000000000063e-02
1.192099999999999931e-02
1.099999999999999936e-02
1.010400000000000013e-02
8.746999999999999567e-03
7.539799999999999280e-03
5.872600000000000389e-03
4.339299999999999928e-03
2.581599999999999867e-03
1.302200000000000102e-03
-1.228299999999999878e-04
-1.347000000000000107e-03
-3.123600000000000248e-03
-4.913899999999999692e-03
-7.126999999999999655e-03
-8.863499999999999851e-03
-1.048699999999999979e-02
-1.145900000000000044e-02
-1.240800000000000063e-02
-1.279199999999999955e-02
-1.325600000000000042e-02
-1.334199999999999796e-02
-1.363499999999999955e-02
-1.340599999999999951e-02
-1.305800000000000190e-02
-1.206600000000000034e-02
-1.124099999999999926e-02
-1.028100000000000021e-02
-9.895299999999999235e-03
-9.473299999999998736e-03
-9.446200000000000083e-03
-9.062899999999998735e-03
-8.807200000000001139e-03
-8.158300000000000274e-03
-7.715999999999999769e-03
-6.832300000000000352e-03
-6.136899999999999820e-03
-5.187999999999999903e-03
-4.564799999999999934e-03
-3.625199999999999430e-03
-2.925000000000000083e-03
-1.930300000000000028e-03
-1.200099999999999952e-03
-5.479399999999999749e-05
9.608800000000000023e-04
2.322800000000000299e-03
3.286400000000000519e-03
4.388500000000000040e-03
5.082399999999999939e-03
5.869499999999999718e-03
6.149199999999999632e-03
6.582500000000000677e-03
6.592399999999999129e-03
6.710999999999999951e-03
6.367499999999999896e-03
6.173200000000000215e-03
5.534800000000000310e-03
5.027700000000000398e-03
4.161999999999999901e-03
3.669699999999999698e-03
3.034199999999999918e-03
2.809300000000000252e-03
2.304399999999999851e-03
2.070999999999999924e-03
1.569400000000000092e-03
1.416900000000000017e-03
1.027900000000000211e-03
9.846600000000000491e-04
6.933199999999999823e-04
7.333599999999999581e-04
5.073400000000000045e-04
5.832100000000000218e-04
3.608800000000000007e-04
4.151499999999999808e-04
1.474500000000000062e-04
1.422799999999999998e-04
-1.861099999999999918e-04
-2.584099999999999874e-04
-6.485300000000000266e-04
-7.681300000000000064e-04
-1.194900000000000259e-03
-1.327599999999999961e-03
-1.744599999999999797e-03
-1.843799999999999823e-03
-2.198499999999999933e-03
-2.213600000000000029e-03
-2.465900000000000036e-03
-2.358100000000000127e-03
-2.480299999999999953e-03
-2.235399999999999800e-03
-2.231699999999999656e-03
-1.866000000000000037e-03
-1.754400000000000143e-03
-1.296000000000000060e-03
-1.112700000000000104e-03
-6.119199999999999553e-04
-4.003899999999999799e-04
1.011500000000000056e-04
2.876500000000000259e-04
7.417899999999999841e-04
8.745499999999999802e-04
1.258099999999999843e-03
1.308699999999999881e-03
1.616299999999999985e-03
1.579499999999999958e-03
1.817599999999999945e-03
1.710099999999999988e-03
1.875499999999999997e-03
1.710099999999999988e-03
1.830199999999999926e-03
1.624500000000000076e-03
1.717999999999999909e-03
1.494099999999999942e-03
1.569999999999999998e-03
1.333900000000000060e-03
1.399300000000000023e-03
1.165599999999999926e-03
1.226099999999999933e-03
9.866300000000000590e-04
1.042900000000000034e-03
7.985200000000000457e-04
8.478099999999999482e-04
5.926199999999999741e-04
6.411599999999999938e-04
3.810299999999999755e-04
4.250200000000000202e-04
1.673199999999999904e-04
2.239099999999999890e-04
-2.318000000000000168e-05
4.688800000000000238e-05
-1.778100000000000069e-04
-7.754400000000000160e-05
-2.729000000000000197e-04
-1.396099999999999999e-04
-3.009500000000000239e-04
-1.286799999999999945e-04
-2.595300000000000037e-04
-5.887399999999999909e-05
-1.577899999999999919e-04
6.145700000000000468e-05
-2.607800000000000341e-05
2.020400000000000104e-04
1.148499999999999998e-04
3.387600000000000160e-04
2.405800000000000039e-04
4.442499999999999834e-04
3.229500000000000166e-04
5.041800000000000144e-04
3.577200000000000106e-04
5.062899999999999519e-04
3.329599999999999834e-04
4.583500000000000009e-04
2.649999999999999903e-04
3.703700000000000199e-04
1.543600000000000061e-04
2.476099999999999959e-04
3.187400000000000010e-05
1.300100000000000105e-04
-8.593899999999999153e-05
1.333500000000000023e-05
-1.932799999999999926e-04
-8.218600000000000222e-05
-2.797499999999999965e-04
-1.569999999999999944e-04
-3.403400000000000110e-04
-2.012500000000000129e-04
-3.719500000000000150e-04
-2.212700000000000008e-04
-3.782699999999999951e-04
-2.212700000000000008e-04
-3.751100000000000051e-04
-2.065199999999999946e-04
-3.513999999999999763e-04
-1.780700000000000078e-04
-3.194599999999999805e-04
-1.392200000000000121e-04
-2.794900000000000227e-04
-9.950600000000000579e-05
-2.412899999999999886e-04
-5.926899999999999785e-05
-1.992800000000000029e-04
-1.448799999999999918e-05
-1.546300000000000018e-04
2.173199999999999793e-05
-1.151100000000000007e-04
6.256200000000000172e-05
-8.521500000000000320e-05
8.455700000000001052e-05
-6.111299999999999578e-05
1.058900000000000043e-04
-4.741499999999999919e-05
1.151100000000000007e-04
-4.267399999999999834e-05
1.189300000000000014e-04
-4.576899999999999496e-05
1.116899999999999962e-04
-5.057600000000000501e-05
1.074699999999999993e-04
-5.795199999999999673e-05
9.588399999999999202e-05
-7.375699999999999195e-05
8.956200000000000749e-05
-7.691799999999999777e-05
8.218600000000000222e-05
-8.007899999999999003e-05
7.691799999999999777e-05
-8.534700000000000804e-05
7.586399999999999058e-05
-8.376700000000001300e-05
8.165899999999999862e-05
-7.902499999999999640e-05
7.955199999999999999e-05
-8.034199999999999751e-05
7.928899999999999251e-05
