-6.621700000000000112e-04
-1.495000000000000018e-03
-1.101999999999999898e-03
-1.368500000000000142e-03
-1.173800000000000017e-03
-1.402900000000000110e-03
-1.241599999999999822e-03
-1.490900000000000081e-03
-1.358099999999999889e-03
-1.630599999999999845e-03
-1.526599999999999919e-03
-1.835700000000000005e-03
-1.770300000000000042e-03
-2.116499999999999892e-03
-2.095800000000000093e-03
-2.490099999999999866e-03
-2.530400000000000357e-03
-2.993800000000000454e-03
-3.105599999999999593e-03
-3.654600000000000036e-03
-3.869400000000000270e-03
-4.530399999999999532e-03
-4.867999999999999931e-03
-5.666700000000000209e-03
-6.157100000000000420e-03
-7.118999999999999460e-03
-7.787399999999999878e-03
-8.942499999999999061e-03
-9.811000000000000276e-03
-1.118300000000000023e-02
-1.229200000000000084e-02
-1.391699999999999882e-02
-1.529300000000000104e-02
-1.720500000000000154e-02
-1.888799999999999854e-02
-2.113500000000000101e-02
-2.318699999999999928e-02
-2.583999999999999839e-02
-2.833000000000000101e-02
-3.146299999999999791e-02
-3.447200000000000264e-02
-3.816300000000000248e-02
-4.177200000000000357e-02
-4.610299999999999815e-02
-5.039100000000000523e-02
-5.542899999999999910e-02
-6.042700000000000154e-02
-6.618400000000000671e-02
-7.186499999999999833e-02
-7.822799999999999199e-02
-8.439499999999999780e-02
-9.107999999999999430e-02
-9.736699999999999522e-02
-1.039299999999999946e-01
-1.098099999999999909e-01
-1.156599999999999850e-01
-1.205200000000000021e-01
-1.250300000000000022e-01
-1.282500000000000029e-01
-1.308700000000000141e-01
-1.319299999999999917e-01
-1.323900000000000077e-01
-1.319299999999999917e-01
-1.315500000000000003e-01
-1.303799999999999959e-01
-1.292599999999999860e-01
-1.273700000000000110e-01
-1.255300000000000027e-01
-1.229299999999999976e-01
-1.204199999999999993e-01
-1.171500000000000041e-01
-1.139700000000000019e-01
-1.100700000000000012e-01
-1.062900000000000095e-01
-1.017899999999999916e-01
-9.742900000000000171e-02
-9.238400000000000778e-02
-8.750700000000000145e-02
-8.196499999999999619e-02
-7.664100000000000079e-02
-7.070200000000000096e-02
-6.502299999999999747e-02
-5.878999999999999504e-02
-5.289500000000000451e-02
-4.652599999999999791e-02
-4.057200000000000389e-02
-3.421899999999999942e-02
-2.838800000000000004e-02
-2.224399999999999988e-02
-1.670800000000000063e-02
-1.094800000000000113e-02
-5.883499999999999841e-03
-6.591499999999999486e-04
3.810900000000000312e-03
8.383100000000000968e-03
1.216899999999999926e-02
1.604099999999999970e-02
1.911299999999999805e-02
2.227299999999999766e-02
2.465699999999999836e-02
2.717099999999999724e-02
2.893599999999999992e-02
3.087300000000000114e-02
3.211699999999999972e-02
3.358300000000000174e-02
3.440899999999999515e-02
3.552200000000000496e-02
3.604100000000000359e-02
3.688500000000000112e-02
3.718899999999999983e-02
3.786600000000000382e-02
3.803399999999999836e-02
3.861799999999999955e-02
3.872699999999999754e-02
3.928899999999999754e-02
3.941000000000000059e-02
4.002100000000000102e-02
4.023899999999999699e-02
4.098600000000000160e-02
4.136800000000000199e-02
4.232500000000000151e-02
4.295500000000000013e-02
4.419300000000000311e-02
4.511899999999999938e-02
4.667200000000000515e-02
4.791600000000000026e-02
4.978899999999999992e-02
5.132899999999999963e-02
5.346599999999999964e-02
5.523700000000000138e-02
5.756299999999999611e-02
5.945299999999999890e-02
6.182799999999999407e-02
6.370299999999999574e-02
6.599700000000000011e-02
6.771599999999999842e-02
6.978399999999999881e-02
7.122000000000000552e-02
7.296900000000000608e-02
7.403999999999999471e-02
7.539400000000000268e-02
7.606100000000000361e-02
7.701700000000000212e-02
7.728899999999999659e-02
7.785599999999999465e-02
7.778600000000000791e-02
7.807599999999999263e-02
7.775499999999999079e-02
7.783600000000000241e-02
7.737700000000000133e-02
7.737299999999999733e-02
7.685000000000000164e-02
7.682200000000000140e-02
7.631000000000000283e-02
7.631599999999999495e-02
7.585000000000000075e-02
7.591599999999999737e-02
7.551199999999999579e-02
7.563699999999999590e-02
7.529299999999999882e-02
7.549000000000000155e-02
7.522999999999999132e-02
7.552200000000000579e-02
7.536699999999998956e-02
7.580399999999999638e-02
7.582699999999999163e-02
7.649400000000000643e-02
7.679700000000000415e-02
7.778799999999999604e-02
7.845099999999999296e-02
7.983800000000000618e-02
8.093200000000000394e-02
8.277400000000000035e-02
8.431600000000000206e-02
8.660800000000000443e-02
8.856900000000000883e-02
9.122899999999999066e-02
9.349400000000000766e-02
9.639899999999999858e-02
9.884800000000000531e-02
1.018400000000000000e-01
1.042900000000000077e-01
1.072200000000000097e-01
1.095099999999999962e-01
1.122200000000000003e-01
1.142599999999999866e-01
1.166900000000000159e-01
1.184400000000000036e-01
1.205900000000000027e-01
1.220699999999999980e-01
1.239999999999999991e-01
1.253100000000000047e-01
1.271200000000000108e-01
1.283700000000000119e-01
1.301900000000000002e-01
1.315000000000000058e-01
1.333799999999999986e-01
1.346999999999999864e-01
1.364299999999999957e-01
1.366400000000000114e-01
1.366099999999999814e-01
1.370699999999999974e-01
1.393199999999999994e-01
1.413999999999999979e-01
1.442499999999999893e-01
1.466900000000000148e-01
1.497199999999999920e-01
1.522300000000000042e-01
1.552699999999999914e-01
1.577000000000000068e-01
1.605999999999999928e-01
1.628300000000000025e-01
1.654799999999999882e-01
1.673999999999999932e-01
1.697099999999999997e-01
1.712400000000000033e-01
1.731300000000000061e-01
1.742200000000000137e-01
1.756300000000000083e-01
1.762299999999999978e-01
1.771699999999999942e-01
1.772799999999999931e-01
1.777400000000000091e-01
1.773699999999999999e-01
1.773099999999999954e-01
1.764000000000000012e-01
1.757799999999999918e-01
1.742900000000000005e-01
1.730799999999999839e-01
1.709700000000000109e-01
1.690900000000000181e-01
1.662799999999999834e-01
1.636799999999999922e-01
1.600999999999999923e-01
1.567099999999999882e-01
1.523599999999999954e-01
1.482300000000000006e-01
1.431599999999999817e-01
1.383900000000000130e-01
1.327900000000000191e-01
1.275999999999999912e-01
1.217000000000000026e-01
1.164900000000000102e-01
1.108799999999999925e-01
1.060500000000000054e-01
1.006999999999999978e-01
9.611699999999999411e-02
9.130199999999999427e-02
8.761000000000000731e-02
8.389800000000000035e-02
8.159500000000000086e-02
7.977399999999999769e-02
7.968000000000000083e-02
7.947400000000000297e-02
7.963099999999999346e-02
7.732500000000000484e-02
7.129699999999999926e-02
6.088400000000000062e-02
5.233999999999999764e-02
4.933300000000000185e-02
5.358500000000000069e-02
5.684199999999999670e-02
5.125700000000000395e-02
3.667300000000000421e-02
2.343600000000000197e-02
1.596299999999999802e-02
1.662399999999999989e-02
2.314700000000000091e-02
3.132099999999999468e-02
3.243000000000000049e-02
2.628500000000000281e-02
1.661299999999999930e-02
1.064399999999999895e-02
9.043199999999999503e-03
9.972499999999998727e-03
6.162600000000000716e-03
-3.032800000000000426e-03
-9.952299999999998995e-03
-5.220100000000000087e-03
1.676500000000000039e-03
-4.170499999999999728e-03
-2.757499999999999882e-02
-5.470800000000000662e-02
-7.737800000000000233e-02
-8.997999999999999055e-02
-8.953700000000000547e-02
-8.400699999999999834e-02
-9.141499999999999626e-02
-1.139900000000000080e-01
-1.466400000000000203e-01
-1.793900000000000217e-01
-2.037400000000000044e-01
-2.165699999999999847e-01
-2.274899999999999978e-01
-2.464099999999999902e-01
-2.821000000000000174e-01
-3.268599999999999839e-01
-3.666400000000000214e-01
-3.984400000000000164e-01
-4.392100000000000448e-01
-4.896699999999999942e-01
-5.222499999999999920e-01
-5.156399999999999872e-01
-4.983399999999999497e-01
-5.023400000000000087e-01
-5.158199999999999452e-01
-5.117599999999999927e-01
-4.952899999999999525e-01
-4.593700000000000006e-01
-4.015099999999999780e-01
-3.513000000000000012e-01
-3.355000000000000204e-01
-3.532300000000000439e-01
-3.912100000000000022e-01
-4.212899999999999423e-01
-4.334899999999999864e-01
-4.434500000000000108e-01
-4.578899999999999637e-01
-4.796399999999999553e-01
-5.159799999999999942e-01
-5.382799999999999807e-01
-5.128699999999999370e-01
-4.326399999999999690e-01
-3.327600000000000002e-01
-2.411400000000000210e-01
-1.488500000000000101e-01
-5.717200000000000060e-02
1.113899999999999960e-02
7.797700000000000464e-02
1.406499999999999972e-01
1.411900000000000099e-01
9.139600000000000501e-02
6.723600000000000410e-02
7.732300000000000284e-02
9.049000000000000099e-02
8.398100000000000009e-02
5.191799999999999193e-02
7.531900000000000227e-03
-2.855600000000000152e-02
-5.495700000000000585e-02
-6.238600000000000395e-02
-4.902200000000000307e-02
-6.598899999999999211e-02
-1.733500000000000041e-01
-3.474900000000000211e-01
-5.083199999999999941e-01
-5.878399999999999181e-01
-5.977399999999999380e-01
-5.790899999999999936e-01
-5.228899999999999659e-01
-3.963599999999999901e-01
-2.254199999999999815e-01
-8.431900000000000506e-02
-4.143499999999999961e-02
-6.053700000000000053e-02
-6.717599999999999960e-02
-7.349800000000000777e-02
-7.427699999999999581e-02
-1.974499999999999866e-02
3.320700000000000041e-02
2.990500000000000103e-02
1.180400000000000026e-02
-2.730999999999999921e-03
-2.648299999999999960e-02
-2.607599999999999849e-02
8.895999999999999394e-03
2.302700000000000233e-02
-3.336700000000000083e-02
-1.210599999999999871e-01
-1.697599999999999942e-01
-1.665400000000000214e-01
-1.633599999999999774e-01
-2.203800000000000203e-01
-3.178799999999999959e-01
-3.237800000000000122e-01
-2.488599999999999979e-01
-2.502400000000000180e-01
-3.259900000000000020e-01
-3.336000000000000076e-01
-2.731000000000000094e-01
-1.875700000000000145e-01
1.249100000000000037e-02
3.134600000000000164e-01
4.616399999999999393e-01
3.979699999999999904e-01
3.418599999999999972e-01
3.515300000000000091e-01
3.364199999999999968e-01
3.086599999999999899e-01
3.003600000000000159e-01
3.238300000000000067e-01
4.029200000000000004e-01
5.369199999999999529e-01
6.756100000000000438e-01
7.494499999999999496e-01
7.195000000000000284e-01
6.528000000000000469e-01
6.309600000000000763e-01
6.166399999999999659e-01
4.959199999999999720e-01
2.361300000000000066e-01
-1.033099999999999852e-01
-4.189100000000000601e-01
-5.725299999999999834e-01
-4.735199999999999965e-01
-2.519199999999999773e-01
-9.744600000000000484e-02
-2.756300000000000069e-02
7.045600000000000170e-04
4.640699999999999686e-02
1.396000000000000019e-01
2.161900000000000210e-01
3.368999999999999773e-01
5.192999999999999838e-01
6.128600000000000714e-01
5.486900000000000110e-01
3.141800000000000148e-01
-7.284199999999999009e-02
-4.243100000000000205e-01
-5.408600000000000074e-01
-4.419500000000000095e-01
-3.358599999999999919e-01
-3.268900000000000139e-01
-2.761199999999999766e-01
-8.663300000000000167e-02
1.473599999999999910e-01
3.393400000000000305e-01
4.360199999999999632e-01
4.672000000000000042e-01
5.322299999999999809e-01
6.633799999999999697e-01
7.707300000000000262e-01
7.691999999999999948e-01
7.122699999999999587e-01
5.843800000000000106e-01
2.782800000000000273e-01
-1.090499999999999942e-01
-4.494399999999999507e-01
-6.796100000000000474e-01
-7.166299999999999892e-01
-6.056799999999999962e-01
-4.739100000000000534e-01
-3.036699999999999955e-01
-7.448799999999999866e-02
1.050400000000000084e-01
1.567900000000000127e-01
1.991600000000000037e-01
3.687300000000000022e-01
5.226600000000000135e-01
4.280100000000000571e-01
1.823799999999999866e-01
1.712400000000000207e-03
-9.312100000000000932e-02
-1.501900000000000179e-01
-1.782600000000000018e-01
-1.857199999999999962e-01
-1.431599999999999817e-01
-1.628100000000000033e-02
1.127099999999999907e-01
9.783999999999999642e-02
-3.144899999999999779e-02
-1.496999999999999997e-01
-2.179300000000000126e-01
-3.015800000000000147e-01
-4.567199999999999593e-01
-6.093800000000000328e-01
-6.212800000000000544e-01
-5.149199999999999333e-01
-3.994300000000000073e-01
-2.663300000000000112e-01
-8.857800000000000396e-02
9.107999999999999777e-03
-7.392500000000000460e-02
-2.531499999999999861e-01
-4.583699999999999997e-01
-7.659100000000000907e-01
-1.153100000000000014e+00
-1.457100000000000062e+00
-1.540399999999999991e+00
-1.362900000000000000e+00
-1.002399999999999958e+00
-6.550500000000000211e-01
-4.632800000000000251e-01
-4.251199999999999979e-01
-4.520800000000000374e-01
-4.618200000000000083e-01
-4.242699999999999805e-01
-3.068500000000000116e-01
-7.015399999999999414e-02
1.515600000000000003e-01
2.104699999999999904e-01
1.979100000000000026e-01
2.301400000000000112e-01
2.592700000000000005e-01
2.191899999999999959e-01
1.214500000000000024e-01
6.571499999999999564e-02
8.530900000000000982e-02
2.067699999999999816e-01
4.634800000000000031e-01
7.140400000000000080e-01
8.233600000000000918e-01
8.493200000000000749e-01
8.819299999999998807e-01
1.017400000000000082e+00
1.292100000000000026e+00
1.612300000000000066e+00
1.813900000000000068e+00
1.786899999999999933e+00
1.580100000000000060e+00
1.336400000000000032e+00
1.143299999999999983e+00
1.015500000000000069e+00
8.470799999999999441e-01
5.447999999999999510e-01
1.934799999999999853e-01
-1.067400000000000154e-01
-3.707099999999999840e-01
-5.982899999999999885e-01
-7.478000000000000203e-01
-7.931399999999999562e-01
-8.106700000000000017e-01
-8.841200000000001280e-01
-9.385899999999999244e-01
-8.038199999999999790e-01
-4.334000000000000075e-01
3.126899999999999819e-02
3.734999999999999987e-01
4.902199999999999891e-01
4.701600000000000223e-01
4.983399999999999497e-01
5.656899999999999151e-01
4.934199999999999697e-01
3.131200000000000094e-01
2.295699999999999685e-01
1.639400000000000024e-01
-1.149700000000000027e-01
-5.857399999999999274e-01
-9.947500000000000231e-01
-1.138400000000000079e+00
-9.908600000000000740e-01
-6.354199999999999848e-01
-1.977200000000000069e-01
9.302000000000000546e-02
1.209700000000000081e-01
8.827999999999999736e-02
1.943300000000000027e-01
3.785399999999999876e-01
5.753899999999999570e-01
7.889399999999999746e-01
1.042100000000000026e+00
1.340899999999999981e+00
1.562300000000000022e+00
1.573399999999999910e+00
1.496299999999999963e+00
1.476499999999999924e+00
1.488199999999999967e+00
1.520699999999999941e+00
1.569299999999999917e+00
1.586400000000000032e+00
1.539800000000000058e+00
1.310100000000000042e+00
8.574000000000000510e-01
2.925400000000000222e-01
-2.270699999999999941e-01
-5.071700000000000097e-01
-5.077699999999999436e-01
-4.534899999999999487e-01
-4.111500000000000155e-01
-1.937599999999999878e-01
2.288400000000000156e-01
6.569199999999999484e-01
9.988700000000000356e-01
1.335499999999999909e+00
1.642500000000000071e+00
1.646400000000000086e+00
1.170400000000000107e+00
4.517700000000000049e-01
-5.619600000000000289e-02
-2.365699999999999747e-01
-3.326199999999999712e-01
-4.970999999999999863e-01
-6.357199999999999518e-01
-7.089699999999999891e-01
-7.992399999999999505e-01
-7.961199999999999388e-01
-4.907000000000000250e-01
-4.021199999999999775e-02
1.648799999999999988e-01
-2.867900000000000310e-02
-4.614399999999999613e-01
-9.692100000000000160e-01
-1.413000000000000034e+00
-1.618400000000000061e+00
-1.447500000000000009e+00
-1.011500000000000066e+00
-6.492999999999999883e-01
-5.004100000000000215e-01
-4.169199999999999573e-01
-3.561500000000000221e-01
-3.742599999999999816e-01
-4.796000000000000263e-01
-6.285699999999999621e-01
-7.440399999999999237e-01
-8.103799999999999892e-01
-8.816200000000000703e-01
-8.692499999999999671e-01
-6.480199999999999294e-01
-3.145999999999999908e-01
-5.582899999999999668e-02
9.081799999999999595e-02
1.052900000000000086e-01
-6.326799999999999091e-02
-5.132200000000000095e-01
-1.224900000000000100e+00
-1.820300000000000029e+00
-1.921000000000000041e+00
-1.485100000000000087e+00
-6.561700000000000310e-01
2.152699999999999891e-01
8.070000000000000506e-01
1.060499999999999998e+00
1.014199999999999990e+00
7.236500000000000155e-01
3.496000000000000218e-01
-3.288100000000000050e-02
-4.892100000000000337e-01
-8.917000000000000481e-01
-8.232599999999999918e-01
-2.251499999999999890e-01
3.736700000000000021e-01
5.760600000000000165e-01
4.115199999999999969e-01
4.763700000000000052e-03
-4.437999999999999723e-01
-7.957499999999999574e-01
-1.169100000000000028e+00
-1.695000000000000062e+00
-2.221400000000000041e+00
-2.428599999999999870e+00
-2.129199999999999982e+00
-1.556599999999999984e+00
-1.060000000000000053e+00
-7.427000000000000268e-01
-6.258699999999999264e-01
-7.119600000000000373e-01
-9.195900000000000185e-01
-1.166199999999999903e+00
-1.369899999999999896e+00
-1.553099999999999925e+00
-1.735000000000000098e+00
-1.841399999999999926e+00
-1.829499999999999904e+00
-1.701400000000000023e+00
-1.420900000000000052e+00
-1.042899999999999938e+00
-7.810500000000000220e-01
-7.980500000000000371e-01
-9.198499999999999455e-01
-9.321799999999998976e-01
-8.664299999999999224e-01
-7.442199999999999926e-01
-5.978299999999999725e-01
-5.962100000000000177e-01
-6.700000000000000400e-01
-6.338099999999999845e-01
-5.433899999999999286e-01
-5.574600000000000666e-01
-6.352100000000000524e-01
-6.034399999999999764e-01
-4.515000000000000124e-01
-3.930099999999999705e-01
-4.234399999999999831e-01
-2.744099999999999873e-01
1.910399999999999945e-02
1.602000000000000091e-01
1.932599999999999874e-01
3.009199999999999653e-01
4.667300000000000337e-01
6.161499999999999755e-01
7.484300000000000397e-01
8.507299999999998752e-01
8.887399999999999745e-01
8.416000000000000147e-01
6.790000000000000480e-01
3.498399999999999843e-01
6.344899999999999672e-03
-6.127899999999999320e-02
2.290400000000000214e-01
6.566999999999999504e-01
9.566700000000000204e-01
9.713399999999999812e-01
7.157399999999999318e-01
4.083699999999999553e-01
3.264099999999999779e-01
5.101200000000000179e-01
8.987899999999999778e-01
1.438800000000000079e+00
1.936099999999999932e+00
2.142999999999999794e+00
2.060000000000000053e+00
1.816400000000000015e+00
1.422700000000000076e+00
9.217299999999999383e-01
5.639899999999999913e-01
5.280399999999999539e-01
8.277399999999999203e-01
1.324600000000000000e+00
1.812799999999999967e+00
2.247799999999999798e+00
2.640600000000000058e+00
2.814099999999999824e+00
2.748099999999999987e+00
2.664000000000000146e+00
2.661799999999999944e+00
2.619499999999999940e+00
2.415200000000000014e+00
2.019899999999999807e+00
1.562000000000000055e+00
1.329499999999999904e+00
1.542699999999999960e+00
2.040799999999999947e+00
2.509199999999999875e+00
2.822700000000000209e+00
3.091800000000000104e+00
3.393800000000000150e+00
3.619800000000000129e+00
3.634999999999999787e+00
3.443999999999999950e+00
3.184800000000000075e+00
3.056200000000000028e+00
3.040399999999999991e+00
3.125599999999999934e+00
3.419099999999999806e+00
3.731599999999999806e+00
3.763900000000000023e+00
3.620299999999999851e+00
3.409600000000000186e+00
3.021300000000000097e+00
2.559000000000000163e+00
2.313000000000000167e+00
2.274000000000000021e+00
2.318599999999999994e+00
2.377499999999999947e+00
2.275900000000000034e+00
2.064499999999999780e+00
2.108999999999999986e+00
2.110500000000000043e+00
1.447799999999999976e+00
5.377199999999999758e-01
2.431400000000000228e-01
3.924000000000000266e-01
3.245199999999999751e-01
-1.234099999999999919e-01
-8.195999999999999952e-01
-1.468099999999999961e+00
-1.652400000000000091e+00
-1.280000000000000027e+00
-3.774399999999999977e-01
5.170399999999999441e-01
-1.498899999999999955e-01
-2.554399999999999782e+00
-4.259100000000000108e+00
-4.042799999999999727e+00
-3.357299999999999951e+00
-3.028900000000000148e+00
-2.643299999999999983e+00
-2.346200000000000063e+00
-2.202399999999999913e+00
-2.026499999999999968e+00
-2.190599999999999881e+00
-2.407099999999999795e+00
-1.715100000000000069e+00
-7.171300000000000452e-01
-8.101500000000000368e-01
-2.045100000000000140e+00
-3.076000000000000068e+00
-3.318599999999999994e+00
-3.092600000000000016e+00
-2.019299999999999873e+00
-8.106200000000000072e-01
-1.365399999999999947e+00
-3.300899999999999945e+00
-5.099400000000000155e+00
-6.279600000000000293e+00
-6.237499999999999822e+00
-5.506300000000000416e+00
-5.268600000000000172e+00
-4.361600000000000144e+00
-3.326000000000000068e+00
-4.217100000000000293e+00
-4.995700000000000252e+00
-4.353699999999999903e+00
-4.484499999999999709e+00
-5.270100000000000229e+00
-4.999699999999999811e+00
-4.836700000000000443e+00
-6.612199999999999633e+00
-9.216699999999999449e+00
-1.023000000000000043e+01
-9.621100000000000207e+00
-1.029800000000000004e+01
-1.364000000000000057e+01
-1.701000000000000156e+01
-1.824500000000000099e+01
-1.903699999999999903e+01
-1.971900000000000119e+01
-1.798400000000000176e+01
-1.462099999999999866e+01
-1.230700000000000038e+01
-1.182000000000000028e+01
-1.341099999999999959e+01
-1.579400000000000048e+01
-1.440700000000000003e+01
-7.226600000000000357e+00
-3.273199999999999998e-01
3.475300000000000056e-01
-1.539900000000000047e+00
1.337099999999999955e+00
9.153200000000000003e+00
1.764300000000000068e+01
2.550499999999999901e+01
3.058500000000000085e+01
2.934300000000000352e+01
2.397300000000000253e+01
1.854899999999999949e+01
1.313700000000000045e+01
9.200699999999999434e+00
9.181200000000000472e+00
9.544000000000000483e+00
6.549999999999999822e+00
3.166300000000000114e+00
3.522299999999999986e+00
4.796400000000000219e+00
2.039899999999999824e+00
-2.241999999999999993e+00
-4.693500000000000227e+00
-7.696600000000000108e+00
-1.444200000000000017e+01
-2.408500000000000085e+01
-3.279200000000000159e+01
-3.968999999999999773e+01
-4.406800000000000495e+01
-4.016799999999999926e+01
-2.470899999999999963e+01
-5.640200000000000102e+00
6.638399999999999856e+00
1.235999999999999943e+01
2.047400000000000020e+01
3.412699999999999534e+01
4.112300000000000466e+01
3.344899999999999807e+01
2.388500000000000156e+01
2.392500000000000071e+01
3.085900000000000176e+01
3.794500000000000028e+01
4.067499999999999716e+01
4.174399999999999977e+01
4.795300000000000296e+01
6.082800000000000296e+01
7.377199999999999136e+01
7.741500000000000625e+01
6.707600000000000762e+01
4.671399999999999864e+01
2.741400000000000148e+01
1.583699999999999974e+01
8.724000000000000199e+00
3.765400000000000080e+00
1.816100000000000048e+00
-2.781000000000000139e+00
-1.213400000000000034e+01
-1.823999999999999844e+01
-1.769299999999999784e+01
-1.306000000000000050e+01
-1.087199999999999989e+01
-1.692299999999999827e+01
-2.660399999999999920e+01
-3.725900000000000034e+01
-5.015999999999999659e+01
-6.058299999999999841e+01
-6.538899999999999579e+01
-6.929600000000000648e+01
-7.508499999999999375e+01
-7.743999999999999773e+01
-7.201800000000000068e+01
-6.164999999999999858e+01
-5.296399999999999864e+01
-4.729999999999999716e+01
-3.824300000000000210e+01
-2.359099999999999753e+01
-9.155300000000000438e+00
3.983200000000000074e+00
2.094000000000000128e+01
4.295100000000000051e+01
6.633800000000000807e+01
8.514799999999999613e+01
9.807899999999999352e+01
1.088499999999999943e+02
1.168700000000000045e+02
1.189899999999999949e+02
1.110699999999999932e+02
8.915600000000000591e+01
6.084499999999999886e+01
4.098699999999999477e+01
3.036100000000000065e+01
1.539299999999999891e+01
-6.450899999999999856e+00
-2.412400000000000233e+01
-3.187300000000000111e+01
-3.510600000000000165e+01
-4.206800000000000495e+01
-5.126699999999999591e+01
-5.802899999999999636e+01
-6.327799999999999869e+01
-6.408700000000000330e+01
-5.746800000000000352e+01
-4.600699999999999790e+01
-3.433599999999999852e+01
-2.420899999999999963e+01
-1.515299999999999869e+01
-8.139699999999999491e+00
-4.784200000000000230e+00
-4.363199999999999967e+00
-2.431099999999999817e+00
2.611499999999999932e+00
8.725300000000000722e+00
1.549699999999999989e+01
2.244699999999999918e+01
2.742699999999999960e+01
2.738899999999999935e+01
2.470899999999999963e+01
2.142000000000000171e+01
1.816400000000000148e+01
1.341300000000000026e+01
4.878400000000000070e+00
-3.927599999999999980e+00
-1.076700000000000124e+01
-1.932300000000000040e+01
-3.181099999999999994e+01
-4.454299999999999926e+01
-5.705699999999999505e+01
-6.833899999999999864e+01
-7.571800000000000352e+01
-8.198000000000000398e+01
-8.845200000000001239e+01
-9.449299999999999500e+01
-1.003299999999999983e+02
-9.476000000000000512e+01
-8.386399999999999011e+01
-8.966400000000000148e+01
-9.605899999999999750e+01
-9.292600000000000193e+01
-8.361299999999999955e+01
-7.029200000000000159e+01
-5.331399999999999295e+01
-2.665099999999999980e+01
1.751000000000000056e-01
2.023600000000000065e+01
3.182499999999999929e+01
3.805199999999999960e+01
4.084199999999999875e+01
4.393299999999999983e+01
5.498499999999999943e+01
6.544299999999999784e+01
7.708899999999999864e+01
9.661700000000000443e+01
1.145400000000000063e+02
1.273599999999999994e+02
1.371999999999999886e+02
1.413700000000000045e+02
1.363600000000000136e+02
1.232399999999999949e+02
1.044699999999999989e+02
8.041500000000000625e+01
4.700800000000000267e+01
1.762500000000000000e+01
4.786400000000000432e+00
-5.055100000000000371e+00
-1.710200000000000031e+01
-2.705599999999999739e+01
-3.546999999999999886e+01
-4.295199999999999818e+01
-5.214999999999999858e+01
-6.337899999999999778e+01
-7.205700000000000216e+01
-7.129899999999999238e+01
-5.960199999999999676e+01
-4.888800000000000523e+01
-4.070400000000000063e+01
-2.594199999999999662e+01
-9.215700000000000003e+00
1.704900000000000082e+00
7.527199999999999669e+00
1.438499999999999979e+01
2.415699999999999648e+01
3.307699999999999818e+01
3.937599999999999767e+01
4.356600000000000250e+01
4.287199999999999989e+01
3.658899999999999864e+01
3.176000000000000156e+01
3.243500000000000227e+01
3.934499999999999886e+01
5.085800000000000409e+01
5.925600000000000023e+01
6.239800000000000324e+01
6.378499999999999659e+01
6.265600000000000591e+01
5.509100000000000108e+01
4.352199999999999847e+01
3.180900000000000105e+01
1.766099999999999781e+01
3.131099999999999994e+00
-2.903399999999999981e+00
5.037899999999999601e-01
5.546400000000000219e+00
7.063900000000000290e+00
1.402900000000000036e+00
-9.125700000000000145e+00
-1.660099999999999909e+01
-1.970100000000000051e+01
-1.925300000000000011e+01
-1.567699999999999960e+01
-1.150999999999999979e+01
-1.091400000000000148e+01
-1.914199999999999946e+01
-3.503399999999999892e+01
-4.632399999999999807e+01
-4.485899999999999466e+01
-3.787100000000000222e+01
-3.544500000000000028e+01
-3.969800000000000040e+01
-4.710000000000000142e+01
-5.069800000000000040e+01
-4.731899999999999551e+01
-4.127700000000000102e+01
-3.713199999999999790e+01
-3.558200000000000074e+01
-3.531600000000000250e+01
-3.784400000000000119e+01
-4.462500000000000000e+01
-5.188800000000000523e+01
-5.633100000000000307e+01
-5.602899999999999636e+01
-4.684499999999999886e+01
-3.051999999999999957e+01
-2.098400000000000176e+01
-2.386699999999999733e+01
-2.810500000000000043e+01
-2.698999999999999844e+01
-2.333900000000000219e+01
-1.798799999999999955e+01
-1.013199999999999967e+01
-3.056200000000000028e+00
3.282999999999999918e+00
1.406700000000000017e+01
2.784199999999999875e+01
3.747800000000000153e+01
4.172899999999999920e+01
4.265899999999999892e+01
3.957600000000000051e+01
3.424199999999999733e+01
3.323599999999999710e+01
4.148899999999999721e+01
5.146899999999999409e+01
5.249199999999999733e+01
4.343500000000000227e+01
2.615900000000000247e+01
9.680799999999999628e+00
4.803700000000000081e+00
5.878599999999999604e+00
-3.348400000000000265e-01
-1.693599999999999994e+01
-3.325199999999999534e+01
-3.792800000000000438e+01
-3.495300000000000296e+01
-3.433400000000000318e+01
-3.848300000000000409e+01
-4.307899999999999352e+01
-4.207300000000000040e+01
-3.171499999999999986e+01
-9.987000000000000099e+00
1.447900000000000098e+01
2.617399999999999949e+01
2.528699999999999903e+01
2.160900000000000176e+01
1.616400000000000148e+01
8.731899999999999551e+00
8.155900000000000816e+00
1.768400000000000105e+01
2.486699999999999733e+01
2.560300000000000153e+01
2.976099999999999923e+01
3.420199999999999818e+01
2.800000000000000000e+01
1.845499999999999829e+01
1.975000000000000000e+01
2.837599999999999767e+01
3.367499999999999716e+01
3.463300000000000267e+01
3.365599999999999881e+01
3.392300000000000182e+01
3.939900000000000091e+01
4.475399999999999778e+01
4.024300000000000210e+01
2.799099999999999966e+01
1.687199999999999989e+01
1.062500000000000000e+01
7.014700000000000379e+00
8.529700000000001170e-01
-1.044200000000000017e+01
-2.439600000000000080e+01
-3.557199999999999562e+01
-3.907000000000000028e+01
-3.569200000000000017e+01
-2.942900000000000205e+01
-2.206199999999999761e+01
-1.466400000000000148e+01
-1.222400000000000020e+01
-2.055400000000000205e+01
-3.514399999999999835e+01
-4.295100000000000051e+01
-3.872999999999999687e+01
-2.954500000000000171e+01
-2.223900000000000077e+01
-1.630700000000000216e+01
-8.953699999999999548e+00
7.776900000000000479e-02
7.427900000000000169e+00
9.610699999999999577e+00
5.892800000000000260e+00
8.517700000000000271e-01
6.351100000000000634e-01
3.605500000000000149e+00
5.317199999999999704e+00
6.180500000000000327e+00
7.496500000000000163e+00
8.073299999999999699e+00
8.517200000000000770e+00
1.008399999999999963e+01
1.156200000000000117e+01
1.342599999999999838e+01
1.691600000000000037e+01
2.067000000000000171e+01
2.024200000000000088e+01
1.487800000000000011e+01
1.189900000000000091e+01
1.350000000000000000e+01
1.389599999999999902e+01
1.321900000000000119e+01
1.579599999999999937e+01
1.994999999999999929e+01
2.096499999999999986e+01
1.927700000000000102e+01
1.778300000000000125e+01
1.487700000000000067e+01
9.374800000000000466e+00
3.715399999999999814e+00
-9.377000000000000612e-02
-1.149999999999999911e+00
-4.705399999999999583e-01
1.480399999999999938e+00
2.330099999999999838e+00
-2.682500000000000107e+00
-9.645699999999999719e+00
-1.179499999999999993e+01
-1.118999999999999950e+01
-1.176999999999999957e+01
-1.430199999999999960e+01
-1.714199999999999946e+01
-1.652499999999999858e+01
-1.069099999999999895e+01
-1.373299999999999965e+00
6.867600000000000371e+00
1.011100000000000065e+01
1.050599999999999845e+01
1.079800000000000004e+01
1.011700000000000088e+01
7.076299999999999812e+00
-1.138700000000000045e+00
-1.314000000000000057e+01
-2.013799999999999812e+01
-1.901900000000000190e+01
-1.810399999999999920e+01
-2.340099999999999980e+01
-3.138199999999999790e+01
-3.771300000000000097e+01
-4.082399999999999807e+01
-4.043900000000000006e+01
-3.647400000000000375e+01
-3.004899999999999949e+01
-2.248300000000000054e+01
-1.120700000000000074e+01
3.574899999999999967e+00
1.335999999999999943e+01
1.223499999999999943e+01
5.648299999999999876e+00
6.207599999999999923e-02
-3.987499999999999822e+00
-3.896599999999999842e+00
9.414400000000000546e-02
2.416599999999999859e+00
3.267599999999999838e+00
3.631699999999999928e+00
1.610099999999999865e-01
-5.588300000000000267e+00
-8.195199999999999818e+00
-6.993800000000000239e+00
-4.739099999999999646e+00
-4.043000000000000149e+00
-6.025599999999999845e+00
-8.337899999999999423e+00
-7.072199999999999598e+00
-5.031499999999999861e-01
6.716599999999999682e+00
7.677599999999999980e+00
3.176600000000000090e+00
-5.446900000000000075e-01
-8.128800000000000470e-01
1.147199999999999998e+00
4.369100000000000428e+00
8.244899999999999451e+00
1.030199999999999960e+01
8.166600000000000747e+00
4.050799999999999734e+00
1.574600000000000000e+00
1.909000000000000030e+00
5.815400000000000347e+00
1.161400000000000077e+01
1.416300000000000026e+01
1.210900000000000176e+01
9.394199999999999662e+00
8.083099999999999952e+00
6.486699999999999910e+00
4.088599999999999568e+00
4.047200000000000131e+00
7.708700000000000330e+00
1.246700000000000053e+01
1.432300000000000040e+01
9.607799999999999230e+00
3.319899999999999934e-02
-6.488599999999999923e+00
-5.487499999999999822e+00
-5.992300000000000404e-01
3.888700000000000045e+00
7.683300000000000018e+00
1.080000000000000071e+01
1.207099999999999973e+01
1.182000000000000028e+01
9.292199999999999349e+00
2.373299999999999965e+00
-5.230599999999999916e+00
-6.508000000000000007e+00
-2.028399999999999981e+00
1.764299999999999979e+00
1.645000000000000018e+00
4.460199999999999720e-01
1.791199999999999903e+00
3.311300000000000132e+00
2.591200000000000170e+00
9.911600000000000410e-01
-1.660400000000000098e+00
-4.670600000000000307e+00
-5.722900000000000098e+00
-4.692700000000000315e+00
-2.430299999999999905e+00
-6.629599999999999937e-01
-2.709199999999999942e-01
-4.257500000000000173e-01
-3.578500000000000014e-01
5.262299999999999756e-01
5.281299999999999883e-01
-2.421899999999999942e+00
-6.616100000000000314e+00
-9.549500000000000099e+00
-1.009299999999999997e+01
-7.436399999999999899e+00
-2.695600000000000218e+00
2.945499999999999785e-01
-9.844500000000000473e-01
-3.819399999999999906e+00
-4.916400000000000325e+00
-5.309499999999999886e+00
-5.668999999999999595e+00
-3.496599999999999930e+00
1.185899999999999954e+00
4.777199999999999669e+00
5.565199999999999925e+00
4.505499999999999616e+00
2.518400000000000194e+00
-3.359199999999999964e-01
-3.248699999999999921e+00
-5.308799999999999741e+00
-6.357599999999999696e+00
-5.822000000000000064e+00
-3.079099999999999948e+00
1.562400000000000178e-01
1.244299999999999962e+00
4.680199999999999916e-01
-1.318200000000000038e+00
-3.903200000000000003e+00
-5.655800000000000161e+00
-5.925799999999999734e+00
-5.625000000000000000e+00
-4.405899999999999928e+00
-2.214900000000000091e+00
-9.549499999999999655e-01
-1.599599999999999911e+00
-3.038100000000000023e+00
-3.786099999999999799e+00
-3.482299999999999951e+00
-2.479200000000000070e+00
-1.417399999999999993e+00
-1.009100000000000108e+00
-6.124899999999999789e-01
4.010199999999999876e-01
1.401499999999999968e+00
2.184099999999999930e+00
2.387599999999999945e+00
1.822599999999999998e+00
1.254899999999999904e+00
4.806899999999999507e-01
-7.274399999999999755e-01
-1.312100000000000044e+00
-1.330699999999999994e+00
-1.583900000000000086e+00
-2.079600000000000115e+00
-3.051400000000000112e+00
-4.278100000000000236e+00
-4.533999999999999808e+00
-2.994200000000000195e+00
1.107199999999999990e-01
2.999400000000000066e+00
3.921800000000000175e+00
3.515800000000000036e+00
2.901699999999999946e+00
2.118900000000000006e+00
1.851199999999999957e+00
2.738399999999999945e+00
4.142400000000000304e+00
5.425099999999999589e+00
6.242099999999999760e+00
6.084800000000000431e+00
5.124399999999999622e+00
4.087399999999999700e+00
3.370299999999999851e+00
3.058600000000000207e+00
2.855500000000000149e+00
2.312899999999999956e+00
1.721500000000000030e+00
1.741000000000000103e+00
2.372100000000000097e+00
2.873600000000000154e+00
2.853099999999999969e+00
2.737099999999999866e+00
2.748400000000000176e+00
2.570100000000000051e+00
2.250199999999999978e+00
2.356700000000000017e+00
3.079299999999999926e+00
3.944399999999999906e+00
4.525699999999999612e+00
4.677800000000000402e+00
4.497899999999999565e+00
4.138200000000000323e+00
3.665500000000000203e+00
3.331700000000000106e+00
3.362099999999999866e+00
3.579099999999999948e+00
3.634100000000000108e+00
3.178799999999999848e+00
2.205400000000000027e+00
1.258399999999999963e+00
8.711299999999999599e-01
9.200899999999999634e-01
6.318000000000000282e-01
-3.878800000000000026e-01
-1.241200000000000081e+00
-1.095099999999999962e+00
-5.109399999999999498e-01
-2.949600000000000000e-01
-3.377199999999999647e-01
-2.361900000000000110e-01
1.038599999999999940e-01
6.864999999999999991e-01
1.357499999999999929e+00
1.446399999999999908e+00
6.223499999999999588e-01
-4.320300000000000251e-01
-9.354600000000000692e-01
-8.443399999999999794e-01
-7.387799999999999923e-01
-1.132900000000000018e+00
-1.839900000000000091e+00
-2.362299999999999844e+00
-2.553599999999999870e+00
-2.639400000000000190e+00
-2.972500000000000142e+00
-3.681799999999999962e+00
-4.308500000000000441e+00
-4.344999999999999751e+00
-3.997199999999999864e+00
-3.780899999999999928e+00
-3.708299999999999930e+00
-3.569100000000000161e+00
-3.439499999999999780e+00
-3.409100000000000019e+00
-3.276400000000000201e+00
-2.903900000000000148e+00
-2.427299999999999791e+00
-2.137000000000000011e+00
-2.267399999999999860e+00
-2.727500000000000036e+00
-3.062399999999999789e+00
-2.920199999999999907e+00
-2.484900000000000109e+00
-2.253000000000000114e+00
-2.312899999999999956e+00
-2.338400000000000034e+00
-2.209700000000000220e+00
-2.029199999999999893e+00
-1.804100000000000037e+00
-1.502099999999999991e+00
-1.105099999999999971e+00
-7.150900000000000034e-01
-4.637399999999999856e-01
-2.499699999999999700e-01
1.089799999999999935e-01
5.583899999999999419e-01
9.715099999999999847e-01
1.245000000000000107e+00
1.332799999999999985e+00
1.425699999999999967e+00
1.667300000000000004e+00
1.826799999999999979e+00
1.766299999999999981e+00
1.692800000000000082e+00
1.770499999999999963e+00
1.931100000000000039e+00
2.053100000000000147e+00
2.068099999999999827e+00
2.007200000000000095e+00
1.938800000000000079e+00
1.944499999999999895e+00
2.056299999999999795e+00
2.178199999999999914e+00
2.212099999999999955e+00
2.212600000000000122e+00
2.232499999999999929e+00
2.268699999999999939e+00
2.301000000000000156e+00
2.278999999999999915e+00
2.195100000000000051e+00
2.125999999999999890e+00
2.111099999999999977e+00
2.169299999999999784e+00
2.247100000000000097e+00
2.183600000000000207e+00
1.945000000000000062e+00
1.675999999999999934e+00
1.407899999999999929e+00
1.091299999999999937e+00
7.250600000000000378e-01
3.322100000000000053e-01
-3.977699999999999986e-02
-3.169099999999999695e-01
-4.879899999999999793e-01
-5.549399999999999888e-01
-5.475600000000000467e-01
-5.957000000000000073e-01
-7.758899999999999686e-01
-9.549799999999999400e-01
-9.907100000000000906e-01
-8.667500000000000204e-01
-7.013399999999999634e-01
-6.661500000000000199e-01
-7.454800000000000315e-01
-7.426899999999999613e-01
-6.133600000000000163e-01
-4.463100000000000400e-01
-3.147499999999999742e-01
-2.942599999999999660e-01
-3.933599999999999874e-01
-4.983199999999999852e-01
-5.401699999999999280e-01
-5.558100000000000263e-01
-6.014399999999999746e-01
-6.379600000000000826e-01
-6.202199999999999935e-01
-5.872800000000000242e-01
-6.117299999999999960e-01
-6.779699999999999616e-01
-7.052800000000000180e-01
-6.762000000000000233e-01
-6.332800000000000651e-01
-5.349699999999999456e-01
-3.627400000000000069e-01
-1.472999999999999865e-01
1.231299999999999895e-01
4.739899999999999669e-01
8.312700000000000644e-01
1.021300000000000097e+00
1.139000000000000012e+00
1.521900000000000031e+00
2.004999999999999893e+00
2.132299999999999862e+00
1.999400000000000066e+00
2.043499999999999872e+00
2.348599999999999799e+00
2.658999999999999808e+00
2.704800000000000093e+00
2.527299999999999880e+00
2.423900000000000166e+00
2.417499999999999982e+00
2.258900000000000130e+00
2.013599999999999834e+00
1.987800000000000011e+00
2.030400000000000205e+00
1.614300000000000068e+00
8.111000000000000432e-01
2.698800000000000088e-01
2.063699999999999701e-01
2.256499999999999895e-01
1.109499999999999931e-01
2.295499999999999798e-03
-8.570400000000000240e-02
-2.527800000000000047e-01
-4.170699999999999963e-01
-6.038999999999999924e-01
-1.003600000000000048e+00
-1.541600000000000081e+00
-1.946299999999999919e+00
-2.193299999999999805e+00
-2.416599999999999859e+00
-2.615000000000000213e+00
-2.737800000000000011e+00
-2.865699999999999914e+00
-2.989300000000000068e+00
-3.018899999999999917e+00
-3.104699999999999793e+00
-3.552000000000000046e+00
-4.384400000000000297e+00
-5.142500000000000071e+00
-5.310200000000000031e+00
-4.922500000000000320e+00
-4.284099999999999575e+00
-3.493599999999999817e+00
-2.504999999999999893e+00
-1.435400000000000009e+00
-7.294399999999999773e-01
-4.878899999999999904e-01
-4.445400000000000046e-02
9.051600000000000756e-01
1.488699999999999912e+00
9.651799999999999269e-01
3.044399999999999884e-02
-5.457199999999999829e-01
-1.262399999999999967e+00
-2.655899999999999928e+00
-4.232499999999999929e+00
-5.432500000000000107e+00
-6.214500000000000135e+00
-6.333700000000000330e+00
-5.293099999999999916e+00
-3.401400000000000201e+00
-1.755500000000000060e+00
-1.137499999999999956e+00
-1.056799999999999962e+00
-4.939800000000000302e-01
3.912499999999999867e-01
8.279299999999999438e-01
5.843399999999999705e-01
8.048900000000000499e-02
2.844499999999999806e-02
3.179199999999999804e-01
3.583899999999999864e-01
2.280000000000000082e-01
3.503999999999999893e-01
8.558299999999999796e-01
1.405000000000000027e+00
1.485200000000000076e+00
1.163799999999999946e+00
1.158600000000000074e+00
1.612999999999999989e+00
1.726599999999999913e+00
1.555800000000000072e+00
2.140899999999999803e+00
3.581700000000000106e+00
4.827600000000000335e+00
5.285899999999999821e+00
5.485299999999999621e+00
5.995899999999999785e+00
6.709100000000000286e+00
6.976099999999999746e+00
6.209900000000000198e+00
5.165399999999999991e+00
4.783999999999999808e+00
4.365000000000000213e+00
3.244299999999999962e+00
2.218500000000000139e+00
1.868600000000000039e+00
1.844100000000000072e+00
1.862400000000000055e+00
1.666500000000000092e+00
9.409200000000000896e-01
8.017399999999999527e-02
-3.617199999999999860e-01
-7.032599999999999962e-01
-1.179599999999999982e+00
-1.395399999999999974e+00
-1.408500000000000085e+00
-1.544899999999999940e+00
-1.160300000000000109e+00
3.602000000000000202e-01
1.484399999999999942e+00
5.742199999999999527e-01
-1.535099999999999909e+00
-3.279700000000000060e+00
-4.129699999999999704e+00
-4.541999999999999815e+00
-5.141399999999999970e+00
-5.530899999999999928e+00
-4.682199999999999918e+00
-2.964199999999999946e+00
-1.992499999999999938e+00
-2.222300000000000164e+00
-2.847599999999999909e+00
-3.306700000000000195e+00
-3.663800000000000168e+00
-3.722500000000000142e+00
-3.288800000000000168e+00
-2.976199999999999957e+00
-3.162900000000000045e+00
-3.350999999999999979e+00
-3.015499999999999847e+00
-2.063099999999999934e+00
-8.382799999999999141e-01
-2.275900000000000145e-01
-9.578600000000000447e-01
-2.470800000000000107e+00
-3.500599999999999934e+00
-3.063499999999999890e+00
-1.103699999999999903e+00
1.388099999999999890e+00
3.525199999999999889e+00
4.952600000000000335e+00
5.452700000000000102e+00
5.054700000000000415e+00
3.961899999999999977e+00
2.357099999999999973e+00
6.943099999999999827e-01
-7.927999999999998937e-02
5.758499999999999730e-01
1.785300000000000109e+00
2.218999999999999861e+00
1.718599999999999905e+00
1.157999999999999918e+00
9.525000000000000133e-01
8.708899999999999419e-01
1.112600000000000033e+00
1.756799999999999917e+00
1.982099999999999973e+00
9.952100000000000390e-01
-9.295100000000000584e-01
-2.779500000000000082e+00
-3.936500000000000110e+00
-4.284399999999999764e+00
-3.863300000000000178e+00
-3.075400000000000134e+00
-2.381899999999999906e+00
-1.805800000000000072e+00
-9.423700000000000410e-01
2.849900000000000211e-01
1.168199999999999905e+00
1.315499999999999892e+00
1.360400000000000054e+00
1.588000000000000078e+00
1.436900000000000066e+00
6.835200000000000164e-01
-4.583799999999999680e-02
-6.764599999999999780e-02
3.253599999999999826e-01
9.614799999999998903e-01
2.946499999999999897e+00
6.288899999999999935e+00
8.995599999999999596e+00
9.797499999999999432e+00
8.967599999999999127e+00
7.046100000000000030e+00
4.593200000000000394e+00
2.116899999999999782e+00
1.218299999999999939e-01
-8.152099999999999902e-01
-7.575499999999999456e-01
-2.926400000000000112e-01
3.543500000000000122e-02
-2.776300000000000434e-01
-8.456399999999999473e-01
-6.763899999999999357e-01
-7.855299999999999783e-02
-1.045799999999999924e-01
-8.789200000000000346e-01
-1.525500000000000078e+00
-1.165499999999999980e+00
-5.809600000000000319e-01
-1.278799999999999937e+00
-3.097399999999999931e+00
-4.850699999999999790e+00
-5.799999999999999822e+00
-5.658699999999999619e+00
-4.784099999999999575e+00
-4.009000000000000341e+00
-3.413300000000000001e+00
-2.360199999999999854e+00
-7.602899999999999103e-01
6.150200000000000111e-01
9.958000000000000185e-01
6.887999999999999678e-01
3.069199999999999706e-01
-1.707899999999999974e-01
-5.546499999999999764e-01
-3.606800000000000006e-01
4.044099999999999917e-01
8.386200000000000321e-01
2.139599999999999835e-01
-5.427400000000000002e-01
-6.762500000000000178e-01
-7.514800000000000368e-01
-1.078699999999999992e+00
-1.542100000000000026e+00
-1.719799999999999995e+00
-1.095099999999999962e+00
-7.450400000000000078e-02
5.322899999999999299e-01
5.898899999999999144e-01
3.613199999999999745e-01
3.875500000000000056e-01
1.362000000000000099e+00
2.654100000000000126e+00
2.792499999999999982e+00
1.671399999999999997e+00
5.674399999999999444e-01
1.533899999999999986e-01
-1.146599999999999842e-01
-3.236399999999999832e-01
2.207000000000000073e-01
1.471400000000000041e+00
2.644499999999999851e+00
3.206999999999999851e+00
2.942899999999999849e+00
2.018499999999999961e+00
9.405000000000000027e-01
-1.489399999999999925e-02
-4.102199999999999736e-01
2.570699999999999652e-01
1.614200000000000079e+00
2.954200000000000159e+00
4.023900000000000254e+00
4.846799999999999997e+00
5.273299999999999876e+00
4.785199999999999676e+00
3.233099999999999863e+00
1.146600000000000064e+00
-5.029799999999999827e-01
-9.213399999999999368e-01
-6.147399999999999531e-01
-7.424399999999999888e-01
-1.660300000000000109e+00
-2.929499999999999993e+00
-3.612000000000000099e+00
-3.191399999999999793e+00
-1.931899999999999951e+00
-2.251199999999999868e-01
1.121699999999999919e+00
1.230099999999999971e+00
-9.908500000000000640e-02
-1.898400000000000087e+00
-2.794200000000000017e+00
-3.239399999999999835e+00
-4.232000000000000206e+00
-5.161900000000000155e+00
-5.043400000000000105e+00
-4.007600000000000051e+00
-2.957399999999999807e+00
-1.910800000000000054e+00
-4.619300000000000073e-01
7.332699999999999774e-01
1.482699999999999907e+00
2.213299999999999823e+00
2.514200000000000212e+00
2.183699999999999974e+00
1.731700000000000017e+00
1.514999999999999902e+00
1.867799999999999905e+00
2.969300000000000050e+00
4.230199999999999960e+00
4.371100000000000207e+00
2.726700000000000124e+00
2.083599999999999897e-01
-1.806300000000000017e+00
-2.509100000000000108e+00
-1.978499999999999925e+00
-1.103099999999999969e+00
-5.524100000000000676e-01
-5.503799999999999804e-01
-8.380100000000000326e-01
-6.045000000000000373e-01
1.802799999999999958e-01
8.903999999999999693e-01
1.867499999999999938e+00
3.708299999999999930e+00
5.825099999999999945e+00
7.200899999999999856e+00
7.496699999999999697e+00
6.935999999999999943e+00
6.171100000000000030e+00
5.808099999999999596e+00
5.572300000000000253e+00
4.741200000000000081e+00
3.431200000000000028e+00
1.932299999999999907e+00
2.587099999999999955e-01
-6.345899999999999874e-01
-3.613000000000000100e-01
-3.958099999999999952e-01
-1.455699999999999994e+00
-2.491800000000000015e+00
-2.632000000000000117e+00
-2.044599999999999973e+00
-8.994400000000000173e-01
6.734299999999999731e-01
1.695899999999999963e+00
1.607900000000000107e+00
1.095900000000000096e+00
6.544699999999999962e-01
2.002099999999999991e-01
-2.366599999999999815e-01
-7.623999999999999666e-01
-1.592899999999999983e+00
-2.387399999999999967e+00
-2.766900000000000137e+00
-2.777000000000000135e+00
-2.523299999999999876e+00
-2.109799999999999898e+00
-1.785500000000000087e+00
-1.958199999999999941e+00
-2.892999999999999794e+00
-4.257799999999999585e+00
-5.491500000000000270e+00
-6.241500000000000270e+00
-6.076500000000000234e+00
-4.891899999999999693e+00
-3.170100000000000140e+00
-1.036100000000000021e+00
1.268100000000000005e+00
2.745600000000000041e+00
2.941600000000000215e+00
2.319300000000000139e+00
1.319099999999999939e+00
4.002999999999999892e-01
-1.409499999999999920e-01
-7.670500000000000096e-01
-1.830899999999999972e+00
-2.741000000000000103e+00
-2.709099999999999842e+00
-1.933699999999999974e+00
-1.298100000000000032e+00
-9.999200000000000310e-01
-7.417699999999999294e-01
-6.472700000000000120e-01
-9.936599999999999877e-01
-1.592500000000000027e+00
-2.016099999999999781e+00
-1.874900000000000011e+00
-1.056699999999999973e+00
-1.177099999999999952e-01
4.851399999999999602e-01
1.034599999999999964e+00
1.681499999999999995e+00
2.005900000000000016e+00
1.933400000000000007e+00
1.793500000000000094e+00
1.586100000000000065e+00
1.382300000000000084e+00
1.321800000000000086e+00
1.141599999999999948e+00
6.755200000000000093e-01
6.730099999999999971e-02
-6.410299999999999887e-01
-1.377099999999999991e+00
-1.839599999999999902e+00
-2.013799999999999812e+00
-2.344800000000000217e+00
-2.798599999999999977e+00
-2.906400000000000095e+00
-2.747300000000000075e+00
-2.615499999999999936e+00
-2.405600000000000183e+00
-1.963899999999999979e+00
-1.277700000000000058e+00
-6.549599999999999866e-01
-3.960400000000000031e-01
-2.729699999999999904e-01
-3.546000000000000540e-02
4.284199999999999675e-01
1.128200000000000092e+00
1.754899999999999904e+00
1.988599999999999923e+00
1.507300000000000084e+00
3.801499999999999879e-01
-5.624200000000000310e-01
-8.736200000000000632e-01
-9.179899999999999727e-01
-1.054000000000000048e+00
-1.304599999999999982e+00
-1.382300000000000084e+00
-1.481400000000000050e+00
-2.097500000000000142e+00
-2.791900000000000048e+00
-2.948799999999999866e+00
-2.682599999999999874e+00
-2.092900000000000205e+00
-1.331599999999999895e+00
-9.990999999999999881e-01
-1.101199999999999957e+00
-8.069600000000000106e-01
2.185600000000000043e-02
4.741600000000000259e-01
1.180599999999999844e-01
-4.262299999999999978e-01
-6.565499999999999670e-01
-6.581899999999999418e-01
-6.694799999999999640e-01
-8.058899999999999952e-01
-1.090899999999999981e+00
-1.536200000000000010e+00
-1.807399999999999896e+00
-1.655599999999999961e+00
-1.522299999999999986e+00
-1.654800000000000049e+00
-1.730799999999999894e+00
-1.714399999999999924e+00
-1.798300000000000010e+00
-1.661399999999999988e+00
-1.164400000000000102e+00
-8.379100000000000437e-01
-7.697000000000000508e-01
-4.987600000000000366e-01
-1.534100000000000047e-02
4.172800000000000398e-01
7.712700000000000111e-01
8.896100000000000119e-01
4.868000000000000105e-01
-2.496800000000000130e-01
-7.621100000000000652e-01
-8.394099999999999895e-01
-8.161699999999999511e-01
-6.964399999999999480e-01
-9.334199999999999442e-02
6.597100000000000186e-01
9.856600000000000916e-01
1.220499999999999918e+00
1.701699999999999990e+00
1.966299999999999937e+00
1.751700000000000035e+00
1.385699999999999932e+00
1.030799999999999939e+00
5.846200000000000285e-01
1.805499999999999883e-01
1.112299999999999955e-01
4.163800000000000279e-01
9.638200000000001211e-01
1.530899999999999928e+00
1.730199999999999960e+00
1.330300000000000038e+00
7.053699999999999415e-01
3.032099999999999795e-01
-6.104099999999999804e-02
-4.345899999999999763e-01
-3.039399999999999880e-01
3.189899999999999958e-01
8.685799999999999077e-01
1.187000000000000055e+00
1.355900000000000105e+00
1.334999999999999964e+00
1.297400000000000109e+00
1.437200000000000033e+00
1.605199999999999960e+00
1.618800000000000017e+00
1.593299999999999939e+00
1.591299999999999937e+00
1.407599999999999962e+00
9.984499999999999487e-01
5.466400000000000148e-01
2.587599999999999900e-01
2.924599999999999977e-01
4.551600000000000090e-01
3.456400000000000028e-01
3.682099999999999956e-02
6.816099999999999937e-02
5.608800000000000452e-01
1.026200000000000001e+00
1.114200000000000079e+00
9.845500000000000362e-01
8.716899999999999649e-01
8.113899999999999446e-01
8.140699999999999603e-01
9.029299999999998994e-01
9.340399999999999814e-01
7.792700000000000182e-01
6.191999999999999726e-01
5.580399999999999805e-01
4.690300000000000025e-01
4.662399999999999878e-01
7.524300000000000432e-01
1.213000000000000078e+00
1.548200000000000021e+00
1.690099999999999936e+00
1.731600000000000028e+00
1.605699999999999905e+00
1.332699999999999996e+00
1.201500000000000012e+00
1.348999999999999977e+00
1.651200000000000001e+00
1.997600000000000042e+00
2.161000000000000032e+00
1.884600000000000053e+00
1.337800000000000100e+00
8.091899999999999649e-01
3.364900000000000113e-01
-1.965199999999999933e-02
-2.415899999999999992e-01
-4.996100000000000541e-01
-7.175699999999999301e-01
-7.870500000000000274e-01
-8.654600000000000071e-01
-9.055299999999999461e-01
-7.430299999999999683e-01
-5.014300000000000423e-01
-2.905800000000000050e-01
-7.352000000000000202e-02
6.884500000000000342e-02
6.791099999999999914e-02
2.110399999999999776e-02
6.930700000000000749e-02
2.800500000000000211e-01
5.299300000000000122e-01
6.515999999999999570e-01
6.045800000000000063e-01
5.185899999999999954e-01
5.970600000000000351e-01
7.381699999999999928e-01
5.665000000000000036e-01
1.168700000000000017e-01
-1.530600000000000016e-01
-1.619200000000000084e-01
-1.748999999999999999e-01
-1.215999999999999998e-01
1.205999999999999989e-01
3.382399999999999851e-01
4.008999999999999786e-01
4.235600000000000476e-01
4.793699999999999628e-01
4.737800000000000344e-01
2.584899999999999975e-01
-2.076699999999999727e-02
-8.482900000000000162e-02
2.076899999999999927e-02
1.470200000000000118e-01
3.228699999999999903e-01
5.101999999999999869e-01
5.682199999999999473e-01
5.234100000000000419e-01
5.042600000000000415e-01
4.497200000000000086e-01
3.022299999999999986e-01
2.130499999999999894e-01
2.869599999999999929e-01
4.934000000000000052e-01
8.467899999999999316e-01
1.285600000000000076e+00
1.580999999999999961e+00
1.595900000000000096e+00
1.437000000000000055e+00
1.283600000000000074e+00
1.095099999999999962e+00
7.834399999999999142e-01
6.163800000000000390e-01
7.413199999999999790e-01
8.315899999999999403e-01
6.617300000000000404e-01
3.794000000000000150e-01
1.644200000000000106e-01
5.426199999999999773e-02
8.229000000000000203e-03
-6.889199999999999491e-02
-2.604599999999999693e-01
-4.898000000000000131e-01
-6.222199999999999953e-01
-6.293499999999999650e-01
-5.531399999999999650e-01
-4.501399999999999846e-01
-3.554199999999999582e-01
-2.904199999999999560e-01
-3.116300000000000181e-01
-3.767300000000000093e-01
-3.769899999999999918e-01
-2.934700000000000086e-01
-1.747100000000000042e-01
-1.070300000000000001e-01
-1.575400000000000134e-01
-3.205800000000000316e-01
-5.011800000000000699e-01
-4.665399999999999547e-01
-1.508200000000000096e-01
1.154000000000000026e-01
5.798799999999999788e-02
-1.202799999999999980e-01
-1.898099999999999787e-01
-2.587700000000000000e-01
-4.147300000000000431e-01
-5.826399999999999357e-01
-7.489899999999999336e-01
-8.804400000000000004e-01
-8.686099999999999932e-01
-7.438200000000000367e-01
-6.870000000000000551e-01
-8.073299999999999921e-01
-1.017900000000000027e+00
-1.173300000000000010e+00
-1.283700000000000063e+00
-1.364700000000000024e+00
-1.344500000000000028e+00
-1.233200000000000074e+00
-1.103599999999999914e+00
-9.501500000000000501e-01
-8.278600000000000403e-01
-8.167200000000000015e-01
-7.557899999999999618e-01
-5.272399999999999309e-01
-3.382199999999999651e-01
-3.487600000000000144e-01
-4.564899999999999514e-01
-5.394200000000000106e-01
-6.159600000000000630e-01
-7.185500000000000220e-01
-8.350499999999999590e-01
-9.769899999999999141e-01
-1.148500000000000076e+00
-1.311099999999999932e+00
-1.469300000000000050e+00
-1.632300000000000084e+00
-1.719700000000000006e+00
-1.618100000000000094e+00
-1.370500000000000052e+00
-1.185000000000000053e+00
-1.141199999999999992e+00
-1.087699999999999889e+00
-9.216400000000000148e-01
-7.157200000000000228e-01
-6.072100000000000275e-01
-6.265699999999999603e-01
-7.156399999999999428e-01
-8.143199999999999328e-01
-8.116499999999999826e-01
-6.924299999999999899e-01
-6.884000000000000119e-01
-8.925700000000000855e-01
-1.062999999999999945e+00
-1.050100000000000033e+00
-1.007200000000000095e+00
-1.062599999999999989e+00
-1.112500000000000044e+00
-1.060200000000000031e+00
-9.864299999999999180e-01
-9.335499999999999909e-01
-8.882399999999999185e-01
-8.873999999999999666e-01
-8.781799999999999606e-01
-7.341199999999999948e-01
-5.021100000000000563e-01
-3.349199999999999955e-01
-3.048599999999999643e-01
-3.908499999999999752e-01
-4.776799999999999935e-01
-4.235300000000000176e-01
-2.525399999999999867e-01
-1.334599999999999953e-01
-1.409900000000000042e-01
-1.760700000000000043e-01
-1.522900000000000087e-01
-1.202200000000000074e-01
-1.785200000000000120e-01
-3.001499999999999724e-01
-3.743900000000000006e-01
-3.857999999999999763e-01
-3.916999999999999926e-01
-3.857999999999999763e-01
-3.355699999999999794e-01
-2.756699999999999706e-01
-2.561100000000000043e-01
-2.696800000000000308e-01
-2.958899999999999864e-01
-3.149899999999999922e-01
-3.063899999999999957e-01
-2.671300000000000341e-01
-2.266400000000000081e-01
-2.092600000000000016e-01
-1.969799999999999884e-01
-1.478200000000000069e-01
-6.877799999999999192e-02
6.090899999999999787e-03
8.204100000000000281e-02
1.846599999999999908e-01
2.936900000000000066e-01
3.914500000000000202e-01
4.761799999999999922e-01
5.267100000000000115e-01
5.539300000000000335e-01
6.116800000000000015e-01
7.040399999999999991e-01
7.875100000000000433e-01
8.215100000000000735e-01
8.091399999999999704e-01
8.065799999999999637e-01
8.366399999999999393e-01
8.580499999999999794e-01
8.628500000000000059e-01
8.688899999999999402e-01
8.767200000000000548e-01
8.769000000000000128e-01
8.742600000000000371e-01
8.836399999999999810e-01
8.980500000000000149e-01
9.020500000000000185e-01
9.126200000000000978e-01
9.334899999999999309e-01
9.446499999999999897e-01
9.400299999999999212e-01
9.389899999999999913e-01
9.515000000000000124e-01
9.645100000000000895e-01
9.609200000000001074e-01
9.509700000000000930e-01
9.547399999999999221e-01
9.697200000000000264e-01
9.742799999999999239e-01
9.642200000000000770e-01
9.504000000000000226e-01
9.501200000000000756e-01
9.756399999999999517e-01
1.017700000000000049e+00
1.048399999999999999e+00
1.062200000000000033e+00
1.061600000000000099e+00
1.039900000000000047e+00
1.001300000000000079e+00
9.725099999999999856e-01
9.625000000000000222e-01
9.541500000000000536e-01
9.286499999999999755e-01
8.820600000000000662e-01
8.110300000000000287e-01
7.275699999999999390e-01
6.525400000000000089e-01
5.904399999999999649e-01
5.332299999999999818e-01
4.858199999999999741e-01
4.536499999999999977e-01
4.295700000000000074e-01
3.999800000000000022e-01
3.761099999999999999e-01
3.748599999999999710e-01
3.900099999999999678e-01
4.056000000000000161e-01
4.229399999999999826e-01
4.458600000000000341e-01
4.736299999999999955e-01
5.058699999999999308e-01
5.434799999999999631e-01
5.777700000000000058e-01
5.995399999999999618e-01
6.039399999999999213e-01
5.944199999999999484e-01
5.690899999999999848e-01
5.315100000000000380e-01
4.959600000000000120e-01
4.721000000000000196e-01
4.535899999999999377e-01
4.321100000000000496e-01
3.996600000000000152e-01
3.559700000000000086e-01
3.054300000000000348e-01
2.567599999999999882e-01
2.096199999999999730e-01
1.587299999999999822e-01
1.087700000000000056e-01
6.783799999999999553e-02
3.303999999999999992e-02
9.683300000000000587e-03
-3.735499999999999671e-03
-2.007499999999999910e-02
-4.806799999999999962e-02
-8.088200000000000944e-02
-1.076599999999999918e-01
-1.256200000000000094e-01
-1.479499999999999982e-01
-1.789099999999999857e-01
-2.061199999999999699e-01
-2.215599999999999792e-01
-2.337899999999999978e-01
-2.473699999999999788e-01
-2.622800000000000131e-01
-2.772399999999999864e-01
-2.956500000000000239e-01
-3.187400000000000233e-01
-3.454699999999999993e-01
-3.711800000000000099e-01
-3.938200000000000034e-01
-4.117699999999999694e-01
-4.282399999999999540e-01
-4.452100000000000501e-01
-4.616100000000000203e-01
-4.729800000000000115e-01
-4.794999999999999818e-01
-4.825899999999999634e-01
-4.893800000000000372e-01
-5.059000000000000163e-01
-5.308899999999999730e-01
-5.561500000000000332e-01
-5.783699999999999397e-01
-5.974099999999999966e-01
-6.185399999999999787e-01
-6.425499999999999545e-01
-6.670699999999999408e-01
-6.874899999999999345e-01
-6.983399999999999608e-01
-6.925799999999999734e-01
-6.756900000000000128e-01
-6.564800000000000635e-01
-6.400700000000000278e-01
-6.279100000000000792e-01
-6.220799999999999663e-01
-6.174399999999999888e-01
-6.090700000000000003e-01
-5.949200000000000044e-01
-5.769499999999999629e-01
-5.580699999999999550e-01
-5.457999999999999519e-01
-5.386800000000000477e-01
-5.275800000000000489e-01
-5.059500000000000108e-01
-4.769899999999999696e-01
-4.424800000000000400e-01
-4.028100000000000014e-01
-3.571799999999999975e-01
-3.084600000000000120e-01
-2.578900000000000081e-01
-2.095100000000000018e-01
-1.636099999999999777e-01
-1.204500000000000015e-01
-8.807899999999999063e-02
-7.038099999999999912e-02
-5.656499999999999723e-02
-4.356399999999999856e-02
-3.118299999999999891e-02
-1.848800000000000096e-02
-3.974499999999999734e-03
1.294099999999999938e-02
3.930499999999999966e-02
7.165000000000000535e-02
9.616600000000000148e-02
1.095799999999999969e-01
1.186500000000000055e-01
1.180500000000000022e-01
1.050299999999999984e-01
8.410299999999999720e-02
6.195599999999999719e-02
4.089299999999999879e-02
2.299100000000000102e-02
1.061499999999999944e-03
-2.871999999999999900e-02
-6.019700000000000051e-02
-8.824999999999999512e-02
-1.173000000000000015e-01
-1.476599999999999857e-01
-1.778099999999999958e-01
-2.037400000000000044e-01
-2.222800000000000054e-01
-2.301300000000000290e-01
-2.296600000000000030e-01
-2.256699999999999817e-01
-2.233300000000000285e-01
-2.201300000000000201e-01
-2.145699999999999830e-01
-2.057100000000000040e-01
-1.939200000000000090e-01
-1.776699999999999946e-01
-1.570999999999999897e-01
-1.308199999999999918e-01
-1.004799999999999999e-01
-6.734500000000000208e-02
-3.748999999999999555e-02
-1.760000000000000106e-02
-1.003399999999999952e-02
-6.818999999999999541e-03
-2.404200000000000000e-03
5.454900000000000374e-03
1.464199999999999877e-02
2.504900000000000182e-02
3.755499999999999811e-02
5.492999999999999272e-02
7.737499999999999933e-02
1.067099999999999854e-01
1.416499999999999981e-01
1.789900000000000102e-01
2.036599999999999799e-01
2.063500000000000056e-01
1.969599999999999962e-01
1.881799999999999862e-01
1.811299999999999855e-01
1.742200000000000137e-01
1.610400000000000165e-01
1.348099999999999854e-01
9.033800000000000163e-02
3.635000000000000037e-02
-1.191399999999999924e-02
-4.763200000000000073e-02
-7.475300000000000000e-02
-9.537400000000000044e-02
-1.097599999999999965e-01
-1.165099999999999886e-01
-1.204299999999999954e-01
-1.254200000000000037e-01
-1.312599999999999878e-01
-1.334700000000000053e-01
-1.320099999999999885e-01
-1.264800000000000091e-01
-1.163200000000000067e-01
-1.012300000000000005e-01
-8.448500000000000454e-02
-6.524299999999999544e-02
-4.237400000000000194e-02
-1.545000000000000019e-02
1.166400000000000076e-02
3.783799999999999664e-02
6.224400000000000766e-02
8.351300000000000390e-02
9.922200000000000464e-02
1.117999999999999966e-01
1.212900000000000089e-01
1.266599999999999948e-01
1.262900000000000134e-01
1.234599999999999864e-01
1.201799999999999952e-01
1.189799999999999885e-01
1.221700000000000008e-01
1.308600000000000041e-01
1.399499999999999911e-01
1.477300000000000002e-01
1.537800000000000000e-01
1.576899999999999968e-01
1.586400000000000032e-01
1.597200000000000009e-01
1.610599999999999810e-01
1.633499999999999952e-01
1.671999999999999875e-01
1.726199999999999957e-01
1.748299999999999854e-01
1.713599999999999846e-01
1.614700000000000024e-01
1.484300000000000064e-01
1.331600000000000006e-01
1.165900000000000131e-01
9.827000000000001012e-02
7.896100000000000341e-02
5.797799999999999482e-02
3.685599999999999987e-02
1.556599999999999998e-02
-5.785300000000000165e-03
-2.759700000000000347e-02
-4.499299999999999827e-02
-5.484800000000000092e-02
-5.640200000000000075e-02
-5.147000000000000186e-02
-4.115899999999999420e-02
-2.772400000000000211e-02
-1.052800000000000090e-02
1.043799999999999936e-02
3.609700000000000408e-02
6.475000000000000200e-02
9.583600000000000452e-02
1.267599999999999838e-01
1.557199999999999973e-01
1.802400000000000113e-01
2.001900000000000068e-01
2.141800000000000093e-01
2.232000000000000095e-01
2.267800000000000094e-01
2.254199999999999815e-01
2.190800000000000247e-01
2.102699999999999847e-01
2.000099999999999933e-01
1.908099999999999796e-01
1.832599999999999785e-01
1.777400000000000091e-01
1.726599999999999802e-01
1.693400000000000183e-01
1.684200000000000141e-01
1.710799999999999821e-01
1.756300000000000083e-01
1.821800000000000086e-01
1.906899999999999984e-01
2.015699999999999992e-01
2.111900000000000166e-01
2.170400000000000107e-01
2.167000000000000037e-01
2.104099999999999859e-01
1.977099999999999969e-01
1.789499999999999980e-01
1.544999999999999984e-01
1.277000000000000079e-01
9.853599999999999859e-02
6.774900000000000366e-02
3.537799999999999973e-02
3.073800000000000230e-03
-2.872699999999999906e-02
-5.821400000000000186e-02
-8.537200000000000344e-02
-1.087700000000000056e-01
-1.280799999999999994e-01
-1.411799999999999999e-01
-1.480499999999999872e-01
-1.481800000000000062e-01
-1.428400000000000225e-01
-1.322900000000000187e-01
-1.179700000000000054e-01
-1.001799999999999913e-01
-8.174400000000001110e-02
-6.396499999999999408e-02
-4.862699999999999662e-02
-3.594599999999999879e-02
-2.738000000000000156e-02
-2.274799999999999739e-02
-2.270399999999999849e-02
-2.603899999999999965e-02
-3.310799999999999854e-02
-4.291600000000000276e-02
-5.549899999999999972e-02
-6.909099999999999964e-02
-8.307599999999999707e-02
-9.586200000000000276e-02
-1.075599999999999890e-01
-1.165900000000000131e-01
-1.224400000000000072e-01
-1.237200000000000105e-01
-1.207700000000000023e-01
-1.128799999999999942e-01
-1.011100000000000054e-01
-8.559100000000000041e-02
-6.788200000000001177e-02
-4.834399999999999809e-02
-2.893100000000000185e-02
-1.025199999999999896e-02
5.971399999999999972e-03
1.969999999999999876e-02
2.980000000000000010e-02
3.660800000000000165e-02
3.921499999999999986e-02
3.766100000000000003e-02
3.098599999999999965e-02
2.045100000000000043e-02
6.315999999999999566e-03
-9.755599999999999689e-03
-2.719500000000000042e-02
-4.404500000000000082e-02
-6.004899999999999821e-02
-7.381100000000000161e-02
-8.493200000000000749e-02
-9.178400000000000447e-02
-9.500499999999999223e-02
-9.472500000000000364e-02
-9.170399999999999385e-02
-8.473799999999999388e-02
-7.470299999999999163e-02
-6.192999999999999200e-02
-4.812099999999999711e-02
-3.363999999999999629e-02
-2.002100000000000060e-02
-7.429800000000000293e-03
2.535199999999999607e-03
9.556700000000001305e-03
1.245300000000000053e-02
1.198199999999999960e-02
7.933800000000001268e-03
1.288799999999999885e-03
-8.281299999999998385e-03
-1.965500000000000233e-02
-3.277200000000000252e-02
-4.603700000000000153e-02
-5.911100000000000382e-02
-7.054799999999999960e-02
-8.042399999999999549e-02
-8.762499999999999456e-02
-9.222700000000000342e-02
-9.325999999999999568e-02
-9.153100000000000125e-02
-8.684299999999998965e-02
-8.023500000000000076e-02
-7.148200000000000387e-02
-6.182200000000000195e-02
-5.141599999999999643e-02
-4.174399999999999639e-02
-3.282600000000000101e-02
-2.541900000000000062e-02
-1.885600000000000123e-02
-1.414600000000000059e-02
-1.108100000000000057e-02
-1.031199999999999999e-02
-1.097099999999999985e-02
-1.335999999999999861e-02
-1.648900000000000018e-02
-2.059599999999999972e-02
-2.471699999999999939e-02
-2.906000000000000250e-02
-3.238100000000000006e-02
-3.469200000000000061e-02
-3.507099999999999801e-02
-3.408800000000000024e-02
-3.102099999999999649e-02
-2.638899999999999926e-02
-1.980800000000000269e-02
-1.230200000000000043e-02
-3.553399999999999961e-03
5.318600000000000584e-03
1.445699999999999937e-02
2.291699999999999987e-02
3.076900000000000121e-02
3.690600000000000130e-02
4.163800000000000140e-02
4.413799999999999668e-02
4.493199999999999972e-02
4.343799999999999745e-02
4.036399999999999710e-02
3.533899999999999542e-02
2.928899999999999906e-02
2.201600000000000085e-02
1.459099999999999980e-02
6.866099999999999981e-03
-1.625099999999999874e-04
-6.717399999999999240e-03
-1.182900000000000097e-02
-1.582400000000000126e-02
-1.793799999999999908e-02
-1.871199999999999947e-02
-1.759499999999999953e-02
-1.531200000000000096e-02
-1.150400000000000034e-02
-7.047700000000000492e-03
-1.634700000000000215e-03
3.786599999999999775e-03
9.430599999999999053e-03
1.436399999999999830e-02
1.887799999999999895e-02
2.212899999999999937e-02
2.449099999999999888e-02
2.520400000000000071e-02
2.473200000000000051e-02
2.270199999999999996e-02
2.018499999999999808e-02
1.690399999999999889e-02
1.356500000000000067e-02
9.733000000000000332e-03
6.200599999999999688e-03
2.609900000000000067e-03
-2.469600000000000072e-04
-2.762000000000000132e-03
-4.237699999999999627e-03
-5.184799999999999826e-03
-4.982600000000000223e-03
-4.241700000000000158e-03
-2.475900000000000063e-03
-3.875799999999999992e-04
2.431599999999999907e-03
5.225600000000000384e-03
8.382600000000000467e-03
1.115000000000000019e-02
1.391899999999999908e-02
1.597099999999999909e-02
1.775399999999999895e-02
1.864000000000000032e-02
1.917100000000000054e-02
1.879499999999999921e-02
1.811999999999999722e-02
1.666300000000000073e-02
1.510099999999999984e-02
1.299300000000000108e-02
1.104100000000000047e-02
8.809200000000001404e-03
6.990899999999999545e-03
5.154500000000000227e-03
3.951200000000000198e-03
2.839400000000000170e-03
2.400800000000000243e-03
2.071499999999999991e-03
2.378199999999999585e-03
2.699199999999999690e-03
3.523100000000000363e-03
4.192500000000000046e-03
5.162399999999999281e-03
5.788399999999999102e-03
6.531799999999999932e-03
6.762200000000000329e-03
6.978900000000000554e-03
6.584300000000000395e-03
6.128499999999999399e-03
5.067499999999999956e-03
3.980599999999999937e-03
2.382599999999999909e-03
8.781400000000000186e-04
-9.910299999999999492e-04
-2.598699999999999795e-03
-4.393100000000000477e-03
-5.758799999999999683e-03
-7.167300000000000580e-03
-8.003599999999999604e-03
-8.768099999999999158e-03
-8.901499999999999690e-03
-8.925699999999999953e-03
-8.315200000000000022e-03
-7.629699999999999677e-03
-6.374399999999999684e-03
-5.141200000000000284e-03
-3.448400000000000337e-03
-1.894999999999999983e-03
-1.900699999999999945e-05
1.591599999999999872e-03
3.411800000000000423e-03
4.847600000000000520e-03
6.398600000000000815e-03
7.505599999999999425e-03
8.673500000000000654e-03
9.356700000000000780e-03
1.009900000000000034e-02
1.037300000000000028e-02
1.071500000000000057e-02
1.062100000000000023e-02
1.064800000000000121e-02
1.029599999999999960e-02
1.011100000000000020e-02
9.593499999999999597e-03
9.296500000000000943e-03
8.708699999999999775e-03
8.375999999999999765e-03
7.786799999999999104e-03
7.472100000000000616e-03
6.921200000000000616e-03
6.654300000000001013e-03
6.150699999999999397e-03
5.931999999999999773e-03
5.473500000000000067e-03
5.292700000000000009e-03
4.865799999999999986e-03
4.706300000000000067e-03
4.287600000000000786e-03
4.125000000000000194e-03
3.698100000000000172e-03
3.518299999999999813e-03
3.064099999999999723e-03
2.854300000000000153e-03
2.368800000000000332e-03
2.124000000000000020e-03
1.603500000000000108e-03
1.328799999999999990e-03
7.907399999999999542e-04
4.996700000000000187e-04
-4.338699999999999642e-05
-3.220899999999999740e-04
-8.369399999999999930e-04
-1.068700000000000119e-03
-1.524300000000000134e-03
-1.679799999999999740e-03
-2.040299999999999666e-03
-2.092800000000000129e-03
-2.338800000000000254e-03
-2.276699999999999991e-03
-2.407199999999999965e-03
-2.238599999999999878e-03
-2.272099999999999988e-03
-2.028199999999999968e-03
-2.008800000000000256e-03
-1.739900000000000170e-03
-1.726399999999999896e-03
-1.488799999999999976e-03
-1.539400000000000013e-03
-1.394900000000000133e-03
-1.557900000000000083e-03
-1.546700000000000028e-03
-1.852499999999999763e-03
-1.988399999999999977e-03
-2.432600000000000040e-03
-2.693800000000000101e-03
-3.241799999999999977e-03
-3.573300000000000608e-03
-4.158499999999999870e-03
-4.495100000000000137e-03
-5.041899999999999334e-03
-5.298999999999999891e-03
-5.730600000000000624e-03
-5.839800000000000026e-03
-6.095999999999999856e-03
-6.018800000000000365e-03
-6.076800000000000257e-03
-5.795399999999999163e-03
-5.660700000000000280e-03
-5.207599999999999729e-03
-4.924600000000000331e-03
-4.352799999999999551e-03
-3.983299999999999515e-03
-3.360999999999999838e-03
-2.980800000000000463e-03
-2.383900000000000428e-03
-2.054400000000000063e-03
-1.533000000000000074e-03
-1.301199999999999969e-03
-8.935100000000000290e-04
-7.753000000000000343e-04
-4.805400000000000036e-04
-4.678300000000000253e-04
-2.643400000000000068e-04
-3.257800000000000149e-04
-1.781999999999999947e-04
-2.774499999999999948e-04
-1.495599999999999978e-04
-2.477399999999999828e-04
-1.083899999999999973e-04
-1.849200000000000117e-04
-1.988200000000000039e-05
-7.373499999999999792e-05
1.110000000000000011e-04
7.223999999999999953e-05
2.493899999999999958e-04
1.914399999999999967e-04
3.401400000000000061e-04
2.399400000000000100e-04
3.286100000000000132e-04
1.546300000000000018e-04
1.696400000000000089e-04
-7.665199999999999726e-05
-1.354600000000000075e-04
-4.504099999999999922e-04
-5.639799999999999501e-04
-9.137999999999999855e-04
-1.045799999999999941e-03
-1.392299999999999961e-03
-1.500099999999999871e-03
-1.810099999999999817e-03
-1.850499999999999931e-03
-2.069699999999999838e-03
-2.020499999999999727e-03
-2.139499999999999909e-03
-1.981699999999999868e-03
-1.984700000000000266e-03
-1.717999999999999909e-03
-1.632499999999999837e-03
-1.283199999999999966e-03
-1.124900000000000075e-03
-7.229499999999999815e-04
-5.286800000000000136e-04
-1.193299999999999976e-04
7.164999999999999332e-05
4.649300000000000091e-04
6.262800000000000008e-04
9.708899999999999692e-04
1.073200000000000065e-03
1.363300000000000015e-03
1.401799999999999921e-03
1.625300000000000095e-03
1.605400000000000100e-03
1.769799999999999976e-03
1.698000000000000074e-03
1.816700000000000086e-03
1.701599999999999727e-03
1.788599999999999999e-03
1.651000000000000124e-03
1.714499999999999878e-03
1.551099999999999918e-03
1.599200000000000057e-03
1.423000000000000003e-03
1.454599999999999903e-03
1.266499999999999831e-03
1.283900000000000145e-03
1.081900000000000006e-03
1.082000000000000062e-03
8.683599999999999869e-04
8.549799999999999761e-04
6.271300000000000485e-04
6.029600000000000411e-04
3.730000000000000134e-04
3.436299999999999880e-04
1.115200000000000029e-04
8.798200000000001245e-05
-1.340799999999999902e-04
-1.417199999999999916e-04
-3.329599999999999834e-04
-3.224300000000000148e-04
-4.841600000000000265e-04
-4.370099999999999918e-04
-5.692400000000000454e-04
-4.882399999999999739e-04
-5.960100000000000077e-04
-4.809999999999999823e-04
-5.552800000000000097e-04
-4.246300000000000053e-04
-4.804699999999999856e-04
-3.334899999999999800e-04
-3.772800000000000199e-04
-2.252199999999999883e-04
-2.739500000000000181e-04
-1.222300000000000003e-04
-1.780700000000000078e-04
-3.371800000000000480e-05
-1.022099999999999989e-04
1.685900000000000240e-05
-6.005899999999999536e-05
4.478100000000000375e-05
-5.274899999999999928e-05
4.636100000000000556e-05
-6.269300000000000437e-05
2.950300000000000196e-05
-8.903500000000000390e-05
2.634100000000000009e-07
-1.170900000000000055e-04
-3.849199999999999670e-05
-1.460699999999999889e-04
-6.216600000000000077e-05
-1.749099999999999906e-04
-8.798200000000001245e-05
-1.980899999999999957e-04
-1.095800000000000045e-04
-2.085300000000000109e-04
-1.185400000000000001e-04
-2.170600000000000123e-04
-1.243299999999999972e-04
-2.202200000000000023e-04
-1.264399999999999888e-04
-2.223199999999999992e-04
-1.253899999999999904e-04
-2.054699999999999962e-04
-1.182700000000000044e-04
-2.033600000000000045e-04
-1.053700000000000025e-04
-1.859700000000000101e-04
-8.429400000000000304e-05
-1.648999999999999967e-04
-5.689800000000000310e-05
-1.332899999999999927e-04
-2.278599999999999834e-05
-9.812299999999999549e-05
9.351399999999999947e-06
-6.532799999999999523e-05
5.004999999999999684e-05
-2.423400000000000209e-05
8.534799999999999668e-05
6.322099999999999999e-06
1.148499999999999998e-04
3.839300000000000324e-05
1.361900000000000090e-04
5.215699999999999547e-05
1.427699999999999900e-04
5.426399999999999410e-05
1.432999999999999866e-04
4.794199999999999601e-05
1.311800000000000010e-04
3.786699999999999506e-05
1.215700000000000033e-04
2.318100000000000049e-05
1.032599999999999973e-04
6.058599999999999896e-06
8.613799999999999419e-05
-8.956200000000000749e-06
7.349399999999999802e-05
-2.383899999999999995e-05
5.913699999999999979e-05
-3.582499999999999666e-05
4.925899999999999712e-05
-4.188299999999999863e-05
4.083000000000000041e-05
-4.530800000000000056e-05
4.662500000000000168e-05
-4.399100000000000623e-05
3.503499999999999914e-05
-4.873200000000000031e-05
3.404700000000000115e-05
-4.899600000000000320e-05
3.450800000000000232e-05
-5.004899999999999464e-05
3.898600000000000248e-05
-5.057600000000000501e-05
3.898600000000000248e-05
