1.084700000000000074e-02
7.770699999999999309e-03
1.480699999999999898e-02
6.745300000000000080e-03
1.533000000000000161e-02
6.879200000000000245e-03
1.609299999999999967e-02
5.966199999999999629e-03
2.145599999999999938e-02
1.277600000000000090e-02
2.891799999999999926e-02
3.448600000000000276e-02
-7.705400000000000270e-03
-4.254700000000000149e-02
9.723100000000000145e-03
1.222099999999999922e-02
-2.156099999999999961e-01
-5.581399999999999695e-01
-7.117799999999999683e-01
-6.767199999999999882e-01
1.404199999999999893e-02
6.241300000000000736e-01
1.939899999999999958e+00
4.729899999999999771e+00
4.880099999999999660e+00
-7.870800000000000018e-01
-5.635799999999999699e+00
-5.329799999999999649e+00
-1.602600000000000025e+00
6.624900000000000233e+00
6.395900000000000141e+00
-6.936200000000000365e+00
-4.138300000000000090e+00
9.062699999999999534e+00
8.242800000000000793e+00
8.762999999999999901e+00
8.882300000000000750e+00
-2.284699999999999953e+00
-9.539199999999999235e+00
-7.539100000000000357e+00
-4.985299999999999621e+00
2.149300000000000210e+00
8.031900000000000261e+00
1.830999999999999961e+00
2.602099999999999969e-01
-1.199600000000000000e+00
-3.804600000000000204e+00
4.198900000000000077e+00
9.202400000000000801e+00
3.882099999999999884e+00
-6.482999999999999652e+00
-1.067200000000000060e+01
-1.474900000000000100e+00
-1.140099999999999864e-01
-7.938399999999999679e+00
-2.720000000000000195e+00
4.212600000000000122e+00
-4.239600000000000257e+00
-8.549699999999999633e+00
-3.906499999999999861e+00
-9.172700000000000742e+00
-4.654600000000000293e+00
7.853299999999999947e+00
2.408700000000000063e+00
-9.338600000000000234e-01
8.593899999999999650e+00
1.166300000000000026e+01
1.721600000000000019e+00
-3.088299999999999823e+00
1.156700000000000061e+00
3.013100000000000112e+00
3.341699999999999893e+00
8.724299999999999500e+00
1.185400000000000098e+01
6.567099999999999937e+00
2.173099999999999810e+00
-3.975800000000000001e+00
-1.199200000000000088e+01
-4.962500000000000355e+00
4.977999999999999758e+00
-3.956399999999999917e+00
-8.955500000000000682e+00
-9.572299999999999143e-01
7.145100000000000895e-01
-2.152200000000000113e+00
-2.101700000000000124e+00
2.840199999999999836e+00
7.176899999999999835e+00
1.724499999999999922e+00
-1.358200000000000074e+00
-2.351700000000000124e+00
-6.983399999999999608e+00
-5.805600000000000094e+00
1.374200000000000088e+00
6.057999999999999829e+00
4.089400000000000368e+00
-2.157700000000000173e+00
-7.221599999999999575e+00
-5.749399999999999622e+00
-2.954800000000000093e+00
-2.220400000000000151e+00
1.438499999999999890e+00
4.197400000000000020e+00
-2.480300000000000171e+00
-8.700100000000000833e+00
-4.381600000000000494e-01
6.994600000000000151e+00
7.644300000000000539e-01
-1.704199999999999937e+00
-3.846299999999999830e+00
-1.221900000000000119e+01
-8.901300000000000878e+00
2.244099999999999984e+00
8.996499999999999275e+00
1.307900000000000063e+01
4.831999999999999851e+00
-1.330400000000000027e+01
-1.915500000000000114e+01
-1.292099999999999937e+01
-4.650299999999999656e+00
-3.117599999999999885e-03
-4.183099999999999596e+00
-5.984200000000000408e+00
-8.948500000000000343e-01
2.380399999999999849e+00
1.277600000000000069e+00
7.285199999999999676e+00
1.267900000000000027e+01
7.091999999999999638e+00
3.398699999999999832e+00
2.364500000000000046e+00
2.527299999999999880e+00
6.451999999999999957e+00
3.620800000000000018e+00
2.514899999999999913e+00
1.315099999999999936e+00
-3.957100000000000062e+00
2.641699999999999604e-01
-8.205200000000000271e-01
-5.134000000000000341e+00
4.284299999999999997e+00
1.018299999999999983e+01
4.598700000000000010e-01
-6.489899999999999558e+00
-5.643600000000000172e+00
-5.353299999999999947e+00
-6.018799999999999706e+00
-9.104100000000000525e-01
6.012100000000000222e+00
5.036800000000000388e+00
3.701499999999999790e+00
1.013400000000000079e+00
-2.713099999999999845e+00
-1.860999999999999988e+00
-1.170600000000000085e+00
-2.947500000000000120e-02
1.251600000000000046e+00
2.830099999999999838e+00
1.250000000000000000e+00
-1.065599999999999881e+01
-9.601800000000000779e+00
1.100999999999999979e+01
1.237900000000000134e+01
-3.131600000000000161e+00
-9.943500000000000227e+00
-6.629800000000000360e+00
-4.130099999999999660e+00
-1.617899999999999894e+00
2.627600000000000158e+00
2.380599999999999827e+00
1.619799999999999907e+00
-3.752300000000000080e-01
-1.781900000000000039e+00
6.619800000000000129e-01
-1.942099999999999937e+00
-3.626199999999999868e+00
-1.285300000000000109e+00
-7.449600000000000666e-01
3.923399999999999804e-02
-3.000900000000000123e+00
-3.778799999999999937e+00
-5.571000000000000396e-01
9.691700000000000870e-01
1.535400000000000098e+01
2.013700000000000045e+01
5.982499999999999929e+00
7.684300000000000352e+00
8.108299999999999841e+00
-3.648400000000000087e+00
-4.936700000000000088e+00
-5.006400000000000183e+00
-5.196900000000000297e+00
3.072900000000000187e+00
6.075499999999999901e+00
-2.364900000000000002e+00
-2.898099999999999898e+00
6.270999999999999908e+00
6.156100000000000350e+00
7.398500000000000298e+00
7.509599999999999831e+00
-2.254799999999999915e+00
-6.484700000000000131e+00
-3.267999999999999794e+00
3.321999999999999953e-01
1.529700000000000060e+00
4.179700000000000415e+00
8.850899999999999324e+00
1.952399999999999913e+00
-8.389200000000000657e+00
-9.346299999999999386e+00
-9.081099999999999284e+00
-5.511000000000000121e+00
1.495900000000000007e+00
-1.629099999999999993e+00
-4.654200000000000337e+00
1.747200000000000086e+00
5.583899999999999864e+00
9.301600000000000534e+00
9.583800000000000097e+00
2.571899999999999853e+00
1.317099999999999937e+00
-2.426400000000000112e+00
-4.577600000000000335e+00
1.865699999999999914e+00
3.207599999999999785e+00
8.750600000000000600e-01
1.666899999999999979e-02
1.915200000000000014e+00
3.002299999999999969e+00
1.244799999999999907e+00
3.736899999999999888e+00
5.724899999999999878e+00
4.680100000000000371e+00
1.738499999999999934e+00
-9.619500000000000384e+00
-1.448499999999999943e+01
-5.431899999999999729e+00
3.509300000000000086e+00
8.094099999999999184e+00
7.392900000000000027e+00
-3.091299999999999937e+00
-8.602399999999999380e+00
-7.522000000000000242e+00
-1.202400000000000091e+01
-3.703800000000000203e+00
8.898300000000000765e+00
6.490499999999999936e+00
4.937500000000000000e+00
7.315000000000000391e+00
7.529600000000000293e+00
5.987099999999999866e+00
-1.192099999999999965e-01
-1.310000000000000053e+00
8.349799999999999445e-01
-1.236800000000000033e+01
-1.345099999999999874e+01
4.053200000000000358e+00
5.215099999999999625e+00
1.116200000000000081e+00
5.602299999999999613e+00
-2.109700000000000131e+00
-4.865300000000000402e+00
4.015900000000000247e+00
-4.884699999999999598e+00
-1.317999999999999972e+01
-8.413399999999999324e+00
-6.639999999999999680e+00
-3.225499999999999812e+00
-2.767100000000000115e-01
-5.302699999999999747e+00
-1.828699999999999992e+00
6.654399999999999871e+00
7.347800000000000331e+00
6.487499999999999822e+00
-1.024000000000000021e+00
-3.616499999999999826e+00
4.378899999999999793e+00
1.421599999999999975e+00
-4.660899999999999821e+00
-1.802100000000000035e+00
1.346100000000000074e-02
1.008499999999999952e+00
1.930600000000000094e+00
2.149199999999999722e-01
5.005699999999999594e-01
1.563900000000000068e+00
1.052000000000000046e+00
6.923399999999999554e-01
5.468200000000000394e+00
7.310999999999999943e+00
-1.288399999999999990e+00
-1.280499999999999972e+00
4.070400000000000240e+00
-1.817700000000000149e-01
-2.777299999999999880e+00
-1.136300000000000088e+00
-5.525800000000000267e+00
-1.185200000000000031e+01
-7.930100000000000371e+00
1.511500000000000066e+00
1.306200000000000139e-01
-7.539900000000000269e+00
-4.894599999999999618e+00
2.890099999999999891e+00
2.408500000000000085e+00
-3.022100000000000009e+00
-4.310900000000000176e+00
1.554300000000000015e+00
5.270199999999999330e-01
-9.146699999999999164e+00
-7.701699999999999768e+00
4.004900000000000126e-01
5.038400000000000212e+00
5.656500000000000306e+00
2.632200000000000095e+00
4.969899999999999873e-01
4.167399999999999438e-01
2.383199999999999763e-01
-3.875700000000000145e+00
-8.269800000000000040e+00
-6.579399999999999693e+00
-2.203100000000000058e+00
4.205000000000000071e+00
2.189400000000000013e+00
-3.255500000000000060e-01
7.464999999999999858e+00
4.068100000000000271e+00
-2.466499999999999915e+00
2.756299999999999972e+00
5.842600000000000016e+00
6.346000000000000085e+00
-2.043400000000000216e-01
-6.141899999999999693e+00
2.945300000000000029e+00
5.480899999999999661e-01
-3.803100000000000147e+00
5.410099999999999909e+00
-4.812299999999999578e+00
-1.172099999999999831e+01
-1.135499999999999982e-01
-2.793699999999999850e+00
6.332300000000000706e-01
1.010799999999999876e+01
6.021600000000000286e+00
6.942700000000000315e+00
3.555699999999999861e+00
-4.438799999999999635e+00
1.303800000000000070e+00
4.355500000000000149e+00
-2.517199999999999882e+00
-7.106700000000000017e+00
-6.877200000000000202e+00
-4.324099999999999611e+00
-1.007500000000000062e+00
4.594699999999999562e+00
5.333400000000000141e+00
2.848599999999999799e+00
2.435400000000000065e-01
-5.487599999999999589e+00
-4.984899999999999665e+00
-7.488999999999999879e+00
-6.943699999999999761e+00
2.514200000000000212e+00
4.963499999999999801e+00
3.548399999999999999e+00
4.352000000000000313e+00
6.496899999999999897e-01
-1.973000000000000087e+00
-5.730499999999999483e-01
-1.062500000000000000e+00
3.281200000000000117e+00
5.845699999999999896e+00
5.407700000000000173e+00
4.180900000000000283e+00
-1.340100000000000069e+00
-1.950700000000000101e+00
-4.296200000000000019e-01
-1.025800000000000045e+00
-3.200099999999999945e+00
-2.648000000000000131e+00
2.709799999999999986e+00
2.528500000000000192e+00
3.143800000000000150e+00
3.725999999999999979e+00
1.892600000000000060e+00
1.850800000000000001e+00
-3.674599999999999866e+00
-4.486600000000000144e+00
8.842499999999999805e-01
1.557500000000000107e+00
2.962099999999999955e+00
4.267999999999999794e+00
6.155300000000000438e+00
5.644800000000000040e+00
-4.594400000000000261e+00
-2.336100000000000065e+00
8.112299999999999400e+00
8.010999999999999233e+00
4.913400000000000212e+00
1.300100000000000033e+00
1.110999999999999988e+00
6.434199999999999697e+00
5.826800000000000423e+00
-9.554799999999998850e-01
-1.429599999999999982e+00
-1.478799999999999892e+00
-5.007100000000000328e+00
-6.074900000000000411e+00
-5.175399999999999778e+00
-9.403100000000000902e-01
2.337499999999999911e+00
2.154999999999999805e+00
-1.319199999999999928e+00
5.857199999999999906e-03
7.385600000000000165e+00
9.950399999999999245e-01
-1.065299999999999914e+00
6.357700000000000351e+00
1.419799999999999951e+00
8.245299999999998741e-01
4.289399999999999658e+00
-6.908800000000000274e+00
-7.764400000000000190e+00
3.951400000000000023e+00
4.022999999999999687e+00
-4.083400000000000363e-01
4.322499999999999787e+00
6.552200000000000024e+00
2.414900000000000033e-02
-7.010199999999999765e-01
-2.860799999999999788e+00
-1.078500000000000014e+01
-1.063099999999999845e+01
-4.729300000000000281e+00
-2.152000000000000135e+00
-2.964500000000000135e+00
-1.127099999999999991e+00
4.647999999999999687e+00
4.395299999999999763e+00
2.027800000000000047e+00
1.010799999999999876e+01
6.985699999999999577e+00
-6.953999999999999737e+00
-7.568699999999999761e+00
-6.320599999999999774e+00
-1.011399999999999899e+01
-2.548399999999999999e+00
7.183600000000000207e+00
3.372700000000000031e+00
4.721800000000000441e-01
-7.374699999999999589e-01
-1.917300000000000004e+00
-1.321600000000000108e+00
-2.045399999999999996e-01
1.255900000000000016e+00
-2.264699999999999935e+00
-2.956199999999999939e+00
-9.752999999999999448e-01
2.929100000000000037e-01
-5.362800000000000011e+00
-1.634799999999999898e+01
-1.048799999999999955e+01
-2.336500000000000021e+00
-4.532899999999999707e+00
-4.636000000000000121e+00
5.135100000000000220e-01
5.773299999999999876e+00
6.655300000000000438e+00
4.185800000000000409e+00
4.819200000000000372e+00
4.653299999999999770e+00
2.622500000000000053e+00
6.903900000000000148e+00
4.069200000000000372e+00
-1.223899999999999988e+00
8.540799999999999503e-01
-1.376400000000000068e+00
-3.886800000000000033e+00
-1.094300000000000050e+00
-3.339100000000000179e+00
-5.468700000000000117e+00
-3.971799999999999997e+00
-2.499499999999999833e+00
1.528799999999999937e+00
6.429700000000000415e+00
9.149499999999999744e+00
4.766300000000000203e+00
-1.727299999999999947e-01
-9.022499999999999964e-01
-4.977100000000000080e+00
-9.733299999999999841e+00
-5.971700000000000230e+00
9.083999999999999853e-01
2.246199999999999974e+00
6.433300000000000018e+00
9.596399999999999153e+00
4.507799999999999585e+00
1.287600000000000078e+00
-4.415499999999999980e-01
-2.119000000000000217e+00
-3.525199999999999889e+00
-6.252200000000000202e+00
-2.980399999999999938e+00
-1.209999999999999964e+00
-5.203599999999999781e+00
1.042100000000000026e+00
8.056100000000000705e+00
9.870100000000000540e-01
6.958699999999999886e-01
2.369600000000000151e+00
-8.234999999999999432e+00
-4.003300000000000303e+00
7.414399999999999658e+00
2.840700000000000003e+00
9.432799999999998963e-01
1.463000000000000078e+00
-3.878299999999999859e+00
-4.176599999999999646e+00
-7.912600000000000300e+00
-9.890700000000000713e+00
-4.437599999999999767e+00
-2.998299999999999965e+00
7.683900000000000396e+00
1.471700000000000053e+01
6.550900000000000389e+00
4.910099999999999909e+00
8.359799999999999898e+00
7.328000000000000291e+00
2.695199999999999818e+00
-1.992299999999999960e+00
-3.226300000000000168e+00
-4.488199999999999967e+00
-6.977299999999999613e+00
-2.580799999999999983e+00
-3.616099999999999870e+00
-6.598200000000000287e+00
2.257600000000000051e+00
3.589500000000000135e+00
-5.292799999999999727e-01
2.220200000000000173e+00
-1.051399999999999890e+00
-5.396100000000000341e-01
3.200600000000000112e+00
-2.175399999999999778e+00
-6.041000000000000369e+00
-9.336100000000000065e+00
-9.897199999999999775e+00
-3.399700000000000166e+00
-1.000799999999999912e+00
-2.531300000000000217e-01
5.320000000000000284e+00
5.943800000000000416e+00
4.149200000000000443e+00
4.785700000000000287e+00
6.177100000000000257e+00
1.533300000000000107e+00
-7.475900000000000212e+00
-2.618599999999999817e+00
2.805800000000000072e+00
-3.134700000000000042e+00
-2.257600000000000051e+00
6.342500000000000249e+00
2.812300000000000022e+00
-6.186099999999999710e+00
-2.823700000000000099e+00
3.164499999999999869e+00
6.273900000000000254e+00
2.778000000000000025e+00
-8.248300000000000409e+00
-7.377699999999999925e+00
1.734799999999999898e+00
8.358499999999999819e-01
1.870700000000000029e+00
7.596899999999999764e+00
7.937400000000000233e+00
-1.458000000000000129e-01
-5.343099999999999739e+00
-1.982599999999999918e+00
-2.931799999999999962e+00
-6.235199999999999854e+00
-2.710399999999999920e+00
-9.385899999999999244e-01
2.410800000000000054e+00
9.835399999999999920e+00
8.809799999999999187e+00
1.954299999999999926e+00
2.299700000000000077e+00
4.364899999999999558e+00
-2.015800000000000036e+00
-1.655799999999999939e+00
-3.497199999999999753e-01
-3.847700000000000120e+00
-4.327399999999999913e+00
-1.493200000000000083e+00
3.186700000000000088e+00
7.645599999999999952e+00
7.383000000000000007e+00
-4.879800000000000360e+00
-6.989899999999999558e+00
5.483200000000000074e+00
7.155000000000000249e+00
5.008799999999999919e+00
6.309899999999999842e+00
4.794600000000000528e-01
-9.541399999999999881e-01
2.478699999999999903e+00
-2.505700000000000038e+00
-4.215200000000000280e+00
-2.757699999999999818e+00
-8.696799999999999642e+00
-1.169400000000000084e+01
-9.206500000000000128e+00
-6.992300000000000182e+00
2.257299999999999862e+00
1.045400000000000063e+01
1.442900000000000027e+01
2.087599999999999767e+01
1.462900000000000134e+01
2.458200000000000163e+00
-2.090300000000000213e-01
-4.836400000000000254e+00
-6.115700000000000358e+00
6.970300000000000107e-02
-2.494099999999999984e+00
-5.759299999999999642e+00
-2.684099999999999819e-01
3.867399999999999949e+00
-3.737499999999999822e+00
-1.115700000000000003e+01
-6.818200000000000038e+00
-3.125399999999999956e+00
7.876900000000000013e-01
3.248099999999999987e+00
-1.032000000000000028e+00
-5.501800000000000246e+00
-3.629900000000000126e+00
1.537900000000000045e+00
7.899099999999999788e+00
8.107599999999999696e+00
4.259100000000000108e+00
2.056500000000000217e+00
1.245999999999999996e+00
-1.371700000000000141e-01
-5.996599999999999930e+00
-7.182900000000000063e+00
-5.565100000000000158e+00
-4.116399999999999615e+00
6.553700000000000081e+00
1.473499999999999943e+01
1.280400000000000027e+01
6.259000000000000341e+00
-1.426800000000000068e+00
-9.137999999999999901e+00
-1.650300000000000011e+01
-1.324499999999999922e+01
-4.078199999999999825e+00
-4.288899999999999935e+00
-7.203199999999999825e+00
-5.388600000000000279e+00
-5.629299999999999748e+00
-6.758700000000000152e+00
-7.585399999999999920e-01
9.032700000000000173e+00
6.801499999999999879e+00
-3.940299999999999914e-01
5.754600000000000826e-01
1.599699999999999900e+00
-7.609799999999999898e-01
-1.944099999999999939e+00
-4.499900000000000233e+00
-9.493199999999999861e+00
-6.730999999999999872e+00
5.640399999999999636e+00
8.733900000000000219e+00
1.244499999999999940e+00
2.387100000000000222e+00
7.811300000000000132e+00
7.990300000000000402e+00
7.413100000000000023e+00
7.087799999999999656e+00
7.613800000000000567e-01
-5.944399999999999906e+00
1.314999999999999947e+00
1.585800000000000098e+00
-9.686199999999999477e+00
-8.169800000000000395e+00
-2.873099999999999987e+00
-2.813700000000000090e-01
8.344099999999999850e-01
-1.118800000000000017e+00
2.170300000000000118e+00
5.256800000000000139e+00
1.288000000000000034e+00
2.904700000000000060e+00
4.931000000000000050e+00
9.966899999999999649e-01
-1.070699999999999985e+00
-2.912599999999999856e+00
-1.318799999999999972e+00
1.969599999999999962e-01
7.023099999999999898e-01
4.885799999999999699e+00
4.922000000000000264e-01
-3.339300000000000157e+00
2.477100000000000080e+00
6.591899999999999871e+00
6.505499999999999616e+00
1.188499999999999890e+00
-4.567899999999999849e+00
-7.278200000000000225e-01
2.155699999999999839e-01
-6.076800000000000423e+00
-6.878800000000000026e+00
-2.290900000000000158e+00
-3.943999999999999950e+00
-2.334900000000000198e+00
3.309299999999999908e+00
-5.210300000000000153e+00
-1.877000000000000002e+00
1.142200000000000060e+01
3.012399999999999967e+00
-5.704900000000000304e+00
-1.792999999999999927e+00
4.060099999999999820e-02
3.771799999999999820e+00
5.020299999999999763e+00
-6.426400000000000112e+00
-1.009700000000000131e+01
-4.646700000000000053e+00
-1.972299999999999942e+00
1.439000000000000001e-01
2.968999999999999861e+00
7.926099999999999923e+00
7.317999999999999616e+00
3.887799999999999923e+00
2.176699999999999857e+00
6.404899999999999594e+00
8.435000000000000497e+00
-1.481000000000000094e+00
-8.511200000000000543e+00
-2.998299999999999965e+00
-1.237300000000000066e+00
-4.763899999999999579e+00
-1.582299999999999818e-01
3.409100000000000019e+00
1.940199999999999980e-01
7.609899999999999443e-01
5.016099999999999781e+00
2.267399999999999860e+00
3.529599999999999849e+00
6.037099999999999689e+00
-3.061500000000000110e+00
-5.991399999999999615e+00
-3.975200000000000067e+00
-1.037599999999999945e+01
-5.954699999999999882e+00
4.861900000000000333e+00
2.265400000000000191e-01
-3.796600000000000197e+00
1.989800000000000013e+00
1.568699999999999983e+00
-1.818799999999999972e+00
-3.114500000000000046e-01
-1.965300000000000047e+00
-6.674800000000000288e+00
-3.602399999999999824e+00
4.026099999999999568e+00
7.301700000000000301e+00
4.482999999999999652e+00
2.415599999999999969e+00
1.812799999999999967e+00
1.251600000000000046e+00
3.271799999999999820e+00
-2.069699999999999873e-01
-1.464599999999999902e+00
3.526100000000000012e+00
-1.602899999999999991e+00
-6.455300000000000260e+00
-9.857200000000000684e-02
5.155100000000000016e+00
4.575199999999999712e+00
1.846000000000000085e+00
-3.277999999999999803e-01
-4.524100000000000343e-01
-7.577499999999999680e+00
-1.050599999999999845e+01
-2.717499999999999805e+00
2.226799999999999891e+00
7.784600000000000186e+00
1.380099999999999838e+01
1.298499999999999943e+01
7.925500000000000433e+00
5.397499999999999964e+00
4.082499999999999574e+00
-1.523400000000000087e+00
-4.812199999999999811e+00
-1.739999999999999991e+00
-5.905599999999999739e+00
-9.419900000000000162e+00
-5.723600000000000243e+00
-7.442499999999999893e+00
-5.681400000000000006e+00
-4.728199999999999625e-01
1.340999999999999970e+00
1.312500000000000000e+00
1.005599999999999966e-01
6.245500000000000496e-01
1.077499999999999902e+00
2.409400000000000208e+00
2.654399999999999871e+00
-8.344900000000000873e+00
-1.378500000000000014e+01
-2.902400000000000091e+00
2.025300000000000017e-02
-4.902999999999999581e+00
-2.694700000000000095e+00
-3.167300000000000004e+00
-3.000999999999999890e+00
4.193399999999999572e+00
3.367999999999999883e+00
8.736399999999999721e-02
1.336400000000000032e+00
-1.166500000000000092e+00
2.439299999999999802e+00
7.413400000000000212e+00
-1.404300000000000104e+00
-2.909499999999999975e+00
9.314299999999999358e+00
1.361900000000000155e+01
5.814700000000000202e+00
-2.279599999999999849e+00
-5.007500000000000284e+00
4.592499999999999916e-01
3.500599999999999934e+00
-1.347499999999999920e+00
2.866900000000000004e-01
3.202300000000000146e+00
2.449800000000000200e+00
3.684600000000000097e+00
5.384900000000000103e-02
-6.979499999999999815e+00
-5.914600000000000080e+00
-1.152800000000000047e+00
1.057400000000000145e-01
1.567399999999999904e+00
2.747500000000000053e+00
-4.964000000000000412e+00
-7.121800000000000352e+00
3.854400000000000048e+00
4.109399999999999942e+00
-1.963500000000000023e+00
1.182300000000000018e-01
2.683600000000000207e+00
2.259700000000000042e+00
1.184500000000000108e+00
1.830999999999999961e+00
-1.946999999999999773e-02
-6.816099999999999604e+00
-7.723200000000000287e+00
-7.838899999999999757e+00
-5.898900000000000254e+00
3.748299999999999965e+00
2.843999999999999861e+00
-3.768600000000000172e+00
1.739199999999999913e-01
4.464299999999999935e-01
-1.721899999999999986e+00
4.785099999999999909e+00
3.204600000000000115e+00
1.847599999999999909e+00
3.430699999999999861e+00
-8.407100000000000684e-01
9.460900000000000531e+00
1.460099999999999909e+01
1.589800000000000102e+00
-5.117399999999999949e+00
-4.997499999999999609e+00
-2.300800000000000178e+00
-4.546300000000000341e-01
7.864499999999999824e-01
8.621900000000000119e+00
9.925200000000000244e+00
3.513300000000000090e+00
-5.094400000000000039e-01
-5.503300000000000303e+00
-9.936400000000000787e+00
-5.932500000000000107e+00
1.092500000000000027e+00
3.202300000000000146e-01
4.551699999999999635e-01
6.177900000000000169e+00
3.635899999999999910e+00
-2.702500000000000124e+00
2.240299999999999958e+00
2.185500000000000220e+00
-1.048900000000000077e+01
-1.004700000000000060e+01
-1.219700000000000006e+00
-4.600500000000000256e+00
-3.428399999999999892e+00
3.980199999999999960e+00
4.751699999999999591e+00
-4.431700000000000084e-01
-7.799699999999999633e+00
-4.489899999999999558e+00
1.108700000000000019e+00
7.705899999999999972e-01
1.466099999999999959e+00
1.782499999999999973e+00
-5.179700000000000415e+00
-1.023499999999999943e+01
-2.017799999999999816e+00
2.923599999999999977e+00
3.380900000000000016e+00
8.522000000000000242e+00
1.273599999999999888e+01
8.313599999999999213e+00
2.442499999999999949e-01
-9.581100000000000172e-01
-4.279499999999999638e+00
-6.527300000000000324e+00
-3.162599999999999856e+00
-2.827199999999999935e+00
-4.008899999999999686e+00
-9.539899999999999380e+00
-1.047599999999999909e+01
8.614800000000000679e+00
2.630699999999999861e+01
1.778599999999999781e+01
-2.270999999999999908e+00
-6.072400000000000020e+00
-1.457799999999999985e+00
-1.356200000000000072e+00
-1.635699999999999932e+00
7.620000000000000107e-01
-1.381399999999999961e+00
-6.451999999999999957e+00
5.796399999999999331e-01
6.249799999999999578e+00
2.826600000000000001e+00
2.567900000000000182e-01
-7.480100000000000193e+00
-1.654500000000000171e+01
-1.322799999999999976e+01
-5.825300000000000367e+00
-2.610100000000000087e+00
-1.521099999999999952e-01
3.349899999999999878e+00
8.384800000000000253e+00
1.549099999999999966e+01
1.239400000000000013e+01
-3.669099999999999806e+00
-1.388799999999999990e+01
-1.094800000000000040e+01
-7.457300000000000040e+00
-1.640500000000000069e+00
8.833399999999999253e+00
1.150200000000000067e+01
9.081099999999999284e+00
3.134799999999999809e+00
-4.510200000000000209e+00
-8.838000000000000300e-01
-8.141699999999999493e-01
-6.904099999999999682e+00
2.959099999999999842e+00
8.714600000000000790e+00
1.384600000000000053e+00
1.530499999999999972e+00
-3.389899999999999913e+00
-1.104599999999999937e+01
-3.367999999999999883e+00
1.119499999999999940e+00
-9.939000000000000057e-01
4.785400000000000098e+00
7.568999999999999950e+00
-6.670099999999999918e-01
-2.454800000000000315e-01
7.301499999999999879e+00
3.969199999999999839e+00
-2.269400000000000084e+00
-5.893600000000000172e+00
-1.121400000000000041e+01
-8.788800000000000168e+00
2.413400000000000212e+00
1.227899999999999991e+00
-5.662200000000000344e+00
-2.669000000000000039e+00
-3.500999999999999890e+00
-2.585999999999999854e+00
6.915099999999999802e+00
1.007900000000000063e+01
1.032000000000000028e+01
8.209899999999999309e+00
-1.954900000000000082e+00
-3.339300000000000157e+00
3.760299999999999976e+00
5.553799999999999848e+00
5.980400000000000382e+00
7.881700000000000372e+00
3.439700000000000202e+00
5.041499999999999454e-02
-1.084999999999999964e+00
-1.156499999999999950e+01
-1.328700000000000081e+01
-5.553799999999999848e+00
-3.865099999999999980e+00
2.593799999999999883e+00
3.144800000000000040e+00
-1.453200000000000047e+00
4.926999999999999602e+00
4.577899999999999636e+00
2.948999999999999844e+00
3.463999999999999968e+00
-3.185700000000000198e+00
-6.688399999999999679e+00
-3.659600000000000186e+00
-8.720700000000001229e-01
-2.992999999999999883e+00
-7.734600000000000364e-01
5.977500000000000036e-01
-3.818999999999999950e+00
-6.348500000000000254e-01
2.913400000000000212e+00
-5.549500000000000544e-01
-1.746799999999999908e+00
-6.105199999999999516e-01
3.597199999999999953e+00
6.102999999999999758e+00
-1.735200000000000076e+00
-4.387999999999999901e+00
-3.363300000000000178e+00
-4.733999999999999986e+00
2.828399999999999803e+00
6.585600000000000342e+00
-4.845300000000000162e-01
-1.638400000000000079e+00
2.942699999999999871e+00
-3.531599999999999739e-01
-3.498499999999999943e+00
-1.749900000000000011e+00
3.340700000000000003e+00
8.403100000000000236e+00
6.293800000000000061e+00
7.884599999999999831e+00
1.017600000000000016e+01
5.829399999999999693e+00
1.589499999999999913e+00
1.637399999999999967e-01
-3.520199999999999996e+00
-1.064299999999999891e+01
-1.336500000000000021e+01
-1.308400000000000141e+01
-1.023899999999999899e+01
4.902600000000000291e-01
9.853400000000000603e+00
1.241699999999999982e+01
1.480400000000000027e+01
1.405599999999999916e+01
7.981099999999999639e+00
-4.032899999999999707e+00
-1.233300000000000018e+01
-1.166599999999999859e+01
-7.102000000000000313e+00
4.641099999999999781e+00
1.018799999999999883e+01
4.896199999999999997e-01
-5.109700000000000131e+00
-7.598799999999999999e-01
2.841099999999999959e+00
6.734899999999999665e+00
5.695700000000000429e+00
6.392200000000000104e-01
4.554800000000000182e+00
9.444300000000000139e+00
3.844199999999999839e+00
-6.607300000000000395e+00
-7.658199999999999896e+00
-5.115199999999999747e+00
-4.310299999999999798e+00
7.392900000000000027e-01
2.122100000000000097e+00
-1.883499999999999952e+00
-1.375099999999999989e+00
8.730700000000001237e-01
3.985100000000000087e+00
8.523199999999999221e+00
5.224999999999999645e+00
-2.329000000000000181e+00
-5.253099999999999881e+00
-6.543300000000000338e+00
-8.618900000000000006e+00
-1.905000000000000027e+00
5.715700000000000003e+00
5.764899999999999913e+00
7.671199999999999797e+00
4.467800000000000438e+00
-5.234099999999999753e+00
-1.103400000000000070e+01
-9.834899999999999309e+00
-6.288599999999999746e+00
-4.046999999999999709e+00
-1.842600000000000016e+00
-4.845500000000000362e+00
-8.560100000000000264e+00
-4.331900000000000084e+00
4.229700000000000237e+00
8.923700000000000188e+00
4.793899999999999828e+00
-2.980300000000000171e+00
-1.257500000000000062e+00
9.548799999999999510e-01
-3.534100000000000019e+00
-2.960599999999999898e+00
-2.895900000000000141e+00
-3.619299999999999962e+00
3.569500000000000117e+00
8.385999999999999233e+00
-1.669599999999999973e+00
-9.774599999999999511e+00
-5.855100000000000193e+00
-2.839199999999999946e+00
-3.478499999999999925e+00
4.868399999999999395e-01
6.460899999999999643e+00
-3.603499999999999925e+00
-9.045700000000000074e+00
2.691999999999999948e-01
6.202300000000000146e+00
8.535899999999999821e+00
9.367499999999999716e+00
6.807299999999999685e+00
4.796299999999999564e+00
2.436599999999999877e+00
2.779300000000000104e-01
-2.188800000000000079e+00
-1.043799999999999883e+01
-1.006200000000000117e+01
-5.929100000000000037e+00
-4.418199999999999683e+00
-5.873699999999999755e-02
1.171399999999999997e+00
7.484100000000000197e-01
4.039500000000000313e+00
6.915799999999999947e+00
7.235100000000000087e+00
2.644600000000000062e+00
-2.886299999999999866e+00
-1.077599999999999891e+00
1.163599999999999968e+00
-1.879299999999999971e+00
-3.943999999999999950e+00
-6.358600000000000030e+00
-7.947899999999999743e+00
-6.254400000000000404e+00
-4.081299999999999706e+00
2.623600000000000154e+00
9.338800000000000878e+00
2.540500000000000203e+00
-7.233299999999999841e+00
-7.469999999999999751e+00
-9.207200000000000273e+00
-6.758899999999999686e+00
2.135899999999999910e+00
-3.607299999999999951e+00
-7.849800000000000111e+00
5.187199999999999811e+00
7.927299999999999791e+00
6.616400000000000059e-01
-5.236199999999999743e-01
-1.625499999999999945e+00
4.281399999999999650e-01
7.014899999999999913e+00
9.853799999999999670e+00
7.065500000000000114e+00
-1.132599999999999883e-03
-5.556300000000000239e+00
-1.603799999999999892e+00
4.858100000000000307e+00
5.892900000000000027e+00
1.605099999999999971e+00
-5.419999999999999929e+00
-1.107900000000000063e+01
-9.189600000000000435e+00
-3.102300000000000058e+00
-5.742599999999999927e-01
-8.016999999999999682e-01
-1.291700000000000070e+00
-5.200100000000000833e-01
1.352100000000000080e+00
3.709900000000000198e+00
3.933899999999999952e+00
-3.080000000000000071e+00
-3.889299999999999979e+00
4.019999999999999574e+00
8.246999999999999886e+00
8.527900000000000702e+00
3.201499999999999790e+00
1.339199999999999946e+00
4.447600000000000442e+00
-3.455400000000000027e+00
-1.196000000000000085e+01
-7.416100000000000136e+00
-1.960199999999999942e+00
-4.117800000000000349e-01
-8.370400000000000063e-01
-3.188499999999999890e+00
-4.608699999999999797e+00
-4.914600000000000635e-01
3.346500000000000030e-01
-1.173400000000000176e+01
-1.631599999999999895e+01
-5.506499999999999950e+00
-4.129700000000000037e-01
5.305500000000000327e+00
8.608700000000000685e+00
4.180600000000000427e-01
-4.121100000000000207e+00
-1.533500000000000085e+00
-3.583600000000000119e-01
-1.508699999999999930e+00
-3.708299999999999930e+00
-3.547699999999999854e+00
-1.847900000000000098e+00
-4.056099999999999817e+00
-4.075199999999999712e+00
3.141700000000000159e+00
1.044700000000000095e+01
1.433400000000000141e+01
1.456400000000000006e+01
3.309600000000000097e+00
-2.389400000000000190e+00
2.504799999999999915e+00
1.404199999999999893e+00
4.635199999999999876e-01
4.271499999999999631e+00
3.439900000000000180e-01
-3.860199999999999854e+00
-1.626400000000000068e+00
1.199500000000000011e+00
4.734300000000000175e+00
3.505799999999999805e+00
1.357700000000000018e-01
2.417100000000000026e+00
4.761199999999999655e+00
3.691600000000000215e+00
4.209800000000000431e+00
-2.439000000000000057e+00
-9.222200000000000841e+00
-1.214099999999999957e+00
6.948699999999999655e+00
4.945299999999999585e+00
2.942600000000000104e+00
2.074500000000000011e+00
5.199499999999999567e+00
9.834099999999999397e+00
7.655300000000000438e+00
1.693300000000000027e+00
-1.423200000000000021e+00
-6.113999999999999879e+00
-9.934599999999999653e+00
-7.393799999999999706e+00
-1.013499999999999979e+01
-1.291000000000000014e+01
-2.629399999999999959e+00
5.988800000000000345e+00
5.081900000000000084e+00
1.187599999999999906e-01
-8.955299999999999372e+00
-1.127999999999999936e+01
1.768499999999999961e+00
1.353999999999999915e+01
1.087400000000000055e+01
4.102999999999999758e+00
5.456400000000000361e+00
8.182100000000000151e+00
3.778200000000000003e+00
3.618399999999999839e+00
8.940500000000000114e+00
1.141400000000000148e+01
8.095700000000000784e+00
8.716799999999998994e-01
-5.604599999999999582e+00
-4.394499999999999851e+00
-4.839699999999999669e+00
-1.331900000000000084e+01
-9.390100000000000335e+00
4.171299999999999564e+00
4.437299999999999578e+00
7.321299999999999919e+00
2.171000000000000085e+01
2.161300000000000310e+01
1.546700000000000053e+01
1.771199999999999974e+01
1.367999999999999972e+01
2.827599999999999891e+00
7.625300000000000411e-01
5.389199999999999768e+00
8.874900000000000233e+00
1.590299999999999869e+01
1.818099999999999739e+01
7.938100000000000378e+00
-8.489399999999999169e-01
-1.435899999999999954e+00
-7.554699999999999749e-01
-2.878600000000000048e+00
-4.088199999999999612e+00
-1.027400000000000091e+00
6.901199999999999557e-01
2.737699999999999800e+00
6.794999999999999929e+00
9.784700000000000841e+00
1.676399999999999935e+01
1.847899999999999920e+01
3.359900000000000109e+00
-1.027400000000000091e+01
-1.171000000000000085e+01
-8.801399999999999224e+00
-5.426300000000000345e+00
-7.348799999999999777e-01
1.671300000000000097e+01
4.575800000000000267e+01
6.850199999999999534e+01
7.835399999999999920e+01
7.760099999999999909e+01
6.278699999999999903e+01
3.077800000000000225e+01
-4.383700000000000152e+00
-1.463000000000000078e+01
3.804499999999999993e+00
2.150699999999999790e+01
3.992300000000000182e+01
6.386299999999999955e+01
6.832200000000000273e+01
6.434300000000000352e+01
6.449399999999999977e+01
5.418699999999999761e+01
2.921000000000000085e+01
-9.722099999999999298e+00
-5.480100000000000193e+01
-7.836499999999999488e+01
-7.481300000000000239e+01
-4.636899999999999977e+01
2.069999999999999840e+00
3.427000000000000313e+01
4.103499999999999659e+01
1.663899999999999935e+01
-5.384799999999999898e+01
-1.368600000000000136e+02
-1.996899999999999977e+02
-2.365099999999999909e+02
-2.540000000000000000e+02
-2.605600000000000023e+02
-2.610400000000000205e+02
-2.561700000000000159e+02
-2.415099999999999909e+02
-2.239600000000000080e+02
-1.984099999999999966e+02
-1.480099999999999909e+02
-8.361399999999999011e+01
-3.353800000000000381e+01
1.619900000000000162e+01
6.669100000000000250e+01
9.400399999999999068e+01
9.689799999999999613e+01
7.561599999999999966e+01
4.777399999999999380e+01
2.666199999999999903e+01
1.999099999999999966e+01
2.968699999999999761e+01
5.514000000000000057e+01
9.345399999999999352e+01
1.409600000000000080e+02
1.906500000000000057e+02
2.286800000000000068e+02
2.672300000000000182e+02
2.666999999999999886e+02
2.008700000000000045e+02
1.426399999999999864e+02
9.643799999999998818e+01
6.000899999999999324e+01
3.248300000000000409e+01
1.370400000000000063e+01
2.608500000000000085e+01
3.309000000000000341e+01
2.462199999999999989e+01
7.721700000000000230e+00
-3.301899999999999835e+01
-7.343800000000000239e+01
-8.661399999999999011e+01
-6.690600000000000591e+01
-1.515499999999999936e+01
2.091900000000000048e+01
8.584699999999999775e+00
-2.098199999999999932e+01
-6.795300000000000296e+01
-1.245900000000000034e+02
-1.599600000000000080e+02
-1.801999999999999886e+02
-1.756200000000000045e+02
-1.138900000000000006e+02
-3.572699999999999676e+01
1.177599999999999980e+01
7.682999999999999829e+01
1.412500000000000000e+02
1.530600000000000023e+02
1.462100000000000080e+02
1.385000000000000000e+02
1.087699999999999960e+02
5.792100000000000648e+01
3.695899999999999963e+00
-4.910100000000000620e+01
-6.949500000000000455e+01
-3.283599999999999852e+01
1.333999999999999986e+01
3.747099999999999653e+01
4.132600000000000051e+01
2.406599999999999895e+01
2.146099999999999852e+01
4.788000000000000256e+01
7.404099999999999682e+01
9.061399999999999011e+01
8.371700000000001296e+01
5.979299999999999926e+01
3.789900000000000091e+01
-3.555099999999999927e+00
-7.380500000000000682e+01
-1.159800000000000040e+02
-1.106200000000000045e+02
-8.946999999999999886e+01
-5.323199999999999932e+01
-1.032300000000000040e+01
2.048300000000000054e+01
4.743500000000000227e+01
6.826100000000000989e+01
5.499600000000000222e+01
3.935000000000000053e+00
-4.659399999999999409e+01
-7.978399999999999181e+01
-1.033599999999999994e+02
-1.143900000000000006e+02
-1.135799999999999983e+02
-1.012399999999999949e+02
-7.172100000000000364e+01
-3.939099999999999824e+01
-1.779700000000000060e+01
-3.757699999999999818e+00
-4.386199999999999655e+00
-5.984700000000000131e+00
1.257400000000000162e+01
3.021699999999999875e+01
2.153800000000000026e+01
-9.255399999999999849e+00
-2.701399999999999935e+01
-1.386599999999999966e+01
5.720100000000000184e-01
9.964900000000000091e+00
2.464699999999999847e+01
4.097399999999999665e+01
6.517600000000000193e+01
8.605899999999999750e+01
8.280100000000000193e+01
7.512699999999999534e+01
6.633299999999999841e+01
6.605700000000000216e+01
7.232099999999999795e+01
4.046600000000000108e+01
-1.183400000000000141e+01
-2.776699999999999946e+01
-1.651599999999999824e+01
-1.282099999999999973e+01
-2.152699999999999747e+01
-1.153800000000000026e+01
1.277700000000000102e+01
1.442799999999999905e+01
4.794599999999999973e+00
6.522800000000000153e+00
2.045799999999999841e+01
3.596399999999999864e+01
4.038100000000000023e+01
2.955999999999999872e+01
-1.492900000000000027e+01
-7.520999999999999375e+01
-1.063599999999999994e+02
-1.029300000000000068e+02
-7.509499999999999886e+01
-3.804999999999999716e+01
1.039900000000000091e+01
5.996999999999999886e+01
8.621899999999999409e+01
7.504500000000000171e+01
2.933699999999999974e+01
-2.009299999999999997e+01
-5.883200000000000074e+01
-6.164199999999999591e+01
-3.868500000000000227e+01
-3.003699999999999903e+01
-2.792199999999999704e+01
-2.427199999999999847e+01
-2.415199999999999747e+01
-1.976099999999999923e+01
6.627600000000000158e+00
3.537699999999999534e+01
5.633299999999999841e+01
6.039500000000000313e+01
3.123199999999999932e+01
-2.264600000000000168e+00
-9.212300000000000821e+00
-8.592800000000000438e+00
-1.297700000000000031e+01
-1.361099999999999888e+01
-1.088099999999999845e+01
-1.421099999999999852e+01
-3.490800000000000125e+01
-5.424100000000000676e+01
-6.086500000000000199e+01
-6.205199999999999960e+01
-3.833500000000000085e+01
3.427700000000000191e+00
1.673700000000000188e+01
5.846000000000000085e+00
3.491499999999999826e+00
7.298799999999999955e+00
3.000700000000000034e-01
-1.624800000000000111e+01
-2.036400000000000077e+01
-1.867800000000000082e+01
-2.548800000000000310e+01
-1.729400000000000048e+01
2.488100000000000200e+00
1.319999999999999929e+01
1.989300000000000068e+01
2.894999999999999929e+01
4.938199999999999790e+01
7.434399999999999409e+01
7.229200000000000159e+01
4.634600000000000364e+01
2.149800000000000111e+01
2.192800000000000082e+00
-3.700800000000000090e+00
-2.783700000000000063e+00
-5.841800000000000104e+00
1.065799999999999947e+01
2.863400000000000034e+01
4.949300000000000033e+00
-2.007000000000000028e+01
-2.094300000000000050e+00
1.946799999999999997e+01
1.936499999999999844e+01
1.244200000000000017e+01
9.156399999999999650e+00
1.109500000000000064e+01
1.499799999999999933e+01
2.725099999999999767e+01
4.053800000000000381e+01
3.903499999999999659e+01
2.669699999999999918e+01
3.702100000000000168e+00
-1.547799999999999976e+01
-1.608999999999999986e+01
-2.311199999999999832e+01
-4.145300000000000296e+01
-3.575500000000000256e+01
-1.491200000000000081e+00
2.635099999999999909e+01
3.850099999999999767e+01
3.569899999999999807e+01
1.629400000000000048e+01
-4.709600000000000009e+00
-1.886100000000000065e+01
-2.790699999999999648e+01
-3.204699999999999704e+01
-3.063699999999999690e+01
-2.118699999999999761e+01
-1.431000000000000050e+01
-1.536299999999999955e+01
-5.897700000000000387e+00
2.033199999999999896e+00
2.035000000000000142e+00
4.295300000000000118e+00
-2.967000000000000193e-01
-1.444700000000000095e+01
-3.125900000000000034e+01
-2.598499999999999943e+01
8.298200000000001131e-01
7.833700000000000330e+00
-6.103399999999999714e+00
-2.177199999999999847e+01
-4.063700000000000045e+01
-4.346399999999999864e+01
-2.950199999999999889e+01
-2.796599999999999753e+01
-3.221600000000000108e+01
-3.447500000000000142e+01
-3.556300000000000239e+01
-3.127599999999999980e+01
-3.252799999999999869e+01
-3.321399999999999864e+01
-2.297199999999999775e+01
-6.421499999999999986e+00
1.479299999999999926e+01
2.641099999999999781e+01
2.536199999999999832e+01
2.927899999999999991e+01
3.472400000000000375e+01
2.216099999999999781e+01
1.899599999999999900e-01
-2.255599999999999739e+01
-3.889199999999999591e+01
-2.423400000000000176e+01
-1.047599999999999909e+01
-2.813100000000000023e+01
-3.557500000000000284e+01
-1.959799999999999898e+01
3.200699999999999878e+00
3.331499999999999773e+01
5.078999999999999915e+01
5.027799999999999869e+01
4.845499999999999829e+01
3.125199999999999889e+01
-5.654899999999999594e+00
-3.431800000000000495e+01
-3.576699999999999591e+01
-7.483600000000000030e+00
1.623799999999999955e+01
1.281900000000000084e+01
1.434299999999999997e+01
2.596499999999999986e+01
1.816300000000000026e+01
9.611499999999999488e+00
1.548599999999999888e+01
2.318599999999999994e+01
2.880599999999999739e+01
3.035399999999999920e+01
3.991799999999999926e+01
5.222600000000000620e+01
4.873600000000000421e+01
4.399399999999999977e+01
3.755400000000000205e+01
2.440599999999999881e+01
3.008500000000000085e+01
3.431800000000000495e+01
6.429000000000000270e+00
-2.350199999999999889e+01
-3.955400000000000205e+01
-4.312100000000000222e+01
-1.808999999999999986e+01
1.449099999999999966e+01
1.823600000000000065e+01
-2.658099999999999907e-01
-2.139099999999999824e+01
-3.213900000000000290e+01
-2.328800000000000026e+01
-1.400500000000000078e+01
-9.189299999999999358e+00
-3.051200000000000134e+00
-1.245800000000000018e+01
-1.650400000000000134e+01
-9.483600000000000918e-01
5.457600000000000229e+00
-8.413299999999999557e+00
-5.345100000000000406e+00
1.672899999999999920e+01
1.090799999999999947e+01
1.745000000000000107e+00
2.345499999999999829e+01
3.818399999999999750e+01
2.037900000000000134e+01
2.657400000000000162e+01
5.302899999999999636e+01
4.960899999999999466e+01
2.926699999999999946e+01
-7.287799999999999834e+00
-4.059300000000000352e+01
-4.747200000000000131e+01
-4.225399999999999778e+01
-3.902499999999999858e+01
-4.747999999999999687e+01
-5.871399999999999864e+01
-6.406600000000000250e+01
-7.550399999999999068e+01
-7.471500000000000341e+01
-5.779100000000000392e+01
-3.935000000000000142e+01
1.100900000000000034e+01
5.128000000000000114e+01
5.093800000000000239e+01
4.336800000000000210e+01
3.787400000000000233e+01
3.358699999999999619e+01
2.536699999999999733e+01
1.700400000000000134e+01
5.799100000000000144e+00
-1.031200000000000117e+01
-9.064299999999999358e+00
2.963900000000000201e+00
-5.171299999999999564e+00
-1.064900000000000091e+01
5.567100000000000520e-02
1.433500000000000085e+01
3.290999999999999659e+01
3.232999999999999829e+01
1.007000000000000028e+01
-4.172100000000000364e+00
-1.567099999999999937e+01
-6.295799999999999841e+00
2.677800000000000225e+01
3.083699999999999974e+01
1.406900000000000084e+01
-4.540600000000000414e+00
-3.021599999999999753e+01
-1.897400000000000020e+01
8.143399999999999750e+00
6.193299999999999805e+00
8.779799999999999827e+00
9.868199999999999861e+00
1.855699999999999905e+00
1.251999999999999957e+01
1.512500000000000000e+01
-1.507400000000000073e+00
-8.871199999999999974e+00
-2.016600000000000037e+01
-3.480400000000000205e+01
-2.836300000000000310e+01
-1.412199999999999989e+01
1.187300000000000022e+00
2.578999999999999915e+01
4.994600000000000506e+01
6.852199999999999136e+01
6.664199999999999591e+01
3.307900000000000063e+01
-1.266100000000000003e+00
-2.188599999999999923e+01
-3.031099999999999994e+01
-2.273400000000000176e+01
-1.824500000000000099e+01
-1.472000000000000064e+01
-8.364599999999999369e+00
-1.435900000000000176e+01
-2.568300000000000338e+01
-3.256800000000000495e+01
-4.116399999999999437e+01
-2.979500000000000171e+01
9.156200000000000117e+00
3.484199999999999875e+01
3.507199999999999562e+01
1.482000000000000028e+01
-7.431600000000000428e+00
-1.074200000000000088e+01
-1.840099999999999980e+01
-2.328099999999999881e+01
-1.029800000000000004e+01
6.094699999999999562e+00
1.046700000000000053e+01
-1.960599999999999898e+00
-1.058500000000000085e+01
3.119299999999999962e+00
1.543900000000000006e+01
1.489799999999999969e+01
8.472200000000000841e+00
-8.801299999999999679e-01
1.455100000000000060e+00
1.674500000000000099e+01
2.250699999999999790e+01
-1.023000000000000020e-01
-2.553400000000000247e+01
-2.431400000000000006e+01
-8.252700000000000813e+00
-3.272300000000000209e-01
-9.718400000000000816e+00
-2.543499999999999872e+01
-2.541800000000000281e+01
-1.131799999999999962e+01
2.736299999999999955e+00
-2.679499999999999993e+00
-2.642599999999999838e+01
-2.485999999999999943e+01
-7.465200000000000280e+00
-1.402200000000000024e+01
-3.588800000000000523e+01
-4.079999999999999716e+01
-2.512800000000000011e+01
-1.076200000000000045e+01
5.865700000000000358e+00
2.036799999999999855e+01
2.394400000000000261e+01
2.473300000000000054e+01
1.997700000000000031e+01
1.665900000000000247e+01
1.854500000000000171e+01
2.139999999999999858e+01
1.318400000000000105e+01
-5.067000000000000171e+00
-1.328200000000000003e+01
-1.387400000000000055e+01
-9.027400000000000091e+00
2.278500000000000192e+00
1.084599999999999831e+01
1.124499999999999922e+01
2.292199999999999704e+01
4.582500000000000284e+01
4.632699999999999818e+01
1.908399999999999963e+01
-1.990299999999999869e+01
-3.077699999999999747e+01
4.269499999999999851e+00
3.670000000000000284e+01
3.897099999999999653e+01
2.541199999999999903e+01
-6.310500000000000220e+00
-4.413300000000000267e+01
-3.871800000000000352e+01
-8.415399999999999991e+00
-3.060299999999999798e+00
-1.249000000000000021e+01
-2.802199999999999847e+01
-3.196999999999999886e+01
-1.128299999999999947e+01
2.760099999999999909e+01
4.648499999999999943e+01
3.738199999999999790e+01
4.581399999999999295e+01
3.915999999999999659e+01
-2.221800000000000352e+01
-7.444199999999999307e+01
-6.966800000000000637e+01
-3.209799999999999898e+01
2.440399999999999903e+00
1.838299999999999912e+01
3.335099999999999909e+01
4.521899999999999409e+01
3.621099999999999852e+01
1.860399999999999920e+01
1.531900000000000084e+01
1.896099999999999852e+01
-3.968999999999999861e+00
-4.687199999999999989e+01
-5.111500000000000199e+01
-3.588800000000000523e+01
-3.288400000000000034e+01
-2.087099999999999866e+01
-2.670900000000000052e+00
1.273900000000000077e+01
3.398699999999999477e+01
3.038899999999999935e+01
-1.495299999999999940e+01
-3.044099999999999895e+01
-3.559499999999999886e+00
-8.918599999999999639e+00
-2.693199999999999861e+01
-9.117599999999999483e+00
1.120500000000000007e+01
1.199300000000000033e+01
1.689400000000000190e+01
2.965900000000000247e+01
3.103999999999999915e+01
2.626999999999999957e+01
2.429599999999999937e+01
1.100000000000000000e+01
-1.744500000000000028e+01
-3.580499999999999972e+01
-2.368400000000000105e+01
-1.974299999999999944e+00
-3.145799999999999930e+00
3.124899999999999789e+00
3.431800000000000495e+01
4.357399999999999807e+01
2.814600000000000080e+01
1.459599999999999831e+01
9.183999999999999275e+00
6.626400000000000290e+00
5.328000000000000291e+00
-7.338099999999999845e+00
-3.396800000000000352e+01
-4.995700000000000074e+01
-4.603600000000000136e+01
-2.781099999999999994e+01
-4.883600000000000385e+00
8.048500000000000654e+00
1.340000000000000036e+01
1.406299999999999883e+01
8.148899999999999366e+00
-4.282799999999999940e+00
-2.244500000000000028e+01
-3.361099999999999710e+01
-2.413300000000000267e+01
-2.308800000000000185e+00
1.103900000000000148e+01
9.420099999999999696e+00
1.333599999999999852e+01
2.447899999999999920e+01
1.811400000000000077e+01
-8.433500000000000441e+00
-2.562400000000000233e+01
-1.126500000000000057e+01
1.374000000000000021e+01
1.889099999999999824e+01
-6.264199999999999768e+00
-2.288500000000000156e+01
-1.094900000000000162e+01
5.848799999999999777e+00
7.685999999999999943e+00
-1.342900000000000027e+01
-1.768200000000000216e+01
4.557599999999999874e+00
9.130399999999999849e+00
3.414699999999999847e+00
4.081900000000000084e+00
1.187699999999999978e+00
4.680799999999999628e+00
1.046799999999999997e+01
7.099899999999999878e+00
1.953300000000000125e+01
3.920000000000000284e+01
3.198999999999999844e+01
1.841700000000000159e+01
2.201000000000000156e+01
1.575000000000000000e+01
2.271900000000000031e+00
9.294000000000000483e+00
1.198799999999999955e+01
-4.724199999999999733e+00
-1.911200000000000188e+01
-1.021199999999999974e+01
-5.218499999999999694e+00
-1.708299999999999841e+01
-1.058999999999999986e+01
8.539500000000000313e+00
1.309500000000000064e+01
9.681699999999999307e+00
1.586200000000000010e+01
1.719999999999999929e+01
6.232599999999999696e+00
-2.606100000000000083e+00
-3.611099999999999977e+00
-3.479300000000000170e-01
1.143200000000000038e+01
1.388700000000000045e+01
5.053700000000000081e+00
1.097799999999999976e+01
7.015500000000000291e+00
-1.349499999999999922e+01
-1.472299999999999898e+01
-1.281000000000000050e+01
-2.119099999999999895e+01
-1.702700000000000102e+01
-9.120400000000000063e+00
-1.605999999999999872e+01
-2.130300000000000082e+01
-1.511099999999999888e+01
-6.088899999999999757e+00
5.604199999999999626e+00
6.343899999999999650e+00
-5.054199999999999804e+00
-6.011400000000000077e+00
-5.148900000000000254e+00
-7.773699999999999832e+00
-5.712100000000000399e+00
-4.832499999999999574e+00
4.909399999999999764e+00
-2.507499999999999840e+00
-2.488100000000000023e+01
-5.046499999999999986e+00
1.397299999999999898e+01
1.063099999999999934e+00
6.739099999999999646e+00
9.653100000000000236e+00
-1.767800000000000082e+01
-3.251500000000000057e+01
-1.146599999999999930e+01
3.748000000000000220e+00
-5.602500000000000036e+00
-1.862500000000000000e+01
-1.835399999999999920e+01
-1.013600000000000101e+01
-2.776299999999999990e+00
2.494800000000000129e+00
1.047700000000000031e+01
1.851399999999999935e+01
2.503400000000000247e+01
2.346300000000000097e+01
9.900000000000000355e+00
-3.267700000000000049e+00
-1.283300000000000018e+01
-3.167900000000000205e+01
-3.419100000000000250e+01
-1.000899999999999901e+00
1.447499999999999964e+01
2.113999999999999879e+00
-2.166500000000000092e+00
3.315599999999999881e+00
1.029099999999999859e+01
1.670599999999999952e+01
7.953199999999999825e+00
2.446400000000000130e+00
3.338200000000000056e+00
-1.138199999999999967e+01
-1.495599999999999952e+01
-1.035600000000000076e+00
1.661200000000000188e+01
3.170699999999999719e+01
2.469900000000000162e+01
-3.728600000000000136e+00
-7.641000000000000014e+00
9.060399999999999565e+00
1.260599999999999987e+01
8.815200000000000813e+00
4.621800000000000352e+00
7.362099999999999866e+00
1.119599999999999973e+01
7.998300000000000409e+00
3.951900000000000190e+00
5.930100000000000371e+00
4.025299999999999656e+00
1.491000000000000103e+00
6.382799999999999585e+00
9.204900000000000304e+00
-3.323799999999999866e+00
-5.634000000000000341e+00
1.066799999999999926e+01
2.812699999999999978e+00
-2.399199999999999733e+01
-2.751399999999999935e+01
2.275599999999999845e-01
1.116999999999999993e+01
-9.025700000000000500e+00
-1.359799999999999898e+01
-1.276700000000000124e+01
-1.706500000000000128e+01
-1.082000000000000073e+00
8.879699999999999704e+00
1.095700000000000074e+01
2.809600000000000009e+01
2.321599999999999753e+01
-3.717400000000000038e+00
-1.328999999999999915e+01
-2.165500000000000114e+01
-3.861099999999999710e+01
-2.757499999999999929e+01
-1.703899999999999970e+00
1.083399999999999919e+00
-4.821900000000000297e+00
-7.359299999999999731e-01
9.285099999999999909e+00
1.615099999999999980e+01
7.100500000000000256e+00
-1.005400000000000027e+01
-1.535599999999999987e+01
-9.750799999999999912e+00
-8.065299999999999692e-01
-9.506399999999999295e+00
-3.185900000000000176e+01
-1.692399999999999949e+01
1.151700000000000124e+01
-2.503000000000000114e+00
-1.527099999999999902e+01
7.627100000000000435e+00
2.457199999999999918e+01
1.321199999999999974e+01
-6.815999999999999837e+00
-7.416299999999999670e+00
2.902099999999999902e+00
9.047000000000000597e+00
8.553300000000000125e+00
2.955999999999999961e+00
5.130899999999999572e+00
8.641700000000000159e+00
8.455899999999999750e+00
1.205900000000000105e+01
1.186099999999999888e+01
9.327700000000000102e+00
1.894700000000000051e+00
-2.162500000000000000e+01
-1.442699999999999960e+01
1.543700000000000117e+01
1.502900000000000169e+01
1.118999999999999950e+01
1.010700000000000109e+01
-5.219299999999999606e+00
-1.353599999999999959e+01
-1.828699999999999992e+00
4.057100000000000151e-01
-1.567900000000000027e+01
-2.264699999999999847e+01
-1.043500000000000050e+01
3.590300000000000047e+00
9.839999999999999858e+00
2.045700000000000074e+01
2.465800000000000125e+01
2.214999999999999858e+01
1.452299999999999969e+01
-5.842699999999999561e-01
-1.067500000000000071e+01
-1.826000000000000156e+01
-1.685599999999999810e+01
3.643100000000000005e+00
1.916000000000000014e+01
1.680099999999999838e+01
1.184700000000000131e+01
1.867399999999999949e+01
2.519599999999999795e+01
1.886400000000000077e+01
3.446499999999999897e+00
-9.014499999999999957e+00
-3.396199999999999886e+00
5.300500000000000433e+00
1.821099999999999941e+00
-1.430799999999999983e+01
-1.784600000000000009e+01
4.996699999999999697e+00
1.617299999999999827e+01
9.545999999999999375e+00
4.667099999999999582e+00
-2.337800000000000100e+00
-2.064999999999999858e+01
-3.924000000000000199e+01
-2.975499999999999901e+01
-1.553400000000000070e+01
-1.154299999999999926e+01
2.475900000000000212e+00
5.903999999999999915e+00
-9.028299999999999770e+00
-1.411900000000000155e+01
-1.430099999999999838e+01
-1.785000000000000142e+01
-8.953200000000000713e+00
8.620200000000000529e+00
1.721599999999999753e+01
1.061200000000000010e+01
-5.814000000000000057e+00
-2.681200000000000028e+00
8.801500000000000767e+00
-2.252699999999999703e-01
-6.366299999999999848e+00
-1.098000000000000043e+01
-2.168300000000000338e+01
-1.299900000000000055e+01
1.299099999999999966e+01
1.284200000000000053e+01
-1.607000000000000028e+01
-2.299099999999999966e+01
3.489900000000000002e+00
2.022899999999999920e+01
5.293700000000000294e+00
-1.225900000000000034e+01
-9.720700000000000784e+00
2.706300000000000372e-01
9.117900000000000560e+00
1.082000000000000028e+01
7.121699999999999697e+00
8.830099999999999838e+00
-1.719400000000000039e+00
-1.244700000000000095e+01
9.535500000000000753e+00
3.465699999999999648e+01
2.744699999999999918e+01
2.652800000000000047e+00
-1.169500000000000028e+01
-9.056400000000000006e+00
1.995200000000000085e+00
-5.990599999999999703e+00
-2.481699999999999662e+01
-9.242200000000000415e+00
1.222099999999999831e+01
1.469999999999999929e+01
2.061899999999999977e+01
1.590400000000000169e+01
8.772000000000000242e+00
9.747899999999999565e+00
-2.199899999999999967e+00
-1.097700000000000031e+01
3.378099999999999881e+00
1.442900000000000027e+01
9.481099999999999639e+00
7.118800000000000239e+00
9.899499999999999744e+00
6.088400000000000034e+00
7.006799999999999695e-01
1.512399999999999967e+00
5.237000000000000099e+00
1.211299999999999955e+01
1.020299999999999940e+01
-1.102400000000000091e+01
-1.394800000000000040e+01
1.825499999999999901e+00
-5.496000000000000441e+00
-5.676700000000000301e+00
1.431299999999999883e+01
1.769999999999999929e+01
1.238000000000000078e+01
1.069400000000000084e+01
-1.899599999999999955e+00
-1.047200000000000131e+01
2.052900000000000169e+00
2.259099999999999753e+01
1.829500000000000171e+01
-7.073100000000000165e+00
-1.799099999999999966e+01
-1.937900000000000134e+01
-1.650900000000000034e+01
-1.962400000000000233e+01
-2.407900000000000063e+01
-9.377399999999999736e+00
-2.927200000000000024e+00
-1.144999999999999929e+01
-1.315400000000000169e+01
-1.466099999999999959e+01
-1.894299999999999784e+01
-8.658899999999999153e+00
7.495700000000000252e+00
1.707899999999999974e+00
-1.119099999999999895e+01
-5.982599999999999696e+00
-2.652000000000000135e+00
-5.689099999999999824e+00
6.101499999999999702e+00
3.781600000000000072e+00
-1.162400000000000055e+01
-8.986599999999999255e+00
-5.396899999999999586e+00
-8.252800000000000580e+00
-1.034799999999999898e+01
-4.005299999999999971e-01
1.663700000000000045e+01
1.751399999999999935e+01
4.465600000000000236e+00
2.957399999999999807e+00
8.838100000000000733e+00
-1.410800000000000054e+00
-9.316800000000000637e+00
-8.658300000000000718e-02
-1.412199999999999900e+00
-4.849199999999999733e+00
6.605000000000000426e+00
9.512000000000000455e+00
2.968399999999999928e+00
9.001899999999999125e+00
2.071699999999999875e+01
1.503500000000000014e+01
-1.945700000000000074e+01
-3.731900000000000261e+01
-1.234299999999999997e+01
-1.265999999999999903e-01
-6.251299999999999635e-01
1.223400000000000176e+01
1.514599999999999902e+01
1.623399999999999954e+00
-6.275300000000000322e-01
1.000399999999999956e+01
6.842699999999999338e-01
-5.513600000000000279e+00
1.207300000000000040e+00
-4.517999999999999794e+00
-3.427999999999999936e-01
7.269599999999999618e+00
1.533500000000000085e+00
-1.136500000000000021e+01
-2.269900000000000162e+01
-1.150599999999999845e+01
1.129299999999999926e+01
9.672399999999999665e+00
1.263600000000000056e+00
1.498699999999999921e+00
-2.580200000000000049e+00
8.122700000000000031e+00
1.734799999999999898e+01
-3.831900000000000306e-01
-1.835699999999999932e+01
-1.542500000000000071e+01
-1.230599999999999916e+00
1.135599999999999987e+01
1.629599999999999937e+01
2.421800000000000352e+01
2.764600000000000080e+01
1.369299999999999962e+01
5.726899999999999658e+00
-6.778800000000000381e+00
-1.444099999999999895e+01
1.060400000000000098e+01
2.762599999999999767e+01
1.625199999999999889e+01
5.861100000000000337e-02
-1.156700000000000061e+00
3.915399999999999991e+00
-4.460399999999999920e+00
-1.341200000000000081e+01
-7.310999999999999943e+00
-2.744699999999999918e+00
-1.859799999999999898e+00
4.276699999999999946e+00
5.277599999999999625e+00
6.914600000000000080e+00
1.168400000000000105e+01
-4.373800000000000132e+00
-3.094800000000000040e+01
-1.861799999999999855e+01
3.161200000000000010e+00
-9.799099999999999255e+00
-1.795400000000000063e+01
-5.132600000000000051e+00
-5.492899999999999672e+00
-4.072099999999999831e+00
1.165000000000000036e+01
9.903299999999999770e+00
2.211399999999999810e+00
-4.689000000000000057e+00
-2.255599999999999739e+01
-2.303699999999999903e+01
-6.529399999999999871e+00
-2.984599999999999920e+00
-7.904200000000000337e+00
-1.226599999999999824e+01
-1.207000000000000028e+01
3.170899999999999830e-01
1.497499999999999964e+01
1.936799999999999855e+01
1.449799999999999933e+01
1.010500000000000009e-01
-1.618200000000000216e+01
-1.787199999999999989e+01
-9.107599999999999696e+00
4.379299999999999748e+00
1.956099999999999994e+01
1.852799999999999869e+01
-2.581100000000000172e+00
-2.115399999999999991e+01
-2.144300000000000139e+01
-1.208999999999999986e+01
1.232599999999999874e+01
3.135500000000000043e+01
7.895900000000000141e+00
-1.798999999999999844e+01
-4.395999999999999908e+00
6.594899999999999984e+00
3.020300000000000207e+00
1.240799999999999947e+01
1.900400000000000134e+01
1.932900000000000063e+01
1.626699999999999946e+01
4.251400000000000290e+00
2.464300000000000157e+00
1.274900000000000055e+01
1.759299999999999997e+01
1.512299999999999933e+01
1.739400000000000190e+01
1.891900000000000048e+01
1.377900000000000169e+01
3.534400000000000208e+00
-1.092400000000000126e+01
-2.269000000000000128e+01
-2.409499999999999886e+01
-9.412499999999999645e+00
8.320000000000000284e+00
5.065299999999999692e+00
2.026100000000000012e+00
-2.388999999999999790e+00
-1.331599999999999895e+01
2.432399999999999896e+00
1.332499999999999929e+01
1.612400000000000055e+00
-1.425900000000000034e+01
-2.584900000000000020e+01
-1.378200000000000003e+01
-5.118599999999999817e+00
-1.657300000000000040e+01
-1.593900000000000006e+01
1.655599999999999961e+00
7.466899999999999871e+00
6.188699999999999868e+00
3.168299999999999894e+00
-5.023200000000000109e+00
5.582699999999999996e+00
1.475099999999999945e+01
7.755300000000000082e+00
5.357300000000000395e+00
-1.279199999999999893e+00
-1.976999999999999957e+01
-2.427199999999999847e+01
-9.161099999999999355e+00
1.761400000000000077e+00
6.956900000000000084e+00
3.025700000000000056e+00
-8.107699999999999463e+00
-1.175300000000000011e+01
-1.644200000000000017e+01
-2.222300000000000253e+01
-1.378200000000000003e+01
-5.290600000000000414e+00
-7.249900000000000233e+00
5.401200000000000223e+00
2.357600000000000051e+01
1.335599999999999987e+01
-9.452299999999999258e+00
-1.054700000000000060e+01
1.507400000000000162e+01
3.436400000000000432e+01
1.978300000000000125e+01
-2.329499999999999904e+00
-1.156200000000000117e+01
-8.791000000000000369e+00
2.472700000000000120e+00
8.442899999999999849e+00
8.615099999999999980e+00
1.102799999999999869e+01
3.850299999999999834e+00
-1.445599999999999952e+01
-1.686400000000000077e+01
-5.924999999999999822e+00
6.844800000000000217e+00
1.582400000000000162e+01
-4.067199999999999704e-01
-1.459500000000000064e+01
-8.691499999999999559e+00
-7.603200000000000180e+00
-1.334500000000000064e+01
-4.121800000000000352e+00
1.445599999999999952e+01
1.374300000000000033e+01
1.566999999999999993e+01
2.870199999999999818e+01
2.679400000000000048e+01
8.329100000000000392e+00
6.275100000000000122e-02
7.846400000000000041e+00
-3.594300000000000050e+00
-1.676999999999999957e+01
-1.344799999999999995e+00
1.104800000000000004e+01
7.685100000000000264e+00
6.179700000000000415e+00
6.211599999999999788e+00
-4.380700000000000038e+00
-1.980400000000000205e+01
-2.404500000000000171e+01
-1.925700000000000145e+01
-9.214399999999999480e+00
4.168999999999999595e+00
1.348299999999999876e+01
1.605599999999999739e+01
1.521499999999999986e+01
2.152199999999999847e+01
2.462800000000000011e+01
4.729400000000000048e+00
-1.000200000000000067e+01
-7.725500000000000256e+00
-1.783099999999999952e+01
-2.273900000000000077e+01
-6.248199999999999754e+00
9.341799999999999216e+00
1.312700000000000067e+01
8.251899999999999125e+00
4.565100000000000269e-01
-8.893000000000000682e+00
-1.528999999999999915e+01
-1.528700000000000081e+01
-1.370500000000000007e+01
-1.067500000000000071e+01
-7.145500000000000185e+00
-8.369100000000000428e-01
2.511199999999999891e-02
2.137199999999999989e+00
5.566900000000000404e+00
5.035700000000000287e+00
1.653000000000000114e+01
2.346300000000000097e+01
6.211000000000000298e+00
-4.753800000000000026e+00
-2.706999999999999851e+00
-1.328800000000000026e+01
-2.420300000000000296e+01
-1.210200000000000031e+01
5.270500000000000185e-01
-5.368699999999999584e+00
-4.601399999999999935e+00
7.246199999999999974e+00
9.365700000000000358e+00
3.290500000000000203e+00
3.781800000000000050e+00
5.802599999999999980e+00
1.949700000000000044e-01
-6.735800000000000232e+00
-1.462800000000000011e+01
-1.478299999999999947e+01
-4.258399999999999963e+00
-2.307799999999999851e+00
-1.106599999999999895e+01
-2.498699999999999921e+00
1.371299999999999919e+01
1.258200000000000074e+01
1.161899999999999933e+00
-3.548700000000000188e+00
-3.154599999999999849e+00
-2.978200000000000180e+00
5.357400000000000162e+00
1.023099999999999987e+01
-4.387599999999999945e+00
-3.662900000000000045e+00
2.326499999999999790e+00
-1.053999999999999915e+01
-8.482599999999999696e+00
-2.157599999999999962e+00
-2.292199999999999793e+00
5.710399999999999920e+00
1.566200000000000081e+01
1.356499999999999950e+01
3.895500000000000185e+00
1.167599999999999971e+00
-3.783799999999999830e+00
-1.110700000000000109e+01
-8.492200000000000415e+00
-8.842200000000001170e-01
9.739499999999999602e+00
2.253999999999999915e+01
2.726300000000000168e+01
1.302200000000000024e+01
2.960599999999999898e-01
2.152200000000000113e+00
4.805600000000000427e-01
-1.875199999999999978e+00
-8.632400000000000517e+00
-2.573499999999999943e+01
-3.356499999999999773e+01
-2.211800000000000210e+01
1.638200000000000101e+00
1.180700000000000038e+01
3.148400000000000087e+00
2.018899999999999917e+00
4.427800000000000402e+00
-4.326200000000000045e+00
-4.376700000000000035e-01
5.554400000000000226e+00
-7.603999999999999648e-01
1.913599999999999968e+00
-6.500899999999999679e+00
-1.380199999999999960e+01
-1.608300000000000063e+00
3.760499999999999954e-01
9.671299999999999342e-02
1.287900000000000134e+01
1.684700000000000131e+01
4.195500000000000007e+00
-3.161499999999999727e-02
2.832800000000000207e+00
-8.217499999999999361e+00
-5.798499999999999766e+00
1.609099999999999753e+01
1.194099999999999895e+01
-5.448400000000000354e+00
-8.756200000000000649e-01
1.059200000000000053e+01
3.653500000000000192e+00
-5.042300000000000670e-01
1.075099999999999945e+01
1.296799999999999997e+01
1.096700000000000053e+01
6.571799999999999642e+00
3.854000000000000092e+00
7.469999999999999751e+00
1.342300000000000049e+00
-1.396799999999999997e+01
-2.798900000000000077e+01
-2.428199999999999648e+01
-1.176999999999999957e+01
-4.854499999999999815e+00
-4.307500000000000107e+00
-6.585799999999999876e+00
5.046800000000000175e+00
1.548099999999999987e+01
8.173099999999999810e+00
8.092799999999999994e-01
4.342100000000000293e+00
7.943699999999999761e+00
8.332599999999999341e+00
1.149000000000000021e+01
1.056200000000000117e+01
5.914900000000000269e+00
5.742699999999999472e-01
-2.868900000000000006e+00
-2.945100000000000051e+00
-9.519700000000000273e+00
-1.470099999999999874e+01
-8.152799999999999159e+00
-1.315199999999999925e+00
-2.104999999999999982e+00
-1.052700000000000102e+01
-1.712300000000000111e+01
-1.117900000000000027e+01
-1.737000000000000099e+00
2.303199999999999914e+00
4.567899999999999849e+00
8.692299999999999471e+00
6.758600000000000385e+00
1.130600000000000049e+00
4.077499999999999680e+00
9.682100000000000151e+00
1.652599999999999980e+01
1.400999999999999979e+01
1.086299999999999955e+01
6.507399999999999629e+00
-1.795400000000000063e+01
-2.507900000000000063e+01
-1.091200000000000081e+01
-5.363199999999999967e+00
2.885099999999999998e+00
4.269099999999999895e+00
-5.590300000000000047e+00
-4.143799999999999706e+00
-4.414200000000000124e+00
-1.121499999999999986e+01
-4.225999999999999979e+00
-2.040599999999999914e-01
-8.301199999999999690e+00
-6.754500000000000171e+00
-2.995899999999999785e+00
-5.373200000000000198e-01
1.285500000000000043e+01
2.189400000000000190e+01
1.145800000000000018e+01
7.257100000000000772e-01
1.384800000000000031e+00
-6.425699999999999967e+00
-6.519599999999999618e+00
5.266700000000000159e+00
3.397899999999999920e+00
-2.715399999999999814e+00
-3.670999999999999819e+00
-1.785500000000000087e+00
2.295900000000000052e+00
9.145699999999999719e+00
9.324600000000000222e+00
1.143100000000000005e+00
2.281199999999999894e-01
9.105299999999999505e-01
-5.096799999999999997e+00
-7.002200000000000202e+00
-1.058599999999999852e+01
-2.035800000000000054e+01
-1.325099999999999945e+01
3.544900000000000162e+00
8.614499999999999602e+00
1.044599999999999973e+01
5.779799999999999827e+00
-5.135900000000000354e+00
-3.549100000000000144e+00
3.875399999999999956e+00
-3.186700000000000088e+00
-9.083999999999999631e+00
2.952800000000000424e-01
6.094299999999999606e+00
2.493700000000000028e+00
5.323900000000000077e+00
8.583800000000000097e+00
1.350099999999999945e+01
1.835500000000000043e+01
-1.116800000000000015e+00
-2.591800000000000281e+01
-2.192699999999999960e+01
-1.651899999999999924e+00
6.584699999999999775e+00
6.846300000000000274e+00
3.999000000000000110e+00
-1.003700000000000081e+01
-1.521199999999999974e+01
-1.240300000000000014e-01
3.702900000000000080e+00
3.120200000000000085e+00
1.246400000000000041e+01
1.417500000000000071e+01
-3.626300000000000079e+00
-2.608300000000000196e+01
-2.119199999999999662e+01
4.792400000000000132e-02
6.030999999999999694e+00
1.157799999999999940e+01
1.199900000000000055e+01
-2.470600000000000129e+00
-1.441599999999999859e+01
-7.178899999999999615e+00
1.883200000000000074e+01
2.092300000000000182e+01
1.691400000000000015e+00
6.964999999999999858e+00
1.233699999999999974e+01
-5.577200000000000379e+00
-1.142700000000000049e+00
1.358300000000000018e+01
7.262699999999999712e+00
-1.651000000000000023e+00
-5.337500000000000355e+00
-6.460099999999999731e+00
-8.476499999999999702e+00
-1.109599999999999831e+01
-4.764599999999999724e+00
1.162900000000000134e+01
1.626999999999999957e+01
7.097000000000000419e+00
5.250700000000000145e+00
4.755799999999999805e+00
8.833900000000000086e-01
-3.584000000000000075e+00
-4.555399999999999672e+00
6.240800000000000125e+00
2.266699999999999804e+01
1.845200000000000173e+01
6.686700000000000088e+00
1.229299999999999926e+01
1.305499999999999972e+01
-3.597500000000000003e-02
-1.729500000000000171e+01
-2.503199999999999648e+01
-1.697700000000000031e+01
-8.986599999999999255e+00
-8.085499999999999687e+00
-3.104900000000000215e+00
6.530199999999999783e+00
5.695800000000000196e+00
-8.157899999999999707e+00
-1.199799999999999933e+01
-4.938799999999999635e+00
-5.253599999999999604e+00
-3.238300000000000178e+00
4.250000000000000000e+00
5.076699999999999768e+00
3.701999999999999957e+00
2.794399999999999995e+00
-3.366499999999999826e+00
-5.649200000000000443e+00
-9.580299999999999927e-02
-3.102300000000000058e+00
-1.215799999999999947e+01
-3.447499999999999787e+00
1.399099999999999966e+01
1.106400000000000006e+01
4.409200000000000230e+00
7.587299999999999933e+00
-4.805799999999999628e+00
-2.186800000000000210e+01
-1.778800000000000026e+01
-1.280700000000000038e+01
-7.769999999999999574e+00
1.963999999999999968e+00
-4.777700000000000280e+00
-3.307199999999999918e+00
1.271400000000000041e+01
1.441000000000000014e+01
9.397800000000000153e+00
1.945500000000000007e+00
-2.710799999999999876e+00
-1.996699999999999919e+00
-7.237799999999999789e-01
2.361899999999999888e+00
-4.183900000000000396e+00
-9.414999999999999147e+00
-3.796699999999999964e+00
-6.863100000000000200e+00
-1.784699999999999953e+00
6.850500000000000256e+00
2.602099999999999969e-01
-3.529100000000000126e+00
7.363300000000000400e-01
1.009300000000000086e+00
3.275599999999999845e+00
1.347900000000000098e+01
1.628900000000000148e+01
2.871900000000000119e+00
-1.020599999999999952e+01
-4.696399999999999686e+00
5.704399999999999693e+00
9.925300000000000011e+00
9.711800000000000210e+00
4.976700000000000124e+00
-8.199400000000000688e+00
-1.866700000000000159e+01
-1.074400000000000155e+01
1.333199999999999941e+00
-2.250599999999999934e+00
-1.051999999999999957e+01
-4.709999999999999964e+00
2.519000000000000128e+00
5.410599999999999632e+00
4.896799999999999820e+00
-8.947200000000000708e-01
-3.479099999999999970e-01
2.740099999999999758e-01
-4.945000000000000284e+00
1.308899999999999952e+00
8.959300000000000708e+00
2.217999999999999972e+00
1.185799999999999965e+00
7.102999999999999758e+00
6.087699999999999889e+00
8.389799999999999258e+00
3.630399999999999849e+00
-1.132400000000000162e+01
-4.916999999999999815e+00
3.042499999999999982e+00
-3.443099999999999827e+00
-4.990000000000000213e+00
-4.467999999999999972e+00
-6.966700000000000337e+00
-1.102299999999999969e+01
-9.997700000000000031e+00
-8.855999999999999872e+00
-4.264999999999999680e+00
1.216299999999999937e+00
-7.322199999999999820e-01
2.838099999999999845e+00
1.546199999999999974e+01
2.179100000000000037e+01
1.306000000000000050e+01
-5.487599999999999589e+00
-1.100699999999999967e+01
6.535000000000000142e+00
1.466900000000000048e+01
8.320499999999999119e+00
1.756499999999999950e+00
-8.183600000000000207e+00
-1.521499999999999986e+01
-1.656400000000000006e+01
-8.695800000000000196e+00
5.213899999999999091e-01
6.761599999999999611e+00
1.857700000000000173e+01
2.076800000000000068e+01
3.788499999999999979e+00
-1.175099999999999945e+01
-1.144999999999999929e+01
-5.240300000000000402e+00
1.185100000000000042e+00
2.134300000000000086e+00
-5.174199999999999910e+00
-2.998299999999999965e+00
4.795799999999999841e+00
7.797100000000000142e-01
-3.233800000000000008e+00
5.876900000000000013e+00
1.093299999999999983e+01
-5.017400000000000304e+00
-1.668499999999999872e+01
-6.895599999999999952e+00
9.394299999999999873e-02
4.533100000000000129e+00
1.122099999999999831e+01
1.617399999999999949e+01
9.445399999999999352e+00
-8.711700000000000443e+00
-1.089599999999999902e+01
1.114900000000000002e+00
5.744600000000000151e+00
6.653699999999999726e+00
7.872099999999999653e+00
3.659299999999999997e+00
-4.699699999999999989e+00
-1.015899999999999892e+01
-7.706999999999999851e+00
-8.091199999999999504e-01
9.854699999999999349e+00
1.338499999999999979e+01
5.919500000000000206e+00
3.501500000000000057e+00
2.701400000000000023e+00
-7.298199999999999577e+00
-8.255200000000000315e+00
2.251300000000000245e-01
-4.119200000000000195e+00
-8.722699999999999676e+00
-5.644700000000000273e+00
-9.827899999999999636e+00
-7.463799999999999990e+00
4.295099999999999696e+00
5.477199999999999847e+00
3.480700000000000127e+00
5.545899999999999608e+00
2.172400000000000109e+00
-3.499099999999999877e+00
-7.107099999999999973e+00
-7.240899999999999892e+00
-1.298999999999999932e+00
-1.895599999999999952e+00
-1.187400000000000011e+00
1.025500000000000078e+01
7.591400000000000148e+00
7.399700000000000166e-01
9.603500000000000369e+00
1.476999999999999957e+01
6.469500000000000028e+00
-1.245300000000000074e+00
-2.737300000000000288e-01
-3.398899999999999810e+00
-8.313200000000000145e+00
-3.634500000000000064e+00
-1.000999999999999890e+00
-5.132799999999999585e+00
-1.556599999999999984e+00
3.568000000000000060e+00
1.552000000000000046e+00
-2.907999999999999918e+00
-1.066300000000000026e+01
-1.032400000000000162e+01
-6.766400000000000192e-02
5.212600000000000122e+00
6.264499999999999957e+00
7.274300000000000210e+00
3.778200000000000003e+00
-1.616000000000000103e+00
-2.121500000000000052e-01
3.325000000000000178e+00
4.015100000000000335e+00
2.037900000000000045e+00
-2.050399999999999778e+00
-8.177799999999999514e+00
-1.084099999999999930e+01
-7.003899999999999793e+00
-4.515799999999999592e+00
-3.008000000000000007e+00
-2.305800000000000072e+00
-2.950400000000000134e+00
-1.509500000000000064e+00
-9.441299999999999137e-01
-1.717200000000000060e+00
-3.060500000000000026e-02
3.379700000000000149e+00
3.687800000000000189e+00
5.750399999999999956e+00
9.286300000000000665e+00
4.778500000000000192e+00
5.344699999999999562e+00
8.383900000000000574e+00
5.142699999999999605e+00
-4.473600000000000354e-01
-1.048400000000000176e+01
-8.568500000000000227e+00
3.831300000000000150e+00
5.480900000000000105e+00
2.008100000000000218e+00
1.691599999999999993e+00
-3.088400000000000034e+00
-8.823999999999999844e+00
-2.758399999999999963e+00
5.208300000000000374e+00
7.298300000000000232e+00
5.767800000000000260e+00
-3.333000000000000185e+00
-1.171900000000000119e+01
-1.048000000000000043e+01
-4.543999999999999595e+00
1.127299999999999969e+00
4.096400000000000041e+00
8.525100000000000122e+00
7.780700000000000394e+00
-4.985100000000000087e+00
-9.638400000000000745e+00
-2.031099999999999905e+00
8.229100000000000303e-01
1.388900000000000023e+00
-5.518699999999999717e-01
-4.424199999999999910e+00
-4.177800000000000402e+00
-3.565100000000000158e+00
1.475400000000000045e+00
6.518699999999999939e+00
5.967299999999999827e-01
-2.586699999999999999e+00
6.037700000000000289e-01
-1.169599999999999973e+00
-2.753899999999999793e+00
-4.409899999999999376e-01
-2.815999999999999837e+00
-6.206299999999999706e+00
-4.192099999999999937e+00
-2.325099999999999945e+00
1.415000000000000036e+00
7.285300000000000331e+00
2.280899999999999928e+00
-4.548700000000000188e+00
6.271600000000000286e+00
1.128599999999999959e+01
5.913499999999999979e+00
1.223899999999999988e+00
-1.018299999999999983e+01
-1.526700000000000124e+01
-7.111600000000000144e+00
1.176500000000000101e+00
6.633899999999999686e+00
1.462800000000000011e+01
1.566400000000000148e+01
3.407999999999999918e+00
-6.554299999999999571e+00
-6.647199999999999775e+00
-5.685900000000000176e+00
-5.899300000000000210e+00
-2.889699999999999935e+00
3.939799999999999969e+00
7.372399999999999842e+00
5.449200000000000266e+00
2.299199999999999855e-01
-4.891499999999999737e+00
-5.791399999999999881e-01
5.973499999999999588e+00
4.744699999999999918e+00
3.409600000000000186e+00
2.855100000000000193e+00
-3.232699999999999907e+00
-7.326200000000000045e+00
-4.607899999999999885e+00
2.750699999999999812e-01
3.754100000000000215e+00
2.709700000000000220e+00
9.904100000000000126e-01
8.062399999999999567e-01
-1.216800000000000104e+00
-1.188199999999999923e+00
-1.669400000000000051e-02
-7.431999999999999718e-01
1.765099999999999891e+00
2.939900000000000180e+00
5.259000000000000341e-01
-1.300100000000000033e+00
-3.114199999999999857e+00
-3.377600000000000158e+00
-1.751300000000000079e+00
-1.386100000000000110e+00
3.451800000000000423e-01
2.764800000000000146e+00
1.504299999999999971e+00
-5.813099999999999934e-01
-1.149799999999999933e+00
-1.527400000000000091e+00
-8.472100000000000186e-01
3.953900000000000192e-01
3.147599999999999704e-02
2.993799999999999795e+00
7.595200000000000173e+00
6.880399999999999849e+00
3.250999999999999890e+00
3.838400000000000145e-01
-1.735200000000000076e+00
-4.678399999999999892e+00
-3.678599999999999870e+00
1.970499999999999918e+00
4.887800000000000367e+00
4.644899999999999807e+00
-5.560899999999999732e-01
-4.364799999999999791e+00
-2.177299999999999791e+00
-2.317400000000000126e+00
-3.889699999999999935e+00
-2.413699999999999957e+00
1.003800000000000026e+00
2.280600000000000183e+00
1.268999999999999906e+00
-6.066899999999999515e-01
-3.575200000000000156e+00
-1.626600000000000046e+00
1.945400000000000018e+00
3.600099999999999856e+00
6.723300000000000054e+00
5.541299999999999670e+00
3.910300000000000442e-01
1.263099999999999778e-01
-1.175799999999999956e+00
-7.684199999999999697e+00
-6.462600000000000122e+00
-2.057300000000000129e+00
-1.785400000000000098e+00
1.175799999999999956e+00
6.329699999999999882e+00
7.308799999999999741e+00
3.918499999999999872e+00
-4.226600000000000357e+00
-1.059500000000000064e+01
-9.633900000000000574e+00
-6.710600000000000342e+00
-4.431999999999999829e-01
3.493799999999999795e+00
2.999099999999999877e+00
2.939499999999999780e+00
-5.306000000000000300e-02
-3.698999999999999844e+00
-1.965600000000000014e+00
9.083700000000001218e-01
1.179200000000000026e+00
3.689900000000000124e-02
-6.018700000000000161e-01
5.274699999999999944e-01
2.464800000000000046e-01
-1.209799999999999986e+00
2.776100000000000012e+00
6.984499999999999709e+00
2.490000000000000213e+00
-2.618700000000000028e+00
-2.563200000000000145e+00
-1.933100000000000041e+00
-8.665200000000000680e-01
-2.292300000000000171e-01
-1.841200000000000059e-01
1.354600000000000026e+00
1.941899999999999959e+00
8.220499999999999474e-01
1.661200000000000010e+00
2.725999999999999979e+00
1.800200000000000022e+00
1.355499999999999927e+00
-4.467999999999999750e-01
-5.327700000000000102e+00
-7.305500000000000327e+00
-5.032700000000000173e+00
-3.556200000000000028e+00
-1.426099999999999923e+00
5.075699999999999656e-01
-9.622299999999999187e-01
-2.245800000000000296e-01
2.920999999999999819e+00
9.830100000000000504e-01
-7.757899999999999796e-01
9.161100000000000909e-01
4.993699999999999806e-01
-6.209799999999999764e-01
-6.645300000000000651e-01
-2.735399999999999832e+00
-3.833200000000000163e+00
-7.843399999999999261e-01
2.206199999999999939e+00
3.640099999999999891e+00
3.787900000000000045e+00
2.522800000000000153e+00
2.447200000000000042e+00
2.815700000000000092e+00
-2.838999999999999857e-01
-4.768600000000000172e+00
-5.572000000000000064e+00
-2.250799999999999912e+00
1.933400000000000007e+00
3.197799999999999976e+00
1.484199999999999964e+00
7.909000000000000474e-01
1.963799999999999990e+00
1.191000000000000059e+00
-6.539000000000000368e-01
1.794700000000000184e-01
1.651799999999999935e+00
6.721899999999999542e-01
-5.588999999999999524e-01
1.892400000000000193e-01
7.727600000000000025e-01
1.542099999999999860e-01
-1.912599999999999856e-01
-1.125299999999999911e-01
-8.360399999999999776e-02
5.773600000000000260e-02
7.340399999999999148e-01
3.931899999999999840e-01
-1.137399999999999967e+00
-1.132800000000000029e+00
4.122100000000000208e-01
7.456300000000000150e-01
-2.648099999999999898e-01
-9.939999999999999947e-01
-5.718199999999999950e-01
8.261100000000000110e-01
3.038000000000000145e-01
-7.356800000000000006e-01
9.203399999999999359e-01
1.937799999999999967e+00
5.910800000000000498e-01
-1.638900000000000023e+00
-2.260400000000000187e+00
-6.437799999999999079e-02
9.096200000000000951e-01
-1.173799999999999955e+00
-1.169799999999999951e+00
8.547500000000000098e-01
1.879199999999999982e+00
1.739200000000000079e+00
1.114800000000000013e+00
6.068999999999999950e-01
-4.306699999999999973e-01
-2.580199999999999855e-02
1.009900000000000020e+00
9.540899999999999936e-01
8.307600000000000540e-01
7.122699999999999587e-01
-2.778499999999999859e-01
-1.566300000000000026e+00
-1.615099999999999980e+00
-1.124200000000000088e+00
-4.897699999999999831e-01
2.933000000000000052e-01
1.900300000000000045e-01
-4.391600000000000503e-01
-4.607999999999999874e-01
-2.345599999999999907e-01
2.384599999999999914e-02
3.715499999999999914e-01
3.391800000000000370e-01
3.240000000000000102e-01
3.901699999999999613e-01
1.366400000000000114e-01
-4.199899999999999745e-01
-5.093999999999999639e-01
1.441900000000000126e-01
6.297300000000000120e-01
2.651199999999999668e-01
-2.247599999999999876e-01
9.416399999999999770e-02
2.490800000000000236e-01
-2.160499999999999921e-01
-3.217499999999999805e-01
-2.600800000000000334e-01
-1.986199999999999910e-01
-4.680199999999999638e-02
-7.068499999999999783e-02
-3.200400000000000467e-02
1.474900000000000100e-01
2.151099999999999957e-01
8.220399999999999929e-02
-1.688000000000000056e-01
-2.254099999999999993e-01
-5.795800000000000257e-02
6.600499999999999423e-02
-2.321999999999999759e-02
-8.131299999999999639e-02
6.707899999999999930e-04
4.122900000000000176e-02
1.508699999999999972e-02
8.299899999999998945e-03
-1.753899999999999904e-02
-8.541900000000000881e-02
-6.808600000000000763e-02
6.065700000000000258e-02
4.288700000000000151e-02
-4.225099999999999689e-02
-5.707399999999999626e-03
2.818299999999999972e-02
1.349900000000000058e-02
1.817299999999999818e-02
7.197700000000000452e-03
7.957100000000000371e-04
1.037000000000000074e-02
6.398799999999999627e-03
-1.208199999999999899e-02
-1.359099999999999892e-02
-1.499900000000000018e-02
-8.187599999999999739e-03
-2.808699999999999912e-03
3.910699999999999593e-03
2.679699999999999704e-03
2.966200000000000000e-03
2.223800000000000169e-03
-2.075500000000000088e-03
-1.990500000000000255e-02
-1.996299999999999811e-02
-5.517399999999999562e-03
7.947399999999998563e-03
2.396800000000000146e-03
2.394700000000000040e-03
3.410100000000000110e-03
5.888499999999999637e-03
-5.830699999999999859e-04
7.708899999999999867e-04
-2.634000000000000057e-03
-2.092099999999999949e-03
-3.344899999999999610e-03
-2.960799999999999977e-04
-2.263800000000000274e-03
5.537199999999999501e-04
-2.236300000000000093e-03
-5.892599999999999791e-04
-2.682099999999999762e-03
4.022000000000000184e-04
-1.499200000000000012e-03
9.177499999999999460e-04
-1.082599999999999969e-03
1.447200000000000049e-03
-7.288800000000000010e-04
1.311199999999999996e-03
-1.699800000000000009e-03
3.111000000000000267e-04
-1.652700000000000002e-03
9.128800000000000282e-04
-1.442899999999999999e-03
8.674800000000000089e-04
-1.451799999999999835e-03
8.940400000000000257e-04
-1.411900000000000221e-03
9.440899999999999683e-04
-1.402599999999999941e-03
9.747100000000000512e-04
-1.351900000000000063e-03
1.001399999999999946e-03
-1.362799999999999949e-03
1.007000000000000083e-03
-1.351099999999999827e-03
1.029900000000000043e-03
-1.328299999999999923e-03
1.051999999999999984e-03
-1.307599999999999908e-03
1.081900000000000006e-03
-1.296499999999999909e-03
1.099599999999999840e-03
-1.279099999999999812e-03
1.114399999999999983e-03
-1.278300000000000009e-03
1.141499999999999937e-03
-1.261399999999999978e-03
1.150900000000000057e-03
-1.256200000000000068e-03
1.162700000000000018e-03
-1.256200000000000068e-03
1.171700000000000129e-03
-1.249400000000000120e-03
1.182099999999999948e-03
-1.241599999999999822e-03
1.197200000000000044e-03
-1.236200000000000016e-03
1.204099999999999832e-03
-1.237699999999999998e-03
1.208000000000000089e-03
-1.238000000000000168e-03
1.223000000000000129e-03
-1.229099999999999897e-03
1.230599999999999880e-03
-1.228200000000000038e-03
1.234599999999999760e-03
-1.227000000000000009e-03
1.242999999999999964e-03
