4.922600000000000066e-04
6.673599999999999801e-04
6.373799999999999995e-04
4.738200000000000137e-04
5.357499999999999849e-04
3.148299999999999927e-04
3.776200000000000064e-04
1.437200000000000131e-04
1.832299999999999923e-04
-6.912000000000000229e-05
-4.536899999999999879e-05
-3.314100000000000270e-04
-3.338799999999999949e-04
-6.551000000000000399e-04
-6.939000000000000072e-04
-1.054099999999999872e-03
-1.139800000000000058e-03
-1.557000000000000007e-03
-1.693899999999999920e-03
-2.169700000000000101e-03
-2.374699999999999988e-03
-2.925300000000000036e-03
-3.197800000000000208e-03
-3.818900000000000072e-03
-4.167199999999999377e-03
-4.869300000000000885e-03
-5.296000000000000360e-03
-6.071100000000000281e-03
-6.563399999999999616e-03
-7.405600000000000030e-03
-7.965800000000000311e-03
-8.886800000000000255e-03
-9.543100000000000541e-03
-1.058100000000000013e-02
-1.137900000000000023e-02
-1.258800000000000023e-02
-1.359300000000000092e-02
-1.505900000000000120e-02
-1.637599999999999820e-02
-1.822500000000000162e-02
-1.998899999999999982e-02
-2.235099999999999934e-02
-2.471100000000000033e-02
-2.774700000000000430e-02
-3.084300000000000236e-02
-3.467900000000000149e-02
-3.862099999999999561e-02
-4.334199999999999858e-02
-4.816299999999999748e-02
-5.371900000000000286e-02
-5.928699999999999942e-02
-6.545199999999999629e-02
-7.144899999999999862e-02
-7.782899999999999541e-02
-8.378900000000000237e-02
-8.983800000000000119e-02
-9.516299999999999759e-02
-1.002799999999999941e-01
-1.043700000000000044e-01
-1.079900000000000027e-01
-1.102799999999999891e-01
-1.120599999999999929e-01
-1.130599999999999938e-01
-1.141099999999999892e-01
-1.144799999999999984e-01
-1.148799999999999960e-01
-1.145900000000000113e-01
-1.142799999999999927e-01
-1.132900000000000157e-01
-1.123099999999999932e-01
-1.106200000000000100e-01
-1.089400000000000091e-01
-1.065900000000000042e-01
-1.042599999999999916e-01
-1.012600000000000028e-01
-9.830700000000000549e-02
-9.471699999999999564e-02
-9.120599999999999541e-02
-8.708799999999999875e-02
-8.309300000000000019e-02
-7.854099999999999970e-02
-7.415399999999999769e-02
-6.926200000000000412e-02
-6.459800000000000264e-02
-5.949299999999999727e-02
-5.467500000000000138e-02
-4.947799999999999421e-02
-4.465500000000000025e-02
-3.951799999999999757e-02
-3.481100000000000166e-02
-2.987099999999999825e-02
-2.544199999999999934e-02
-2.082600000000000076e-02
-1.676800000000000165e-02
-1.259000000000000050e-02
-8.999899999999999914e-03
-5.296300000000000313e-03
-2.220699999999999931e-03
9.488100000000000180e-04
3.505799999999999889e-03
6.179500000000000097e-03
8.241999999999999327e-03
1.045300000000000049e-02
1.209899999999999864e-02
1.392299999999999961e-02
1.521800000000000062e-02
1.673899999999999694e-02
1.777199999999999960e-02
1.906399999999999761e-02
1.991100000000000161e-02
2.105999999999999886e-02
2.179499999999999840e-02
2.286600000000000091e-02
2.355399999999999855e-02
2.461500000000000146e-02
2.531699999999999923e-02
2.642799999999999663e-02
2.721999999999999767e-02
2.844700000000000353e-02
2.937799999999999787e-02
3.078500000000000333e-02
3.192899999999999905e-02
3.357900000000000468e-02
3.498399999999999427e-02
3.691300000000000137e-02
3.862200000000000355e-02
4.086399999999999755e-02
4.287699999999999845e-02
4.542099999999999610e-02
4.772400000000000253e-02
5.054299999999999765e-02
5.307800000000000018e-02
5.608600000000000391e-02
5.876499999999999779e-02
6.185900000000000426e-02
6.457000000000000239e-02
6.762400000000000355e-02
7.022799999999999876e-02
7.313400000000000456e-02
7.552499999999999492e-02
7.815800000000000525e-02
8.023999999999999189e-02
8.253300000000000913e-02
8.424099999999999644e-02
8.613600000000000423e-02
8.745900000000000896e-02
8.900099999999999678e-02
8.997800000000000242e-02
9.119299999999999629e-02
9.189299999999998858e-02
9.287499999999999922e-02
9.335299999999999154e-02
9.413799999999999946e-02
9.444600000000000217e-02
9.507999999999999785e-02
9.523399999999999921e-02
9.571000000000000341e-02
9.569600000000000328e-02
9.597500000000000475e-02
9.573900000000000465e-02
9.578300000000000702e-02
9.529200000000000170e-02
9.505500000000000060e-02
9.426500000000000157e-02
9.373200000000000975e-02
9.264400000000000412e-02
9.185100000000000209e-02
9.054299999999999848e-02
8.956300000000000372e-02
8.810499999999998888e-02
8.702400000000000413e-02
8.552699999999999192e-02
8.446399999999999741e-02
8.302000000000001045e-02
8.205700000000000494e-02
8.074299999999999533e-02
7.992100000000000593e-02
7.875800000000000856e-02
7.809499999999999775e-02
7.709299999999999486e-02
7.656200000000000505e-02
7.566599999999999715e-02
7.522700000000000220e-02
7.438400000000000567e-02
7.398300000000000709e-02
7.318099999999999605e-02
7.282500000000000084e-02
7.207700000000000218e-02
7.179900000000000171e-02
7.118099999999999428e-02
7.110800000000000454e-02
7.076100000000000445e-02
7.103999999999999204e-02
7.114299999999999791e-02
7.200199999999999656e-02
7.278300000000000047e-02
7.445399999999999241e-02
7.625700000000000534e-02
7.925700000000000800e-02
8.368200000000000638e-02
9.011600000000000166e-02
9.534700000000000120e-02
9.994199999999998918e-02
1.040500000000000036e-01
1.086900000000000088e-01
1.130000000000000032e-01
1.178700000000000025e-01
1.223500000000000004e-01
1.272800000000000042e-01
1.317099999999999937e-01
1.364900000000000002e-01
1.406700000000000172e-01
1.451000000000000068e-01
1.488599999999999923e-01
1.528100000000000014e-01
1.560300000000000020e-01
1.594099999999999961e-01
1.620599999999999818e-01
1.648499999999999965e-01
1.669299999999999951e-01
1.691999999999999893e-01
1.707500000000000129e-01
1.724600000000000022e-01
1.734600000000000031e-01
1.746999999999999942e-01
1.752400000000000069e-01
1.759599999999999775e-01
1.759000000000000008e-01
1.759499999999999953e-01
1.751500000000000001e-01
1.743699999999999972e-01
1.726499999999999979e-01
1.708800000000000041e-01
1.681199999999999917e-01
1.652500000000000080e-01
1.613999999999999879e-01
1.575099999999999834e-01
1.527099999999999846e-01
1.479999999999999927e-01
1.425500000000000100e-01
1.373800000000000021e-01
1.316599999999999993e-01
1.262699999999999934e-01
1.203099999999999864e-01
1.149599999999999927e-01
1.095700000000000007e-01
1.051099999999999951e-01
1.004099999999999993e-01
9.627899999999998959e-02
9.161500000000000199e-02
8.703999999999999237e-02
8.109099999999999642e-02
7.459000000000000352e-02
6.721399999999999597e-02
6.080900000000000194e-02
5.645700000000000718e-02
5.839199999999999252e-02
6.471299999999999275e-02
6.941400000000000348e-02
6.473999999999999200e-02
5.098000000000000448e-02
3.680200000000000138e-02
3.569599999999999856e-02
4.527799999999999880e-02
5.416900000000000881e-02
5.373300000000000298e-02
4.355699999999999850e-02
2.413099999999999967e-02
4.060499999999999873e-03
-7.382699999999999853e-03
-7.176100000000001228e-03
-3.218099999999999780e-03
-2.797800000000000026e-03
-9.763100000000000250e-03
-1.905399999999999802e-02
-2.378500000000000059e-02
-2.068100000000000147e-02
-2.345600000000000115e-02
-4.264400000000000135e-02
-6.856199999999999795e-02
-7.843200000000000172e-02
-6.900000000000000577e-02
-5.688200000000000200e-02
-5.657399999999999929e-02
-7.334299999999999153e-02
-1.143499999999999933e-01
-1.660699999999999954e-01
-2.067300000000000249e-01
-2.303699999999999914e-01
-2.467599999999999794e-01
-2.665000000000000147e-01
-3.037199999999999900e-01
-3.594600000000000017e-01
-4.228500000000000036e-01
-4.768499999999999961e-01
-5.115100000000000202e-01
-5.336699999999999777e-01
-5.646499999999999853e-01
-6.041499999999999648e-01
-6.302900000000000169e-01
-6.388000000000000345e-01
-6.705800000000000649e-01
-7.510399999999999299e-01
-8.417000000000000037e-01
-8.930600000000000760e-01
-9.236900000000000110e-01
-9.678899999999999171e-01
-1.020999999999999908e+00
-1.089499999999999913e+00
-1.178900000000000059e+00
-1.243800000000000017e+00
-1.248099999999999987e+00
-1.189799999999999969e+00
-1.090999999999999970e+00
-9.888799999999999812e-01
-9.008200000000000651e-01
-8.019899999999999807e-01
-6.854000000000000092e-01
-5.445399999999999130e-01
-3.745699999999999585e-01
-2.143300000000000205e-01
-1.157200000000000034e-01
-8.741100000000000259e-02
-8.511000000000000509e-02
-6.904099999999999127e-02
-5.821000000000000479e-02
-5.052099999999999647e-02
-1.919600000000000126e-02
5.828199999999999527e-03
2.225099999999999995e-02
1.119900000000000062e-01
2.549000000000000155e-01
3.473499999999999921e-01
3.722699999999999898e-01
3.756400000000000294e-01
3.867700000000000027e-01
4.183199999999999696e-01
4.502300000000000191e-01
4.580399999999999472e-01
4.373399999999999510e-01
3.794300000000000450e-01
2.812399999999999900e-01
2.209800000000000098e-01
2.816599999999999659e-01
4.356999999999999762e-01
5.703699999999999326e-01
5.968999999999999861e-01
5.318000000000000504e-01
4.384000000000000119e-01
3.017699999999999827e-01
8.128499999999999615e-02
-1.881599999999999939e-01
-3.996399999999999952e-01
-4.612699999999999578e-01
-4.198800000000000310e-01
-3.836900000000000310e-01
-3.343999999999999750e-01
-2.818999999999999839e-01
-2.915099999999999913e-01
-2.915900000000000158e-01
-2.089599999999999791e-01
-1.058700000000000058e-01
-1.011500000000000029e-03
1.222299999999999914e-01
2.188699999999999812e-01
2.681399999999999895e-01
3.493600000000000039e-01
5.268100000000000005e-01
7.466800000000000104e-01
9.060700000000000420e-01
9.902400000000000091e-01
1.066999999999999948e+00
1.222599999999999909e+00
1.422099999999999920e+00
1.479899999999999993e+00
1.406300000000000106e+00
1.427200000000000024e+00
1.535199999999999898e+00
1.530299999999999994e+00
1.410400000000000098e+00
1.245300000000000074e+00
9.075499999999999678e-01
4.184199999999999586e-01
1.325400000000000189e-01
1.375200000000000033e-01
1.197900000000000076e-01
1.905800000000000029e-03
-8.438700000000000367e-02
-1.446000000000000063e-01
-2.263300000000000312e-01
-3.440699999999999870e-01
-5.351399999999999491e-01
-7.989000000000000545e-01
-1.072100000000000053e+00
-1.248599999999999932e+00
-1.268799999999999928e+00
-1.220099999999999962e+00
-1.224099999999999966e+00
-1.229200000000000070e+00
-1.079399999999999915e+00
-7.227600000000000691e-01
-2.503299999999999970e-01
1.869099999999999928e-01
3.857099999999999973e-01
2.250999999999999945e-01
-1.081299999999999900e-01
-3.403700000000000059e-01
-4.553699999999999970e-01
-5.152100000000000568e-01
-6.051699999999999857e-01
-7.583199999999999941e-01
-8.850799999999999779e-01
-1.064599999999999991e+00
-1.325299999999999923e+00
-1.449699999999999989e+00
-1.343499999999999917e+00
-9.894100000000000117e-01
-4.161199999999999899e-01
1.185299999999999965e-01
3.292999999999999816e-01
2.425900000000000001e-01
1.430500000000000105e-01
1.807700000000000140e-01
1.595799999999999996e-01
-5.170199999999999796e-02
-3.280300000000000438e-01
-5.444200000000000150e-01
-6.259399999999999409e-01
-6.084600000000000009e-01
-6.390200000000000324e-01
-7.583100000000000396e-01
-8.367999999999999883e-01
-7.569399999999999462e-01
-6.100499999999999812e-01
-3.652500000000000191e-01
1.325900000000000134e-01
7.439200000000000257e-01
1.275099999999999900e+00
1.640700000000000047e+00
1.717700000000000005e+00
1.571700000000000097e+00
1.379299999999999971e+00
1.124900000000000011e+00
7.840500000000000247e-01
5.217100000000000071e-01
4.440800000000000303e-01
3.729600000000000137e-01
9.558800000000000630e-02
-1.701499999999999957e-01
-7.397199999999999609e-02
2.439599999999999824e-01
4.463500000000000245e-01
5.046899999999999720e-01
5.002600000000000380e-01
4.590800000000000436e-01
3.867499999999999827e-01
2.414099999999999857e-01
-2.594100000000000225e-02
-2.862800000000000344e-01
-3.399099999999999899e-01
-2.321199999999999930e-01
-1.447900000000000020e-01
-1.200999999999999984e-01
-6.419800000000000506e-02
1.020599999999999979e-01
2.597700000000000009e-01
2.137199999999999933e-01
4.682199999999999210e-03
-1.928300000000000014e-01
-4.035900000000000043e-01
-6.805499999999999883e-01
-8.479100000000000525e-01
-7.422100000000000364e-01
-4.897500000000000187e-01
-1.953700000000000159e-01
2.536599999999999966e-01
8.390400000000000080e-01
1.314699999999999980e+00
1.475300000000000056e+00
1.246199999999999974e+00
7.393699999999999717e-01
2.515499999999999958e-01
1.242600000000000128e-02
4.311699999999999908e-03
8.802400000000000502e-02
1.514000000000000068e-01
1.744199999999999917e-01
1.068199999999999983e-01
-1.137099999999999916e-01
-3.066200000000000037e-01
-2.518799999999999928e-01
-7.899199999999999278e-02
3.817200000000000454e-02
1.350599999999999856e-01
2.991199999999999970e-01
5.272399999999999309e-01
7.076500000000000012e-01
7.893499999999999961e-01
7.117299999999999738e-01
4.008900000000000241e-01
7.375700000000000311e-02
-5.821900000000000686e-02
-5.057799999999999796e-02
-3.454499999999999932e-02
-1.785200000000000120e-01
-5.713399999999999590e-01
-1.061299999999999910e+00
-1.383099999999999996e+00
-1.359399999999999942e+00
-1.079900000000000082e+00
-7.580200000000000271e-01
-5.262299999999999756e-01
-4.149899999999999700e-01
-2.847100000000000186e-01
2.130299999999999902e-02
3.864299999999999957e-01
6.617899999999999894e-01
8.584700000000000664e-01
9.899200000000000221e-01
1.004799999999999915e+00
8.735000000000000542e-01
6.932300000000000129e-01
5.916399999999999437e-01
4.670199999999999907e-01
8.685599999999998877e-02
-6.153800000000000381e-01
-1.420400000000000107e+00
-2.008100000000000218e+00
-2.226700000000000124e+00
-2.237499999999999822e+00
-2.325299999999999923e+00
-2.464199999999999946e+00
-2.365000000000000213e+00
-2.090399999999999814e+00
-1.933999999999999941e+00
-1.750099999999999989e+00
-1.185400000000000009e+00
-3.053099999999999703e-01
4.988100000000000311e-01
9.102899999999999325e-01
9.029399999999999649e-01
6.060600000000000431e-01
2.047799999999999898e-01
2.998299999999999924e-02
2.646900000000000364e-01
6.077399999999999469e-01
7.742200000000000193e-01
8.380200000000000982e-01
8.903999999999999693e-01
9.245899999999999119e-01
8.995999999999999552e-01
7.674400000000000110e-01
7.026600000000000623e-01
9.020600000000000840e-01
1.178700000000000081e+00
1.291500000000000092e+00
1.287900000000000045e+00
1.200499999999999901e+00
1.055600000000000094e+00
9.137799999999999256e-01
8.531400000000000095e-01
1.098100000000000076e+00
1.703899999999999970e+00
2.456700000000000106e+00
3.130999999999999783e+00
3.414200000000000124e+00
3.209600000000000009e+00
2.861299999999999955e+00
2.496100000000000207e+00
1.812000000000000055e+00
7.770799999999999930e-01
-2.697499999999999898e-01
-1.148600000000000065e+00
-1.972900000000000098e+00
-2.669399999999999995e+00
-2.759300000000000086e+00
-1.938199999999999923e+00
-7.055899999999999395e-01
7.945499999999999785e-02
2.430199999999999860e-01
3.069800000000000306e-01
5.517800000000000482e-01
7.538100000000000911e-01
7.576399999999999801e-01
6.868699999999999806e-01
3.897900000000000253e-01
-4.250300000000000189e-01
-1.464599999999999902e+00
-2.023299999999999876e+00
-1.823299999999999921e+00
-1.145100000000000007e+00
-2.877300000000000413e-01
5.124300000000000521e-01
8.955600000000000227e-01
6.018899999999999251e-01
-1.246799999999999992e-01
-6.434800000000000519e-01
-7.332300000000000484e-01
-6.675399999999999112e-01
-5.763899999999999579e-01
-4.022000000000000020e-01
-1.381599999999999773e-01
1.275599999999999790e-01
2.423599999999999921e-01
2.822000000000000064e-01
4.223500000000000032e-01
5.007099999999999884e-01
2.642900000000000249e-01
-1.471599999999999853e-01
-4.666199999999999792e-01
-6.035699999999999399e-01
-4.992399999999999616e-01
-8.219200000000000117e-02
7.867399999999999949e-01
2.093399999999999928e+00
3.191600000000000215e+00
3.423500000000000210e+00
2.701400000000000023e+00
1.288100000000000023e+00
-2.238600000000000034e-01
-1.244399999999999951e+00
-1.633499999999999952e+00
-1.456900000000000084e+00
-8.888700000000000490e-01
-2.499500000000000055e-01
3.481000000000000205e-01
1.081800000000000095e+00
1.749700000000000033e+00
1.594500000000000028e+00
4.145800000000000041e-01
-8.994799999999999462e-01
-1.618100000000000094e+00
-1.721899999999999986e+00
-1.389999999999999902e+00
-9.534899999999999487e-01
-6.597100000000000186e-01
-2.705800000000000427e-01
4.212500000000000133e-01
1.078899999999999970e+00
1.064400000000000013e+00
7.889100000000000279e-02
-1.399899999999999922e+00
-2.682799999999999851e+00
-3.571499999999999897e+00
-4.032499999999999751e+00
-4.086700000000000443e+00
-3.892599999999999838e+00
-3.589100000000000179e+00
-3.268699999999999939e+00
-2.903599999999999959e+00
-2.455799999999999983e+00
-2.055200000000000138e+00
-1.791900000000000048e+00
-1.719000000000000083e+00
-1.925000000000000044e+00
-2.326499999999999790e+00
-2.528999999999999915e+00
-2.235100000000000087e+00
-1.717400000000000038e+00
-1.382800000000000029e+00
-1.205600000000000005e+00
-1.125199999999999978e+00
-1.021500000000000075e+00
-6.213199999999999834e-01
-8.875199999999999756e-02
2.208699999999999830e-01
4.093600000000000017e-01
7.087600000000000566e-01
1.026699999999999946e+00
1.076100000000000056e+00
8.978599999999999914e-01
8.886500000000000510e-01
1.058799999999999963e+00
9.224799999999999667e-01
5.556999999999999718e-01
4.808999999999999941e-01
5.981400000000000050e-01
5.245900000000000007e-01
2.866500000000000159e-01
3.589200000000000029e-02
-1.794199999999999962e-01
-3.442899999999999849e-01
-4.034599999999999853e-01
-3.121099999999999985e-01
2.710699999999999915e-02
6.839499999999999469e-01
1.350700000000000012e+00
1.482399999999999940e+00
9.554799999999998850e-01
1.132299999999999973e-01
-6.062400000000000011e-01
-8.741299999999999626e-01
-6.187000000000000277e-01
-1.954899999999999971e-01
-5.450299999999999589e-02
-2.652100000000000013e-01
-7.261699999999999822e-01
-1.378400000000000070e+00
-1.880600000000000049e+00
-1.818200000000000038e+00
-1.203100000000000058e+00
-2.840799999999999992e-01
9.190799999999998970e-01
2.313899999999999846e+00
3.479499999999999815e+00
4.081900000000000084e+00
4.093799999999999883e+00
3.724600000000000133e+00
3.313600000000000101e+00
2.918400000000000105e+00
2.525900000000000034e+00
2.422899999999999832e+00
2.677000000000000046e+00
2.937199999999999811e+00
3.054600000000000204e+00
3.206100000000000172e+00
3.607000000000000206e+00
4.308600000000000207e+00
5.110100000000000087e+00
5.520699999999999719e+00
5.194600000000000328e+00
4.406500000000000306e+00
3.724699999999999900e+00
3.379500000000000171e+00
3.213000000000000078e+00
3.068200000000000038e+00
3.073900000000000077e+00
3.366499999999999826e+00
3.912399999999999878e+00
4.580899999999999750e+00
5.163800000000000168e+00
5.406500000000000306e+00
5.067300000000000360e+00
4.252100000000000435e+00
3.610700000000000021e+00
3.373899999999999899e+00
3.063099999999999934e+00
2.596600000000000019e+00
2.483400000000000052e+00
2.838400000000000034e+00
3.378000000000000114e+00
3.925199999999999800e+00
4.275800000000000267e+00
4.143600000000000172e+00
3.386299999999999866e+00
2.082100000000000062e+00
7.234899999999999665e-01
3.834800000000000014e-02
1.285599999999999798e-01
3.863699999999999912e-01
4.359000000000000097e-01
1.734400000000000108e-01
-2.348400000000000210e-01
-3.677300000000000013e-01
-2.472099999999999853e-01
-1.178099999999999842e-01
7.189800000000000357e-02
1.912299999999999833e-01
3.151700000000000057e-01
4.949699999999999656e-01
-1.977700000000000014e-01
-1.834699999999999998e+00
-2.873200000000000198e+00
-2.547099999999999920e+00
-1.674900000000000055e+00
-1.443400000000000016e+00
-1.876800000000000024e+00
-2.076799999999999979e+00
-1.951799999999999979e+00
-2.436599999999999877e+00
-3.569100000000000161e+00
-3.871599999999999930e+00
-2.744499999999999940e+00
-1.816999999999999948e+00
-2.651400000000000201e+00
-4.633499999999999730e+00
-5.992200000000000415e+00
-6.272800000000000153e+00
-5.921400000000000219e+00
-4.754800000000000360e+00
-3.687800000000000189e+00
-4.599999999999999645e+00
-6.812899999999999956e+00
-8.114399999999999835e+00
-8.286799999999999500e+00
-8.173799999999999955e+00
-8.223599999999999355e+00
-8.376799999999999358e+00
-7.608299999999999841e+00
-6.069499999999999673e+00
-4.928899999999999615e+00
-3.744499999999999940e+00
-1.846000000000000085e+00
-4.568499999999999783e-01
-1.085599999999999898e+00
-2.903900000000000148e+00
-4.139400000000000190e+00
-4.608999999999999986e+00
-4.721499999999999808e+00
-4.539500000000000313e+00
-5.113599999999999923e+00
-7.938900000000000290e+00
-1.224900000000000055e+01
-1.574099999999999966e+01
-1.749900000000000233e+01
-1.813799999999999812e+01
-1.739900000000000091e+01
-1.558400000000000141e+01
-1.608299999999999841e+01
-2.019400000000000261e+01
-2.350499999999999901e+01
-2.170899999999999963e+01
-1.614900000000000091e+01
-1.094299999999999962e+01
-7.337799999999999656e+00
-5.826500000000000234e+00
-6.435699999999999754e+00
-5.821399999999999686e+00
-1.705000000000000071e+00
4.233900000000000219e+00
1.035700000000000109e+01
1.632300000000000040e+01
2.022100000000000009e+01
2.097500000000000142e+01
2.135900000000000176e+01
2.212999999999999901e+01
1.968700000000000117e+01
1.383999999999999986e+01
9.342299999999999827e+00
7.546599999999999753e+00
5.806600000000000428e+00
3.890899999999999803e+00
2.914099999999999913e+00
9.347499999999999698e-01
-3.160600000000000076e+00
-5.806300000000000239e+00
-5.046999999999999709e+00
-4.736500000000000377e+00
-8.179299999999999571e+00
-1.342599999999999838e+01
-1.768400000000000105e+01
-2.106900000000000261e+01
-2.334900000000000020e+01
-2.131900000000000261e+01
-1.210400000000000098e+01
5.776899999999999258e-01
8.953900000000000858e+00
1.229099999999999859e+01
1.768499999999999872e+01
2.644699999999999918e+01
2.978000000000000114e+01
2.584199999999999875e+01
2.583800000000000097e+01
3.420900000000000318e+01
4.394899999999999807e+01
5.167699999999999960e+01
5.796300000000000097e+01
6.235899999999999466e+01
6.594299999999999784e+01
6.999399999999999977e+01
7.286899999999999977e+01
7.108299999999999841e+01
6.556999999999999318e+01
6.136699999999999733e+01
5.929200000000000159e+01
5.594399999999999551e+01
4.715999999999999659e+01
2.933300000000000196e+01
4.809499999999999886e+00
-1.892500000000000071e+01
-3.739900000000000091e+01
-5.242199999999999704e+01
-6.634699999999999420e+01
-7.639199999999999591e+01
-7.942199999999999704e+01
-7.693999999999999773e+01
-7.084899999999998954e+01
-6.033399999999999608e+01
-4.824499999999999744e+01
-4.134100000000000108e+01
-4.220399999999999352e+01
-4.993800000000000239e+01
-5.984799999999999898e+01
-6.548000000000000398e+01
-6.579800000000000182e+01
-5.951300000000000523e+01
-4.459700000000000131e+01
-2.498999999999999844e+01
-4.227500000000000036e+00
1.348299999999999876e+01
2.101199999999999690e+01
2.078300000000000125e+01
1.978900000000000148e+01
1.874699999999999989e+01
2.177899999999999991e+01
3.063300000000000267e+01
3.921199999999999619e+01
4.687699999999999534e+01
5.450800000000000267e+01
6.053800000000000381e+01
6.893899999999999295e+01
7.843300000000000693e+01
7.960300000000000864e+01
7.119499999999999318e+01
5.732600000000000051e+01
3.804299999999999926e+01
1.473299999999999876e+01
-6.360999999999999766e+00
-2.310000000000000142e+01
-3.792499999999999716e+01
-5.038300000000000267e+01
-5.484100000000000108e+01
-4.609300000000000352e+01
-2.972599999999999909e+01
-1.476799999999999891e+01
-4.285899999999999821e+00
2.955700000000000216e+00
1.056599999999999895e+01
1.995700000000000074e+01
2.521499999999999986e+01
2.510300000000000153e+01
2.522800000000000153e+01
2.334499999999999886e+01
1.854799999999999827e+01
1.725499999999999901e+01
1.947400000000000020e+01
1.961499999999999844e+01
1.502299999999999969e+01
7.471799999999999997e+00
-9.215600000000000458e-01
-7.207099999999999618e+00
-1.138799999999999990e+01
-1.267900000000000027e+01
-1.032900000000000063e+01
-7.955099999999999838e+00
-1.043999999999999950e+01
-1.967399999999999949e+01
-3.195100000000000051e+01
-4.549000000000000199e+01
-6.066600000000000392e+01
-7.518000000000000682e+01
-8.504600000000000648e+01
-9.171099999999999852e+01
-9.712000000000000455e+01
-9.621099999999999852e+01
-9.034499999999999886e+01
-8.736899999999999977e+01
-7.869599999999999795e+01
-6.580899999999999750e+01
-6.485899999999999466e+01
-6.340600000000000591e+01
-5.632399999999999807e+01
-4.463600000000000279e+01
-3.174699999999999989e+01
-2.322300000000000253e+01
-1.461800000000000033e+01
-1.065200000000000102e+01
-1.239400000000000013e+01
-2.254899999999999949e+01
-3.432300000000000040e+01
-3.727799999999999869e+01
-3.318199999999999505e+01
-2.395800000000000196e+01
-1.494800000000000040e+01
-4.361299999999999955e+00
7.194099999999999717e+00
1.535500000000000043e+01
2.198699999999999832e+01
2.690399999999999991e+01
3.340699999999999648e+01
4.233299999999999841e+01
5.258699999999999619e+01
5.876399999999999579e+01
5.265899999999999892e+01
3.199500000000000099e+01
7.198599999999999888e+00
-9.183299999999999130e+00
-2.063899999999999935e+01
-2.951999999999999957e+01
-2.499399999999999977e+01
-6.295200000000000351e+00
1.524699999999999989e+01
3.345199999999999818e+01
4.221899999999999409e+01
4.153199999999999648e+01
4.343299999999999983e+01
3.593999999999999773e+01
1.804500000000000171e+01
2.063100000000000023e+01
4.433699999999999619e+01
6.965300000000000580e+01
8.875700000000000500e+01
9.902400000000000091e+01
1.052199999999999989e+02
1.096500000000000057e+02
1.066099999999999994e+02
9.499299999999999500e+01
7.830700000000000216e+01
6.238000000000000256e+01
5.661600000000000676e+01
6.675600000000000023e+01
8.495000000000000284e+01
9.228799999999999670e+01
8.271899999999999409e+01
6.821399999999999864e+01
5.419600000000000506e+01
4.164399999999999835e+01
3.782600000000000051e+01
4.279999999999999716e+01
4.885600000000000165e+01
4.896399999999999864e+01
3.764399999999999835e+01
2.000700000000000145e+01
6.876299999999999635e+00
-2.253899999999999793e+00
-1.563299999999999912e+01
-3.676800000000000068e+01
-5.887300000000000466e+01
-6.839300000000000068e+01
-6.168500000000000227e+01
-5.090399999999999636e+01
-4.548699999999999477e+01
-4.268600000000000705e+01
-3.567199999999999704e+01
-2.603800000000000026e+01
-2.382099999999999795e+01
-3.212100000000000222e+01
-4.613499999999999801e+01
-6.217100000000000648e+01
-7.857999999999999829e+01
-8.795999999999999375e+01
-7.913500000000000512e+01
-5.674000000000000199e+01
-3.781900000000000261e+01
-2.841099999999999781e+01
-1.983500000000000085e+01
-8.260099999999999554e+00
-4.875300000000000189e+00
-1.573799999999999955e+01
-3.377400000000000091e+01
-5.405399999999999494e+01
-6.874399999999999977e+01
-6.609899999999998954e+01
-4.935100000000000620e+01
-3.261299999999999955e+01
-2.355999999999999872e+01
-2.126000000000000156e+01
-2.500499999999999901e+01
-3.365200000000000102e+01
-3.747200000000000131e+01
-2.967500000000000071e+01
-1.559700000000000131e+01
5.946299999999999919e-01
1.917999999999999972e+01
3.331400000000000006e+01
3.496900000000000119e+01
2.774199999999999733e+01
1.785099999999999909e+01
5.718300000000000161e+00
-5.507799999999999585e+00
-1.083200000000000074e+01
-1.077099999999999902e+01
-3.692600000000000104e+00
1.525900000000000034e+01
3.845300000000000296e+01
5.035499999999999687e+01
4.961299999999999955e+01
4.635100000000000620e+01
4.528800000000000381e+01
4.587199999999999989e+01
4.718399999999999750e+01
4.610800000000000409e+01
3.816100000000000136e+01
2.768900000000000006e+01
2.284699999999999775e+01
1.887800000000000011e+01
7.977599999999999802e+00
-2.524399999999999977e+00
-1.415200000000000014e+00
5.638300000000000090e+00
8.071999999999999176e+00
9.863899999999999224e+00
1.440799999999999947e+01
1.132200000000000095e+01
-5.153699999999999726e+00
-2.755199999999999960e+01
-4.620199999999999818e+01
-5.335199999999999676e+01
-4.710100000000000620e+01
-3.390500000000000114e+01
-2.209099999999999753e+01
-1.517900000000000027e+01
-1.233000000000000007e+01
-1.593900000000000006e+01
-2.873400000000000176e+01
-4.244399999999999551e+01
-4.791799999999999926e+01
-4.736999999999999744e+01
-4.430899999999999750e+01
-3.825800000000000267e+01
-3.175199999999999889e+01
-2.769500000000000028e+01
-2.382900000000000063e+01
-1.936799999999999855e+01
-1.887400000000000233e+01
-2.121699999999999875e+01
-1.756700000000000017e+01
-7.259000000000000341e+00
8.794799999999999285e-01
3.625599999999999934e+00
4.464800000000000324e+00
6.041199999999999903e+00
7.759699999999999598e+00
6.809499999999999886e+00
4.130099999999999660e+00
2.343199999999999950e+00
3.968999999999999861e+00
1.359299999999999997e+01
2.701399999999999935e+01
3.280199999999999960e+01
2.995899999999999963e+01
2.470899999999999963e+01
1.980700000000000216e+01
1.908500000000000085e+01
2.410000000000000142e+01
2.957300000000000040e+01
3.068199999999999861e+01
2.640699999999999648e+01
2.196900000000000119e+01
2.327100000000000080e+01
2.703500000000000014e+01
2.822400000000000020e+01
2.627400000000000091e+01
2.133800000000000097e+01
1.583999999999999986e+01
1.239499999999999957e+01
1.023799999999999955e+01
9.332100000000000506e+00
9.048000000000000043e+00
1.108099999999999952e+01
2.200000000000000000e+01
3.704599999999999937e+01
4.098399999999999466e+01
3.311099999999999710e+01
2.569699999999999918e+01
2.287500000000000000e+01
2.226599999999999824e+01
2.374399999999999977e+01
2.369300000000000139e+01
1.780099999999999838e+01
9.825599999999999667e+00
7.157000000000000028e+00
1.007000000000000028e+01
1.135799999999999876e+01
8.211499999999999133e+00
4.623400000000000176e+00
4.259800000000000253e+00
8.567199999999999704e+00
1.483999999999999986e+01
1.679599999999999937e+01
1.233300000000000018e+01
4.532899999999999707e+00
-4.326399999999999579e+00
-1.212599999999999945e+01
-1.630499999999999972e+01
-1.741400000000000148e+01
-1.764099999999999824e+01
-1.802700000000000102e+01
-2.043400000000000105e+01
-2.614300000000000068e+01
-3.040199999999999747e+01
-2.851800000000000068e+01
-2.407499999999999929e+01
-2.170800000000000196e+01
-2.032400000000000162e+01
-1.808900000000000219e+01
-1.411500000000000021e+01
-6.859399999999999942e+00
4.155699999999999950e-01
2.580400000000000027e+00
-1.241700000000000095e-02
-3.769299999999999873e+00
-6.881099999999999994e+00
-1.038299999999999912e+01
-1.326500000000000057e+01
-1.141999999999999993e+01
-6.703899999999999970e+00
-7.220399999999999707e+00
-1.325900000000000034e+01
-1.889300000000000068e+01
-2.186899999999999977e+01
-1.957099999999999795e+01
-1.268500000000000050e+01
-7.996100000000000207e+00
-6.711800000000000210e+00
-6.228799999999999670e+00
-7.874900000000000233e+00
-1.246000000000000085e+01
-1.729500000000000171e+01
-1.811899999999999977e+01
-1.421400000000000041e+01
-1.021100000000000030e+01
-7.063100000000000378e+00
-2.989900000000000002e+00
-3.676899999999999835e+00
-1.122400000000000020e+01
-1.748400000000000176e+01
-1.792900000000000205e+01
-1.431299999999999883e+01
-9.260699999999999932e+00
-4.149700000000000166e+00
-1.769199999999999939e-01
-6.354199999999999848e-01
-4.666599999999999859e+00
-4.719299999999999606e+00
-8.438399999999999235e-01
-1.871499999999999941e+00
-8.249200000000000088e+00
-1.103700000000000081e+01
-6.515500000000000291e+00
9.685700000000000420e-01
7.073999999999999844e+00
1.065799999999999947e+01
1.294900000000000162e+01
1.483400000000000141e+01
1.569299999999999962e+01
1.290700000000000003e+01
5.127500000000000391e+00
-1.498799999999999910e+00
-1.700900000000000079e+00
1.976400000000000101e-01
2.130100000000000104e+00
7.294400000000000439e+00
1.230599999999999916e+01
1.192500000000000071e+01
8.124399999999999622e+00
5.817099999999999937e+00
5.900800000000000267e+00
5.134199999999999875e+00
1.916700000000000070e+00
-1.549199999999999910e+00
-2.954200000000000159e+00
-1.585099999999999953e+00
5.621000000000000441e-01
-1.093000000000000048e-02
-2.185500000000000220e+00
-1.725899999999999990e+00
2.802099999999999813e+00
7.174800000000000288e+00
6.915600000000000414e+00
5.158100000000000129e+00
6.407799999999999940e+00
1.025200000000000067e+01
1.433799999999999919e+01
1.501599999999999824e+01
1.184999999999999964e+01
7.512299999999999756e+00
3.537500000000000089e+00
2.723800000000000221e+00
3.917600000000000193e+00
2.164800000000000058e+00
-1.715200000000000058e+00
-4.731700000000000017e+00
-5.401399999999999757e+00
-2.355300000000000171e+00
1.562100000000000044e+00
2.417300000000000004e+00
-5.984299999999999342e-02
-3.359999999999999876e+00
-4.892500000000000071e+00
-4.794400000000000439e+00
-2.520999999999999908e+00
2.900300000000000100e+00
9.059400000000000119e+00
1.300799999999999912e+01
1.357799999999999940e+01
1.108900000000000041e+01
6.135399999999999743e+00
-8.788000000000000256e-01
-6.631599999999999717e+00
-7.154099999999999682e+00
-3.308399999999999785e+00
7.145799999999999930e-01
2.590100000000000069e+00
1.970399999999999929e+00
-1.073700000000000099e+00
-4.737899999999999778e+00
-5.792399999999999771e+00
-4.284799999999999720e+00
-4.123899999999999899e+00
-5.250700000000000145e+00
-4.254400000000000404e+00
-1.774100000000000010e+00
-1.016399999999999970e+00
-1.824999999999999956e+00
-2.660600000000000076e+00
-3.637100000000000222e+00
-3.564799999999999969e+00
-1.628500000000000059e+00
2.263800000000000257e-01
5.716100000000000625e-01
4.229300000000000281e-01
9.042399999999999327e-01
1.569399999999999906e+00
1.340100000000000069e+00
-4.136299999999999977e-01
-3.942000000000000171e+00
-8.122299999999999187e+00
-1.000399999999999956e+01
-8.753800000000000026e+00
-6.170399999999999885e+00
-4.064799999999999969e+00
-3.326799999999999979e+00
-3.062899999999999956e+00
-3.130199999999999871e+00
-3.995800000000000018e+00
-4.133799999999999919e+00
-2.863999999999999879e+00
-9.983100000000000307e-01
8.215399999999999370e-01
1.553900000000000059e+00
1.382900000000000018e+00
1.464499999999999913e+00
1.421899999999999942e+00
9.138799999999999146e-01
1.026599999999999957e+00
2.900700000000000056e+00
5.876900000000000013e+00
7.323900000000000077e+00
6.170200000000000351e+00
3.868799999999999795e+00
1.885199999999999987e+00
1.106999999999999984e+00
1.462599999999999900e+00
1.561299999999999910e+00
8.001099999999999879e-01
2.975200000000000067e-01
6.126699999999999369e-01
1.096700000000000008e+00
1.306899999999999951e+00
1.168099999999999916e+00
1.050000000000000044e+00
1.369699999999999918e+00
1.614500000000000046e+00
1.618300000000000072e+00
2.204600000000000115e+00
3.166100000000000136e+00
3.807599999999999874e+00
4.586500000000000021e+00
5.441900000000000404e+00
5.402700000000000280e+00
4.557100000000000151e+00
3.421600000000000197e+00
1.934199999999999919e+00
6.251999999999999780e-01
4.103199999999999625e-01
8.685799999999999077e-01
7.667500000000000426e-01
-2.100699999999999790e-01
-1.379099999999999993e+00
-2.127200000000000202e+00
-2.432500000000000107e+00
-2.359700000000000131e+00
-1.899799999999999933e+00
-1.278799999999999937e+00
-6.423499999999999766e-01
-3.700099999999999917e-02
1.941200000000000148e-01
-5.382300000000000278e-02
-1.688599999999999823e-01
9.035599999999999188e-02
3.168500000000000205e-01
6.293400000000000105e-01
1.328400000000000025e+00
1.845699999999999896e+00
1.616200000000000081e+00
9.008700000000000596e-01
1.182200000000000056e-01
-5.579800000000000315e-01
-9.552200000000000690e-01
-9.511299999999999200e-01
-6.643200000000000216e-01
-4.704899999999999638e-01
-7.052000000000000490e-01
-1.291400000000000103e+00
-1.975400000000000045e+00
-2.667699999999999960e+00
-3.162199999999999900e+00
-3.157700000000000173e+00
-2.681299999999999795e+00
-2.115299999999999958e+00
-1.820899999999999963e+00
-1.777199999999999891e+00
-1.594000000000000083e+00
-1.177599999999999980e+00
-9.345600000000000573e-01
-8.882799999999999585e-01
-6.411799999999999722e-01
-3.204599999999999671e-01
-1.822199999999999931e-01
-7.998299999999999854e-02
2.281599999999999948e-02
4.756499999999999617e-02
-7.348799999999999950e-03
-2.602300000000000099e-02
2.567999999999999727e-01
6.706999999999999629e-01
7.807600000000000096e-01
6.373600000000000376e-01
4.267100000000000337e-01
1.742100000000000037e-01
-4.644399999999999917e-02
-1.931599999999999984e-01
-2.169800000000000062e-01
-1.071200000000000069e-01
9.441900000000000293e-02
4.642600000000000615e-01
9.155799999999999494e-01
1.016100000000000003e+00
5.962100000000000177e-01
8.922200000000000963e-02
-6.173899999999999527e-03
2.281699999999999839e-01
3.943699999999999983e-01
4.726000000000000201e-01
6.753100000000000769e-01
8.386500000000000066e-01
6.264699999999999713e-01
8.631500000000000283e-02
-4.954399999999999360e-01
-8.960000000000000187e-01
-1.021300000000000097e+00
-1.111799999999999899e+00
-1.364500000000000046e+00
-1.486099999999999977e+00
-1.310100000000000042e+00
-1.165499999999999980e+00
-1.294300000000000006e+00
-1.617199999999999971e+00
-1.856400000000000050e+00
-1.814799999999999969e+00
-1.610100000000000087e+00
-1.388600000000000056e+00
-1.199699999999999989e+00
-1.126500000000000057e+00
-1.112100000000000088e+00
-1.023700000000000054e+00
-8.454000000000000403e-01
-5.824300000000000033e-01
-2.513799999999999923e-01
7.609299999999999398e-02
3.599300000000000277e-01
5.098099999999999854e-01
4.442999999999999727e-01
2.437600000000000044e-01
-2.219499999999999945e-02
-3.083299999999999930e-01
-4.248699999999999699e-01
-3.290899999999999936e-01
-2.074000000000000010e-01
-1.082599999999999951e-01
8.097200000000000231e-02
4.014699999999999935e-01
8.013500000000000068e-01
1.185499999999999998e+00
1.467100000000000071e+00
1.631000000000000005e+00
1.684500000000000108e+00
1.659999999999999920e+00
1.793900000000000050e+00
2.199800000000000200e+00
2.544500000000000206e+00
2.563699999999999868e+00
2.350099999999999856e+00
2.100999999999999979e+00
2.083600000000000119e+00
2.335500000000000131e+00
2.505599999999999827e+00
2.327500000000000124e+00
1.851900000000000102e+00
1.354300000000000059e+00
1.106300000000000061e+00
1.018299999999999983e+00
8.724700000000000788e-01
6.820100000000000051e-01
5.510300000000000198e-01
4.265199999999999547e-01
9.830200000000000049e-02
-3.992999999999999883e-01
-6.829199999999999715e-01
-5.777499999999999858e-01
-2.990800000000000125e-01
-1.777499999999999913e-01
-3.896999999999999909e-01
-7.475800000000000223e-01
-9.729200000000001181e-01
-1.050400000000000000e+00
-1.110200000000000076e+00
-1.274299999999999988e+00
-1.539500000000000091e+00
-1.730399999999999938e+00
-1.741200000000000081e+00
-1.825399999999999912e+00
-2.234100000000000197e+00
-2.684000000000000163e+00
-2.728200000000000180e+00
-2.451700000000000212e+00
-2.207500000000000018e+00
-2.095200000000000173e+00
-2.013399999999999856e+00
-1.708299999999999930e+00
-1.100400000000000045e+00
-5.423899999999999277e-01
-6.548400000000000054e-02
6.579099999999999948e-01
1.412400000000000100e+00
1.687699999999999978e+00
1.688399999999999901e+00
2.038600000000000190e+00
2.871300000000000185e+00
3.792100000000000026e+00
4.408199999999999896e+00
4.730400000000000382e+00
4.850799999999999557e+00
4.722500000000000142e+00
4.550500000000000433e+00
4.443800000000000416e+00
4.167200000000000237e+00
3.736800000000000122e+00
3.505599999999999827e+00
3.548399999999999999e+00
3.150399999999999867e+00
1.769300000000000095e+00
2.156199999999999783e-01
-7.658399999999999652e-01
-1.564999999999999947e+00
-2.500300000000000189e+00
-3.494000000000000217e+00
-4.438799999999999635e+00
-5.021300000000000097e+00
-5.073400000000000354e+00
-4.816099999999999604e+00
-4.621500000000000163e+00
-4.777800000000000047e+00
-5.068399999999999572e+00
-5.044900000000000162e+00
-4.948500000000000121e+00
-5.445999999999999730e+00
-6.277599999999999625e+00
-6.112700000000000244e+00
-4.682299999999999685e+00
-3.411999999999999922e+00
-2.973800000000000221e+00
-2.617500000000000160e+00
-2.015499999999999847e+00
-1.370400000000000063e+00
-7.287100000000000799e-01
-2.893000000000000016e-01
-7.479900000000000437e-02
4.696899999999999409e-01
1.788300000000000001e+00
3.516300000000000203e+00
4.705000000000000071e+00
4.848700000000000010e+00
4.676199999999999690e+00
5.208300000000000374e+00
6.349099999999999966e+00
6.868599999999999817e+00
5.866799999999999571e+00
4.099700000000000344e+00
2.670300000000000118e+00
2.090199999999999836e+00
2.559099999999999930e+00
3.353499999999999925e+00
3.857000000000000206e+00
4.407300000000000217e+00
4.948999999999999844e+00
5.125399999999999956e+00
4.926099999999999923e+00
4.576200000000000045e+00
4.338400000000000034e+00
3.945500000000000007e+00
2.807500000000000107e+00
1.272799999999999931e+00
4.310700000000000087e-01
1.603499999999999925e-01
-6.370500000000000052e-01
-2.264600000000000168e+00
-4.036299999999999777e+00
-5.278900000000000148e+00
-6.051000000000000156e+00
-6.464900000000000091e+00
-6.595399999999999707e+00
-6.830000000000000071e+00
-7.041400000000000325e+00
-6.888399999999999856e+00
-6.495199999999999640e+00
-5.709399999999999586e+00
-4.492200000000000415e+00
-3.800600000000000200e+00
-3.921800000000000175e+00
-3.985100000000000087e+00
-3.758199999999999985e+00
-3.021999999999999797e+00
-1.326200000000000045e+00
3.173099999999999810e-01
6.556100000000000261e-01
2.811299999999999910e-01
2.050800000000000123e-01
3.347100000000000075e-01
8.915299999999999614e-02
-6.652100000000000790e-01
-1.638400000000000079e+00
-2.719500000000000028e+00
-3.095200000000000173e+00
-1.815299999999999914e+00
2.138300000000000201e-01
1.499000000000000110e+00
1.550999999999999934e+00
8.474399999999999711e-01
1.915300000000000058e-01
-5.032100000000000461e-01
-2.140499999999999847e+00
-4.296800000000000175e+00
-5.236399999999999721e+00
-4.600799999999999557e+00
-3.215100000000000069e+00
-1.628100000000000103e+00
-3.825800000000000312e-01
-4.831099999999999978e-02
-3.204299999999999926e-01
1.415700000000000014e-01
1.975200000000000067e+00
4.075599999999999667e+00
5.223499999999999588e+00
5.534200000000000230e+00
5.699200000000000266e+00
6.310399999999999565e+00
7.644599999999999618e+00
9.158099999999999241e+00
1.011500000000000021e+01
9.760600000000000165e+00
7.383600000000000385e+00
3.875300000000000189e+00
1.087199999999999944e+00
-1.217599999999999932e-01
1.947500000000000064e-01
1.384400000000000075e+00
2.634300000000000086e+00
3.323199999999999932e+00
2.547200000000000131e+00
1.957399999999999973e-01
-2.437800000000000189e+00
-4.133399999999999963e+00
-4.399899999999999700e+00
-3.485100000000000087e+00
-2.346900000000000208e+00
-1.778699999999999948e+00
-1.984199999999999964e+00
-2.601599999999999913e+00
-2.821800000000000086e+00
-2.094800000000000217e+00
-6.740599999999999925e-01
5.765899999999999359e-01
1.174800000000000066e+00
1.526399999999999979e+00
1.833099999999999952e+00
1.984399999999999942e+00
2.229099999999999859e+00
2.536700000000000177e+00
2.489199999999999857e+00
2.319300000000000139e+00
2.758500000000000174e+00
3.797200000000000131e+00
4.563600000000000101e+00
4.306099999999999817e+00
2.909800000000000164e+00
1.909099999999999964e-01
-3.545199999999999907e+00
-6.436600000000000321e+00
-6.998999999999999666e+00
-5.775900000000000034e+00
-4.389000000000000234e+00
-3.949199999999999822e+00
-4.740400000000000169e+00
-6.636099999999999888e+00
-8.656399999999999650e+00
-9.512999999999999901e+00
-8.980900000000000105e+00
-7.964199999999999946e+00
-7.273299999999999876e+00
-6.692599999999999660e+00
-5.776299999999999990e+00
-4.768699999999999939e+00
-4.034500000000000419e+00
-2.843999999999999861e+00
-2.128099999999999992e-01
2.609900000000000109e+00
3.285400000000000098e+00
1.902400000000000091e+00
5.528199999999999781e-01
6.868600000000000261e-01
1.901000000000000023e+00
2.877400000000000180e+00
3.257899999999999796e+00
3.387799999999999923e+00
3.431799999999999962e+00
3.819900000000000073e+00
5.093799999999999883e+00
6.852000000000000313e+00
8.032700000000000173e+00
8.604699999999999349e+00
9.154500000000000526e+00
9.279899999999999594e+00
8.310999999999999943e+00
7.050399999999999778e+00
6.785599999999999632e+00
6.759100000000000108e+00
5.212699999999999889e+00
2.207500000000000018e+00
-6.576699999999999768e-01
-1.957600000000000007e+00
-1.580400000000000027e+00
-8.058600000000000207e-01
-6.767100000000000337e-01
-1.028499999999999970e+00
-1.330600000000000005e+00
-1.750599999999999934e+00
-2.697700000000000209e+00
-3.845000000000000195e+00
-4.810100000000000264e+00
-5.769999999999999574e+00
-6.817800000000000082e+00
-7.376500000000000057e+00
-6.876500000000000057e+00
-5.419900000000000162e+00
-3.493599999999999817e+00
-1.788100000000000023e+00
-1.000499999999999945e+00
-1.116100000000000092e+00
-1.474900000000000100e+00
-1.835099999999999953e+00
-2.048900000000000166e+00
-1.615499999999999936e+00
-3.685300000000000242e-01
9.047600000000000087e-01
1.045500000000000096e+00
3.417999999999999927e-01
-7.793600000000000527e-02
1.345900000000000152e-01
9.117799999999999239e-01
1.549900000000000055e+00
1.397199999999999998e+00
1.199100000000000055e+00
1.419100000000000028e+00
1.640900000000000025e+00
2.118700000000000028e+00
3.061900000000000066e+00
3.690100000000000158e+00
3.232499999999999929e+00
1.950599999999999890e+00
9.569900000000000073e-01
7.121699999999999697e-01
6.547199999999999687e-01
1.444199999999999928e-01
-9.238200000000000855e-01
-1.273500000000000076e+00
2.776800000000000379e-01
2.565900000000000070e+00
3.921499999999999986e+00
3.981300000000000061e+00
2.898600000000000065e+00
1.401899999999999924e+00
6.991899999999999782e-01
6.720000000000000417e-01
-1.227499999999999980e-01
-1.895199999999999996e+00
-3.404100000000000126e+00
-4.012299999999999756e+00
-3.783799999999999830e+00
-3.125199999999999978e+00
-2.751900000000000013e+00
-2.344100000000000072e+00
-9.181799999999998851e-01
1.262999999999999901e+00
3.124099999999999877e+00
4.081699999999999662e+00
4.459999999999999964e+00
4.777199999999999669e+00
4.999799999999999578e+00
5.006999999999999673e+00
4.646499999999999631e+00
3.297699999999999854e+00
8.674700000000000744e-01
-1.380600000000000049e+00
-2.198599999999999888e+00
-1.738099999999999978e+00
-8.846700000000000674e-01
-1.520400000000000085e-01
2.013099999999999890e-01
-2.390500000000000125e-01
-1.490699999999999914e+00
-2.639299999999999979e+00
-2.824600000000000222e+00
-2.282599999999999962e+00
-1.699799999999999978e+00
-1.155299999999999994e+00
-2.684400000000000119e-01
9.527399999999999203e-01
2.038800000000000168e+00
2.675300000000000011e+00
2.683800000000000185e+00
1.708599999999999897e+00
1.629500000000000046e-02
-1.145999999999999908e+00
-1.119699999999999918e+00
-4.021500000000000075e-01
6.206699999999999440e-01
1.816300000000000026e+00
2.636800000000000033e+00
2.365400000000000169e+00
9.576399999999999357e-01
-5.429500000000000437e-01
-1.234599999999999920e+00
-1.264599999999999946e+00
-9.855399999999999716e-01
-4.587800000000000211e-01
4.413300000000000001e-01
1.646300000000000097e+00
2.701799999999999979e+00
3.262700000000000156e+00
3.357699999999999907e+00
3.039299999999999891e+00
2.115600000000000147e+00
7.627899999999999681e-01
-2.752000000000000002e-01
-6.943500000000000227e-01
-8.923200000000001131e-01
-1.217700000000000005e+00
-1.540200000000000014e+00
-1.556799999999999962e+00
-1.331299999999999928e+00
-1.048699999999999966e+00
-1.918499999999999928e-01
1.376200000000000090e+00
2.293299999999999894e+00
1.772399999999999975e+00
7.010399999999999965e-01
-9.241499999999999715e-02
-5.274600000000000399e-01
-4.595699999999999785e-01
2.824099999999999944e-01
1.420199999999999907e+00
2.378899999999999793e+00
2.492799999999999905e+00
1.665499999999999980e+00
5.056000000000000494e-01
-3.868900000000000117e-01
-7.417699999999999294e-01
-8.763200000000000989e-01
-1.303500000000000103e+00
-1.913799999999999946e+00
-2.236899999999999888e+00
-2.090700000000000003e+00
-1.827099999999999946e+00
-1.845699999999999896e+00
-1.906199999999999894e+00
-1.655200000000000005e+00
-1.235400000000000054e+00
-1.064799999999999969e+00
-1.441400000000000015e+00
-2.064400000000000013e+00
-2.315900000000000070e+00
-2.126100000000000101e+00
-1.924500000000000099e+00
-1.706900000000000084e+00
-8.547100000000000808e-01
7.510600000000000609e-01
2.130799999999999805e+00
2.540399999999999991e+00
2.189799999999999969e+00
1.338300000000000045e+00
2.094000000000000028e-01
-5.663600000000000856e-01
-5.214900000000000091e-01
7.915300000000000114e-02
6.545600000000000307e-01
8.487399999999999389e-01
7.011699999999999600e-01
4.345800000000000218e-01
5.493400000000000366e-02
-4.249699999999999589e-01
-8.170800000000000285e-01
-1.096200000000000063e+00
-1.250099999999999989e+00
-1.245200000000000085e+00
-1.186900000000000066e+00
-1.084300000000000042e+00
-1.007600000000000051e+00
-1.084500000000000020e+00
-1.025600000000000067e+00
-7.822999999999999954e-01
-1.082699999999999996e+00
-1.985600000000000032e+00
-2.583299999999999930e+00
-2.686900000000000066e+00
-2.636699999999999822e+00
-2.228099999999999969e+00
-1.479200000000000070e+00
-9.673200000000000687e-01
-8.403100000000000014e-01
-7.903200000000000225e-01
-8.242599999999999927e-01
-9.928000000000000158e-01
-1.100000000000000089e+00
-1.219500000000000028e+00
-1.482599999999999918e+00
-1.752899999999999903e+00
-1.899599999999999955e+00
-1.853099999999999969e+00
-1.641499999999999959e+00
-1.264499999999999957e+00
-6.166000000000000369e-01
8.037899999999999212e-02
4.204499999999999904e-01
3.878099999999999881e-01
1.917200000000000015e-01
-8.309700000000001460e-03
-2.080500000000000127e-01
-4.843699999999999672e-01
-7.537500000000000311e-01
-8.215399999999999370e-01
-8.674100000000000144e-01
-1.362800000000000011e+00
-2.020399999999999974e+00
-2.054699999999999971e+00
-1.473999999999999977e+00
-8.038300000000000445e-01
-2.300000000000000100e-01
2.675199999999999800e-01
6.318300000000000027e-01
7.844899999999999096e-01
6.955200000000000271e-01
4.761699999999999822e-01
3.552199999999999802e-01
5.847799999999999665e-01
1.111499999999999932e+00
1.396500000000000075e+00
1.232699999999999907e+00
1.041800000000000059e+00
9.781700000000000950e-01
8.836500000000000465e-01
7.772399999999999309e-01
7.880599999999999827e-01
9.413700000000000401e-01
9.939100000000000712e-01
7.869000000000000439e-01
4.337899999999999534e-01
-1.164800000000000037e-02
-3.947800000000000198e-01
-5.327800000000000313e-01
-5.554000000000000048e-01
-7.272399999999999975e-01
-1.169499999999999984e+00
-1.772000000000000020e+00
-2.313000000000000167e+00
-2.626599999999999824e+00
-2.652299999999999880e+00
-2.398600000000000065e+00
-1.862400000000000055e+00
-1.263900000000000023e+00
-9.855599999999999916e-01
-9.722600000000000131e-01
-8.998099999999999987e-01
-6.894299999999999873e-01
-3.995699999999999807e-01
-1.566400000000000015e-01
1.628099999999999947e-03
2.622400000000000286e-01
6.755100000000000549e-01
1.083599999999999897e+00
1.334300000000000042e+00
1.388300000000000090e+00
1.421899999999999942e+00
1.550100000000000033e+00
1.578000000000000069e+00
1.312100000000000044e+00
9.938899999999999402e-01
9.162000000000000144e-01
8.676200000000000578e-01
7.296100000000000918e-01
8.051000000000000378e-01
1.119799999999999907e+00
1.357699999999999907e+00
1.400199999999999889e+00
1.321900000000000075e+00
1.160500000000000087e+00
9.787200000000000344e-01
8.598500000000000032e-01
7.034699999999999287e-01
3.841100000000000070e-01
1.669599999999999973e-01
4.019300000000000095e-01
8.886100000000000110e-01
1.032100000000000017e+00
6.848300000000000498e-01
3.520099999999999896e-01
3.030499999999999861e-01
3.164699999999999736e-01
3.913699999999999957e-01
6.182600000000000318e-01
7.736399999999999944e-01
6.801199999999999468e-01
4.311600000000000432e-01
3.402600000000000069e-01
6.970399999999999929e-01
1.218499999999999917e+00
1.371099999999999985e+00
1.161999999999999922e+00
9.280399999999999761e-01
7.779899999999999594e-01
6.477899999999999769e-01
6.361899999999999222e-01
8.803100000000000369e-01
1.170299999999999896e+00
1.236900000000000110e+00
1.085800000000000098e+00
7.485500000000000487e-01
3.264799999999999924e-01
9.265299999999999925e-02
7.744700000000000195e-02
-2.383799999999999808e-02
-3.546599999999999753e-01
-7.013399999999999634e-01
-8.341700000000000781e-01
-7.362900000000000000e-01
-5.808200000000000029e-01
-5.583199999999999275e-01
-6.425300000000000455e-01
-7.020300000000000429e-01
-6.837699999999999889e-01
-5.907899999999999263e-01
-4.962300000000000044e-01
-3.816999999999999837e-01
-1.367200000000000082e-01
1.622599999999999876e-01
3.014999999999999902e-01
2.560100000000000153e-01
2.199199999999999766e-01
2.596100000000000074e-01
2.987199999999999855e-01
3.637400000000000078e-01
3.762499999999999734e-01
1.773200000000000054e-01
-4.095599999999999935e-02
-2.268200000000000077e-02
8.087700000000000444e-02
1.093299999999999966e-01
1.419099999999999806e-01
2.228199999999999903e-01
3.025599999999999956e-01
3.744300000000000406e-01
4.963800000000000434e-01
6.044300000000000228e-01
5.068799999999999972e-01
2.366999999999999937e-01
6.177400000000000252e-02
1.134200000000000069e-01
3.024999999999999911e-01
4.821699999999999875e-01
6.138200000000000323e-01
7.839699999999999447e-01
1.012199999999999989e+00
1.115799999999999903e+00
9.402099999999999902e-01
6.375399999999999956e-01
4.317199999999999926e-01
3.946800000000000308e-01
5.228199999999999514e-01
7.913299999999999779e-01
1.152600000000000069e+00
1.488099999999999978e+00
1.668900000000000050e+00
1.729100000000000081e+00
1.731300000000000061e+00
1.609099999999999975e+00
1.403799999999999937e+00
1.299099999999999921e+00
1.312599999999999989e+00
1.316200000000000037e+00
1.250899999999999901e+00
1.085499999999999909e+00
8.395700000000000385e-01
6.720300000000000162e-01
6.487800000000000233e-01
6.584699999999999998e-01
6.244399999999999951e-01
5.624500000000000055e-01
5.098099999999999854e-01
4.611600000000000144e-01
3.917599999999999971e-01
2.915300000000000114e-01
1.429499999999999937e-01
3.169999999999999901e-02
8.064500000000000834e-02
2.180400000000000116e-01
2.319199999999999873e-01
7.160900000000000598e-02
-4.432400000000000229e-02
8.440999999999998851e-03
5.949400000000000521e-02
-1.501200000000000104e-02
-1.193099999999999855e-01
-9.127899999999999903e-02
8.722399999999999598e-02
2.081699999999999939e-01
1.415399999999999991e-01
3.713899999999999840e-02
-1.975400000000000073e-02
-1.313600000000000045e-01
-3.149000000000000132e-01
-4.739800000000000124e-01
-5.596300000000000718e-01
-6.065399999999999681e-01
-6.324499999999999567e-01
-6.606899999999999995e-01
-7.710399999999999476e-01
-9.272200000000000442e-01
-1.005200000000000093e+00
-9.840499999999999803e-01
-9.265899999999999137e-01
-8.987299999999999178e-01
-9.085799999999999432e-01
-9.262100000000000888e-01
-9.554399999999999560e-01
-9.589900000000000091e-01
-9.182899999999999396e-01
-8.705000000000000515e-01
-7.787600000000000078e-01
-6.663899999999999268e-01
-6.440600000000000769e-01
-7.148299999999999654e-01
-8.280799999999999272e-01
-9.504100000000000881e-01
-1.075499999999999901e+00
-1.220699999999999896e+00
-1.390300000000000091e+00
-1.549500000000000099e+00
-1.631099999999999994e+00
-1.665399999999999991e+00
-1.788300000000000001e+00
-1.995900000000000007e+00
-2.102599999999999802e+00
-1.968199999999999950e+00
-1.654500000000000082e+00
-1.373899999999999899e+00
-1.256499999999999950e+00
-1.222599999999999909e+00
-1.159499999999999975e+00
-1.064699999999999980e+00
-9.783399999999999874e-01
-9.401399999999999757e-01
-9.665200000000000458e-01
-9.930499999999999883e-01
-9.439200000000000923e-01
-8.595700000000000562e-01
-8.742799999999999461e-01
-9.724099999999999966e-01
-9.777200000000000335e-01
-8.454799999999998983e-01
-7.144399999999999640e-01
-7.141600000000000170e-01
-8.177300000000000679e-01
-9.241200000000000525e-01
-1.004399999999999959e+00
-1.032200000000000006e+00
-1.021700000000000053e+00
-1.034699999999999953e+00
-1.022599999999999953e+00
-9.321700000000000541e-01
-8.450799999999999423e-01
-8.358299999999999619e-01
-8.861799999999999677e-01
-9.603899999999999659e-01
-9.956200000000000605e-01
-9.116400000000000059e-01
-7.453699999999999770e-01
-6.558599999999999985e-01
-7.078300000000000702e-01
-7.708599999999999897e-01
-7.405699999999999505e-01
-6.745800000000000685e-01
-6.459500000000000242e-01
-6.224100000000000188e-01
-5.557300000000000573e-01
-4.771799999999999931e-01
-4.368899999999999451e-01
-4.167899999999999383e-01
-3.580099999999999949e-01
-2.478899999999999992e-01
-1.426699999999999913e-01
-6.878700000000000092e-02
-8.864399999999999710e-03
3.815600000000000241e-02
8.917699999999999239e-02
1.574200000000000044e-01
2.160600000000000021e-01
2.584899999999999975e-01
2.977899999999999991e-01
3.271100000000000119e-01
3.321000000000000063e-01
3.089399999999999924e-01
2.843800000000000217e-01
3.044100000000000139e-01
3.692500000000000226e-01
4.270800000000000152e-01
4.480000000000000093e-01
4.647600000000000620e-01
5.107000000000000428e-01
5.677600000000000424e-01
5.895000000000000240e-01
5.717999999999999750e-01
5.606499999999999817e-01
5.763500000000000290e-01
5.933699999999999530e-01
6.074699999999999545e-01
6.543399999999999217e-01
7.547699999999999410e-01
8.872100000000000541e-01
1.012699999999999934e+00
1.089599999999999902e+00
1.122999999999999998e+00
1.178299999999999903e+00
1.275400000000000089e+00
1.358000000000000096e+00
1.388500000000000068e+00
1.390400000000000080e+00
1.402600000000000069e+00
1.431100000000000039e+00
1.451200000000000045e+00
1.447400000000000020e+00
1.432600000000000096e+00
1.423000000000000043e+00
1.426500000000000101e+00
1.433799999999999963e+00
1.433300000000000018e+00
1.438600000000000101e+00
1.458599999999999897e+00
1.471000000000000085e+00
1.455600000000000005e+00
1.413200000000000012e+00
1.355599999999999916e+00
1.298499999999999988e+00
1.249500000000000055e+00
1.196299999999999919e+00
1.127999999999999892e+00
1.061900000000000066e+00
1.019400000000000084e+00
9.918500000000000094e-01
9.633700000000000596e-01
9.300899999999999723e-01
9.026299999999999324e-01
8.883600000000000385e-01
8.828799999999998871e-01
8.851600000000000579e-01
8.885100000000000220e-01
8.716700000000000559e-01
8.266000000000000014e-01
7.692700000000000093e-01
7.223000000000000531e-01
6.868199999999999861e-01
6.445100000000000273e-01
5.843000000000000416e-01
5.122700000000000031e-01
4.340100000000000624e-01
3.526299999999999990e-01
2.708400000000000252e-01
1.885300000000000031e-01
1.081599999999999923e-01
3.425299999999999873e-02
-3.564799999999999913e-02
-9.507699999999999485e-02
-1.330599999999999838e-01
-1.516299999999999870e-01
-1.543299999999999950e-01
-1.381199999999999928e-01
-1.065599999999999881e-01
-7.240499999999999714e-02
-4.272499999999999909e-02
-1.689699999999999883e-02
-4.451799999999999681e-03
-9.962999999999999634e-03
-2.874599999999999725e-02
-5.852200000000000457e-02
-1.000299999999999939e-01
-1.504099999999999882e-01
-1.987400000000000000e-01
-2.412300000000000277e-01
-2.853699999999999570e-01
-3.259599999999999720e-01
-3.549199999999999577e-01
-3.684199999999999697e-01
-3.639699999999999602e-01
-3.437699999999999645e-01
-3.150300000000000322e-01
-2.882399999999999962e-01
-2.795099999999999807e-01
-2.901699999999999835e-01
-3.067099999999999826e-01
-3.227700000000000014e-01
-3.402300000000000324e-01
-3.582500000000000129e-01
-3.781400000000000317e-01
-4.006300000000000416e-01
-4.242399999999999505e-01
-4.468199999999999950e-01
-4.690199999999999925e-01
-4.901200000000000001e-01
-5.111799999999999677e-01
-5.356999999999999540e-01
-5.650500000000000522e-01
-5.955799999999999983e-01
-6.230399999999999272e-01
-6.440200000000000369e-01
-6.583799999999999653e-01
-6.651799999999999935e-01
-6.591100000000000847e-01
-6.339399999999999480e-01
-5.967500000000000027e-01
-5.607600000000000362e-01
-5.327399999999999913e-01
-5.100999999999999979e-01
-4.852399999999999491e-01
-4.522100000000000564e-01
-4.150699999999999945e-01
-3.827200000000000046e-01
-3.637699999999999823e-01
-3.644699999999999607e-01
-3.844500000000000139e-01
-4.123399999999999843e-01
-4.363399999999999501e-01
-4.485500000000000043e-01
-4.452800000000000091e-01
-4.294699999999999629e-01
-4.102000000000000091e-01
-3.946399999999999908e-01
-3.843799999999999994e-01
-3.732099999999999862e-01
-3.565900000000000181e-01
-3.356899999999999884e-01
-3.125100000000000100e-01
-2.862399999999999944e-01
-2.575800000000000312e-01
-2.266400000000000081e-01
-1.935099999999999876e-01
-1.579699999999999993e-01
-1.233199999999999991e-01
-9.900700000000001166e-02
-8.961299999999999821e-02
-8.442800000000000304e-02
-7.664299999999998891e-02
-6.547899999999999554e-02
-4.849700000000000538e-02
-2.752300000000000232e-02
-7.353000000000000161e-03
1.005299999999999944e-02
2.096899999999999806e-02
2.342599999999999891e-02
1.694400000000000073e-02
-3.600399999999999694e-03
-5.523800000000000238e-02
-1.381799999999999973e-01
-2.185699999999999865e-01
-2.697999999999999843e-01
-2.921599999999999753e-01
-2.936799999999999966e-01
-2.861899999999999999e-01
-2.777199999999999669e-01
-2.726800000000000335e-01
-2.737800000000000233e-01
-2.806599999999999651e-01
-2.905699999999999950e-01
-3.004600000000000048e-01
-3.063899999999999957e-01
-3.060499999999999887e-01
-2.983999999999999986e-01
-2.869999999999999774e-01
-2.755000000000000226e-01
-2.654500000000000193e-01
-2.554899999999999949e-01
-2.449800000000000311e-01
-2.327800000000000147e-01
-2.168499999999999872e-01
-1.949299999999999922e-01
-1.687200000000000089e-01
-1.438200000000000034e-01
-1.247599999999999959e-01
-1.088999999999999968e-01
-9.260499999999999288e-02
-7.321699999999999042e-02
-5.082500000000000212e-02
-3.183899999999999925e-02
-2.256199999999999872e-02
-1.953799999999999981e-02
-1.622700000000000184e-02
-6.042199999999999308e-03
1.218799999999999918e-02
3.316500000000000004e-02
5.288099999999999745e-02
7.069500000000000783e-02
8.301599999999999258e-02
8.599500000000000199e-02
7.675700000000000578e-02
5.535599999999999549e-02
2.216999999999999874e-02
-1.756699999999999928e-02
-3.988500000000000378e-02
-2.689499999999999877e-02
5.777899999999999876e-03
3.941399999999999765e-02
6.513099999999999445e-02
8.124499999999999778e-02
8.857500000000000095e-02
8.292000000000000759e-02
6.013999999999999901e-02
3.268800000000000178e-02
1.705999999999999878e-02
1.750200000000000020e-02
2.813000000000000222e-02
4.253200000000000036e-02
5.388400000000000134e-02
6.133200000000000457e-02
7.043300000000000949e-02
8.478700000000000125e-02
1.012200000000000044e-01
1.186099999999999932e-01
1.370299999999999851e-01
1.559399999999999953e-01
1.754700000000000149e-01
1.977799999999999836e-01
2.220099999999999851e-01
2.454699999999999938e-01
2.644799999999999929e-01
2.786500000000000088e-01
2.912099999999999689e-01
3.054199999999999693e-01
3.202099999999999946e-01
3.349599999999999800e-01
3.478499999999999925e-01
3.576500000000000234e-01
3.653300000000000436e-01
3.733699999999999797e-01
3.811700000000000088e-01
3.860199999999999743e-01
3.844699999999999784e-01
3.724999999999999978e-01
3.451299999999999923e-01
3.075400000000000356e-01
2.724900000000000100e-01
2.464800000000000046e-01
2.281999999999999862e-01
2.177699999999999914e-01
2.130400000000000071e-01
2.100300000000000222e-01
2.071699999999999930e-01
2.054499999999999937e-01
2.029700000000000115e-01
1.983599999999999808e-01
1.921299999999999952e-01
1.857599999999999807e-01
1.795899999999999996e-01
1.736199999999999966e-01
1.663900000000000101e-01
1.573900000000000021e-01
1.463000000000000134e-01
1.337299999999999878e-01
1.192599999999999910e-01
1.029200000000000115e-01
8.580700000000000827e-02
7.051699999999999635e-02
5.726499999999999646e-02
4.622599999999999626e-02
3.720400000000000096e-02
3.030000000000000054e-02
2.571700000000000028e-02
2.576799999999999924e-02
3.140400000000000136e-02
4.151000000000000523e-02
5.329400000000000803e-02
6.440900000000000791e-02
7.356699999999999351e-02
8.193200000000000482e-02
8.938300000000000411e-02
9.618799999999999573e-02
1.023899999999999949e-01
1.071000000000000008e-01
1.084299999999999986e-01
1.064900000000000152e-01
1.018499999999999961e-01
9.578899999999999915e-02
8.926000000000000600e-02
8.261599999999999500e-02
7.516899999999999971e-02
6.705099999999999949e-02
5.784700000000000258e-02
4.942099999999999965e-02
4.385599999999999915e-02
4.148000000000000298e-02
4.068599999999999994e-02
4.091000000000000192e-02
4.238600000000000007e-02
4.625699999999999951e-02
5.104700000000000210e-02
5.448599999999999971e-02
5.536200000000000149e-02
5.419800000000000312e-02
5.069300000000000195e-02
4.435299999999999659e-02
3.452799999999999619e-02
2.165500000000000064e-02
5.895899999999999926e-03
-1.120699999999999995e-02
-2.867600000000000010e-02
-4.619100000000000289e-02
-6.430099999999999705e-02
-8.319700000000000706e-02
-1.031900000000000039e-01
-1.229999999999999982e-01
-1.412499999999999867e-01
-1.569000000000000117e-01
-1.700000000000000122e-01
-1.794000000000000039e-01
-1.843299999999999939e-01
-1.848200000000000121e-01
-1.816099999999999937e-01
-1.745200000000000085e-01
-1.651700000000000113e-01
-1.552000000000000046e-01
-1.447700000000000098e-01
-1.329299999999999926e-01
-1.205900000000000027e-01
-1.086499999999999966e-01
-9.836100000000000398e-02
-9.007000000000001116e-02
-8.464700000000000002e-02
-8.232799999999999840e-02
-8.331000000000000905e-02
-8.689900000000000402e-02
-9.258299999999999863e-02
-9.921800000000000064e-02
-1.064299999999999968e-01
-1.134200000000000069e-01
-1.196900000000000047e-01
-1.241700000000000026e-01
-1.264599999999999891e-01
-1.260099999999999831e-01
-1.230500000000000066e-01
-1.173700000000000021e-01
-1.092000000000000054e-01
-9.851000000000000034e-02
-8.613600000000000423e-02
-7.271799999999999098e-02
-5.938500000000000029e-02
-4.652499999999999691e-02
-3.465599999999999931e-02
-2.413799999999999973e-02
-1.617599999999999941e-02
-1.114000000000000060e-02
-9.460899999999999518e-03
-1.087499999999999925e-02
-1.551800000000000054e-02
-2.282599999999999907e-02
-3.241999999999999743e-02
-4.338100000000000289e-02
-5.518400000000000388e-02
-6.677099999999999702e-02
-7.763699999999999768e-02
-8.698799999999999588e-02
-9.450700000000000767e-02
-9.946299999999999586e-02
-1.014400000000000024e-01
-9.929400000000000726e-02
-9.328200000000000380e-02
-8.450499999999999678e-02
-7.421400000000000219e-02
-6.252299999999999525e-02
-5.003799999999999915e-02
-3.712200000000000222e-02
-2.468000000000000055e-02
-1.310099999999999980e-02
-3.207000000000000215e-03
4.693699999999999435e-03
1.011299999999999873e-02
1.321999999999999911e-02
1.373000000000000088e-02
1.191200000000000071e-02
7.912000000000000630e-03
2.455599999999999623e-03
-4.205799999999999990e-03
-1.125699999999999965e-02
-1.821599999999999955e-02
-2.431799999999999934e-02
-2.947699999999999973e-02
-3.319599999999999634e-02
-3.531800000000000217e-02
-3.537099999999999966e-02
-3.358900000000000080e-02
-2.991100000000000009e-02
-2.470400000000000026e-02
-1.800099999999999964e-02
-1.039800000000000099e-02
-2.140400000000000202e-03
6.008199999999999999e-03
1.396100000000000119e-02
2.175399999999999903e-02
2.895799999999999763e-02
3.417800000000000005e-02
3.742900000000000393e-02
3.864100000000000174e-02
3.814300000000000329e-02
3.601800000000000140e-02
3.288200000000000151e-02
2.892200000000000326e-02
2.462800000000000059e-02
2.002500000000000113e-02
1.573499999999999899e-02
1.199599999999999972e-02
9.285999999999999116e-03
7.484999999999999466e-03
6.918200000000000217e-03
7.525199999999999251e-03
9.490299999999998390e-03
1.234500000000000007e-02
1.577899999999999789e-02
1.930899999999999977e-02
2.364399999999999835e-02
2.837599999999999845e-02
3.280199999999999783e-02
3.633600000000000024e-02
3.903899999999999731e-02
4.049700000000000522e-02
4.079599999999999893e-02
3.970599999999999824e-02
3.754800000000000498e-02
3.423700000000000354e-02
3.011000000000000135e-02
2.515799999999999981e-02
1.985599999999999865e-02
1.429300000000000015e-02
8.968799999999998995e-03
3.977300000000000453e-03
-2.813199999999999967e-04
-3.831000000000000204e-03
-6.316200000000000113e-03
-7.845299999999999496e-03
-8.200900000000000550e-03
-7.620799999999999623e-03
-6.010699999999999897e-03
-3.690099999999999544e-03
-6.342299999999999500e-04
2.755999999999999769e-03
6.453600000000000309e-03
1.004999999999999991e-02
1.354499999999999801e-02
1.663899999999999754e-02
1.945500000000000007e-02
2.191399999999999945e-02
2.429199999999999762e-02
2.592400000000000260e-02
2.634800000000000336e-02
2.537400000000000072e-02
2.352299999999999877e-02
2.088899999999999785e-02
1.787499999999999853e-02
1.450699999999999906e-02
1.115600000000000099e-02
7.808199999999999516e-03
4.777399999999999355e-03
1.987200000000000164e-03
-2.823899999999999848e-04
-2.159699999999999641e-03
-3.449100000000000082e-03
-4.348300000000000255e-03
-4.704299999999999801e-03
-4.773899999999999325e-03
-4.447200000000000111e-03
-3.991599999999999662e-03
-3.321800000000000187e-03
-2.720199999999999875e-03
-2.098999999999999738e-03
-1.693899999999999920e-03
-1.382200000000000095e-03
-1.370600000000000030e-03
-1.500699999999999994e-03
-1.932200000000000020e-03
-2.466099999999999716e-03
-3.224900000000000162e-03
-3.970099999999999844e-03
-4.809100000000000180e-03
-5.487500000000000190e-03
-6.080399999999999694e-03
-6.322600000000000268e-03
-6.322799999999999948e-03
-5.861899999999999750e-03
-5.074899999999999377e-03
-3.770900000000000207e-03
-2.123499999999999954e-03
1.826599999999999757e-05
2.446099999999999663e-03
5.267599999999999887e-03
8.243000000000000327e-03
1.146400000000000023e-02
1.466399999999999822e-02
1.792099999999999943e-02
2.096999999999999906e-02
2.389000000000000151e-02
2.643200000000000063e-02
2.869599999999999929e-02
3.046000000000000096e-02
3.185699999999999643e-02
3.269299999999999984e-02
3.313500000000000473e-02
3.303400000000000086e-02
3.258500000000000285e-02
3.165699999999999764e-02
3.048199999999999868e-02
2.895799999999999763e-02
2.731100000000000194e-02
2.545000000000000040e-02
2.360699999999999951e-02
2.167900000000000035e-02
1.988300000000000137e-02
1.809799999999999950e-02
1.652199999999999849e-02
1.501200000000000104e-02
1.373100000000000015e-02
1.252499999999999968e-02
1.152900000000000105e-02
1.055999999999999994e-02
9.739599999999999300e-03
8.889599999999999239e-03
8.115400000000000044e-03
7.227500000000000417e-03
6.357699999999999983e-03
5.320199999999999756e-03
4.250600000000000211e-03
2.998099999999999637e-03
1.709900000000000092e-03
2.610499999999999756e-04
-1.183200000000000137e-03
-2.732099999999999893e-03
-4.199200000000000155e-03
-5.686199999999999762e-03
-6.999400000000000240e-03
-8.235100000000000406e-03
-9.211699999999999749e-03
-1.003399999999999952e-02
-1.053700000000000123e-02
-1.083499999999999915e-02
-1.079600000000000004e-02
-1.055799999999999968e-02
-1.000999999999999980e-02
-9.318099999999999300e-03
-8.383799999999998545e-03
-7.402500000000000226e-03
-6.277600000000000367e-03
-5.213300000000000572e-03
-4.120000000000000398e-03
-3.193899999999999951e-03
-2.335900000000000129e-03
-1.724999999999999971e-03
-1.241499999999999982e-03
-1.044000000000000006e-03
-9.868800000000000922e-04
-1.204599999999999898e-03
-1.528599999999999967e-03
-2.072099999999999897e-03
-2.653199999999999656e-03
-3.359599999999999479e-03
-4.008199999999999957e-03
-4.694499999999999888e-03
-5.232999999999999804e-03
-5.720600000000000164e-03
-5.992800000000000384e-03
-6.167199999999999419e-03
-6.090299999999999880e-03
-5.906499999999999424e-03
-5.487200000000000237e-03
-4.994000000000000175e-03
-4.310999999999999728e-03
-3.613599999999999365e-03
-2.805399999999999994e-03
-2.060999999999999898e-03
-1.277200000000000037e-03
-6.360600000000000325e-04
-2.106999999999999986e-05
4.021100000000000108e-04
7.604200000000000412e-04
9.123599999999999722e-04
9.976399999999999418e-04
8.880500000000000373e-04
7.424800000000000063e-04
4.512699999999999806e-04
1.748099999999999882e-04
-1.870599999999999878e-04
-4.775700000000000236e-04
-7.939200000000000423e-04
-9.871199999999999680e-04
-1.163199999999999868e-03
-1.192599999999999823e-03
-1.182000000000000108e-03
-1.023700000000000001e-03
-8.412899999999999632e-04
-5.353699999999999648e-04
-2.451099999999999893e-04
1.268399999999999985e-04
4.354299999999999967e-04
7.706199999999999639e-04
9.969700000000000176e-04
1.204599999999999898e-03
1.263000000000000017e-03
1.274799999999999978e-03
1.128499999999999946e-03
9.347999999999999539e-04
5.894599999999999840e-04
2.212700000000000008e-04
-2.662499999999999936e-04
-7.425100000000000450e-04
-1.287599999999999856e-03
-1.775000000000000102e-03
-2.283599999999999779e-03
-2.689900000000000277e-03
-3.086900000000000061e-03
-3.343399999999999844e-03
-3.569199999999999803e-03
-3.643699999999999717e-03
-3.685199999999999587e-03
-3.588399999999999836e-03
-3.474499999999999724e-03
-3.246199999999999433e-03
-3.031500000000000340e-03
-2.738699999999999728e-03
-2.490000000000000026e-03
-2.195100000000000176e-03
-1.974800000000000080e-03
-1.734700000000000044e-03
-1.592899999999999958e-03
-1.439799999999999977e-03
-1.388499999999999977e-03
-1.327000000000000055e-03
-1.359799999999999984e-03
-1.370600000000000030e-03
-1.448499999999999918e-03
-1.485200000000000105e-03
-1.576900000000000003e-03
-1.603000000000000041e-03
-1.664900000000000191e-03
-1.641400000000000107e-03
-1.639199999999999945e-03
-1.553499999999999976e-03
-1.479800000000000082e-03
-1.323699999999999920e-03
-1.187299999999999857e-03
-9.793899999999999047e-04
-8.069800000000000020e-04
-5.747099999999999778e-04
-3.965600000000000114e-04
-1.726700000000000121e-04
-1.501499999999999939e-05
1.656899999999999942e-04
2.739500000000000181e-04
4.032899999999999961e-04
4.568999999999999928e-04
5.211000000000000354e-04
5.136700000000000337e-04
5.290699999999999743e-04
4.694999999999999738e-04
4.404100000000000202e-04
3.502499999999999754e-04
2.996200000000000079e-04
1.983200000000000121e-04
1.344100000000000091e-04
2.943800000000000174e-05
-3.319100000000000121e-05
-1.305699999999999916e-04
-1.834700000000000035e-04
-2.804099999999999800e-04
-3.284800000000000263e-04
-4.220000000000000118e-04
-4.725700000000000105e-04
-5.605500000000000456e-04
-6.137599999999999783e-04
-7.067500000000000214e-04
-7.643100000000000328e-04
-8.588800000000000167e-04
-9.160900000000000466e-04
-1.010700000000000010e-03
-1.062400000000000020e-03
-1.144300000000000005e-03
-1.182400000000000118e-03
-1.249499999999999960e-03
-1.261799999999999988e-03
-1.303099999999999961e-03
-1.291300000000000000e-03
-1.289699999999999961e-03
-1.253900000000000067e-03
-1.222800000000000015e-03
-1.147699999999999979e-03
-1.091300000000000126e-03
-9.953200000000000588e-04
-9.254800000000000092e-04
-8.086900000000000381e-04
-7.259799999999999847e-04
-6.079699999999999948e-04
-5.289399999999999874e-04
-4.146199999999999842e-04
-3.447500000000000044e-04
-2.436600000000000083e-04
-1.896599999999999968e-04
-1.074699999999999993e-04
-7.481099999999999914e-05
-1.264400000000000125e-05
9.482999999999998822e-06
4.636200000000000097e-05
4.741499999999999919e-05
7.323000000000000191e-05
4.853500000000000202e-05
6.321999999999999441e-05
2.476099999999999891e-05
2.950300000000000196e-05
-2.054699999999999826e-05
-2.555199999999999862e-05
-7.678699999999999512e-05
-9.216299999999999157e-05
-1.363199999999999959e-04
-1.443500000000000122e-04
-1.896599999999999968e-04
-1.996699999999999907e-04
-2.412899999999999886e-04
-2.402399999999999902e-04
-2.698399999999999779e-04
-2.671099999999999820e-04
-2.887100000000000191e-04
-2.634199999999999953e-04
-2.771200000000000030e-04
-2.444500000000000058e-04
-2.412899999999999886e-04
-2.033600000000000045e-04
-1.738599999999999922e-04
-1.346099999999999868e-04
-1.085300000000000061e-04
-5.900600000000000392e-05
-3.319100000000000121e-05
1.475099999999999988e-05
3.740499999999999847e-05
8.429400000000000304e-05
1.016800000000000023e-04
1.408000000000000072e-04
1.529099999999999980e-04
1.845200000000000019e-04
1.875500000000000051e-04
2.196900000000000057e-04
2.181100000000000107e-04
2.349700000000000085e-04
2.233799999999999924e-04
2.349700000000000085e-04
2.154099999999999993e-04
2.225899999999999949e-04
1.986199999999999923e-04
2.017800000000000095e-04
1.743799999999999940e-04
1.738599999999999922e-04
1.448800000000000088e-04
1.406699999999999932e-04
1.170200000000000011e-04
1.144599999999999985e-04
8.745499999999999531e-05
8.534700000000000804e-05
6.295700000000000048e-05
6.190300000000000685e-05
4.056599999999999751e-05
4.293699999999999904e-05
2.252199999999999883e-05
2.726400000000000188e-05
8.429299999999999068e-06
1.606900000000000150e-05
-2.634200000000000122e-07
5.531900000000000348e-06
-5.268400000000000245e-06
1.238099999999999886e-05
-6.585399999999999663e-06
-1.316999999999999842e-06
-1.027299999999999973e-05
-3.292099999999999681e-07
-1.001000000000000072e-05
-7.901699999999999876e-07
-8.956200000000000749e-06
3.161000000000000313e-06
-8.429400000000000982e-06
3.161000000000000313e-06
